-1.482592780480037618e+03, 4.483699474559864484e+01, 1.081836281640032038e-02, 2.561146052011428401e+04
2.712753352379535045e+03, 4.501476601946925626e+01, 9.111579543832309946e-02, 2.476524133425184118e+04
-5.204487490832048934e+03, 4.487731800089378709e+01, 7.370282114273103702e-02, 2.560830851755562617e+04
3.454608053066057437e+03, 4.489673073305912965e+01, 6.503670749422782102e-03, 2.537834411764705874e+04
3.835777938828928654e+03, 4.479398776895206424e+01, 1.235448340445821636e-02, 2.551238529883233059e+04
-1.492751373572180091e+04, 4.491270242204183205e+01, 8.929764708671253381e-03, 2.509904705549876235e+04
4.672119613641471005e+03, 4.483341932197321711e+01, 2.179306819752296551e-02, 2.519661887069663135e+04
1.515908753388370678e+04, 4.489808153086931952e+01, 7.025654175136408774e-02, 2.537609689305354550e+04
7.559171487180550685e+03, 4.484107620336761357e+01, 8.044727781856816917e-03, 2.538403714285714159e+04
-1.395004230317262227e+03, 4.493338300805014285e+01, 5.574261115332716787e-02, 2.523216580040359622e+04
-2.468012889233661554e+03, 4.484046968730803684e+01, 5.439757024575603284e-02, 2.570527256892192236e+04
2.429112809146258223e+04, 4.733847920029762690e+01, -4.342440085028219376e-02, 2.549334705882352864e+04
-5.914305419255100560e+02, 4.485019016523779811e+01, 1.403710249578317588e-02, 2.554879329191991928e+04
1.479025932527697478e+03, 4.487843651998438332e+01, 4.860965217451052728e-02, 2.534713182450349996e+04
2.065747018256091906e+03, 4.487434084921432742e+01, 6.699026440486716139e-02, 2.514136091872542966e+04
2.425034922797370655e+03, 4.461548199012928251e+01, 2.054003835546766854e-01, 2.502031098264444518e+04
6.068831040228492384e+03, 4.477382832478019736e+01, 8.308162129828178602e-03, 2.591494848484848626e+04
-1.610497500986643672e+03, 4.481866990717661992e+01, 8.376296979877403265e-03, 2.534437999999428575e+04
2.762542032719909457e+03, 4.486842938484652876e+01, 6.295928555468358057e-03, 2.522351142857142986e+04
7.715739400492783716e+03, 4.484322330324487638e+01, 4.503834912825008252e-03, 2.479488857146655937e+04
1.805426561052116540e+03, 4.474578461421806708e+01, 3.869105748392348814e-03, 2.587559412846448322e+04
-2.079682679996325078e+03, 4.481524436542228074e+01, 7.087086576647885772e-02, 2.567781511483050781e+04
1.639880482873025176e+04, 4.481261948448059940e+01, 1.526110653396402575e-02, 2.540798823930115395e+04
-9.485825894781564784e+03, 4.466626011449076827e+01, -3.260663435058328789e-03, 2.554234411027968235e+04
2.843162459896731434e+03, 4.489412083232484463e+01, 2.419189324568226523e-02, 2.553331781373009653e+04
-4.287102039763484754e+03, 4.487670683443814568e+01, 5.276625025188511064e-02, 2.528087358757622860e+04
2.654063652628202817e+03, 4.438696497750411396e+01, 3.364100348825033865e-02, 2.570690641331424558e+04
-3.251656702676613804e+03, 4.473789611688911094e+01, -2.163333078899689656e-03, 2.564146764705879832e+04
2.183677689260682200e+03, 4.486754234094384231e+01, 1.402598460016828141e-03, 2.566766571412807025e+04
2.036251719454542126e+03, 4.473778566626739206e+01, 3.815792477585570885e-02, 2.527227634033159120e+04
-3.087823377320137297e+03, 4.485372975086827552e+01, -5.169617288006698834e-03, 2.511375882352941335e+04
2.113049386620503356e+03, 4.495609802536111488e+01, 7.045302187125430937e-02, 2.511835068009769748e+04
-2.878558191488890316e+03, 4.494405458589833557e+01, 6.163156788037835870e-02, 2.553221673508044478e+04
1.922081425222915186e+03, 4.485978031884094719e+01, 5.207705966271801434e-02, 2.511369559091126575e+04
1.737084872123926289e+03, 4.453733807757429730e+01, 4.149626748498286277e-01, 2.472169311929057585e+04
1.013938367392785403e+04, 4.474850257567506162e+01, 1.845290874487279589e-02, 2.498402159797346030e+04
2.255999139420023312e+03, 4.485222774656439526e+01, 3.064630105338055424e-02, 2.515555757574966992e+04
3.511942500683803246e+03, 4.517053757981702233e+01, 1.446917140040456240e-01, 2.539602045630182329e+04
3.136783687838195874e+03, 4.482983693447534534e+01, 1.784776950715487309e-02, 2.508663394196168520e+04
3.131583528036424923e+03, 4.467875481499566348e+01, 1.464140940080274900e-01, 2.530384864318574910e+04
1.221078442743510277e+04, 4.488094455755697965e+01, 7.710422705005948348e-03, 2.614985777652230900e+04
-3.931611657777330038e+03, 4.477437805691629080e+01, -1.347543273610187463e-02, 2.596080333705163139e+04
2.058441321432506356e+03, 4.502964609336520851e+01, -9.656627792386388021e-02, 2.534505323630424027e+04
1.963558543995141918e+03, 4.481477263792881160e+01, 6.000213013244083682e-03, 2.520426072153779387e+04
1.841049836090219742e+03, 4.466561250923448512e+01, 8.805318580866072775e-02, 2.552751501773893324e+04
5.860014802120836976e+03, 4.481206139617286510e+01, 1.446360811282885669e-02, 2.497469726906796859e+04
2.695268729117429757e+03, 4.487162276567684671e+01, 1.598649258186472244e-01, 2.541710342418825894e+04
5.225341954161605827e+03, 4.485304687684651270e+01, 4.565746521776317679e-02, 2.545289273948980190e+04
2.890007910800210311e+02, 4.498303531701399294e+01, 7.204012912584521061e-05, 2.590718857142903653e+04
8.855427852201855785e+03, 4.481994789455480088e+01, 1.424766524508282520e-02, 2.548237060704879332e+04
1.214495454648953455e+03, 4.499417563154774058e+01, 9.198316765632527647e-04, 2.498348857142857014e+04
1.925867399012222222e+03, 4.480915454657190367e+01, 9.142417544440029076e-02, 2.500027287763757340e+04
-2.429323431256000276e+03, 4.492859445370690707e+01, 7.251988201489302684e-03, 2.522533529411765630e+04
-1.088503191570073341e+03, 4.473405097242881112e+01, 3.186065273725955938e-01, 2.553716340830788977e+04
-2.968148936748142205e+03, 4.501995474758589211e+01, 6.659260692613917787e-02, 2.555819198423341004e+04
4.045103795356657429e+03, 4.472422699489850118e+01, 5.892042806853371728e-02, 2.532415752766409423e+04
2.128953029680747477e+03, 4.494991743969929843e+01, 4.241231035678653255e-02, 2.556344031038946559e+04
3.245081818467479934e+03, 4.499098491336032879e+01, -4.149891144060058323e-02, 2.520040777701845218e+04
3.005368675780939611e+03, 4.488237257454158424e+01, 1.970797390286662190e-03, 2.546656363636363676e+04
-1.010761343460502758e+03, 4.485770994799401024e+01, 6.930976174865099981e-04, 2.622783142857142957e+04
-1.571463090808171046e+03, 4.525542751753553006e+01, 2.307447096250171692e-01, 2.559984316721070718e+04
3.328150870036839024e+03, 4.488560017810060998e+01, 5.713254516978965442e-02, 2.537479024768238014e+04
-8.232254072122570960e+02, 4.505644091488440495e+01, -9.207093672203012225e-02, 2.537221517870463140e+04
4.254308657056772063e+03, 4.482546481934191718e+01, -2.935101301479716915e-03, 2.565404000000001179e+04
1.790883508210245054e+02, 4.478840147408637051e+01, 3.000718171067097428e-03, 2.498049142858072082e+04
-2.969175605047291356e+03, 4.485845812946762834e+01, 4.480279998113354673e-02, 2.594291910393847138e+04
2.001027219736156439e+03, 4.483237761561532153e+01, 4.104265354470015836e-02, 2.499475930126845196e+04
-4.182197542329657153e+03, 4.486572980850304049e+01, 4.547998598578465584e-03, 2.617754835472575724e+04
4.604235633863368093e+03, 4.496980890658236518e+01, 9.443820498134214772e-03, 2.567167059315905863e+04
3.761784552725409412e+03, 4.481839694165267218e+01, -1.501646623898470617e-02, 2.560211185252881478e+04
-1.350818561267756195e+03, 4.483246007951758827e+01, 1.831629262068426023e-01, 2.569272136069046246e+04
-3.421466458092597804e+03, 4.489630611458196086e+01, 2.898494612319448341e-02, 2.518697573811028269e+04
2.042857126906566691e+03, 4.477881575483350218e+01, 7.046666680412150274e-03, 2.519291222832414132e+04
1.277131148790767156e+03, 4.542265130873720125e+01, 1.252311021453393070e-01, 2.477374437033227878e+04
1.024229739869714194e+03, 4.491815406572513325e+01, 9.898273583264183273e-02, 2.515175363948072481e+04
3.797070871957103464e+03, 4.485558112619516180e+01, -2.723521723807170031e-02, 2.523039713633627252e+04
1.831002171916061798e+03, 4.484171885791975853e+01, 1.889144029187160220e-02, 2.510825559211979271e+04
-3.756741696552129724e+03, 4.494841357390107106e+01, -7.206998919700352384e-03, 2.559274997519265526e+04
2.673057344929430656e+03, 4.485273799373873516e+01, 5.117724622289987479e-04, 2.509446571444537767e+04
8.275258778072795394e+03, 4.480415075827050231e+01, 3.259926179923586242e-03, 2.574755301544245958e+04
-1.194165625953140989e+03, 4.490125399075157020e+01, 2.096178485411084313e-01, 2.518439094873532667e+04
4.574093234764380213e+03, 4.490826866933701922e+01, 9.241354911840554687e-03, 2.560765000000000146e+04
5.356355659041257240e+03, 4.483718100255840966e+01, -9.948946335696637333e-03, 2.586035142856984021e+04
2.915921641684997667e+03, 4.462952700888178015e+01, 7.925545677217861462e-02, 2.541672586179592327e+04
1.110261385785761377e+04, 4.498327661922104426e+01, 7.293419008272922915e-03, 2.561969117647058738e+04
-1.290270869420885447e+03, 4.476867598676125226e+01, 8.078546033174528740e-02, 2.599972056935254659e+04
1.209839904749188281e+04, 4.489824526278578531e+01, 4.688711732493006101e-02, 2.554756175422239176e+04
-3.456702645400679557e+03, 4.483241113778161235e+01, 3.414801108324259926e-02, 2.590420300850912827e+04
-1.863114332754097632e+03, 4.493501012558414232e+01, 5.542791188282053527e-02, 2.591511317055521795e+04
4.934766575110414124e+03, 4.482758836347720433e+01, 2.749917907252455180e-03, 2.513013652361407367e+04
1.892002759910498571e+04, 4.497044086767296278e+01, 2.163485458419407356e-02, 2.531531835394605878e+04
1.922500815084126225e+04, 4.470641195463435480e+01, -1.312448083929834870e-02, 2.525613531933295599e+04
3.066830411106376232e+03, 4.482612603431508091e+01, 8.443294451197565220e-02, 2.509197371251811273e+04
2.886065286371761886e+03, 4.504939551032345690e+01, 9.002752808414511698e-02, 2.518454074237867826e+04
2.353302222474123482e+03, 4.592420685915465128e+01, 6.452946642893935270e-01, 2.525419154288418940e+04
4.679785572802171373e+03, 4.394587822956384571e+01, -8.494333811261227385e-02, 2.546025304482950378e+04
1.646381166314758502e+03, 4.490651825178831302e+01, 6.627625535256587153e-03, 2.521311764705882524e+04
1.135305694553437888e+03, 4.493102960024701531e+01, 4.772294295257385466e-01, 2.471711160853755428e+04
1.766349479433579518e+03, 4.471822725072701843e+01, 1.153977726717260593e-01, 2.485681391523112325e+04
-2.862182834373043079e+03, 4.361903020612184179e+01, -4.013643124100396142e-01, 2.570205965997838211e+04
