cyc,freq,time,wait time,cyc2,T,TF,EF,EFkHz,ToTF,wx,wy,wz,bx,by,bz,q,mu0,offs,fermi3,fermi4,N,Npix,ENoEF,EkHz,ENoEF2,EkHz2,SNkB,tof,AR,beta_visc,alpha_visc,smomE,smomEkHz,smomEoEFEst,smomEoEF
0,3,0.01,100,0,4.01882e-07,5.45327e-07,7.52905e-30,11.3628,0.736957,950.317,2545.79,2478.35,4.48567,19.0277,18.2798,-0.986064,-5.47126e-30,2.37113e-13,0.416411,0.396152,20231,31890.5,2.10331,23.8994,1.86139,21.1506,2.25453,0.0066,1.30091,3.7,4.43357,1.7351e-29,26.1859,1.63662,2.30453 
1,3,0.01,100,1,3.79506e-07,5.9119e-07,8.16227e-30,12.3184,0.641935,950.317,2545.79,2478.35,4.47958,19.0297,18.2817,-0.609402,-3.19305e-30,-4.59527e-14,0.63005,0.590319,25776.8,38314.7,1.80437,22.2269,1.62805,20.0551,1.85866,0.0066,1.33651,3.7,4.06155,1.63287e-29,24.6431,1.5402,2.00051 
2,3,100,0.01,2,4.12879e-07,5.70542e-07,7.87719e-30,11.8882,0.723661,950.317,2545.79,2478.35,4.49704,19.0239,18.2762,-0.935922,-5.33515e-30,4.72872e-13,0.439787,0.417617,23169.2,36959.5,2.06154,24.508,1.82765,21.7275,2.20204,0.0066,1.29975,3.7,5.12944,1.90405e-29,28.7357,1.79598,2.41717 
3,3,0.01,100,3,3.86118e-07,5.44387e-07,7.51608e-30,11.3432,0.709271,950.317,2545.79,2478.35,4.48326,19.0285,18.2806,-0.880765,-4.6953e-30,4.4655e-13,0.467103,0.442616,20126.6,31890.1,2.01627,22.8709,1.79153,20.3216,2.1442,0.0066,1.32159,3.7,4.28631,1.69561e-29,25.59,1.59938,2.25598 
4,3,100,0.01,4,4.25551e-07,5.66544e-07,7.822e-30,11.8049,0.751134,950.317,2545.79,2478.35,4.49345,19.0251,18.2774,-1.03873,-6.10294e-30,6.0363e-13,0.393275,0.374837,22685.5,37494,2.14776,25.354,1.89776,22.4028,2.30956,0.0066,1.27419,3.7,4.90963,1.85373e-29,27.9763,1.74852,2.3699 
5,3,100,0.01,5,4.04569e-07,5.56592e-07,7.68459e-30,11.5975,0.726869,950.317,2545.79,2478.35,4.48885,19.0266,18.2788,-0.948092,-5.29575e-30,2.32498e-13,0.433991,0.412293,21510.9,33150.7,2.07158,24.0252,1.83576,21.2902,2.21476,0.0066,1.3075,3.7,4.62749,1.78507e-29,26.9401,1.68376,2.32292 
6,3,0.01,100,6,3.79248e-07,5.73121e-07,7.91279e-30,11.9419,0.661724,950.317,2545.79,2478.35,4.48271,19.0287,18.2808,-0.691554,-3.62104e-30,5.31472e-13,0.575199,0.540849,23484.7,36577.7,1.86662,22.291,1.67513,20.0043,1.94526,0.0066,1.34083,3.7,4.25214,1.68626e-29,25.4489,1.59056,2.13106 
7,3,100,0.01,7,4.07565e-07,5.57069e-07,7.69118e-30,11.6075,0.731624,950.317,2545.79,2478.35,4.48534,19.0278,18.2799,-0.966047,-5.436e-30,3.83769e-13,0.425583,0.404579,21566.2,34571.5,2.08655,24.2195,1.84782,21.4485,2.23358,0.0066,1.27819,3.7,4.413,1.72966e-29,26.1039,1.63149,2.24889 
8,3,100,0.01,8,3.89243e-07,5.69272e-07,7.85965e-30,11.8617,0.683757,950.317,2545.79,2478.35,4.49012,19.0262,18.2784,-0.780606,-4.19505e-30,5.01033e-13,0.521367,0.492064,23014.7,36233.7,1.93598,22.964,1.7285,20.5029,2.039,0.0066,1.32156,3.7,4.70556,1.80454e-29,27.234,1.70212,2.29596 
9,3,100,0.01,9,4.18175e-07,5.90436e-07,8.15186e-30,12.3027,0.708248,950.317,2545.79,2478.35,4.49284,19.0253,18.2776,-0.876809,-5.06229e-30,5.60211e-14,0.46913,0.444468,25678.2,39337.2,2.01305,24.7659,1.78897,22.0092,2.14005,0.0066,1.276,3.7,4.87199,1.84484e-29,27.8422,1.74014,2.26309 
10,3,100,0.01,10,4.30648e-07,5.40458e-07,7.46184e-30,11.2613,0.796821,950.317,2545.79,2478.35,4.49635,19.0241,18.2765,-1.20277,-7.15139e-30,3.42653e-13,0.329433,0.315722,19693.9,32022.9,2.29097,25.7994,2.01759,22.7207,2.48061,0.0066,1.26616,3.7,5.08708,1.89456e-29,28.5925,1.78703,2.539 
11,3,0.01,100,11,3.94489e-07,5.55884e-07,7.67481e-30,11.5828,0.709661,950.317,2545.79,2478.35,4.48464,19.028,18.2801,-0.882267,-4.80528e-30,3.72982e-13,0.466333,0.441914,21428.8,33964.3,2.0175,23.3682,1.7925,20.7621,2.14578,0.0066,1.29926,3.7,4.37029,1.71829e-29,25.9323,1.62077,2.23887 
12,3,100,0.01,12,4.08943e-07,5.42889e-07,7.4954e-30,11.312,0.753271,950.317,2545.79,2478.35,4.49098,19.0259,18.2781,-1.04657,-5.909e-30,2.27767e-13,0.389937,0.371768,19960.9,31266.5,2.15452,24.3719,1.90327,21.5298,2.31777,0.0066,1.27415,3.7,4.75833,1.8175e-29,27.4295,1.71434,2.42482 
13,3,0.01,100,13,3.76997e-07,5.29916e-07,7.31629e-30,11.0417,0.711426,950.317,2545.79,2478.35,4.4828,19.0287,18.2807,-0.889083,-4.62768e-30,3.43048e-13,0.46287,0.438749,18563.9,29369.6,2.02306,22.338,1.79691,19.8409,2.15293,0.0066,1.27108,3.7,4.25786,1.68783e-29,25.4726,1.59204,2.30695 
14,3,0.01,100,14,3.81938e-07,5.41877e-07,7.48143e-30,11.2909,0.704843,950.317,2545.79,2478.35,4.48798,19.0269,18.2791,-0.863597,-4.55395e-30,2.77531e-13,0.475961,0.450709,19849.5,30341.8,2.00234,22.6082,1.78049,20.1034,2.12619,0.0066,1.29111,3.7,4.57429,1.77159e-29,26.7366,1.67104,2.36798 
15,3,100,0.01,15,4.13733e-07,5.51466e-07,7.61382e-30,11.4907,0.750242,950.317,2545.79,2478.35,4.49041,19.0261,18.2783,-1.03546,-5.91474e-30,5.18548e-13,0.394679,0.376128,20922,34117.8,2.14493,24.6468,1.89546,21.7801,2.30612,0.0066,1.26808,3.7,4.72353,1.80897e-29,27.3009,1.7063,2.37591 
16,3,0.01,100,16,3.78255e-07,5.24251e-07,7.23808e-30,10.9236,0.721515,950.317,2545.79,2478.35,4.47835,19.0302,18.2821,-0.927754,-4.84508e-30,1.96614e-13,0.443724,0.421221,17974.9,27742.4,2.05477,22.4456,1.82224,19.9055,2.19347,0.0066,1.30867,3.7,3.98664,1.61132e-29,24.318,1.51987,2.22618 
17,3,100,0.01,17,4.25086e-07,5.36967e-07,7.41363e-30,11.1886,0.791643,950.317,2545.79,2478.35,4.49181,19.0256,18.2779,-1.18459,-6.95228e-30,7.76208e-14,0.335939,0.321771,19314.7,30374.2,2.27476,25.4514,2.0038,22.4197,2.46169,0.0066,1.24521,3.7,4.80915,1.82982e-29,27.6154,1.72596,2.46818 
18,3,0.01,100,18,3.79546e-07,5.53544e-07,7.6425e-30,11.534,0.685667,950.317,2545.79,2478.35,4.48231,19.0288,18.2809,-0.788213,-4.1304e-30,5.84946e-13,0.517023,0.488115,21159.3,33937.7,1.94199,22.3989,1.73317,19.9904,2.047,0.0066,1.3088,3.7,4.22807,1.67964e-29,25.3489,1.58431,2.19776 
19,3,0.01,100,19,3.93181e-07,5.49424e-07,7.58562e-30,11.4481,0.715625,950.317,2545.79,2478.35,4.48544,19.0278,18.2799,-0.905241,-4.91407e-30,2.58473e-13,0.454771,0.431336,20690.4,32003.7,2.03624,23.3112,1.80743,20.6917,2.16987,0.0066,1.29839,3.7,4.41931,1.73133e-29,26.1291,1.63307,2.28238 
20,3,0.01,100,20,3.85882e-07,5.631e-07,7.77444e-30,11.7331,0.685282,950.317,2545.79,2478.35,4.48217,19.0289,18.2809,-0.786665,-4.1911e-30,3.02882e-13,0.517893,0.488917,22274.2,34333.6,1.94082,22.7719,1.73223,20.3244,2.0454,0.0066,1.3149,3.7,4.21969,1.67732e-29,25.314,1.58212,2.15748 
21,3,0.01,100,21,3.67326e-07,5.1045e-07,7.04753e-30,10.6361,0.719613,950.317,2545.79,2478.35,4.48166,19.029,18.2811,-0.920497,-4.66829e-30,3.11074e-13,0.447252,0.424454,16592.3,26431.5,2.04879,21.7911,1.81745,19.3305,2.18586,0.0066,1.25844,3.7,4.18855,1.66868e-29,25.1836,1.57398,2.36776 
22,3,100,0.01,22,4.1732e-07,5.75506e-07,7.94573e-30,11.9916,0.725136,950.317,2545.79,2478.35,4.48877,19.0266,18.2788,-0.941514,-5.42475e-30,2.65026e-13,0.43711,0.415162,23779.1,37185.1,2.06618,24.7768,1.83138,21.9612,2.2079,0.0066,1.28453,3.7,4.62287,1.7839e-29,26.9225,1.68266,2.24511 
23,3,0.01,100,23,4.04614e-07,5.44461e-07,7.5171e-30,11.3447,0.743146,950.317,2545.79,2478.35,4.48515,19.0279,18.28,-1.00915,-5.63739e-30,3.68222e-13,0.406094,0.38666,20134.8,31838,2.12275,24.082,1.87722,21.2966,2.27867,0.0066,1.32139,3.7,4.40173,1.72667e-29,26.0587,1.62867,2.29699 
24,3,100,0.01,24,4.2599e-07,5.56568e-07,7.68426e-30,11.597,0.765387,950.317,2545.79,2478.35,4.49686,19.0239,18.2763,-1.09077,-6.41531e-30,1.5248e-13,0.371711,0.354937,21508.1,33690.7,2.19255,25.427,1.93471,22.4368,2.36394,0.0066,1.25537,3.7,5.1183,1.90156e-29,28.6982,1.79364,2.47462 
25,3,100,0.01,25,4.00109e-07,5.76798e-07,7.96357e-30,12.0185,0.693672,950.317,2545.79,2478.35,4.48661,19.0274,18.2795,-0.819895,-4.52918e-30,3.3617e-13,0.499329,0.472017,23939.7,36899.3,1.96719,23.6427,1.75284,21.0665,2.0803,0.0066,1.32992,3.7,4.49065,1.75004e-29,26.4115,1.65072,2.19756 
26,3,0.01,100,26,3.87471e-07,5.62077e-07,7.76031e-30,11.7118,0.689356,950.317,2545.79,2478.35,4.48444,19.0281,18.2802,-0.802857,-4.29498e-30,5.71491e-13,0.508766,0.480606,22153,35518.7,1.9536,22.8802,1.74222,20.4045,2.06239,0.0066,1.33046,3.7,4.35817,1.71504e-29,25.8833,1.61771,2.21002 
27,3,100,0.01,27,4.28391e-07,5.40297e-07,7.45961e-30,11.258,0.792881,950.317,2545.79,2478.35,4.4966,19.024,18.2764,-1.18895,-7.03211e-30,4.90472e-13,0.334368,0.320315,19676.3,32850.2,2.27867,25.6532,2.00709,22.5958,2.46624,0.0066,1.22778,3.7,5.10274,1.89808e-29,28.6456,1.79035,2.54447 
29,3,100,0.01,29,4.11377e-07,5.628e-07,7.77031e-30,11.7269,0.730946,950.317,2545.79,2478.35,4.48877,19.0266,18.2788,-0.963489,-5.4723e-30,2.32099e-13,0.426769,0.405669,22238.7,34678.2,2.08442,24.4437,1.8461,21.6489,2.2309,0.0066,1.30939,3.7,4.6231,1.78396e-29,26.9234,1.68271,2.29587 
30,3,100,0.01,30,4.0726e-07,5.54852e-07,7.66057e-30,11.5613,0.733997,950.317,2545.79,2478.35,4.49317,19.0252,18.2775,-0.974972,-5.4821e-30,4.63193e-13,0.421469,0.4008,21309.7,34084.2,2.094,24.2093,1.85385,21.4329,2.24292,0.0066,1.29429,3.7,4.89228,1.84964e-29,27.9147,1.74467,2.4145 
32,3,100,0.01,32,4.16127e-07,5.58136e-07,7.7059e-30,11.6297,0.745566,950.317,2545.79,2478.35,4.49184,19.0256,18.2779,-1.01813,-5.84942e-30,1.21998e-13,0.402152,0.38303,21690.3,33602.3,2.13035,24.7752,1.88343,21.9037,2.28806,0.0066,1.31123,3.7,4.8108,1.83022e-29,27.6214,1.72634,2.37508 
33,3,0.01,100,33,3.85265e-07,5.8515e-07,8.07888e-30,12.1926,0.658403,950.317,2545.79,2478.35,4.48009,19.0296,18.2816,-0.677917,-3.60595e-30,4.99194e-13,0.583947,0.548753,24994.7,39658.1,1.85617,22.6314,1.66717,20.3271,1.93089,0.0066,1.32115,3.7,4.09223,1.6416e-29,24.7749,1.54843,2.03197 
34,3,0.01,100,34,3.79164e-07,5.42109e-07,7.48464e-30,11.2957,0.699423,950.317,2545.79,2478.35,4.48081,19.0293,18.2814,-0.84247,-4.41027e-30,4.48814e-13,0.487113,0.460884,19875,31554.8,1.98528,22.4252,1.76704,19.9601,2.10401,0.0066,1.30086,3.7,4.1366,1.65414e-29,24.9642,1.56026,2.21005 
35,3,100,0.01,35,4.0642e-07,5.39562e-07,7.44946e-30,11.2427,0.75324,950.317,2545.79,2478.35,4.4873,19.0271,18.2793,-1.04645,-5.8719e-30,3.59733e-13,0.389985,0.371812,19596.1,31340.6,2.15442,24.2214,1.90319,21.3969,2.31766,0.0066,1.30599,3.7,4.53268,1.76092e-29,26.5757,1.66098,2.36382 
36,3,0.01,100,36,3.87097e-07,5.67916e-07,7.84093e-30,11.8335,0.68161,950.317,2545.79,2478.35,4.48328,19.0285,18.2806,-0.772052,-4.1262e-30,1.54129e-13,0.526309,0.496549,22850.6,34773,1.92921,22.8292,1.72325,20.3921,2.02999,0.0066,1.30928,3.7,4.28748,1.69593e-29,25.5949,1.59968,2.16292 
37,3,100,0.01,37,4.18619e-07,5.81937e-07,8.03451e-30,12.1256,0.719355,950.317,2545.79,2478.35,4.4877,19.027,18.2792,-0.919505,-5.31443e-30,2.82485e-13,0.447734,0.424896,24585.2,38876.1,2.04799,24.8331,1.8168,22.0298,2.18483,0.0066,1.26756,3.7,4.55766,1.76734e-29,26.6725,1.66703,2.19968 
38,3,0.01,100,38,3.79867e-07,5.91619e-07,8.16819e-30,12.3274,0.64208,950.317,2545.79,2478.35,4.48194,19.029,18.281,-0.610009,-3.19927e-30,5.3996e-13,0.629623,0.589938,25832.9,40274.9,1.80483,22.2487,1.6284,20.0738,1.8593,0.0066,1.33773,3.7,4.20522,1.67332e-29,25.2535,1.57835,2.04858 
39,3,0.01,100,39,3.7346e-07,5.91527e-07,8.16692e-30,12.3254,0.631349,950.317,2545.79,2478.35,4.48299,19.0286,18.2807,-0.564571,-2.91102e-30,4.16135e-13,0.662278,0.619282,25820.8,39689.9,1.77108,21.8294,1.6032,19.7602,1.81134,0.0066,1.33867,3.7,4.26946,1.69101e-29,25.5206,1.59504,2.07056 
40,3,0.01,100,40,3.8824e-07,5.7455e-07,7.93253e-30,11.9717,0.675728,950.317,2545.79,2478.35,4.48392,19.0283,18.2804,-0.748443,-4.01183e-30,4.2387e-13,0.540173,0.509134,23660.9,36600.7,1.9107,22.8743,1.70894,20.4589,2.00516,0.0066,1.33615,3.7,4.32606,1.7064e-29,25.7528,1.60955,2.15114 
41,3,0.01,100,41,3.76841e-07,5.73894e-07,7.92347e-30,11.958,0.656639,950.317,2545.79,2478.35,4.47736,19.0305,18.2824,-0.670648,-3.48929e-30,1.40173e-13,0.588664,0.553015,23579.9,35633.4,1.85062,22.1297,1.66296,19.8857,1.92323,0.0066,1.35431,3.7,3.92584,1.59362e-29,24.0508,1.50317,2.01127 
43,3,0.01,100,43,3.94152e-07,5.49417e-07,7.58553e-30,11.448,0.7174,950.317,2545.79,2478.35,4.48626,19.0275,18.2796,-0.912024,-4.96311e-30,4.78005e-13,0.451403,0.428258,20689.7,33429.1,2.04185,23.3751,1.81188,20.7425,2.17699,0.0066,1.32964,3.7,4.46955,1.74454e-29,26.3284,1.64553,2.29983 
44,3,100,0.01,44,4.26829e-07,5.30829e-07,7.3289e-30,11.0607,0.804079,950.317,2545.79,2478.35,4.4944,19.0248,18.2771,-1.2281,-7.23723e-30,3.38629e-13,0.320592,0.307491,18660,30384.6,2.31366,25.5907,2.03699,22.5306,2.50695,0.0066,1.24263,3.7,4.96742,1.86722e-29,28.1799,1.76125,2.54775 
45,3,100,0.01,45,4.01585e-07,5.69531e-07,7.86323e-30,11.8671,0.705115,950.317,2545.79,2478.35,4.49022,19.0262,18.2784,-0.86465,-4.79404e-30,1.95711e-13,0.475411,0.450207,23046.2,34889.9,2.0032,23.7722,1.78117,21.1374,2.1273,0.0066,1.30061,3.7,4.71173,1.80607e-29,27.257,1.70356,2.29685 
46,3,0.01,100,46,3.82788e-07,5.16734e-07,7.13428e-30,10.767,0.740785,950.317,2545.79,2478.35,4.48261,19.0287,18.2808,-1.00034,-5.28678e-30,-1.85329e-13,0.409989,0.390249,17212.6,25404,2.11535,22.776,1.87117,20.1469,2.26948,0.0066,1.29656,3.7,4.24625,1.68465e-29,25.4245,1.58903,2.36134 
47,3,100,0.01,47,4.00536e-07,5.55582e-07,7.67065e-30,11.5765,0.72093,950.317,2545.79,2478.35,4.48503,19.0279,18.28,-0.925521,-5.11813e-30,1.78057e-13,0.444806,0.422213,21394,33362.2,2.05293,23.7657,1.82076,21.078,2.19113,0.0066,1.26743,3.7,4.39415,1.72465e-29,26.0283,1.62677,2.24838 
48,3,100,0.01,48,4.17701e-07,5.70315e-07,7.87406e-30,11.8835,0.732404,950.317,2545.79,2478.35,4.49198,19.0256,18.2778,-0.968981,-5.58811e-30,4.52505e-13,0.424226,0.403332,23141.5,36825.9,2.089,24.8245,1.8498,21.982,2.23665,0.0066,1.30668,3.7,4.81955,1.83232e-29,27.6532,1.72833,2.32703 
49,3,100,0.01,49,4.16052e-07,5.67135e-07,7.83016e-30,11.8172,0.733603,950.317,2545.79,2478.35,4.49575,19.0243,18.2766,-0.973484,-5.59191e-30,7.58563e-13,0.42215,0.401426,22756.6,37199,2.09277,24.7307,1.85285,21.8955,2.24136,0.0066,1.31371,3.7,5.05039,1.88626e-29,28.4673,1.77921,2.40897 
50,3,100,0.01,50,4.03336e-07,5.75466e-07,7.94518e-30,11.9908,0.700886,950.317,2545.79,2478.35,4.48922,19.0265,18.2787,-0.848188,-4.72328e-30,5.73723e-13,0.484068,0.458106,23774.2,38371.7,1.98989,23.8604,1.77067,21.2317,2.11001,0.0066,1.28694,3.7,4.65041,1.79082e-29,27.027,1.68918,2.25398 
51,3,0.01,100,51,3.9483e-07,5.38702e-07,7.4376e-30,11.2247,0.732929,950.317,2545.79,2478.35,4.48464,19.028,18.2801,-0.970954,-5.29289e-30,-7.14905e-17,0.423315,0.402495,19502.6,29177,2.09064,23.4669,1.85113,20.7785,2.23871,0.0066,1.28292,3.7,4.37023,1.71827e-29,25.932,1.62075,2.31026 
52,3,100,0.01,52,4.19909e-07,5.66774e-07,7.82517e-30,11.8097,0.740875,950.317,2545.79,2478.35,4.49208,19.0255,18.2778,-1.00068,-5.8014e-30,7.41956e-13,0.409839,0.390111,22713.1,38018.8,2.11564,24.985,1.8714,22.1007,2.26983,0.0066,1.27163,3.7,4.82523,1.83368e-29,27.6738,1.72961,2.34332 
53,3,0.01,100,53,3.7736e-07,5.84243e-07,8.06635e-30,12.1737,0.645895,950.317,2545.79,2478.35,4.47877,19.03,18.282,-0.626065,-3.26181e-30,2.64625e-13,0.618533,0.579918,24878.7,37588.8,1.81671,22.1161,1.63741,19.9333,1.87616,0.0066,1.33105,3.7,4.01223,1.61872e-29,24.4295,1.52685,2.00675 
54,3,0.01,100,54,3.79906e-07,5.61164e-07,7.74771e-30,11.6928,0.676996,950.317,2545.79,2478.35,4.48215,19.0289,18.2809,-0.753546,-3.95248e-30,6.44904e-13,0.537143,0.506386,22045.3,35217.8,1.91469,22.388,1.71202,20.0182,2.01053,0.0066,1.34061,3.7,4.21813,1.67689e-29,25.3075,1.58172,2.16437 
55,3,100,0.01,55,3.99742e-07,5.83379e-07,8.05442e-30,12.1557,0.685218,950.317,2545.79,2478.35,4.48635,19.0275,18.2796,-0.78641,-4.34022e-30,5.7117e-13,0.518038,0.489048,24768.4,39523.6,1.94062,23.5895,1.73207,21.0545,2.04513,0.0066,1.32395,3.7,4.47515,1.746e-29,26.3505,1.64691,2.16776 
56,3,0.01,100,56,3.91111e-07,5.71788e-07,7.8944e-30,11.9141,0.684014,950.317,2545.79,2478.35,4.48188,19.029,18.281,-0.781642,-4.22077e-30,4.98574e-13,0.520779,0.491527,23321.3,36748.4,1.93678,23.0751,1.72913,20.6011,2.04008,0.0066,1.34564,3.7,4.20194,1.67241e-29,25.2398,1.57749,2.11847 
57,3,100,0.01,57,4.03072e-07,5.58163e-07,7.70628e-30,11.6302,0.722141,950.317,2545.79,2478.35,4.49162,19.0257,18.2779,-0.930137,-5.17623e-30,5.71203e-13,0.442571,0.420164,21693.5,35176.4,2.05674,23.9204,1.82382,21.2114,2.19596,0.0066,1.27609,3.7,4.79737,1.82697e-29,27.5725,1.72328,2.37076 
58,3,0.01,100,58,3.83759e-07,6.04263e-07,8.34276e-30,12.5908,0.635086,950.317,2545.79,2478.35,4.48212,19.0289,18.2809,-0.580465,-3.07552e-30,1.41284e-13,0.650656,0.608847,27524.9,40954.7,1.78283,22.4473,1.61195,20.2957,1.82812,0.0066,1.36687,3.7,4.21634,1.6764e-29,25.3,1.58125,2.0094 
59,3,0.01,100,59,3.80946e-07,5.96762e-07,8.2392e-30,12.4345,0.638354,950.317,2545.79,2478.35,4.4818,19.029,18.281,-0.594295,-3.12571e-30,4.5834e-13,0.640713,0.599912,26512.5,41180.7,1.79311,22.2965,1.61962,20.1392,1.84272,0.0066,1.32364,3.7,4.19716,1.67108e-29,25.2198,1.57623,2.0282 
60,4,0.01,100,60,3.73085e-07,5.95945e-07,8.22792e-30,12.4175,0.626039,950.317,2545.79,2478.35,4.481,19.0293,18.2813,-0.541842,-2.79103e-30,4.70716e-13,0.679272,0.634527,26403.8,40432.9,1.7544,21.7853,1.59083,19.7541,1.78735,0.0066,1.32715,3.7,4.14778,1.65729e-29,25.0116,1.56323,2.01422 
61,4,0.01,100,61,3.81868e-07,5.91086e-07,8.16084e-30,12.3163,0.646044,950.317,2545.79,2478.35,4.48372,19.0284,18.2804,-0.626687,-3.30406e-30,3.82218e-13,0.618105,0.579532,25763.2,39801.5,1.81718,22.3809,1.63776,20.1711,1.87681,0.0066,1.31034,3.7,4.31402,1.70314e-29,25.7037,1.60648,2.08697 
62,4,100,0.01,62,4.53887e-07,5.53737e-07,7.64518e-30,11.538,0.819678,950.317,2545.79,2478.35,4.5043,19.0214,18.2739,-1.28189,-8.03309e-30,5.29492e-13,0.302634,0.290734,21181.6,35371.9,2.36234,27.2568,2.07903,23.988,2.5628,0.0066,1.22027,3.7,5.5754,1.99834e-29,30.1588,1.88493,2.61386 
63,4,0.01,100,63,3.99276e-07,5.4928e-07,7.58364e-30,11.4452,0.726908,950.317,2545.79,2478.35,4.48706,19.0272,18.2794,-0.948239,-5.22727e-30,3.23195e-13,0.433921,0.412229,20674.2,32957.1,2.07171,23.711,1.83586,21.0117,2.21492,0.0066,1.28738,3.7,4.51808,1.75716e-29,26.5188,1.65743,2.31704 
64,4,100,0.01,64,4.303e-07,5.64108e-07,7.78836e-30,11.7541,0.762798,950.317,2545.79,2478.35,4.50246,19.022,18.2745,-1.08137,-6.42438e-30,4.54874e-13,0.375509,0.358448,22394.1,35812,2.18442,25.6759,1.92797,22.6615,2.35413,0.0066,1.30731,3.7,5.46247,1.97539e-29,29.8124,1.86327,2.53634 
65,4,100,0.01,65,4.40707e-07,5.67895e-07,7.84064e-30,11.833,0.776036,950.317,2545.79,2478.35,4.49943,19.0231,18.2755,-1.12915,-6.87043e-30,3.18007e-13,0.356618,0.340964,22848.1,36109.8,2.22591,26.3393,1.96257,23.2231,2.40395,0.0066,1.25551,3.7,5.27625,1.93619e-29,29.2209,1.8263,2.46943 
66,4,0.01,100,66,3.88159e-07,5.94274e-07,8.20484e-30,12.3827,0.653165,950.317,2545.79,2478.35,4.4818,19.029,18.281,-0.656283,-3.5171e-30,5.60988e-13,0.598109,0.561539,26182.2,41849.8,1.83969,22.7802,1.65467,20.4892,1.90809,0.0066,1.29705,3.7,4.19696,1.67102e-29,25.2189,1.57618,2.03663 
67,4,100,0.01,67,4.32976e-07,5.90809e-07,8.15701e-30,12.3105,0.732852,950.317,2545.79,2478.35,4.49724,19.0238,18.2762,-0.970663,-5.8025e-30,2.35512e-13,0.423448,0.402619,25726.9,40175.8,2.09041,25.734,1.85094,22.786,2.23841,0.0066,1.30104,3.7,5.14151,1.90673e-29,28.7763,1.79852,2.33754 
68,4,100,0.01,68,4.39527e-07,5.72459e-07,7.90365e-30,11.9281,0.767788,950.317,2545.79,2478.35,4.50305,19.0218,18.2743,-1.09946,-6.6719e-30,2.32974e-13,0.368234,0.351722,23403.4,36666.7,2.20008,26.2428,1.94097,23.1521,2.37301,0.0066,1.28334,3.7,5.49851,1.98278e-29,29.9239,1.87025,2.50869 
69,4,100,0.01,69,4.2617e-07,5.62057e-07,7.76004e-30,11.7114,0.758233,950.317,2545.79,2478.35,4.49743,19.0237,18.2761,-1.06474,-6.26481e-30,3.20805e-13,0.382333,0.364753,22150.7,35162.6,2.1701,25.4149,1.91611,22.4403,2.33676,0.0066,1.27368,3.7,5.15357,1.90941e-29,28.8166,1.80104,2.46057 
70,4,100,0.01,70,4.36138e-07,6.02296e-07,8.3156e-30,12.5498,0.724125,950.317,2545.79,2478.35,4.49988,19.0229,18.2753,-0.937689,-5.64633e-30,4.86059e-13,0.438942,0.41684,27256.9,44012.2,2.06299,25.8901,1.82882,22.9514,2.20388,0.0066,1.27176,3.7,5.30373,1.94209e-29,29.3098,1.83186,2.33547 
71,4,0.01,100,71,3.67177e-07,5.95989e-07,8.22852e-30,12.4184,0.61608,950.317,2545.79,2478.35,4.48057,19.0294,18.2814,-0.498757,-2.52841e-30,2.99921e-13,0.712751,0.66451,26409.5,39747.8,1.72315,21.3987,1.56778,19.4693,1.74185,0.0066,1.39655,3.7,4.12191,1.65001e-29,24.9017,1.55636,2.00523 
72,4,100,0.01,72,4.43164e-07,5.59929e-07,7.73066e-30,11.667,0.791464,950.317,2545.79,2478.35,4.50538,19.021,18.2736,-1.18395,-7.24408e-30,3.98323e-13,0.336167,0.321984,21900.1,35543.7,2.27421,26.5333,2.00333,23.3729,2.46103,0.0066,1.2585,3.7,5.64212,2.01163e-29,30.3593,1.89746,2.60214 
73,4,0.01,100,73,3.86952e-07,5.6458e-07,7.79488e-30,11.764,0.68538,950.317,2545.79,2478.35,4.48204,19.0289,18.281,-0.787077,-4.20492e-30,7.7779e-13,0.517671,0.488704,22450.4,36523.4,1.94109,22.8348,1.73247,20.3807,2.0458,0.0066,1.34019,3.7,4.2116,1.67508e-29,25.2802,1.58001,2.14895 
74,4,0.01,100,74,3.9536e-07,5.66578e-07,7.82246e-30,11.8056,0.697803,950.317,2545.79,2478.35,4.48372,19.0284,18.2804,-0.836126,-4.56402e-30,-4.33177e-14,0.490513,0.463984,22689.5,34028.9,1.98019,23.3773,1.76303,20.8137,2.09735,0.0066,1.33274,3.7,4.31399,1.70313e-29,25.7035,1.60647,2.17724 
75,4,100,0.01,75,4.43029e-07,6.00517e-07,8.29104e-30,12.5128,0.737746,950.317,2545.79,2478.35,4.49935,19.0231,18.2755,-0.989034,-6.04961e-30,7.58956e-14,0.415077,0.39492,27016.1,41974.5,2.10576,26.3489,1.86341,23.3164,2.25762,0.0066,1.26992,3.7,5.27103,1.93507e-29,29.2039,1.82524,2.33393 
76,4,0.01,100,76,3.86046e-07,5.69674e-07,7.86521e-30,11.8701,0.677662,950.317,2545.79,2478.35,4.48406,19.0282,18.2803,-0.756214,-4.03058e-30,3.98338e-13,0.535562,0.504953,23063.6,36033.7,1.91679,22.7525,1.71364,20.341,2.01334,0.0066,1.34127,3.7,4.33506,1.70883e-29,25.7895,1.61184,2.17264 
77,4,100,0.01,77,4.35556e-07,5.49054e-07,7.58052e-30,11.4404,0.793284,950.317,2545.79,2478.35,4.50117,19.0225,18.2749,-1.19036,-7.15826e-30,3.52177e-13,0.333858,0.319841,20648.7,33720.8,2.27993,26.0834,2.00817,22.9743,2.46772,0.0066,1.23891,3.7,5.38287,1.95885e-29,29.5627,1.84767,2.58405 
78,4,0.01,100,78,3.85808e-07,5.72001e-07,7.89733e-30,11.9186,0.674489,950.317,2545.79,2478.35,4.48101,19.0293,18.2813,-0.74345,-3.96011e-30,3.03383e-13,0.543155,0.511838,23347.3,36310.5,1.9068,22.7264,1.70593,20.3323,1.99991,0.0066,1.31974,3.7,4.14888,1.6576e-29,25.0163,1.56352,2.09893 
79,4,0.01,100,79,3.90332e-07,6.15205e-07,8.49384e-30,12.8188,0.634473,950.317,2545.79,2478.35,4.48093,19.0293,18.2813,-0.577872,-3.11422e-30,3.08168e-13,0.652542,0.610539,29047.4,44179,1.7809,22.8291,1.61051,20.6449,1.82538,0.0066,1.35005,3.7,4.1439,1.6562e-29,24.9952,1.5622,1.94988 
80,4,0.01,100,80,3.80513e-07,5.82201e-07,8.03816e-30,12.1311,0.653577,950.317,2545.79,2478.35,4.4809,19.0293,18.2813,-0.65799,-3.45679e-30,4.48042e-13,0.596978,0.560519,24618.7,37950.4,1.84099,22.3332,1.65565,20.0849,1.90989,0.0066,1.36776,3.7,4.1419,1.65564e-29,24.9867,1.56167,2.05972 
81,4,0.01,100,81,3.79693e-07,5.84205e-07,8.06582e-30,12.1729,0.649931,950.317,2545.79,2478.35,4.48082,19.0293,18.2813,-0.642857,-3.37e-30,6.05789e-13,0.607082,0.569631,24873.8,38991.3,1.82951,22.2704,1.64698,20.0484,1.89394,0.0066,1.34515,3.7,4.13695,1.65424e-29,24.9657,1.56035,2.05093 
82,4,100,0.01,82,4.40445e-07,5.82008e-07,8.0355e-30,12.1271,0.756767,950.317,2545.79,2478.35,4.50522,19.0211,18.2737,-1.05938,-6.44208e-30,1.52949e-13,0.384558,0.366807,24594.3,38222,2.16551,26.2613,1.91231,23.1908,2.33117,0.0066,1.27165,3.7,5.6322,2.00967e-29,30.3297,1.89561,2.50099 
83,4,0.01,100,83,3.67829e-07,5.97429e-07,8.24841e-30,12.4484,0.615687,950.317,2545.79,2478.35,4.47861,19.0301,18.282,-0.497042,-2.5242e-30,5.64834e-13,0.714116,0.665732,26601.5,40921.3,1.72192,21.4351,1.56687,19.5051,1.74004,0.0066,1.36558,3.7,4.00223,1.61583e-29,24.386,1.52413,1.95897 
84,4,100,0.01,84,4.31955e-07,5.64461e-07,7.79324e-30,11.7615,0.765253,950.317,2545.79,2478.35,4.50329,19.0217,18.2743,-1.09029,-6.50224e-30,3.25791e-13,0.371907,0.355118,22436.2,35552.6,2.19212,25.7826,1.93436,22.7509,2.36343,0.0066,1.27391,3.7,5.51348,1.98583e-29,29.97,1.87313,2.54815 
85,4,100,0.01,85,4.35595e-07,5.7778e-07,7.97712e-30,12.039,0.753912,950.317,2545.79,2478.35,4.5022,19.0221,18.2746,-1.04891,-6.3082e-30,2.93533e-13,0.388944,0.370855,24062.1,37545.4,2.15655,25.9626,1.90493,22.9334,2.32023,0.0066,1.2974,3.7,5.44612,1.97202e-29,29.7615,1.86009,2.47209 
86,4,0.01,100,86,3.86104e-07,5.87269e-07,8.10813e-30,12.2367,0.657456,950.317,2545.79,2478.35,4.4818,19.029,18.281,-0.674015,-3.593e-30,2.65558e-13,0.586473,0.551036,25267.2,38652.1,1.85319,22.677,1.66491,20.373,1.92678,0.0066,1.33594,3.7,4.19661,1.67093e-29,25.2175,1.57609,2.0608 
87,4,100,0.01,87,4.48623e-07,5.96351e-07,8.23352e-30,12.4259,0.75228,950.317,2545.79,2478.35,4.5014,19.0224,18.2749,-1.04294,-6.45986e-30,2.10173e-13,0.39148,0.373186,26457.7,41923.3,2.15138,26.7329,1.90071,23.6182,2.31396,0.0066,1.27348,3.7,5.39693,1.96179e-29,29.6072,1.85045,2.38269 
88,4,100,0.01,88,4.38204e-07,5.74517e-07,7.93208e-30,11.971,0.762733,950.317,2545.79,2478.35,4.50893,19.0198,18.2725,-1.08114,-6.54096e-30,3.36317e-13,0.375604,0.358536,23656.8,37374.2,2.18422,26.1473,1.9278,23.0777,2.35388,0.0066,1.27123,3.7,5.86034,2.05373e-29,30.9946,1.93716,2.58914 
89,4,100,0.01,89,4.35784e-07,5.54223e-07,7.65188e-30,11.5481,0.786298,950.317,2545.79,2478.35,4.50331,19.0217,18.2743,-1.16571,-7.01366e-30,2.84208e-13,0.342837,0.328181,21237.3,33885.7,2.25805,26.0763,1.98963,22.9765,2.44204,0.0066,1.27726,3.7,5.51483,1.98611e-29,29.9741,1.87338,2.59558 
90,4,100,0.01,90,4.33981e-07,5.85405e-07,8.08239e-30,12.1979,0.741335,950.317,2545.79,2478.35,4.50014,19.0228,18.2753,-1.00241,-6.00619e-30,9.3396e-14,0.409078,0.389406,25027.4,38519.6,2.11705,25.8236,1.87258,22.8415,2.27162,0.0066,1.29221,3.7,5.31992,1.94554e-29,29.3619,1.83512,2.40714 
91,4,0.01,100,91,3.88505e-07,5.67924e-07,7.84105e-30,11.8336,0.684078,950.317,2545.79,2478.35,4.48386,19.0283,18.2804,-0.781897,-4.19401e-30,3.57187e-13,0.520632,0.491394,22851.7,36042.8,1.93698,22.9216,1.72928,20.4637,2.04035,0.0066,1.29529,3.7,4.32287,1.70554e-29,25.7398,1.60874,2.17514 
92,4,100,0.01,92,4.45275e-07,5.57681e-07,7.69962e-30,11.6202,0.79844,950.317,2545.79,2478.35,4.5024,19.022,18.2745,-1.20844,-7.42912e-30,4.96692e-13,0.327432,0.313859,21637.3,35264.7,2.29602,26.6802,2.02191,23.4949,2.4865,0.0066,1.2569,3.7,5.45875,1.97462e-29,29.8008,1.86255,2.56457 
93,4,0.01,100,93,3.78579e-07,5.33973e-07,7.3723e-30,11.1262,0.708986,950.317,2545.79,2478.35,4.48214,19.0289,18.2809,-0.879657,-4.59784e-30,4.02048e-13,0.467665,0.443132,18993.5,30263.6,2.01538,22.4235,1.79082,19.925,2.14304,0.0066,1.3053,3.7,4.21781,1.6768e-29,25.3062,1.58164,2.27447 
94,4,0.01,100,94,3.70412e-07,5.60372e-07,7.73678e-30,11.6763,0.66101,950.317,2545.79,2478.35,4.47835,19.0302,18.2821,-0.688627,-3.5217e-30,2.38384e-13,0.577065,0.542536,21952.1,33111.9,1.86437,21.7689,1.67342,19.5393,1.94218,0.0066,1.34109,3.7,3.98656,1.6113e-29,24.3176,1.51985,2.08265 
95,4,100,0.01,95,4.35572e-07,5.85427e-07,8.0827e-30,12.1983,0.744024,950.317,2545.79,2478.35,4.50433,19.0214,18.2739,-1.0124,-6.08832e-30,1.9065e-13,0.404658,0.385337,25030.3,38873,2.1255,25.9276,1.87947,22.9264,2.28208,0.0066,1.29846,3.7,5.5775,1.99877e-29,30.1652,1.88532,2.47289 
96,4,0.01,100,96,3.74796e-07,6.15901e-07,8.50345e-30,12.8333,0.608533,950.317,2545.79,2478.35,4.48103,19.0293,18.2813,-0.465697,-2.40981e-30,5.16296e-13,0.7396,0.688513,29146.1,45030.7,1.6995,21.8102,1.55045,19.8974,1.70693,0.0066,1.33381,3.7,4.15017,1.65796e-29,25.0217,1.56386,1.94975 
97,4,100,0.01,97,4.4016e-07,5.88398e-07,8.12372e-30,12.2602,0.748064,950.317,2545.79,2478.35,4.50381,19.0216,18.2741,-1.02737,-6.24341e-30,3.76987e-13,0.398137,0.379331,25413.3,40933.5,2.13819,26.2147,1.88985,23.17,2.29773,0.0066,1.26795,3.7,5.5452,1.99226e-29,30.0671,1.87919,2.4524 
98,4,0.01,100,98,3.72297e-07,5.62109e-07,7.76076e-30,11.7125,0.662322,950.317,2545.79,2478.35,4.48086,19.0293,18.2813,-0.69401,-3.56729e-30,8.53766e-13,0.573643,0.53944,22156.9,36018.1,1.8685,21.8847,1.67657,19.6367,1.94785,0.0066,1.31443,3.7,4.13959,1.65499e-29,24.9769,1.56106,2.1325 
99,4,0.01,100,99,3.85485e-07,5.76749e-07,7.96289e-30,12.0175,0.668375,950.317,2545.79,2478.35,4.48153,19.0291,18.2811,-0.718699,-3.82506e-30,4.17789e-13,0.558198,0.525467,23933.6,37611,1.88755,22.6837,1.69114,20.3233,1.97385,0.0066,1.28283,3.7,4.18066,1.66649e-29,25.1505,1.5719,2.09282 
100,4,0.01,100,100,3.82736e-07,5.79892e-07,8.00628e-30,12.083,0.660012,950.317,2545.79,2478.35,4.48345,19.0284,18.2805,-0.684533,-3.61724e-30,2.77615e-13,0.579686,0.544904,24327,37129.9,1.86123,22.4893,1.67103,20.191,1.93786,0.0066,1.33275,3.7,4.29764,1.6987e-29,25.6366,1.60229,2.12171 
101,4,0.01,100,101,3.78886e-07,5.56252e-07,7.67989e-30,11.5904,0.681141,950.317,2545.79,2478.35,4.48088,19.0293,18.2813,-0.770164,-4.0288e-30,3.86374e-13,0.527396,0.49754,21471.4,33815,1.92774,22.3433,1.72211,19.96,2.02802,0.0066,1.3001,3.7,4.14047,1.65523e-29,24.9806,1.56129,2.15528 
102,4,100,0.01,102,4.69617e-07,5.93293e-07,8.19131e-30,12.3622,0.791542,950.317,2545.79,2478.35,4.51237,19.0187,18.2714,-1.18423,-7.67826e-30,1.33777e-13,0.336068,0.321891,26052.8,41162,2.27446,28.1174,2.00354,24.7682,2.46132,0.0066,1.24614,3.7,6.07253,2.09279e-29,31.5841,1.97401,2.55489 
103,4,0.01,100,103,3.92046e-07,5.71622e-07,7.8921e-30,11.9107,0.685847,950.317,2545.79,2478.35,4.48274,19.0287,18.2807,-0.788932,-4.27031e-30,6.296e-13,0.516614,0.487744,23301,37437.3,1.94256,23.1372,1.73361,20.6485,2.04775,0.0066,1.31132,3.7,4.2545,1.68691e-29,25.4587,1.59117,2.13747 
104,4,100,0.01,104,4.47248e-07,5.8415e-07,8.06508e-30,12.1717,0.765639,950.317,2545.79,2478.35,4.50458,19.0213,18.2739,-1.09168,-6.74106e-30,3.39334e-13,0.371344,0.354599,24866.9,39940.5,2.19334,26.6967,1.93536,23.5567,2.36489,0.0066,1.26149,3.7,5.59244,2.00176e-29,30.2103,1.88815,2.48201 
105,4,100,0.01,105,4.46829e-07,5.85491e-07,8.08358e-30,12.1997,0.76317,950.317,2545.79,2478.35,4.50338,19.0217,18.2742,-1.08272,-6.67948e-30,1.98552e-13,0.37496,0.357941,25038.4,39889.8,2.18559,26.6634,1.92893,23.5323,2.35554,0.0066,1.2402,3.7,5.51896,1.98695e-29,29.9868,1.87418,2.458 
106,4,0.01,100,106,3.80363e-07,5.65419e-07,7.80646e-30,11.7814,0.67271,950.317,2545.79,2478.35,4.48389,19.0283,18.2804,-0.736217,-3.86623e-30,4.57886e-13,0.547477,0.515783,22550.6,35490.6,1.9013,22.4,1.70162,20.0475,1.99236,0.0066,1.31149,3.7,4.32423,1.70591e-29,25.7454,1.60909,2.18525 
107,4,100,0.01,107,4.56583e-07,5.67698e-07,7.83792e-30,11.8289,0.804272,950.317,2545.79,2478.35,4.50819,19.0201,18.2727,-1.22877,-7.74595e-30,5.32755e-13,0.320361,0.307277,22824.3,37528.2,2.31427,27.3753,2.03751,24.1015,2.50765,0.0066,1.22935,3.7,5.8148,2.04511e-29,30.8646,1.92903,2.60925 
108,4,100,0.01,108,4.52046e-07,5.85557e-07,8.08449e-30,12.201,0.771993,950.317,2545.79,2478.35,4.5042,19.0214,18.274,-1.11463,-6.95663e-30,2.58014e-13,0.36225,0.346181,25046.9,39730.1,2.21325,27.0039,1.95197,23.816,2.38882,0.0066,1.25791,3.7,5.56927,1.99711e-29,30.1403,1.88377,2.4703 
109,4,100,0.01,109,4.49977e-07,5.71901e-07,7.89595e-30,11.9165,0.78681,950.317,2545.79,2478.35,4.50032,19.0228,18.2752,-1.16752,-7.25335e-30,3.14916e-13,0.342167,0.327559,23335,37368.3,2.25966,26.9272,1.99099,23.7256,2.44393,0.0066,1.2617,3.7,5.33086,1.94787e-29,29.397,1.83731,2.46692 
110,4,100,0.01,110,4.51302e-07,5.87089e-07,8.10565e-30,12.233,0.768711,950.317,2545.79,2478.35,4.50639,19.0207,18.2733,-1.10281,-6.87147e-30,4.50249e-13,0.36691,0.350494,25244,40916.1,2.20295,26.9487,1.94338,23.7733,2.37648,0.0066,1.27404,3.7,5.70407,2.02379e-29,30.5428,1.90893,2.49676 
111,4,0.01,100,111,3.89035e-07,5.90898e-07,8.15823e-30,12.3123,0.65838,950.317,2545.79,2478.35,4.48377,19.0283,18.2804,-0.677822,-3.64073e-30,4.27872e-13,0.584008,0.548809,25738.5,39975.7,1.85609,22.8528,1.66712,20.5261,1.93079,0.0066,1.31676,3.7,4.31726,1.70402e-29,25.7169,1.60731,2.08871 
112,4,100,0.01,112,4.53114e-07,5.86202e-07,8.0934e-30,12.2145,0.772966,950.317,2545.79,2478.35,4.5072,19.0204,18.273,-1.11813,-6.99494e-30,1.52011e-13,0.360884,0.344919,25129.8,39531,2.21632,27.0712,1.95452,23.8734,2.39248,0.0066,1.26159,3.7,5.75386,2.03344e-29,30.6885,1.91803,2.51247 
113,4,0.01,100,113,3.88406e-07,5.61985e-07,7.75905e-30,11.7099,0.691131,950.317,2545.79,2478.35,4.48151,19.0291,18.2811,-0.809866,-4.34293e-30,1.54816e-13,0.504856,0.47705,22142.3,33814.1,1.9592,22.942,1.74658,20.4523,2.06976,0.0066,1.32204,3.7,4.17945,1.66615e-29,25.1453,1.57158,2.14736 
114,4,0.01,100,114,3.74765e-07,6.20787e-07,8.57089e-30,12.9351,0.603694,950.317,2545.79,2478.35,4.48252,19.0288,18.2808,-0.44432,-2.299e-30,6.21777e-13,0.757525,0.704519,29845.1,46123.4,1.68436,21.7873,1.5394,19.9123,1.68436,0.0066,1.37281,3.7,4.24099,1.6832e-29,25.4027,1.58767,1.96386 
115,4,100,0.01,115,4.27225e-07,6.00353e-07,8.28877e-30,12.5093,0.711624,950.317,2545.79,2478.35,4.49843,19.0234,18.2758,-0.889846,-5.24874e-30,6.5575e-13,0.462484,0.438395,26993.9,43404.5,2.02367,25.3148,1.79741,22.4844,2.15373,0.0066,1.32208,3.7,5.21479,1.92287e-29,29.0198,1.81374,2.31985 
116,4,0.01,100,116,3.85665e-07,6.04777e-07,8.34985e-30,12.6015,0.637699,950.317,2545.79,2478.35,4.48114,19.0292,18.2812,-0.591532,-3.14973e-30,4.34885e-13,0.64269,0.601689,27595.1,42746.3,1.79105,22.5699,1.61808,20.3903,1.8398,0.0066,1.3653,3.7,4.15649,1.65973e-29,25.0485,1.56553,1.98774 
117,4,100,0.01,117,4.34637e-07,6.04499e-07,8.34601e-30,12.5957,0.719004,950.317,2545.79,2478.35,4.50448,19.0213,18.2739,-0.918169,-5.50976e-30,4.00989e-13,0.448389,0.425496,27557,43170.9,2.04688,25.7819,1.81592,22.8728,2.18343,0.0066,1.31506,3.7,5.58633,2.00054e-29,30.1919,1.88699,2.397 
118,4,0.01,100,118,3.68786e-07,6.02248e-07,8.31494e-30,12.5488,0.612349,950.317,2545.79,2478.35,4.47931,19.0298,18.2818,-0.482459,-2.45651e-30,5.21586e-13,0.725857,0.676232,27250.4,41561.7,1.71145,21.4767,1.5592,19.5661,1.72463,0.0066,1.39392,3.7,4.04496,1.62812e-29,24.5715,1.53572,1.95807 
119,4,0.01,100,119,3.75322e-07,5.6603e-07,7.8149e-30,11.7942,0.663077,950.317,2545.79,2478.35,4.4831,19.0286,18.2806,-0.697091,-3.61224e-30,4.56773e-13,0.571686,0.537673,22623.8,35121.8,1.87088,22.0655,1.67838,19.7951,1.9511,0.0066,1.32905,3.7,4.2764,1.69291e-29,25.5492,1.59683,2.16626 
120,2,0.01,100,120,3.81315e-07,5.85646e-07,8.08572e-30,12.2029,0.651102,950.317,2545.79,2478.35,4.47533,19.0312,18.2831,-0.647713,-3.40997e-30,1.66078e-13,0.603813,0.566686,25058.3,38173.3,1.8332,22.3703,1.64976,20.1318,1.89906,0.0066,1.31166,3.7,3.80258,1.55718e-29,23.5009,1.4688,1.92584 
121,2,0.01,100,121,3.85655e-07,5.53739e-07,7.6452e-30,11.5381,0.696456,950.317,2545.79,2478.35,4.4847,19.028,18.2801,-0.830844,-4.42387e-30,5.34697e-13,0.493364,0.466582,21181.8,33712.1,1.97595,22.7986,1.75971,20.3036,2.0918,0.0066,1.3284,3.7,4.37407,1.7193e-29,25.9475,1.62172,2.24886 
122,2,100,0.01,122,3.73115e-07,5.69535e-07,7.86329e-30,11.8672,0.655122,950.317,2545.79,2478.35,4.48112,19.0292,18.2813,-0.664382,-3.42251e-30,6.53191e-13,0.592764,0.556716,23046.7,37003.7,1.84584,21.905,1.65934,19.6917,1.91663,0.0066,1.32388,3.7,4.15546,1.65944e-29,25.0441,1.56526,2.11037 
123,2,0.01,100,123,3.93452e-07,6.02705e-07,8.32125e-30,12.5584,0.652809,950.317,2545.79,2478.35,4.4862,19.0275,18.2797,-0.654808,-3.55704e-30,2.13559e-13,0.599087,0.562422,27312.5,41267.4,1.83857,23.0894,1.65382,20.7693,1.90654,0.0066,1.36685,3.7,4.46568,1.74353e-29,26.3132,1.64457,2.09527 
124,2,100,0.01,124,3.88567e-07,5.68856e-07,7.85391e-30,11.853,0.683068,950.317,2545.79,2478.35,4.4817,19.029,18.2811,-0.777856,-4.17301e-30,2.76867e-13,0.522947,0.493499,22964.3,35587.5,1.93381,22.9215,1.72681,20.468,2.03611,0.0066,1.31349,3.7,4.19106,1.66938e-29,25.1942,1.57464,2.12554 
125,2,100,0.01,125,4.04822e-07,5.81346e-07,8.02635e-30,12.1133,0.696354,950.317,2545.79,2478.35,4.4845,19.0281,18.2802,-0.830445,-4.64151e-30,2.37147e-13,0.493581,0.46678,24510.4,37658.5,1.97563,23.9314,1.75945,21.3128,2.09138,0.0066,1.32146,3.7,4.36152,1.71594e-29,25.8969,1.61855,2.13789 
126,2,0.01,100,126,3.89083e-07,5.92837e-07,8.18501e-30,12.3527,0.656306,950.317,2545.79,2478.35,4.48298,19.0286,18.2807,-0.669273,-3.59525e-30,6.2205e-13,0.589562,0.553825,25992.8,41159.4,1.84957,22.8472,1.66216,20.5322,1.92178,0.0066,1.31954,3.7,4.26878,1.69083e-29,25.5178,1.59486,2.06576 
127,2,100,0.01,127,3.87061e-07,6.12756e-07,8.46002e-30,12.7678,0.631672,950.317,2545.79,2478.35,4.48295,19.0286,18.2807,-0.565946,-3.02439e-30,3.08148e-13,0.661263,0.618372,28701.8,43384.4,1.7721,22.6258,1.60396,20.479,1.8128,0.0066,1.39329,3.7,4.2669,1.69031e-29,25.51,1.59438,1.998 
128,2,100,0.01,128,3.98367e-07,5.81675e-07,8.0309e-30,12.1202,0.684862,950.317,2545.79,2478.35,4.48461,19.0281,18.2802,-0.784996,-4.31753e-30,2.3358e-13,0.518847,0.48978,24552.1,37818.3,1.93948,23.5068,1.7312,20.9824,2.04363,0.0066,1.32796,3.7,4.36842,1.71779e-29,25.9247,1.6203,2.13898 
129,2,100,0.01,129,3.83538e-07,5.8598e-07,8.09034e-30,12.2099,0.654524,950.317,2545.79,2478.35,4.48161,19.0291,18.2811,-0.661907,-3.50501e-30,7.94995e-13,0.594391,0.558184,25101.3,40543.5,1.84396,22.5145,1.65791,20.2428,1.91402,0.0066,1.32411,3.7,4.18511,1.66773e-29,25.1692,1.57307,2.06138 
130,2,100,0.01,130,3.92271e-07,5.86478e-07,8.09721e-30,12.2202,0.668859,950.317,2545.79,2478.35,4.48333,19.0285,18.2806,-0.720668,-3.90306e-30,5.22934e-13,0.556986,0.52437,25165.3,40128,1.88908,23.0849,1.69231,20.6804,1.97592,0.0066,1.29223,3.7,4.29017,1.69667e-29,25.6059,1.60037,2.09537 
131,2,0.01,100,131,3.89537e-07,5.906e-07,8.15413e-30,12.3061,0.659562,950.317,2545.79,2478.35,4.484,19.0283,18.2803,-0.682675,-3.67153e-30,4.63156e-13,0.580874,0.545982,25699.7,40099.3,1.85983,22.8873,1.66995,20.5506,1.93592,0.0066,1.32775,3.7,4.33144,1.70785e-29,25.7748,1.61092,2.09447 
132,2,100,0.01,132,4.03612e-07,5.93673e-07,8.19655e-30,12.3702,0.679856,950.317,2545.79,2478.35,4.4893,19.0265,18.2787,-0.765021,-4.26306e-30,3.30345e-13,0.530392,0.50026,26102.9,40277.6,1.9237,23.7964,1.71898,21.264,2.02261,0.0066,1.35219,3.7,4.65548,1.79209e-29,27.0461,1.69038,2.1864 
133,2,0.01,100,133,3.84797e-07,5.69521e-07,7.8631e-30,11.8669,0.67565,950.317,2545.79,2478.35,4.48572,19.0277,18.2798,-0.748128,-3.97458e-30,6.88766e-13,0.54036,0.509304,23045,37091.6,1.91046,22.6712,1.70875,20.2776,2.00483,0.0066,1.32831,3.7,4.43639,1.73584e-29,26.1971,1.63732,2.20757 
134,2,0.01,100,134,4.14706e-07,5.96758e-07,8.23914e-30,12.4344,0.694931,950.317,2545.79,2478.35,4.48829,19.0268,18.279,-0.82486,-4.72285e-30,4.3512e-13,0.496619,0.469546,26512,41855.8,1.97114,24.5101,1.75594,21.8341,2.08551,0.0066,1.29697,3.7,4.59356,1.77649e-29,26.8106,1.67566,2.15616 
135,2,100,0.01,135,4.25692e-07,5.70998e-07,7.88349e-30,11.8977,0.745522,950.317,2545.79,2478.35,4.49232,19.0255,18.2777,-1.01797,-5.98291e-30,-2.13661e-14,0.402223,0.383095,23224.8,35221,2.13021,25.3445,1.88332,22.4071,2.28789,0.0066,1.27715,3.7,4.84029,1.83729e-29,27.7282,1.73302,2.33056 
136,2,0.01,100,136,4.1004e-07,5.75144e-07,7.94072e-30,11.9841,0.712935,950.317,2545.79,2478.35,4.48433,19.0281,18.2802,-0.894901,-5.06623e-30,-3.19811e-14,0.459937,0.436064,23734.2,36207.8,2.02779,24.3012,1.80069,21.5795,2.15903,0.0066,1.29969,3.7,4.35111,1.71315e-29,25.8547,1.61592,2.15742 
137,2,100,0.01,137,4.10381e-07,5.64407e-07,7.79249e-30,11.7603,0.727101,950.317,2545.79,2478.35,4.49151,19.0257,18.278,-0.948968,-5.37678e-30,4.54381e-13,0.433576,0.411912,22429.7,35489.1,2.07232,24.3711,1.83635,21.5961,2.21568,0.0066,1.29032,3.7,4.79042,1.82529e-29,27.5472,1.7217,2.34238 
138,2,0.01,100,138,4.07056e-07,5.9268e-07,8.18283e-30,12.3495,0.686806,950.317,2545.79,2478.35,4.48667,19.0274,18.2795,-0.792739,-4.45521e-30,3.75702e-13,0.514455,0.48578,25972.1,40812.8,1.94557,24.0268,1.73596,21.4382,2.05175,0.0066,1.30696,3.7,4.49429,1.75099e-29,26.4258,1.65161,2.13983 
139,2,0.01,100,139,3.95063e-07,5.64666e-07,7.79607e-30,11.7658,0.699639,950.317,2545.79,2478.35,4.48563,19.0277,18.2798,-0.843315,-4.59981e-30,3.03093e-13,0.48666,0.460471,22460.7,34990.2,1.98597,23.3664,1.76758,20.7969,2.1049,0.0066,1.25167,3.7,4.43088,1.73439e-29,26.1752,1.63595,2.22469 
140,2,0.01,100,140,3.82661e-07,5.63567e-07,7.78089e-30,11.7428,0.678999,950.317,2545.79,2478.35,4.48409,19.0282,18.2803,-0.761585,-4.02362e-30,5.11859e-13,0.532404,0.502087,22329.7,35120.9,1.921,22.558,1.71689,20.1612,2.01899,0.0066,1.34165,3.7,4.3366,1.70925e-29,25.7958,1.61224,2.19672 
141,2,0.01,100,141,3.96999e-07,5.71868e-07,7.8955e-30,11.9158,0.694215,950.317,2545.79,2478.35,4.48883,19.0266,18.2788,-0.822034,-4.50571e-30,3.08668e-13,0.498158,0.47095,23331.1,35856.3,1.9689,23.461,1.75417,20.9024,2.08254,0.0066,1.33929,3.7,4.6265,1.78482e-29,26.9363,1.68352,2.26055 
142,2,100,0.01,142,3.93098e-07,5.38244e-07,7.43127e-30,11.2152,0.730334,950.317,2545.79,2478.35,4.48709,19.0272,18.2794,-0.961191,-5.21669e-30,5.87321e-13,0.427842,0.406652,19452.9,31676.3,2.08249,23.3555,1.84454,20.6869,2.22849,0.0066,1.30096,3.7,4.52039,1.75775e-29,26.5278,1.65799,2.36534 
143,2,0.01,100,143,4.1488e-07,5.88877e-07,8.13033e-30,12.2702,0.704527,950.317,2545.79,2478.35,4.4854,19.0278,18.2799,-0.862372,-4.9397e-30,-9.14955e-14,0.476602,0.451293,25475.4,38152.2,2.00134,24.5569,1.77971,21.8374,2.1249,0.0066,1.27701,3.7,4.41684,1.73067e-29,26.1192,1.63245,2.12866 
144,2,100,0.01,144,4.1915e-07,5.81678e-07,8.03094e-30,12.1202,0.720588,950.317,2545.79,2478.35,4.4896,19.0264,18.2786,-0.924221,-5.34847e-30,1.48018e-13,0.445439,0.422792,24552.5,37700.8,2.05186,24.8689,1.8199,22.0576,2.18977,0.0066,1.32575,3.7,4.67383,1.79667e-29,27.1152,1.6947,2.23719 
145,2,100,0.01,145,4.05696e-07,5.69654e-07,7.86494e-30,11.8697,0.712179,950.317,2545.79,2478.35,4.49216,19.0255,18.2778,-0.891986,-4.99624e-30,6.55959e-13,0.461403,0.437406,23061.2,37879.6,2.02542,24.0411,1.7988,21.3511,2.15597,0.0066,1.31819,3.7,4.83027,1.83489e-29,27.692,1.73075,2.333 
146,2,0.01,100,146,3.91543e-07,6.00516e-07,8.29102e-30,12.5127,0.652012,950.317,2545.79,2478.35,4.48669,19.0273,18.2795,-0.651499,-3.5219e-30,6.73959e-13,0.601288,0.564407,27015.9,42877.3,1.83606,22.9741,1.65192,20.6701,1.90305,0.0066,1.3382,3.7,4.49584,1.75139e-29,26.4319,1.65199,2.1124 
147,2,100,0.01,147,3.90002e-07,5.72243e-07,7.90068e-30,11.9236,0.681531,950.317,2545.79,2478.35,4.48895,19.0266,18.2788,-0.771738,-4.15547e-30,1.52701e-13,0.526491,0.496715,23377,35484.7,1.92896,23.0002,1.72306,20.5452,2.02966,0.0066,1.28367,3.7,4.63358,1.7866e-29,26.9632,1.6852,2.26133 
148,2,100,0.01,148,4.06365e-07,5.71999e-07,7.8973e-30,11.9185,0.71043,950.317,2545.79,2478.35,4.48411,19.0282,18.2803,-0.88524,-4.96662e-30,4.32686e-13,0.46482,0.44053,23347,37070,2.01992,24.0744,1.79442,21.3869,2.1489,0.0066,1.31619,3.7,4.33816,1.70966e-29,25.8021,1.61263,2.16487 
149,2,100,0.01,149,4.16659e-07,5.74837e-07,7.9365e-30,11.9777,0.724829,950.317,2545.79,2478.35,4.49166,19.0257,18.2779,-0.940352,-5.40947e-30,2.99998e-13,0.437666,0.415671,23696.4,36827.7,2.06521,24.7364,1.8306,21.9264,2.20668,0.0066,1.32007,3.7,4.79987,1.82758e-29,27.5817,1.72385,2.30275 
150,2,100,0.01,150,4.06707e-07,5.44043e-07,7.51134e-30,11.336,0.747563,950.317,2545.79,2478.35,4.48969,19.0263,18.2786,-1.02553,-5.75855e-30,3.27872e-13,0.398937,0.380067,20088.5,31446.2,2.13661,24.2207,1.88856,21.4088,2.29579,0.0066,1.33125,3.7,4.67905,1.79797e-29,27.1348,1.69593,2.39368 
151,2,0.01,100,151,3.94201e-07,5.70786e-07,7.88055e-30,11.8933,0.690628,950.317,2545.79,2478.35,4.48596,19.0276,18.2797,-0.807883,-4.39693e-30,3.81579e-13,0.50596,0.478054,23198.8,36391.7,1.95761,23.2823,1.74534,20.7578,2.06768,0.0066,1.3327,3.7,4.45075,1.73961e-29,26.2541,1.64088,2.20748 
152,2,100,0.01,152,3.91986e-07,5.64197e-07,7.78958e-30,11.756,0.694768,950.317,2545.79,2478.35,4.48521,19.0278,18.28,-0.824211,-4.46059e-30,2.32161e-13,0.496969,0.469867,22404.7,34658.6,1.97064,23.1668,1.75554,20.6381,2.08483,0.0066,1.30033,3.7,4.40528,1.72761e-29,26.073,1.62956,2.21785 
153,2,0.01,100,153,4.03246e-07,5.63477e-07,7.77964e-30,11.741,0.715638,950.317,2545.79,2478.35,4.48743,19.0271,18.2793,-0.905292,-5.04014e-30,3.49904e-13,0.454745,0.431312,22319,35424,2.03629,23.908,1.80746,21.2213,2.16992,0.0066,1.30622,3.7,4.54075,1.763e-29,26.607,1.66294,2.26617 
154,2,0.01,100,154,3.80302e-07,5.65445e-07,7.80682e-30,11.782,0.672572,950.317,2545.79,2478.35,4.48079,19.0293,18.2814,-0.735662,-3.8627e-30,6.2799e-13,0.547813,0.516088,22553.7,36486.8,1.90086,22.3959,1.70128,20.0445,1.99178,0.0066,1.31651,3.7,4.13501,1.6537e-29,24.9575,1.55984,2.11827 
155,2,100,0.01,155,4.01015e-07,5.64866e-07,7.79882e-30,11.7699,0.70993,950.317,2545.79,2478.35,4.48277,19.0287,18.2807,-0.883311,-4.89056e-30,1.60217e-13,0.465802,0.441428,22484.4,34711.4,2.01835,23.7557,1.79317,21.1055,2.14688,0.0066,1.28463,3.7,4.2559,1.6873e-29,25.4645,1.59153,2.16353 
156,2,0.01,100,156,3.95905e-07,5.80349e-07,8.01259e-30,12.0925,0.682185,950.317,2545.79,2478.35,4.48413,19.0282,18.2803,-0.774341,-4.2326e-30,-1.15084e-14,0.52498,0.495344,24384.5,36542.4,1.93102,23.3509,1.72466,20.8555,2.0324,0.0066,1.30857,3.7,4.3394,1.71e-29,25.8071,1.61295,2.13414 
157,2,100,0.01,157,4.09762e-07,6.03512e-07,8.33239e-30,12.5752,0.678962,950.317,2545.79,2478.35,4.48829,19.0268,18.279,-0.761439,-4.30775e-30,1.72184e-13,0.53249,0.502164,27422.3,41487.7,1.92089,24.1554,1.7168,21.5891,2.01884,0.0066,1.32118,3.7,4.5938,1.77655e-29,26.8115,1.67572,2.1321 
158,2,0.01,100,158,4.00443e-07,5.76998e-07,7.96632e-30,12.0227,0.694012,950.317,2545.79,2478.35,4.48484,19.028,18.2801,-0.821238,-4.54039e-30,1.6037e-13,0.498595,0.471348,23964.5,36780.8,1.96825,23.6637,1.75367,21.0839,2.08171,0.0066,1.27554,3.7,4.38257,1.72157e-29,25.9818,1.62386,2.16106 
159,2,0.01,100,159,4.0136e-07,5.93433e-07,8.19324e-30,12.3652,0.676334,950.317,2545.79,2478.35,4.48666,19.0274,18.2795,-0.750882,-4.16092e-30,4.55101e-13,0.538721,0.507818,26071.3,40831.1,1.91261,23.6497,1.71041,21.1495,2.00773,0.0066,1.33914,3.7,4.49409,1.75094e-29,26.425,1.65156,2.13705 
160,2,0.01,100,160,3.90925e-07,6.09883e-07,8.42036e-30,12.7079,0.640984,950.317,2545.79,2478.35,4.48204,19.0289,18.281,-0.605406,-3.26757e-30,-3.34452e-15,0.632861,0.592844,28300.1,42262.4,1.80136,22.8915,1.62581,20.6607,1.85443,0.0066,1.32461,3.7,4.21138,1.67502e-29,25.2793,1.57995,1.98925 
161,2,0.01,100,161,3.98835e-07,6.01541e-07,8.30517e-30,12.5341,0.663023,950.317,2545.79,2478.35,4.48337,19.0285,18.2805,-0.696871,-3.83734e-30,3.48331e-13,0.571825,0.537799,27154.5,41817.8,1.87071,23.4476,1.67825,21.0353,1.95086,0.0066,1.33205,3.7,4.29287,1.6974e-29,25.617,1.60106,2.04379 
162,2,100,0.01,162,4.04494e-07,5.89083e-07,8.13317e-30,12.2745,0.686651,950.317,2545.79,2478.35,4.48797,19.0269,18.2791,-0.792127,-4.42375e-30,1.67204e-13,0.514801,0.486096,25502.1,38632.8,1.94509,23.875,1.73558,21.3034,2.05111,0.0066,1.34306,3.7,4.57387,1.77148e-29,26.735,1.67094,2.17809 
163,2,0.01,100,163,4.02789e-07,5.81897e-07,8.03396e-30,12.1248,0.692199,950.317,2545.79,2478.35,4.48402,19.0283,18.2803,-0.814092,-4.52725e-30,6.84058e-14,0.502522,0.474925,24580.2,37916.4,1.96256,23.7956,1.74921,21.2088,2.0742,0.0066,1.26469,3.7,4.33256,1.70816e-29,25.7793,1.61121,2.12617 
164,2,100,0.01,164,4.10978e-07,5.67514e-07,7.83539e-30,11.8251,0.724172,950.317,2545.79,2478.35,4.48621,19.0275,18.2796,-0.937866,-5.32161e-30,1.85603e-13,0.438857,0.416762,22802.2,35379.8,2.06314,24.3968,1.82894,21.6274,2.20407,0.0066,1.3005,3.7,4.46654,1.74375e-29,26.3165,1.64478,2.22548 
165,2,100,0.01,165,4.31597e-07,5.50232e-07,7.59678e-30,11.465,0.784392,950.317,2545.79,2478.35,4.48808,19.0269,18.2791,-1.15896,-6.90606e-30,2.22347e-13,0.345342,0.330504,20781.8,32781.5,2.25206,25.8199,1.98459,22.7533,2.435,0.0066,1.29036,3.7,4.58038,1.77314e-29,26.76,1.6725,2.33407 
166,2,0.01,100,166,4.00872e-07,5.73118e-07,7.91276e-30,11.9419,0.699457,950.317,2545.79,2478.35,4.48497,19.0279,18.28,-0.842604,-4.66351e-30,2.73723e-13,0.487041,0.460818,23484.4,36854.2,1.98539,23.7093,1.76713,21.1028,2.10415,0.0066,1.27061,3.7,4.39024,1.72362e-29,26.0126,1.62579,2.17827 
167,2,100,0.01,167,4.03199e-07,5.6833e-07,7.84665e-30,11.8421,0.709446,950.317,2545.79,2478.35,4.48746,19.0271,18.2793,-0.881439,-4.90677e-30,5.92305e-13,0.466757,0.4423,22900.6,36468.3,2.01682,23.8833,1.79196,21.2206,2.14491,0.0066,1.31214,3.7,4.54299,1.76358e-29,26.6157,1.66348,2.24755 
168,2,100,0.01,168,3.73886e-07,5.57462e-07,7.6966e-30,11.6156,0.670694,950.317,2545.79,2478.35,4.48119,19.0292,18.2812,-0.728107,-3.75853e-30,6.6055e-13,0.552428,0.520242,21611.9,34738.7,1.89485,22.0099,1.69674,19.7087,1.98376,0.0066,1.30333,3.7,4.15937,1.66054e-29,25.0606,1.56629,2.15749 
169,2,100,0.01,169,4.04866e-07,5.87901e-07,8.11686e-30,12.2499,0.688664,950.317,2545.79,2478.35,4.4875,19.0271,18.2792,-0.800109,-4.47244e-30,8.16103e-13,0.510302,0.482004,25349,41351.6,1.95142,23.9047,1.74052,21.3212,2.0595,0.0066,1.30608,3.7,4.54511,1.76412e-29,26.6239,1.664,2.1734 
170,2,100,0.01,170,3.98496e-07,5.50076e-07,7.59463e-30,11.4617,0.724439,950.317,2545.79,2478.35,4.48611,19.0275,18.2797,-0.938876,-5.16555e-30,1.7663e-14,0.438373,0.416319,20764.2,32426.4,2.06398,23.6568,1.82962,20.9706,2.20513,0.0066,1.21799,3.7,4.46013,1.74207e-29,26.2912,1.6432,2.29382 
171,2,0.01,100,171,4.01352e-07,5.59513e-07,7.72492e-30,11.6584,0.717325,950.317,2545.79,2478.35,4.48788,19.0269,18.2791,-0.911736,-5.05218e-30,2.04316e-14,0.451545,0.428388,21851.3,32648.8,2.04161,23.8019,1.81169,21.1214,2.17669,0.0066,1.32219,3.7,4.56836,1.77007e-29,26.7138,1.66961,2.29138 
172,2,100,0.01,172,4.06992e-07,5.83211e-07,8.0521e-30,12.1522,0.697847,950.317,2545.79,2478.35,4.48589,19.0276,18.2798,-0.836298,-4.69927e-30,5.47885e-13,0.49042,0.4639,24747.1,39377.8,1.98033,24.0653,1.76314,21.426,2.09753,0.0066,1.33817,3.7,4.44666,1.73854e-29,26.2379,1.63987,2.15911 
173,2,0.01,100,173,3.92821e-07,6.17579e-07,8.52661e-30,12.8683,0.636066,950.317,2545.79,2478.35,4.48259,19.0287,18.2808,-0.584638,-3.17078e-30,7.99223e-13,0.647652,0.606145,29384.9,46691.6,1.7859,22.9815,1.61425,20.7726,1.83252,0.0066,1.35373,3.7,4.24528,1.68438e-29,25.4205,1.58878,1.97544 
174,2,0.01,100,174,3.81947e-07,5.97223e-07,8.24556e-30,12.4441,0.639538,950.317,2545.79,2478.35,4.48073,19.0294,18.2814,-0.59933,-3.16048e-30,6.46479e-13,0.637162,0.596701,26573.9,40902.8,1.79678,22.3593,1.62241,20.1894,1.84799,0.0066,1.40448,3.7,4.13134,1.65267e-29,24.9419,1.55887,2.00431 
175,2,100,0.01,175,3.76331e-07,5.48456e-07,7.57227e-30,11.428,0.686164,950.317,2545.79,2478.35,4.48197,19.0289,18.281,-0.790191,-4.10569e-30,-1.64384e-13,0.515898,0.487095,20581.3,30144.6,1.94356,22.211,1.73439,19.8206,2.04908,0.0066,1.24324,3.7,4.207,1.67381e-29,25.261,1.57881,2.21045 
176,2,0.01,100,176,4.1207e-07,5.77066e-07,7.96726e-30,12.0241,0.714078,950.317,2545.79,2478.35,4.48818,19.0268,18.279,-0.899292,-5.1163e-30,9.29176e-13,0.457732,0.434048,23973,39196.3,2.03139,24.4257,1.80355,21.6861,2.16364,0.0066,-1.39248,3.7,4.58679,1.77477e-29,26.7847,1.67404,2.22758 
177,2,100,0.01,177,4.19694e-07,5.9032e-07,8.15026e-30,12.3003,0.71096,950.317,2545.79,2478.35,4.48808,19.0269,18.2791,-0.887284,-5.14137e-30,5.40448e-13,0.463781,0.43958,25663.1,41001.5,2.02158,24.866,1.79575,22.0882,2.15104,0.0066,1.32531,3.7,4.58039,1.77314e-29,26.7601,1.67251,2.17557 
178,2,0.01,100,178,3.94268e-07,5.60355e-07,7.73654e-30,11.6759,0.703605,950.317,2545.79,2478.35,4.48761,19.027,18.2792,-0.858784,-4.67476e-30,2.8085e-13,0.478478,0.453009,21950.1,34335.2,1.99846,23.3338,1.77742,20.753,2.12114,0.0066,1.30194,3.7,4.55165,1.7658e-29,26.6492,1.66558,2.28241 
179,2,0.01,100,179,3.90382e-07,5.94344e-07,8.20581e-30,12.3841,0.656828,950.317,2545.79,2478.35,4.48354,19.0284,18.2805,-0.671431,-3.61888e-30,1.05939e-13,0.588157,0.552555,26191.4,39439.8,1.85121,22.9256,1.66341,20.5999,1.92406,0.0066,1.31869,3.7,4.30299,1.70015e-29,25.6585,1.60366,2.07189 
