cyc,delay from wiggle start,wiggle time col,freq,cyc,ROIsum,fBg,fA1,fWidth1,fCtr1,fA2,fWidth2,fCtr2,box1,box2,box3,box4,box5,box6,box7,box8,box9,Nfit,BZ-2,BZ-1,BZ0,BZ1,BZ2,Excited,c5,c7,c9,fraction95,fraction75,fraction97,sum95
51,1525,0.55,44.74,51,24389.6,-0.0125437,53.39,12.3611,116.492,-0.0192701,-15.1121,499.283,-11.7917,-4.71233,-38.6182,-14.6108,-16.2659,-1226.52,748.979,128.39,30224.4,21493.4,-4.06857,3.01077,-23.172,-6.88768,-8.54284,0.415739,2469.3,192.105,31944.7,0.0717527,0.880169,0.0109565,34414 
52,1525,0.55,44.85,52,27654.7,-0.365193,59.5392,12.2322,116.81,-0.712516,1344.46,67.5612,-8.52541,-16.7066,-21.0022,-13.5024,-7.73987,-1062.3,5372.59,146.726,27968.1,54892.9,-1.83636,-10.0175,-7.62412,-6.81339,-1.05082,0.721159,6862.58,201.911,29458.1,0.188944,0.951033,0.0124687,36320.6 
53,1525,0.55,44.76,53,27664.1,-1.30284,59.3547,12.7626,116.968,-15.8781,60479.1,500,-16.6013,-1.94853,-29.1244,-8.97967,-16.278,-1198.85,1673.94,116.913,31896.3,3.12853e+07,-9.05245,5.60031,-14.0267,-1.43082,-8.72913,0.492499,3355.44,179.19,33577.8,0.0908515,0.914532,0.00973484,36933.2 
54,1525,0.55,44.88,54,28900.9,-0.327605,61.2816,12.4391,116.641,0.245644,324.364,499.999,-15.6408,-12.897,-31.6163,-20.6446,-8.65312,-1012.25,2619.26,150.38,32449.6,27408.9,-9.26691,-6.52314,-18.8685,-14.2707,-2.27925,0.631535,4039.04,202.965,33869.4,0.106547,0.919169,0.0109184,37908.4 
55,1525,0.55,44.9,55,30092.3,-1.44987,63.4361,12.8883,116.753,0.677989,285.443,223.902,-16.3151,-16.0258,-14.4264,-12.0471,-20.5358,-1111.62,724.872,107.609,35149.8,32915,-9.31556,-9.02624,-0.427301,-5.04753,-13.5362,0.98856,2284.02,165.355,36709,0.0585752,0.887553,0.00822946,38993 
56,1525,0.55,44.75,56,30812.3,-0.394574,62.4485,12.8271,116.747,0.771839,-1264.57,0.000546536,-17.7869,-10.7586,-31.8228,-8.96141,-16.5359,-1031.31,1609.68,153.043,35049.8,57849.6,-11.293,-4.26473,-18.8351,-2.46756,-10.042,0.598419,3056.18,206.618,36496.3,0.0772691,0.894205,0.0103211,39552.5 
57,1525,0.55,44.8,57,31813.7,-0.00133847,65.1039,12.3868,116.759,-0.0692895,45.9432,500,-10.9448,-1.80287,-25.9363,-13.2304,-15.6375,-938.958,6172.51,163.919,31157.5,26355.5,-5.03242,4.1095,-14.1115,-7.31799,-9.72509,0.56008,7489.49,212.696,32474.5,0.187406,0.952654,0.0119213,39964 
58,1525,0.55,44.81,58,30008.5,-0.461802,60.8425,12.7912,116.749,-0.335579,779.567,2.64577e-06,-17.3539,-6.73577,-18.7107,-24.5674,-26.5459,-904.581,6769.48,197.183,28924.4,33850.6,-11.658,-1.03986,-7.31891,-18.8715,-20.85,0.877484,8038.24,244.174,30193.2,0.210252,0.949524,0.0146785,38231.4 
59,1525,0.55,44.89,59,30302.2,-0.763672,63.3812,12.7423,116.77,-3.42388,11585.1,0.023744,-17.4243,-10.4347,-22.851,-10.7846,-5.4942,-1181.25,1481.55,128.466,34726.7,1.31754e+06,-9.98629,-2.99675,-7.97497,-3.34664,1.94379,0.643351,3138.36,189.829,36383.6,0.0794081,0.90428,0.00951958,39521.9 
60,1525,0.55,44.82,60,30343.8,-0.0247984,62.4451,12.3537,116.937,-0.0285512,34.1983,500,-18.2224,-13.4014,-20.9971,-13.3521,-8.89218,-884.799,7011.84,162.458,28696.2,25144.3,-12.651,-7.83007,-9.85442,-7.78079,-3.32083,0.762184,8252.86,208.421,29937.2,0.2161,0.957675,0.0126623,38190 
61,1525,0.55,44.83,61,30343.7,-0.360192,63.4761,12.4206,117.209,0.0414945,1138.87,440.314,2.59247,-6.41735,-26.9511,-6.28797,-12.9868,-874.732,6776.59,157.529,28857.7,27203.7,8.10042,-0.909392,-15.9352,-0.780019,-7.47889,0.0628053,8003.49,202.97,30084.6,0.210131,0.957506,0.0122754,38088.1 
62,1525,0.55,44.87,62,27784.5,-0.0971361,59.4702,12.2073,116.584,-0.0888769,161.073,500,-9.04957,-1.14577,-43.2782,-12.3248,-12.7252,-1042.59,3281.5,122.617,30437.1,24098.7,-2.48469,5.41912,-30.1485,-5.75993,-6.16026,0.229614,4743.83,176.777,31899.4,0.12946,0.938779,0.0101052,36643.2 
63,1525,0.55,44.79,63,30081.8,-0.0633294,60.4272,12.7805,117.077,0.00134355,101.772,500,-11.7029,-9.73421,-15.945,-7.16029,-15.6622,-957.566,5305.76,176.583,30371.1,25145,-5.67332,-3.70467,-3.8859,-1.13075,-9.63271,0.838272,6648.84,226.327,31714.2,0.173314,0.943779,0.0129755,38363 
64,1525,0.55,44.77,64,28695.4,-1.41791,61.0611,12.8413,116.614,0.171565,2856.33,218.429,-10.9622,-9.77562,-31.2546,-6.00576,-22.5043,-1027.83,2939.23,137.728,31711.2,41477.8,-4.49023,-3.30362,-18.3106,0.466236,-16.0323,0.560586,4380.86,191.122,33152.8,0.116718,0.929069,0.0105079,37533.7 
65,1525,0.55,44.86,65,29548.4,0.0212824,59.5498,12.6089,116.777,-0.0172604,-99.8905,500,-8.20487,-4.7016,-23.4728,3.40013,-16.0222,-953.171,4884.7,166.758,30163.5,24498.9,-2.20301,1.30027,-11.4691,9.402,-10.0203,0.117094,6221.62,216.273,31500.4,0.164933,0.942656,0.0124894,37722.1 
66,1525,0.55,44.84,66,29067.3,-1.13883,60.5679,12.7501,117.267,-0.10299,2106.36,467.797,-13.9482,-9.23778,-19.5615,-10.6035,-8.25426,-814.376,6221.6,169.32,28289.5,32201.1,-8.82032,-4.10987,-9.30568,-5.47557,-3.12636,0.698238,7363.84,211.625,29431.7,0.200128,0.952116,0.0130723,36795.6 
67,1525,0.55,44.78,67,31082.9,-0.0268222,64.0658,12.5208,116.934,0.0023575,-46.6919,500,-7.28746,-7.9821,-29.052,-3.56767,-5.45735,-1057.57,4338.86,159.74,32852.7,26116.4,-0.628238,-1.32287,-15.7336,3.09155,1.20187,-0.174913,5822.2,214.679,34336,0.144981,0.939384,0.0113863,40158.2 
