# (c) Tilman Enss, PRL 123, 205301 (2019)
# frequency dependent bulk viscosity zeta(omega)
# data from Fig. 3a (magenta solid line)
# columns: omega/E_F, zeta(omega)*(k_Fa)^2/(hbar*n)*12
9.999999999999837144e-03 7.764759625616988181e+00
1.122018454301944648e-02 7.760338771410356884e+00
1.258925411794145632e-02 7.754780461846453754e+00
1.412537544622729374e-02 7.747794376288531737e+00
1.584893192461084982e-02 7.739017451683722015e+00
1.778279410038889966e-02 7.727996443840569718e+00
1.995262314968842057e-02 7.714166765913147650e+00
2.238721138568296534e-02 7.696827080326907655e+00
2.511886431509530865e-02 7.675109219776545366e+00
2.818382931264397373e-02 7.647943254371909028e+00
3.162277660168314602e-02 7.614017991065878732e+00
3.548133892335680883e-02 7.571738007633019407e+00
3.981071705534888067e-02 7.519179642508739825e+00
4.466835921509534207e-02 7.454050366329513011e+00
5.011872336272612388e-02 7.373658824876657469e+00
5.623413251903364163e-02 7.274906647994893838e+00
6.309573444801787334e-02 7.154317695092870188e+00
7.079457843841213682e-02 7.008125076282570198e+00
7.943282347242626440e-02 6.832439522109550190e+00
8.912509381337239966e-02 6.623521795129132528e+00
9.999999999999754918e-02 6.378173043880400073e+00
1.122018454301935420e-01 6.094236258412787599e+00
1.258925411794135363e-01 5.771167313398192888e+00
1.412537544622717856e-01 5.410589231041182501e+00
1.584893192461072076e-01 5.016701269918644179e+00
1.778279410038875463e-01 4.596397276077452965e+00
1.995262314968825612e-01 4.158978450359283485e+00
2.238721138568278146e-01 3.715432726352217774e+00
2.511886431509510187e-01 3.277375821673304213e+00
2.818382931264374336e-01 2.855859628137572326e+00
3.162277660168288929e-01 2.460299833928824231e+00
3.548133892335651463e-01 2.097733047984802646e+00
3.981071705534855454e-01 1.772505399537816606e+00
4.466835921509497709e-01 1.486370963595216033e+00
5.011872336272571449e-01 1.238888522643015966e+00
5.623413251903318644e-01 1.027971365299336526e+00
6.309573444801735986e-01 8.504599040639975183e-01
7.079457843841155951e-01 7.026281876761606426e-01
7.943282347242561769e-01 5.805805146277619455e-01
8.912509381337166969e-01 4.805297586195408921e-01
9.999999999999672484e-01 3.989705131527198079e-01
1.122018454301926260e+00 3.327695263226576605e-01
1.258925411794125093e+00 2.791971272727768461e-01
1.412537544622706420e+00 2.359202878950000526e-01
1.584893192461058975e+00 2.009733563007866930e-01
1.778279410038861030e+00 1.727179091447402226e-01
1.995262314968809347e+00 1.497992931772333391e-01
2.238721138568259938e+00 1.311044475151797728e-01
2.511886431509489537e+00 1.157234809715020907e-01
2.818382931264351132e+00 1.029161255723712171e-01
3.162277660168262727e+00 9.208345665869464847e-02
3.548133892335622708e+00 8.274492675741308700e-02
3.981071705534822591e+00 7.452050047957282930e-02
4.466835921509461294e+00 6.711727617227004894e-02
5.011872336272530148e+00 6.031943089069183306e-02
5.623413251903272680e+00 5.397982924258563214e-02
6.309573444801684694e+00 4.801146746809997756e-02
7.079457843841097997e+00 4.237728140301514485e-02
7.943282347242496932e+00 3.707773868361174952e-02
8.912509381337095249e+00 3.213681013496449967e-02
9.999999999999591438e+00 2.758791661292385108e-02
