cyc,delaytime,windowsamples,freq,cyc,ROIsum,fBg,fA1,fWidth1,fCtr1,fA2,fWidth2,fCtr2,box1,box2,box3,box4,box5,box6,box7,box8,box9,Nfit,BZ-2,BZ-1,BZ0,BZ1,BZ2,Excited,c5,c7,c9,fraction95,fraction75,fraction97,sum95
105,39.3,41,44.533,105,33183.3,-0.332035,64.8374,11.6976,114.835,0.202746,281.211,401.726,-0.174129,3.03824,4.85841,1.14903,-1.93152,96.6008,1224.91,50.8824,33026.1,26545.9,-0.782399,2.42997,3.64187,0.540757,-2.53979,-0.106817,1089.42,45.8642,32890.6,0.0320607,0.931381,0.00256214,33980 
106,39.3,41,44.783,106,32776.9,-0.0270065,65.2705,11.39,115.185,-0.0557319,238.578,6.56298e-11,0.0840225,0.969649,1.27783,0.178401,1.34898,100.472,2913.26,42.3697,30978.9,24633.9,-0.548622,0.337005,0.0125428,-0.454243,0.716331,0.800951,2772.34,37.1504,30838,0.0824847,0.977087,0.00221427,33610.3 
107,39.3,41,45.093,107,32764.7,0.0502453,65.4667,11.4061,115.318,0.0566237,-74.0037,499.55,2.19036,-0.227587,-1.35943,-0.484352,-0.111904,87.0291,1114.57,38.8293,32919.8,24444.5,1.64236,-0.775586,-2.45543,-1.03235,-0.659903,0.2516,992.506,34.3084,32797.7,0.0293726,0.942958,0.00192325,33790.2 
108,39.3,41,44.833,108,32404.1,-0.0172535,64.8078,11.3441,115.264,-0.0541954,101.712,500,2.38967,2.88353,3.83632,1.88815,0.0430218,141.82,2913.94,44.553,30645.4,24112.3,1.49667,1.99053,2.05032,0.995147,-0.849979,0.639199,2715.02,37.1858,30446.5,0.0818726,0.976592,0.0022448,33161.5 
109,39.3,41,44.843,109,34137.3,-0.314174,67.7741,11.4865,115.211,0.770511,-176.734,500,-0.0836179,-0.759539,-0.750967,0.970975,-1.65426,91.1005,3099.65,54.1211,32038.4,29775.3,-0.657253,-1.33317,-1.89824,0.397339,-2.22789,0.668095,2971.88,49.3886,31910.6,0.0851968,0.971739,0.00284295,34882.5 
110,39.3,41,44.893,110,34379.8,-0.316644,67.7074,11.5599,115.059,-0.0193565,226.789,95.3502,-0.465061,1.58865,1.74532,0.338657,0.406128,130.669,2811.64,56.4422,32532,25622.1,-1.28785,0.765863,0.0997449,-0.484132,-0.416661,1.07539,2628.36,49.6542,32348.7,0.0751452,0.967998,0.0028196,34977.1 
111,39.3,41,44.853,111,33520.2,-0.185686,66.4309,11.4057,115.278,0.21506,-235.425,0.000418205,-1.28892,-1.13213,7.60455,0.394787,-0.716134,81.4674,2934.71,56.0415,31459.1,26313.6,-1.8019,-1.64511,6.57859,-0.118191,-1.22911,-2.68697,2820.44,51.8094,31344.8,0.082553,0.968855,0.00303555,34165.2 
112,39.3,41,44.693,112,34355.3,-0.36473,68.0566,11.5728,115.356,0.214796,0.227286,0.277685,1.47179,0.277625,3.96617,-0.985176,-0.878722,105.848,2685.52,54.2674,32721,25640.7,0.80529,-0.388873,2.63317,-1.65167,-1.54522,18.876,2537.05,48.7688,32572.6,0.0722609,0.967455,0.00275048,35109.6 
113,39.3,41,44.813,113,34120.5,0.000770478,67.2554,11.4103,114.944,-0.00952235,62.8371,500,1.80253,2.10798,0.531804,-0.419439,-0.775641,130.157,3065.71,51.2115,32019.5,25001,0.982964,1.28842,-1.10732,-1.239,-1.5952,0.336992,2883.15,44.4501,31837,0.0830398,0.973729,0.00256531,34720.1 
114,39.3,41,44.933,114,32562.8,-0.00883044,63.9699,-11.4806,114.749,-0.0186225,-37.9057,500,1.40966,1.88744,5.31223,-0.500801,-3.17431,101.006,2784.33,53.3038,30737.6,23930.5,0.773646,1.25143,4.0402,-1.13681,-3.81032,-2.6133,2642.65,48.0567,30595.9,0.0795057,0.969158,0.00288503,33238.6 
115,39.3,41,44.823,115,33230,-0.217259,65.5198,11.4645,115.181,0.243286,-409.466,0.490983,-0.887875,-0.637114,1.03544,-1.63532,-1.22128,91.9142,3066.79,55.6931,31001.3,27695.3,-1.46663,-1.21587,-0.122082,-2.21408,-1.80004,0.982096,2937.87,50.9184,30872.3,0.086893,0.970562,0.00302902,33810.2 
116,39.3,41,44.653,116,33962.3,-0.0451912,66.727,11.5552,115.1,-0.043868,13.3175,500,0.379927,-1.35557,-3.36223,0.177236,-0.410844,116.947,2358.03,55.1165,32663.7,25119,-0.356461,-2.09195,-4.835,-0.559151,-1.14723,0.462168,2194,49.0413,32499.6,0.0632392,0.962356,0.00277199,34693.6 
117,39.3,41,44.573,117,36100.3,-0.0215218,69.2042,11.8102,115.376,-0.0465217,3.71432,5.86453e-12,-2.38718,1.20435,-0.515063,1.39029,-2.3834,126.705,1594.51,48.2315,35477.7,26612,-3.18501,0.406525,-2.11072,0.592463,-3.18123,0.717741,1416.8,41.6494,35299.9,0.0385872,0.951073,0.00216873,36716.7 
118,39.3,41,44.613,118,32143.2,0.0133195,63.1162,11.5318,114.682,-0.0311674,-4.60431,500,1.87009,3.87338,1.98021,-1.7437,1.41764,64.0281,1907.59,53.2119,31274,23698.4,1.46693,3.47021,1.17387,-2.14687,1.01448,0.764218,1817.79,49.8858,31184.2,0.0550812,0.954175,0.00293818,33002 
119,39.3,41,44.973,119,34688,-0.317652,67.7955,11.6453,115.381,0.204106,132.1,52.6093,1.51292,-2.12333,-4.80313,0.896599,-0.701689,82.6888,2353.17,64.5656,33277.8,26578.5,0.992255,-2.644,-5.84447,0.37593,-1.22236,0.299447,2237.2,60.27,33161.8,0.0631994,0.954978,0.00333677,35399 
120,39.3,41,44.803,120,32739.5,-0.000931356,64.3294,11.4335,114.718,-0.0998701,209.561,471.385,-1.4803,3.36254,0.881729,-0.399191,0.801411,89.8897,3217.35,60.9087,30405.2,24624.6,-2.04631,2.79653,-0.250294,-0.965202,0.2354,-0.0888074,3091.27,56.2391,30279.1,0.0926351,0.969145,0.00340977,33370.4 
121,39.3,41,44.733,121,33490.8,-0.0754316,66.0825,11.5099,115.165,0.18133,-145.939,8.03537e-12,0.332741,-1.87995,3.18053,-1.00408,-2.68459,90.9623,2819.79,45.9245,31691.6,25621.5,-0.240024,-2.45271,2.035,-1.57685,-3.25736,1.37054,2692.2,41.1992,31564,0.0785902,0.973918,0.00239866,34256.2 
122,39.3,41,44.773,122,35556.3,-0.0563498,68.6453,11.6614,114.702,0.0211532,-25.9772,500,0.116005,2.52187,0.539475,-0.703945,-0.0810849,115.491,3129.41,53.5381,33446,26076.8,-0.611209,1.79465,-0.914954,-1.43116,-0.808299,0.535784,2967.42,47.5386,33284,0.0818567,0.972729,0.00262413,36251.4 
123,39.3,41,44.793,123,32408.4,-0.0137099,65.0401,11.2313,114.834,-0.00583115,-56.8356,500,1.36447,1.41207,-0.152098,-0.721183,-0.748858,93.1264,3123.95,55.7947,30348.3,23790.5,0.778078,0.825675,-1.32488,-1.30758,-1.33525,0.439548,2993.33,50.9569,30217.7,0.0901308,0.971071,0.00309678,33211 
124,39.3,41,45.013,124,33891.6,-0.192065,66.2616,11.6025,115.234,0.495428,43.88,7.33063,-1.21685,2.69753,2.96015,1.28705,2.52232,72.5259,2104.18,56.9905,32797.4,25734.7,-1.67352,2.24086,2.04679,0.830375,2.06564,0.628541,2002.45,53.2229,32695.6,0.0577108,0.955554,0.00298967,34698.1 
125,39.3,41,45.053,125,33859.2,-0.0945285,66.2003,11.5489,115.195,0.134381,-7.15458,4.66307e-11,1.18722,2.03136,0.791647,-1.78533,-1.11716,69.4786,1735.41,53.0641,33098.2,24919.6,0.749736,1.59387,-0.0833294,-2.22282,-1.55465,0.945076,1637.95,49.4548,33000.8,0.0472868,0.949814,0.00275297,34638.7 
