cyc,amp (Vpp),cyc,ROIsum,fBg,fA1,fWidth1,fCtr1,fA2,fWidth2,fCtr2,box1,box2,box3,box4,box5,box6,box7,box8,box9,Nfit,BZ-2,BZ-1,BZ0,BZ1,BZ2,Excited,c5,c7,c9,fraction95,fraction75,fraction97,sum95,Tx,Ty,LiToTF,LiNfit,TFcalc,ToTFcalc,G_ctr_x,G_ctr_y,G_sigma_x,G_sigma_y,G_ar,G_Tx,G_Ty,G_ToTFcalc
21,1.4,21,17351.3,0,5,101,125,0,5,135,-6.28251,-2.71851,-9.38201,-9.34136,-5.13715,-73.6998,7.48976,24190.3,-21.8882,16439.4,-5.99775,-2.43375,-8.81248,-9.0566,-4.85239,0.717122,11.7968,24513.3,-17.5812,-1.26838,0.000274919,1.00039,-9.30067,477.024,560.494,0.726106,32069.5,8.43942e-07,0.612693,109.501,85.1709,23.454,25.1876,0.931172,500.034,587.472,0.642215 
22,1.2,22,17465.9,0,5,101,125,0,5,135,-5.88547,-5.77525,-7.54111,-10.8655,-5.75044,72.2121,-0.767879,24446.1,-10.5137,16439.4,-6.16449,-6.05427,-8.09913,-11.1446,-6.02946,0.783976,-4.98795,24129.6,-14.7338,0.220039,-0.000118137,1.00033,-22.6685,453.045,530.582,0.526888,33035,8.52328e-07,0.575229,109.787,84.9933,23.5681,25.273,0.932543,504.912,591.459,0.641156 
23,1.6,23,20548.7,0,5,101,125,0,5,135,-3.37876,-4.28369,-10.2694,-4.51208,-10.0598,-40.4582,1.068,27204.5,-8.50574,16439.4,-3.22244,-4.12737,-9.95675,-4.35576,-9.90348,0.684572,3.43238,27381.8,-6.14136,-0.871768,7.16249e-05,1.00012,-3.93726,492.319,594.32,0.782519,36137.5,8.78216e-07,0.615931,109.707,85.3887,23.7252,25.8229,0.918764,511.663,617.48,0.640033 
24,1.8,24,19638.2,0,5,101,125,0,5,135,-2.01661,-3.26008,-12.1667,-8.14056,-11.3147,-31.671,-0.26512,26104.3,-15.055,16439.4,-1.89424,-3.1377,-11.922,-8.01819,-11.1923,0.67034,1.58573,26243.1,-13.2042,-0.111207,3.45272e-05,1.00027,-14.2593,460.616,578.426,838.728,33213,8.53856e-07,0.604517,109.34,85.7526,23.9127,25.6822,0.931098,519.782,610.769,0.659879 
25,0.2,25,17469.6,0,5,101,125,0,5,135,-9.39726,-4.41331,-10.5826,-4.55235,-4.71709,-22.7644,1.9761,24412.3,-28.8762,16439.4,-9.30931,-4.32535,-10.4067,-4.46439,-4.62913,0.68593,3.30646,24512.1,-27.5459,-0.111147,7.70747e-05,1.00061,-29.7486,410.061,479.667,0.463894,32470.2,8.47442e-07,0.52334,109.482,85.5426,22.8478,24.503,0.932448,474.519,555.97,0.606098 
26,0.8,26,19846.6,0,5,101,125,0,5,135,-7.18175,-6.06778,-12.4609,-6.38159,-7.24603,-60.6283,-6.88655,26497.9,0.394991,16439.4,-6.94749,-5.83353,-11.9924,-6.14733,-7.01177,0.683849,-3.34344,26763.6,3.93811,-2.41876,-7.13906e-05,0.99992,1.38229,423.928,514.34,0.481662,35167,8.70283e-07,0.536551,109.462,85.0826,23.0852,25.2058,0.915867,484.432,588.322,0.613427 
27,0.01,27,15926,0,5,101,125,0,5,135,-6.76696,-2.61063,-8.30457,-8.01511,-4.46282,-136.974,-8.22847,22487.1,-3.54817,16439.4,-6.23772,-2.08139,-7.2461,-7.48587,-3.93358,0.731474,-0.223734,23087.5,4.45657,-0.0436627,-5.53758e-06,0.999895,5.12415,387.559,450.236,0.409843,29846.2,8.2397e-07,0.506964,109.269,85.4869,22.743,24.2782,0.936767,470.176,545.813,0.61481 
28,2,28,21351.4,0,5,101,125,0,5,135,-9.45188,-5.43926,-6.79994,-2.84258,-8.65601,-99.7682,-7.29,28012.1,5.9955,16439.4,-9.06639,-5.05378,-6.02897,-2.45709,-8.27052,0.804741,-1.45955,28449.4,11.826,-0.11464,-2.93171e-05,0.999774,12.7316,518.412,603.124,0.775664,37797.6,8.91463e-07,0.627245,109.437,85.1642,24.3575,26.0295,0.935766,539.301,627.399,0.652505 
29,1,29,18425.4,0,5,101,125,0,5,135,-2.44332,-4.21081,-7.03656,-1.7313,-6.82682,-102.414,10.2029,25081.1,-9.18754,16439.4,-2.04762,-3.8151,-6.24515,-1.33559,-6.43111,0.685772,16.188,25529.9,-3.20246,1.31129,0.0003622,1.00007,12.3451,433.422,522.478,0.4997,33555.1,8.56777e-07,0.55542,109.693,85.3465,23.2366,25.2789,0.919208,490.807,591.739,0.629003 
30,0.4,30,21967.3,0,5,101,125,0,5,135,-6.38254,-4.83679,-8.11576,-1.73096,-5.77306,-82.8684,8.08173,28064.2,20.55,16439.4,-6.06236,-4.51661,-7.47538,-1.41078,-5.45287,0.700001,12.9246,28427.4,25.3928,0.297829,0.000259733,0.999515,43.3959,440.705,513.574,0.550642,36653.7,8.82377e-07,0.539164,109.914,85.2423,23.1203,24.7278,0.934993,485.907,566.217,0.594448 
31,0.6,31,18485.9,0,5,101,125,0,5,135,-4.65586,-1.21411,-2.83359,-7.67787,-7.30313,-94.8076,23.5499,24298.5,-4.31896,16439.4,-4.28954,-0.847792,-2.10095,-7.31155,-6.93681,0.902221,29.0904,24714,1.2216,0.952026,0.000672166,0.999973,30.5564,467.249,555.676,0.851981,32724.4,8.49648e-07,0.599717,109.945,85.0568,23.0155,24.8733,0.925308,481.511,572.902,0.618165 
32,1.4,32,20928,0,5,101,125,0,5,135,-3.7324,-4.63763,-5.83366,-9.67052,-7.32528,-78.4749,9.74488,26690.2,8.22504,16439.4,-3.42919,-4.33442,-5.22723,-9.36731,-7.02207,0.822083,14.331,27034.1,12.8111,0.482454,0.000302826,0.999743,29.7043,486.539,577.749,0.7958,35566.8,8.73568e-07,0.60692,109.312,84.9933,23.5621,25.44,0.926184,504.654,599.302,0.62954 
33,1.2,33,19517.1,0,5,101,125,0,5,135,-4.16769,-1.29515,-6.08711,-5.86254,-11.5839,-95.3065,15.3737,25423.8,12.3624,16439.4,-3.79944,-0.926904,-5.35062,-5.4943,-11.2156,0.800252,20.9434,25841.5,17.9321,0.493228,0.000462905,0.999623,42.462,437.987,531.771,0.5371,33408,8.55524e-07,0.564106,109.681,85.1499,23.1232,25.2418,0.916071,486.029,589.999,0.625929 
34,1.6,34,18052.1,0,5,101,125,0,5,135,-10.1281,-3.1443,-7.87752,-6.12589,-5.87401,-46.1283,0.968483,24514,1.90715,16439.4,-9.94989,-2.96607,-7.52106,-5.94766,-5.69578,0.765556,3.66422,24716.1,4.60288,0.398819,8.47084e-05,0.999899,9.18768,470.209,581.319,0.695327,32875.6,8.50955e-07,0.614393,109.85,83.9747,23.358,25.7326,0.907719,495.95,613.17,0.648041 
35,1.8,35,20707.4,0,5,101,125,0,5,135,-6.65338,-5.51429,-5.4026,-4.51962,-6.95412,-115.982,10.8961,27277.2,1.51098,16439.4,-6.20525,-5.06615,-4.50634,-4.07149,-6.50599,0.829015,17.6741,27785.6,8.289,0.639882,0.000363348,0.999838,27.6209,485.874,582.176,0.629423,36339.8,8.79851e-07,0.604477,109.406,84.8832,23.9343,25.9623,0.921885,520.723,624.166,0.647954 
36,0.2,36,16049.9,0,5,101,125,0,5,135,-9.18364,-4.2148,-10.9401,-9.56193,-8.20803,67.1245,18.5036,23045.8,-20.2154,16439.4,-9.443,-4.47415,-11.4589,-9.82129,-8.46739,0.737571,14.5808,22751.6,-24.1382,-1.01361,0.000366078,1.00058,-14.385,416.833,491.021,0.546113,30230.2,8.27489e-07,0.546726,109.507,85.9883,22.4933,24.1896,0.929875,459.908,541.837,0.603264 
37,0.8,37,17493.7,0,5,101,125,0,5,135,-2.41844,-5.10779,-8.75454,-5.0827,-5.06827,-38.6829,2.10482,23961.4,7.19299,16439.4,-2.26898,-4.95833,-8.45561,-4.93323,-4.9188,0.668861,4.36545,24131,9.45362,0.277881,0.000103365,0.999787,15.7098,435.37,537.582,0.672161,31543.2,8.393e-07,0.576414,109.472,85.3586,22.5308,24.801,0.908465,461.446,569.575,0.610828 
38,0.01,38,18581.5,0,5,101,125,0,5,135,-4.57978,-4.20639,-9.62881,-6.58487,-8.89574,-4.94713,-7.3996,25187.4,0.121709,16439.4,-4.56066,-4.18728,-9.59058,-6.56576,-8.87662,0.716095,-7.11049,25209.1,0.410819,1.0745,-0.000161204,0.999991,-6.61751,413.692,491.248,0.525087,33334.1,8.54892e-07,0.527325,109.613,85.7119,22.5268,24.3203,0.926255,461.281,547.711,0.58796 
39,2,39,18922.4,0,5,101,125,0,5,135,-3.77547,0.769364,-7.9024,-10.465,-5.5712,34.2265,15.0072,25208.2,1.12809,16439.4,-3.90771,0.63712,-8.16689,-10.5972,-5.70344,0.705572,13.007,25058.2,-0.872105,1.0875,0.000296524,1.00002,11.9604,453.406,544.463,333.54,30872.9,8.33312e-07,0.596239,109.388,84.6735,23.938,25.9332,0.923066,520.885,622.763,0.683478 
40,1,40,18003.4,0,5,101,125,0,5,135,-5.83993,-9.54673,-13.9183,-8.26923,-4.20462,22.434,0.00343306,25428.3,-16.5569,16439.4,-5.92661,-9.63341,-14.0916,-8.35591,-4.2913,0.666855,-1.30761,25329.9,-17.868,0.0574793,-2.94997e-05,1.00038,-22.7492,430.515,522.39,0.512263,33916.9,8.59846e-07,0.551533,109.298,85.6785,23.0712,25.1848,0.916079,483.846,587.337,0.619978 
41,0.4,41,19427.4,0,5,101,125,0,5,135,-1.14031,-3.69292,-11.0651,-5.90521,-10.8083,-3.43306,6.98549,26058.8,6.85348,16439.4,-1.12704,-3.67965,-11.0386,-5.89195,-10.7951,0.660689,7.18612,26073.8,7.05411,0.459146,0.000157465,0.999853,15.651,452.498,541.136,0.766126,35078.3,8.6955e-07,0.569071,109.526,85.418,22.7674,24.6717,0.922815,471.186,563.65,0.592661 
42,0.6,42,17394.2,0,5,101,125,0,5,135,-9.02952,-0.637151,-10.8321,-1.18375,-8.94561,-77.8531,-21.1979,23796,1.3042,16439.4,-8.72871,-0.336342,-10.2305,-0.882939,-8.6448,0.645062,-16.6481,24137.2,5.85393,1.72996,-0.000394286,0.999868,-9.62342,440.958,522.482,0.629648,31317.7,8.37295e-07,0.573266,109.561,85.5694,22.7985,24.5905,0.927128,472.474,559.945,0.614304 
43,1.4,43,18983.4,0,5,101,125,0,5,135,-4.79159,-0.810722,-4.0244,-7.56222,-5.43923,-31.6067,7.91966,25033.6,-9.99682,16439.4,-4.66947,-0.6886,-3.78016,-7.4401,-5.3171,0.827354,9.76676,25172.2,-8.14972,-756.397,0.000221664,1.00018,-0.0129122,453.354,548.181,0.536394,33174.9,8.53529e-07,0.584067,109.66,85.1838,23.5329,25.6376,0.917905,503.403,608.65,0.64852 
44,1.2,44,19177.2,0,5,101,125,0,5,135,-7.35097,-5.57967,-8.37124,-8.48323,-9.73917,3.22086,8.39583,25435.9,6.0938,16439.4,-7.36342,-5.59212,-8.39613,-8.49568,-9.75162,0.787971,8.2076,25421.8,5.90558,0.536645,0.000184456,0.999874,15.2943,442.533,516.288,0.498677,33534.1,8.56599e-07,0.558009,109.501,85.0897,23.4832,25.1373,0.934199,501.281,585.126,0.632249 
45,1.6,45,19001.9,0,5,101,125,0,5,135,-7.06496,-4.89162,-6.92458,-2.88096,-3.30802,-49.4265,16.1347,25603.9,-10.8325,16439.4,-6.87399,-4.70065,-6.54263,-2.68999,-3.11704,0.726528,19.0232,25820.5,-7.94404,2.00448,0.00042082,1.00017,9.49031,450.455,542.941,0.568029,33787.2,8.58748e-07,0.575886,109.602,85.1596,23.2918,25.3414,0.91912,493.141,594.667,0.630604 
46,1.8,46,18841.2,0,5,101,125,0,5,135,-4.50613,-1.9884,-9.2813,-6.5277,-7.94903,-43.0379,-2.37457,25213.2,6.36841,16439.4,-4.33984,-1.82211,-8.94872,-6.36141,-7.78274,0.694111,0.140566,25401.8,8.88354,0.0130144,3.1621e-06,0.99981,10.8008,509.674,624.292,1.15763,34119.4,8.61553e-07,0.654723,109.656,85.2981,23.8274,26.1286,0.911928,516.083,632.188,0.662981 
47,0.2,47,16495,0,5,101,125,0,5,135,-4.75916,-6.35896,-6.31975,-9.11674,-5.6431,-55.3081,-2.1029,22927,1.90324,16439.4,-4.54546,-6.14526,-5.89235,-8.90304,-5.4294,0.809405,1.12931,23169.4,5.13544,0.154873,2.78514e-05,0.99988,7.29184,433.407,516.106,0.738874,30692,8.31681e-07,0.56867,109.892,85.3086,22.326,24.1369,0.924975,453.093,539.478,0.594462 
48,0.8,48,20926.1,0,5,101,125,0,5,135,-3.25406,-1.11067,-5.47155,-5.05979,-7.1486,-167.354,13.2315,26898.7,-12.8301,16439.4,-2.60744,-0.464052,-4.1783,-4.41317,-6.50197,0.76998,23.0117,27632.2,-3.04991,1.18912,0.000475651,1.00006,19.3518,468.276,555.984,0.757868,35554.9,8.7347e-07,0.584162,109.114,85.3209,23.1795,25.0246,0.926269,488.398,579.891,0.609273 
49,0.01,49,17583.1,0,5,101,125,0,5,135,-5.95093,-0.457153,-11.8741,-10.2437,-6.04177,-126.756,6.22067,24353.4,-9.17664,16439.4,-5.46117,0.0326056,-10.8946,-9.75396,-5.55201,0.655553,13.6283,24909,-1.76904,1.18451,0.000312543,1.00004,11.5054,427.351,480.832,0.542803,32276.6,8.45755e-07,0.535975,109.794,85.5061,22.8,23.9557,0.951754,472.535,531.413,0.5925 
50,2,50,20796,0,5,101,125,0,5,135,-4.78126,-3.30812,-6.38425,-5.60582,-4.1082,-41.0818,9.38965,26964.2,2.31949,16439.4,-4.62253,-3.14939,-6.06679,-5.44709,-3.94947,0.738897,11.7905,27144.3,4.72031,0.675484,0.000248146,0.999906,17.4548,493.153,599.72,0.641792,36069.7,8.77666e-07,0.619634,109.636,85.1397,24.0772,26.3039,0.915348,526.96,640.697,0.662043 
51,1,51,20491.6,0,5,101,125,0,5,135,-9.55615,-0.644699,-6.47597,-5.03776,-4.30755,-42.9979,8.29241,26900.3,-15.1149,16439.4,-9.39001,-0.478563,-6.1437,-4.87163,-4.14141,0.754501,10.8052,27088.7,-12.6021,-2.50277,0.000227881,1.00025,-4.31729,449.578,530.411,0.59735,35861.6,8.75975e-07,0.557464,109.518,84.7453,23.131,24.9013,0.928908,486.355,574.189,0.603271 
52,0.4,52,17160.5,0,5,101,125,0,5,135,-3.97492,-3.35624,-11.9877,-7.07139,-3.5408,-110.708,-1.35559,24153.2,-2.1608,16439.4,-3.54716,-2.92849,-11.1322,-6.64364,-3.11305,0.59319,5.11415,24638.5,4.30894,0.49725,0.000118596,0.999905,10.2849,428.417,516.597,0.558595,31818.9,8.41738e-07,0.558897,109.385,85.724,22.7487,24.7604,0.918753,470.411,567.709,0.613938 
53,0.6,53,16426,0,5,101,125,0,5,135,-4.32033,-3.46861,-15.499,-6.3173,-3.4923,-87.1301,5.2599,23375.2,1.19258,16439.4,-3.98367,-3.13195,-14.8257,-5.98065,-3.15564,0.522947,10.3518,23757,6.28446,0.578534,0.00024893,0.999856,17.8931,441.228,514.813,0.751872,30912.9,8.33672e-07,0.57169,109.838,85.7565,22.5052,24.0914,0.934159,460.396,537.448,0.596677 
54,1.4,54,19786.4,0,5,101,125,0,5,135,-1.88436,-1.81965,-13.1903,-7.54287,-4.68989,2.69752,9.99771,26273.4,-14.5834,16439.4,-1.89479,-1.83008,-13.2111,-7.5533,-4.70031,0.547403,9.84007,26261.6,-14.741,-1.25365,0.000214065,1.0003,-7.84913,450.972,522.879,0.509761,35150,8.70142e-07,0.558065,109.141,85.607,23.6159,25.2085,0.936821,506.959,588.446,0.627696 
55,1.2,55,19909.8,0,5,101,125,0,5,135,-6.03591,-4.13379,-9.90214,-3.67382,-4.33157,-35.1857,4.73848,26544,-6.5617,16439.4,-5.89996,-3.99784,-9.63024,-3.53787,-4.19562,0.646746,6.79473,26698.2,-4.50545,4.89466,0.000145408,1.00009,1.38819,452.719,536.758,0.542579,35256.6,8.71021e-07,0.565946,109.557,85.1259,23.473,25.3362,0.926463,500.846,594.422,0.626428 
56,1.6,56,19737.3,0,5,101,125,0,5,135,-5.10002,-3.19771,-13.765,-5.42086,-6.21834,-94.3989,-8.27866,26067.6,6.71473,16439.4,-4.73528,-2.83298,-13.0355,-5.05613,-5.8536,0.586351,-2.76199,26481.3,12.2314,-0.231795,-5.96033e-05,0.999749,11.9157,474.165,560.907,0.605655,34701.9,8.66429e-07,0.595219,109.181,85.2422,23.7364,25.5838,0.927791,512.149,606.098,0.643038 
57,1.8,57,18209.6,0,5,101,125,0,5,135,-3.92598,-2.75385,-4.04347,-5.32451,-9.94947,-88.3259,-5.84146,24578,1.4741,16439.4,-3.5847,-2.41257,-3.36093,-4.98323,-9.60819,0.859667,-0.679696,24965.2,6.63587,-0.0933221,-1.55578e-05,0.999856,7.28334,524.603,606.574,1.87042e+10,33508.8,8.56383e-07,0.658702,109.737,85.4349,24.0233,25.5939,0.938634,524.602,606.575,0.658703 
58,0.2,58,19308.2,0,5,101,125,0,5,135,-8.75865,-0.667207,-8.29578,-1.19352,-6.53553,-10.5982,15.3622,25617.2,-23.4297,16439.4,-8.7177,-0.626258,-8.21388,-1.15257,-6.49458,0.674117,15.9816,25663.7,-22.8103,-1.40302,0.00035572,1.00048,-11.3908,426.583,508.355,0.565338,33976.4,8.60348e-07,0.541267,109.867,85.4178,22.6627,24.5217,0.92419,466.863,556.82,0.592622 
59,0.8,59,16623.4,0,5,101,125,0,5,135,-4.54516,-6.37045,-7.03287,-5.61696,-4.73609,-1.48421,1.70444,23858.9,-6.75364,16439.4,-4.53942,-6.36471,-7.0214,-5.61122,-4.73035,0.751605,1.79118,23865.4,-6.6669,-0.288477,4.28859e-05,1.00015,-6.2091,430.6,501.965,0.552587,31565.5,8.39498e-07,0.553801,109.483,85.9377,22.8316,24.4302,0.934564,473.847,552.671,0.609583 
60,0.01,60,15806,0,5,101,125,0,5,135,-4.77076,-2.03141,-4.22672,-7.44054,-4.92748,-62.3223,-2.30735,22279.8,2.93615,16439.4,-4.52996,-1.79061,-3.74512,-7.19974,-4.68668,0.829396,1.33477,22553,6.57827,0.144632,3.3818e-05,0.999842,9.22869,388.684,448.756,0.431979,29597.3,8.21674e-07,0.508281,109.32,85.7251,22.5313,23.9807,0.939559,461.464,532.521,0.603306 
61,2,61,18737.3,0,5,101,125,0,5,135,-6.11914,-5.42946,-11.8364,-1.30358,-3.33884,-25.4358,4.79341,25613.3,-6.51185,16439.4,-6.02086,-5.33118,-11.6398,-1.2053,-3.24056,0.575773,6.27988,25724.8,-5.02538,25.1765,0.000139477,1.00011,0.249434,500.86,603.355,0.654992,34933.1,8.68349e-07,0.633068,108.612,84.9077,24.2207,26.3432,0.91943,533.262,642.613,0.674141 
62,1,62,17886.8,0,5,101,125,0,5,135,-8.41033,-6.0285,-3.71468,-2.35826,-0.780611,-95.4866,-8.99936,24578.6,-2.43876,16439.4,-8.04139,-5.65956,-2.9768,-1.98932,-0.41167,0.843973,-3.41913,24997.1,3.14148,-9.75101,-7.81668e-05,0.999932,0.350643,451.195,552.043,0.870547,32914.8,8.51292e-07,0.58626,109.41,85.549,22.5976,24.765,0.912481,464.182,567.92,0.603128 
63,0.4,63,17600.2,0,5,101,125,0,5,135,0.236219,-7.09273,-9.48843,-5.05582,-8.50303,-45.1995,-3.29139,24389.1,12.3554,16439.4,0.41086,-6.91809,-9.13915,-4.88118,-8.32839,0.683284,-0.649935,24587.2,14.9969,-0.0374682,-1.51053e-05,0.999669,17.3463,402.558,473.374,0.474383,32440.7,8.47186e-07,0.515274,109.543,85.3192,22.5586,24.2271,0.931131,462.585,543.522,0.591869 
64,0.6,64,18634.8,0,5,101,125,0,5,135,-6.15358,-3.85158,-9.18842,-8.34813,-8.88175,-56.2221,10.5286,25712.3,11.213,16439.4,-5.93635,-3.63435,-8.75396,-8.1309,-8.66452,0.750742,13.8142,25958.7,14.4987,0.442585,0.000304,0.999697,31.2126,405.367,485.941,0.472325,34118.3,8.61544e-07,0.515155,109.401,85.3464,22.6526,24.5841,0.921431,466.445,559.657,0.593039 
65,1.4,65,19429.2,0,5,101,125,0,5,135,-2.39021,-3.20849,-6.80176,-5.14825,-1.31935,-142.694,1.16984,25580.7,-1.76885,16439.4,-1.83886,-2.65715,-5.69908,-4.59691,-0.768006,0.633736,9.50888,26206.1,6.57018,0.546704,0.000207299,0.999864,17.3931,459.095,537.602,0.538198,33988.1,8.60447e-07,0.577374,109.722,85.747,23.6599,25.3716,0.932534,508.85,596.085,0.640066 
66,1.2,66,18873.3,0,5,101,125,0,5,135,-8.27817,-7.91841,-7.95562,-6.96473,-4.90503,-31.4722,-3.78546,25785.9,0.436586,16439.4,-8.15657,-7.7968,-7.71242,-6.84313,-4.78343,0.781471,-1.94623,25923.8,2.27582,-2.48004,-4.29018e-05,0.999952,0.784756,454.325,534.189,0.587768,34268.2,8.62804e-07,0.570977,109.371,85.6926,23.2949,25.0333,0.930557,493.273,580.294,0.620091 
67,1.6,67,16811.5,0,5,101,125,0,5,135,-1.81725,-0.389997,-6.95208,-6.42143,-4.65084,-93.9431,-4.41317,23533.5,19.0175,16439.4,-1.45428,-0.0270193,-6.22612,-6.05845,-4.28787,0.655134,1.07686,23945.3,24.5076,0.0353233,2.56976e-05,0.999445,30.4859,483.16,576.119,0.899373,31775.8,8.41358e-07,0.627077,109.046,85.2733,23.356,25.2676,0.924344,495.863,591.209,0.643533 
68,1.8,68,17753.2,0,5,101,125,0,5,135,-3.83533,-0.639299,-9.8464,-8.53466,-6.75131,-2.5277,0.253608,24422,-2.95022,16439.4,-3.82556,-0.629533,-9.82686,-8.5249,-6.74155,0.667432,0.401327,24433.1,-2.8025,-0.135507,9.38593e-06,1.00006,-2.96167,480.513,575.659,0.733348,32671,8.49185e-07,0.619346,109.646,85.2805,23.5265,25.514,0.9221,503.129,602.796,0.648518 
69,0.2,69,19848.7,0,5,101,125,0,5,135,-4.10342,-5.0307,-12.4272,-7.29417,-6.76103,-94.9551,4.18411,26323.3,-7.65817,16439.4,-3.73653,-4.66381,-11.6935,-6.92729,-6.39414,0.650056,9.73328,26739.5,-2.109,1.35138,0.000207959,1.00004,7.20249,427.095,509.439,0.551968,34890.2,8.67993e-07,0.537393,109.521,85.2019,22.7494,24.617,0.924133,470.44,561.154,0.591939 
70,0.8,70,21120,0,5,101,125,0,5,135,-4.83656,-0.413817,-7.55622,-3.53279,-6.09481,-18.1374,13.0383,27289,-5.13975,16439.4,-4.76648,-0.343737,-7.41607,-3.46271,-6.02473,0.663116,14.0983,27368.5,-4.0798,1.532,0.000294272,1.00008,9.2025,428.704,519.434,0.544664,36062.4,8.77607e-07,0.537705,109.602,85.7774,22.8191,24.898,0.916503,473.328,574.039,0.593952 
71,0.01,71,19124.5,0,5,101,125,0,5,135,-3.47838,-0.1881,-4.19954,-5.10426,-9.4253,-27.7524,-6.52211,25609.7,1.45529,16439.4,-3.37115,-0.08087,-3.98508,-4.99703,-9.31807,0.816797,-4.90026,25731.4,3.07714,4.05752,-0.000108834,0.999935,-1.2077,434.932,519.951,0.632264,34315.4,8.632e-07,0.55091,109.584,85.5112,22.6275,24.514,0.923043,465.412,556.468,0.589559 
72,2,72,20865.2,0,5,101,125,0,5,135,1.23952,-4.30965,-7.16315,-6.7041,-5.79398,-9.19754,12.3982,27525.7,22.157,16439.4,1.27505,-4.27412,-7.09208,-6.66856,-5.75845,0.68505,12.9357,27566,22.6945,0.322032,0.000268079,0.999553,40.1691,484.101,587.725,0.545629,36725.9,8.82957e-07,0.60411,109.42,85.0587,24.2703,26.4986,0.915908,535.446,650.218,0.668264 
73,1,73,20610.7,0,5,101,125,0,5,135,-3.07189,-5.97025,-2.11517,-3.75818,-4.51594,3.66827,6.33945,27134.6,-1.38166,16439.4,-3.08607,-5.98442,-2.14352,-3.77235,-4.53012,0.890169,6.12508,27118.5,-1.59604,1.45495,0.000129048,1.00003,4.20983,454.035,538.922,0.529696,36230.7,8.7897e-07,0.562774,109.52,85.0776,23.5805,25.4513,0.926495,505.442,599.835,0.626437 
74,0.4,74,19635.7,0,5,101,125,0,5,135,-3.64952,-2.91222,-9.37138,-1.58704,-6.98135,-19.2202,9.10079,26266.3,-8.40401,16439.4,-3.57525,-2.83795,-9.22286,-1.51278,-6.90709,0.616608,10.224,26350.5,-7.28078,6.87522,0.000221666,1.00015,1.48708,429.578,522.304,0.549944,34499.5,8.64741e-07,0.547768,109.88,85.1549,22.827,24.9458,0.915065,473.658,576.246,0.604157 
75,0.6,75,20141.5,0,5,101,125,0,5,135,-4.41463,-8.52577,-6.65679,-3.8148,-3.37671,-42.7638,9.90849,26568.6,2.59238,16439.4,-4.2494,-8.36054,-6.32633,-3.64957,-3.21148,0.754768,12.4076,26756,5.0915,0.670051,0.000264919,0.999897,18.5174,446.554,539.216,0.688149,35101.2,8.6974e-07,0.564195,109.214,84.9947,22.7766,24.7984,0.918471,471.568,569.456,0.595817 
76,1.4,76,20212.6,0,5,101,125,0,5,135,-1.68388,-4.57966,-3.86736,-4.22264,-8.09668,-44.3017,-0.844938,26733.8,-6.15323,16439.4,-1.51271,-4.40849,-3.52501,-4.05147,-7.92551,0.835458,1.74405,26928,-3.56424,-0.68852,3.70085e-05,1.00007,-2.53304,454.144,544.16,0.517913,35849.7,8.75878e-07,0.567566,109.368,85.2692,23.6575,25.6574,0.922055,508.748,609.588,0.635808 
77,1.2,77,19335.3,0,5,101,125,0,5,135,-4.46503,-5.03486,-9.736,-8.93817,-9.62714,-43.0223,5.52041,26090.2,-5.2213,16439.4,-4.2988,-4.86863,-9.40354,-8.77194,-9.46091,0.744495,8.03463,26278.7,-2.70708,1.67873,0.000174682,1.00006,4.78614,435.259,518.196,0.515486,34416.1,8.64044e-07,0.549648,109.875,85.1563,23.1717,25.0575,0.924741,488.069,581.418,0.616522 
78,1.6,78,19052.7,0,5,101,125,0,5,135,-3.21624,-6.23167,-3.15211,-7.44485,-8.20481,-37.6906,-0.387144,25741.6,-12.5514,16439.4,-3.07061,-6.08604,-2.86086,-7.29922,-8.05918,0.895497,1.81549,25906.8,-10.3488,-0.171223,4.00428e-05,1.00022,-10.6031,469.347,567.4,0.620277,34473.5,8.64523e-07,0.596918,109.425,85.0571,23.5557,25.6638,0.917858,504.38,609.892,0.641547 
79,1.8,79,20936.3,0,5,101,125,0,5,135,-5.28188,-3.26335,-10.6192,-6.73013,-7.73539,52.5684,15.4413,27613.6,14.8195,16439.4,-5.485,-3.46646,-11.0255,-6.93325,-7.93851,0.683619,12.3692,27383.2,11.7474,0.467361,0.000258052,0.999767,26.4661,493.9,600.877,0.926612,36630.4,8.82191e-07,0.617519,109.445,85.1114,23.59,25.7792,0.91508,505.85,615.389,0.632446 
80,0.2,80,19052.5,0,5,101,125,0,5,135,-2.8417,-4.22617,-6.40891,-6.81223,-5.37752,47.6261,-2.85582,25975.3,-6.51841,16439.4,-3.02571,-4.41019,-6.77695,-6.99625,-5.56153,0.746852,-5.63909,25766.6,-9.30168,0.335638,-0.000125074,1.0002,-16.8011,421.379,498.725,0.549575,34703.6,8.66443e-07,0.529087,109.377,84.7199,22.5978,24.3655,0.927451,464.191,549.745,0.583027 
81,0.8,81,18108.4,0,5,101,125,0,5,135,-6.89794,-7.5199,-7.10489,0.301169,-1.41328,-24.7769,-3.03417,25069.8,6.30031,16439.4,-6.80221,-7.42416,-6.91342,0.396902,-1.31755,0.686614,-1.58621,25178.4,7.74827,-0.205688,-3.60005e-05,0.999833,7.71171,433.563,519.949,0.589352,33500.1,8.56309e-07,0.554467,109.802,84.9514,22.7438,24.6816,0.921488,470.209,564.104,0.601443 
82,0.01,82,18378.2,0,5,101,125,0,5,135,-5.55598,-2.89086,-5.18208,-3.12537,-4.99356,-76.1406,-7.06234,24786.3,0.132072,16439.4,-5.26179,-2.59666,-4.59369,-2.83118,-4.69937,0.770116,-2.61269,25120,4.58173,-0.905489,-5.94368e-05,0.999901,2.88539,427.783,515.942,0.706874,32880.1,8.50993e-07,0.55206,109.554,85.3144,22.2466,24.209,0.918941,449.878,542.707,0.580636 
83,2,83,20232.7,0,5,101,125,0,5,135,-0.601774,-0.405136,-11.1328,-5.00363,-2.39065,-72.4363,1.48084,26471.1,1.25133,16439.4,-0.321895,-0.125256,-10.573,-4.72375,-2.11077,0.407829,5.71401,26788.6,5.48451,0.464727,0.000121871,0.999889,12.2954,502.615,608.589,0.923303,35710.7,8.74745e-07,0.632264,109.168,85.0999,23.7988,25.9488,0.917146,514.846,623.516,0.647711 
84,1,84,18591.3,0,5,101,125,0,5,135,-3.53057,-4.79986,-2.30996,-8.26254,-5.52003,29.3382,-3.35599,25459.6,-3.43633,16439.4,-3.64393,-4.91322,-2.53667,-8.3759,-5.63339,0.89895,-5.07051,25331,-5.15085,0.450651,-0.000114396,1.00011,-11.2515,447.647,532.109,0.576863,33941.1,8.60051e-07,0.567472,109.7,85.1938,23.1778,25.0444,0.925469,488.327,580.81,0.619225 
85,0.4,85,19598.3,0,5,101,125,0,5,135,-5.83879,-7.02172,-4.26098,-5.5564,-4.88484,-25.5337,13.3016,25995.1,-12.0399,16439.4,-5.74013,-6.92306,-4.06366,-5.45774,-4.78618,0.849331,14.7938,26107,-10.5478,6.9243,0.000323701,1.00022,2.13651,389.063,480.195,0.447593,34147.6,8.61791e-07,0.501553,109.894,85.3391,22.3966,24.6749,0.907669,455.963,563.795,0.588334 
86,0.6,86,20425.1,0,5,101,125,0,5,135,-4.19185,-4.99172,-8.83481,-4.11992,-5.28479,-27.3737,3.48394,26502.6,7.87555,16439.4,-4.08609,-4.88595,-8.62328,-4.01416,-5.17903,0.678098,5.08366,26622.6,9.47527,0.308962,0.000109104,0.999807,16.454,435.59,505.639,0.534981,34599.1,8.65573e-07,0.542196,109.673,85.3434,23.0625,24.6279,0.936438,483.48,561.653,0.602032 
87,1.4,87,20530.3,0,5,101,125,0,5,135,-4.88324,-3.69113,-8.2942,-7.12333,-5.9313,-96.808,9.55413,26272.5,0.0166367,16439.4,-4.5092,-3.31708,-7.5461,-6.74928,-5.55725,0.72737,15.2116,26696.8,5.6741,0.690792,0.000325488,0.999885,22.0205,493.225,572.63,0.932046,34821.6,8.67424e-07,0.612672,109.453,85.5499,23.57,25.1622,0.936726,504.994,586.284,0.627286 
88,1.8,88,20302.5,0,5,101,125,0,5,135,-6.97214,-3.61799,-7.17686,-8.48507,-5.53266,-9.99862,-7.62228,26107.1,12.1665,16439.4,-6.93351,-3.57935,-7.09959,-8.44644,-5.49402,0.774994,-7.03796,26150.9,12.7508,-0.851743,-0.000153812,0.999735,8.26301,489.941,582.453,0.821825,34824.9,8.67451e-07,0.615825,109.237,85.4745,23.6083,25.5052,0.925628,506.635,602.379,0.636851 
89,0.8,89,21274,0,5,101,125,0,5,135,-5.75976,-0.931924,-7.61833,-4.66304,-9.70665,-85.0246,16.4286,27080.5,12.756,16439.4,-5.43124,-0.603406,-6.96129,-4.33452,-9.37813,0.739361,21.3975,27453.2,17.7248,0.501496,0.000445183,0.99965,42.6673,442.096,520.157,0.670583,35354.3,8.71825e-07,0.550042,109.358,85.5381,22.7064,24.4014,0.930537,468.666,551.369,0.583074 
90,2,90,19572.7,0,5,101,125,0,5,135,-6.63596,-5.8786,-7.06014,-4.8552,-4.72489,-65.8138,10.4818,25798.6,-2.09158,16439.4,-6.38167,-5.62431,-6.55156,-4.60091,-4.4706,0.762874,14.3279,26087.1,1.75458,0.871877,0.00031375,0.999963,16.4334,493.333,585.735,0.668748,34090.5,8.6131e-07,0.62411,109.153,85.0554,23.9921,25.9029,0.926231,523.241,621.313,0.661983 
