cyc,amplitude,time,waittime,cyc2,T,TF,EF,EFkHz,ToTF,wx,wy,wz,bx,by,bz,q,mu0,offs,N,Npix,ENoEF,EkHz,ENoEF2,EkHz2,SNkB,tof,AR,beta_visc
0,0.9,0.01,40,0,3.29263e-07,5.77715e-07,7.97623e-30,12.0377,0.56994,950.317,2545.79,2478.35,4.67071,18.9019,18.1623,-0.290563,-1.32089e-30,3.12011e-13,24054.1,34331.9,1.57951,19.0136,1.46375,17.6202,0.941154,0.0066,1.37431,6.683e-06 
1,0.9,0.01,40,1,3.22546e-07,5.91972e-07,8.17306e-30,12.3347,0.544867,950.317,2545.79,2478.35,4.67071,18.9019,18.1623,-0.170518,-7.59354e-31,3.15901e-13,25879.1,36458.8,1.50294,18.5383,1.40918,17.3818,1.05542,0.0066,1.41643,6.683e-06 
2,0.9,40,0.01,2,3.30844e-07,5.59298e-07,7.72194e-30,11.6539,0.591534,950.317,2545.79,2478.35,4.67071,18.9019,18.1623,-0.389878,-1.78088e-30,4.36762e-13,21826.1,31607.5,1.6464,19.187,1.51187,17.6191,0.847135,0.0066,1.37625,6.683e-06 
3,0.9,0.01,40,3,3.12328e-07,5.46179e-07,7.54082e-30,11.3805,0.571842,950.317,2545.79,2478.35,4.67071,18.9019,18.1623,-0.299452,-1.29128e-30,7.21814e-14,20325.9,27963.6,1.58537,18.0424,1.46795,16.7061,0.932723,0.0066,1.43138,6.683e-06 
4,0.9,40,0.01,4,3.56801e-07,5.3022e-07,7.32049e-30,11.048,0.67293,950.317,2545.79,2478.35,4.67071,18.9019,18.1623,-0.737106,-3.63112e-30,-9.23327e-15,18595.9,26500.1,1.902,21.0133,1.70215,18.8054,0.519088,0.0066,1.33941,6.683e-06 
5,0.9,0.01,40,5,3.23024e-07,6.07037e-07,8.38106e-30,12.6486,0.532132,950.317,2545.79,2478.35,4.67071,18.9019,18.1623,-0.107391,-4.78947e-31,1.76929e-13,27905.7,38635.9,1.46457,18.5247,1.382,17.4804,1.11584,0.0066,1.44035,6.683e-06 
6,0.9,0.01,40,6,3.25255e-07,5.67138e-07,7.83019e-30,11.8172,0.573503,950.317,2545.79,2478.35,4.67071,18.9019,18.1623,-0.307205,-1.37955e-30,3.42609e-13,22756.9,32472.3,1.59049,18.7952,1.47162,17.3905,0.925365,0.0066,1.40082,6.683e-06 
7,0.9,40,0.01,7,3.5724e-07,5.68291e-07,7.84611e-30,11.8413,0.628623,950.317,2545.79,2478.35,4.67071,18.9019,18.1623,-0.552923,-2.72715e-30,-1.43392e-13,22895.9,31754.1,1.7625,20.8703,1.59684,18.9086,0.693189,0.0066,1.38474,6.683e-06 
8,0.9,40,0.01,8,3.45262e-07,5.5575e-07,7.67297e-30,11.58,0.621255,950.317,2545.79,2478.35,4.67071,18.9019,18.1623,-0.521219,-2.48458e-30,-9.49878e-14,21413.4,29997,1.73938,20.1419,1.57973,18.2932,0.723127,0.0066,1.3269,6.683e-06 
9,0.9,0.01,40,9,3.59266e-07,5.11964e-07,7.06843e-30,10.6676,0.701741,950.317,2545.79,2478.35,4.67071,18.9019,18.1623,-0.851523,-4.22373e-30,-9.32323e-14,16740.4,23511.2,1.99258,21.2561,1.77279,18.9114,0.410468,0.0066,1.36522,6.683e-06 
10,0.9,0.01,40,10,3.3342e-07,5.9793e-07,8.25533e-30,12.4589,0.557623,950.317,2545.79,2478.35,4.67071,18.9019,18.1623,-0.232264,-1.0692e-30,1.64578e-13,26668.5,37227.2,1.54173,19.2082,1.43677,17.9005,0.99655,0.0066,1.42615,6.683e-06 
11,0.9,40,0.01,11,3.42658e-07,5.5597e-07,7.676e-30,11.5846,0.616325,950.317,2545.79,2478.35,4.67071,18.9019,18.1623,-0.499821,-2.36461e-30,3.09942e-13,21438.8,31169.4,1.72391,19.9708,1.56834,18.1685,0.743329,0.0066,1.38512,6.683e-06 
12,0.9,0.01,40,12,3.41411e-07,5.24065e-07,7.2355e-30,10.9198,0.651468,950.317,2545.79,2478.35,4.67071,18.9019,18.1623,-0.649241,-3.06033e-30,7.27598e-14,17955.7,25670.2,1.83435,20.0306,1.65063,18.0245,0.602188,0.0066,1.34438,6.683e-06 
13,0.9,0.01,40,13,3.16851e-07,5.57268e-07,7.69392e-30,11.6116,0.568579,950.317,2545.79,2478.35,4.67071,18.9019,18.1623,-0.284186,-1.2432e-30,1.63894e-13,21589.3,30522.9,1.57532,18.292,1.46076,16.9617,0.947205,0.0066,1.36337,6.683e-06 
14,0.9,40,0.01,14,3.44008e-07,5.35441e-07,7.39257e-30,11.1568,0.642475,950.317,2545.79,2478.35,4.67071,18.9019,18.1623,-0.611665,-2.90513e-30,1.38171e-13,19150.6,27072.1,1.80609,20.1502,1.62933,18.1781,0.637732,0.0066,1.37513,6.683e-06 
15,0.9,0.01,40,15,3.43214e-07,5.22319e-07,7.2114e-30,10.8834,0.657096,950.317,2545.79,2478.35,4.67071,18.9019,18.1623,-0.672531,-3.18684e-30,9.97758e-14,17776.8,25280.7,1.85205,20.1566,1.66405,18.1105,0.580155,0.0066,1.3634,6.683e-06 
16,0.9,40,0.01,16,3.6172e-07,5.57537e-07,7.69763e-30,11.6172,0.648783,950.317,2545.79,2478.35,4.67071,18.9019,18.1623,-0.638069,-3.18658e-30,-1.13477e-14,21620.6,30904.1,1.8259,21.2119,1.64425,19.1016,0.612754,0.0066,1.3371,6.683e-06 
17,0.9,40,0.01,17,3.54613e-07,5.09594e-07,7.03571e-30,10.6182,0.695874,950.317,2545.79,2478.35,4.67071,18.9019,18.1623,-0.828556,-4.05658e-30,-2.62818e-13,16508.9,22895.9,1.97412,20.9617,1.75827,18.6697,0.432286,0.0066,1.31434,6.683e-06 
18,0.9,40,0.01,18,3.60531e-07,5.75e-07,7.93874e-30,11.9811,0.627011,950.317,2545.79,2478.35,4.67071,18.9019,18.1623,-0.546012,-2.71787e-30,1.73037e-13,23716.5,34342.4,1.75747,21.0563,1.59309,19.0869,0.699734,0.0066,1.33657,6.683e-06 
19,0.9,40,0.01,19,3.67461e-07,4.95716e-07,6.84411e-30,10.3291,0.741273,950.317,2545.79,2478.35,4.67071,18.9019,18.1623,-1.00218,-5.0844e-30,1.27533e-13,15196.6,21852.2,2.11686,21.8652,1.87242,19.3404,0.267029,0.0066,1.36113,6.683e-06 
20,1.05,0.01,40,20,3.22753e-07,5.79799e-07,8.005e-30,12.0811,0.556664,950.317,2545.79,2478.35,4.67071,18.9019,18.1623,-0.227674,-1.01453e-30,1.23802e-13,24315.3,34398.4,1.5388,18.5904,1.43468,17.3325,1.00092,0.0066,1.36596,6.683e-06 
21,1.05,0.01,40,21,3.24627e-07,5.64404e-07,7.79245e-30,11.7603,0.575168,950.317,2545.79,2478.35,4.67071,18.9019,18.1623,-0.314926,-1.41149e-30,2.77582e-13,22429.4,32174.5,1.59565,18.7653,1.47531,17.3501,0.918067,0.0066,1.39232,6.683e-06 
22,1.05,40,0.01,22,3.60119e-07,5.37797e-07,7.4251e-30,11.2059,0.669618,950.317,2545.79,2478.35,4.67071,18.9019,18.1623,-0.723746,-3.59845e-30,-1.04896e-13,19404.5,27037.7,1.89146,21.1955,1.69414,18.9843,0.531672,0.0066,1.36852,6.683e-06 
23,1.05,0.01,40,23,3.39703e-07,5.7323e-07,7.9143e-30,11.9442,0.592613,950.317,2545.79,2478.35,4.67071,18.9019,18.1623,-0.394747,-1.85141e-30,-2.40561e-13,23498.1,32483.3,1.64977,19.7051,1.5143,18.087,0.842534,0.0066,1.33991,6.683e-06 
24,1.05,40,0.01,24,3.43294e-07,5.22107e-07,7.20847e-30,10.879,0.657517,950.317,2545.79,2478.35,4.67071,18.9019,18.1623,-0.674262,-3.1958e-30,3.73245e-13,17755.2,26336.7,1.85338,20.1629,1.66505,18.1141,0.578519,0.0066,1.34561,6.683e-06 
25,1.05,0.01,40,25,3.32804e-07,4.97967e-07,6.87519e-30,10.376,0.668325,950.317,2545.79,2478.35,4.67071,18.9019,18.1623,-0.718498,-3.3014e-30,6.23395e-14,15404.6,22054.3,1.88739,19.5835,1.69102,17.5459,0.536642,0.0066,1.30641,6.683e-06 
26,1.05,0.01,40,26,3.37168e-07,5.55462e-07,7.66899e-30,11.574,0.607005,950.317,2545.79,2478.35,4.67071,18.9019,18.1623,-0.458961,-2.13652e-30,2.31416e-13,21380.1,30501,1.69472,19.6146,1.54696,17.9044,0.781897,0.0066,1.39153,6.683e-06 
27,1.05,40,0.01,27,3.7415e-07,5.46589e-07,7.54649e-30,11.3891,0.684518,950.317,2545.79,2478.35,4.67071,18.9019,18.1623,-0.783629,-4.048e-30,-4.58069e-13,20371.8,28003.8,1.9384,22.0766,1.73036,19.7072,0.474935,0.0066,1.33766,6.683e-06 
28,1.05,40,0.01,28,3.38995e-07,5.18807e-07,7.16291e-30,10.8102,0.653413,950.317,2545.79,2478.35,4.67071,18.9019,18.1623,-0.657307,-3.07642e-30,-1.89623e-14,17420.7,24765.3,1.84047,19.8958,1.65526,17.8937,0.594559,0.0066,1.32739,6.683e-06 
29,1.05,0.01,40,29,3.40497e-07,5.23735e-07,7.23095e-30,10.9129,0.650131,950.317,2545.79,2478.35,4.67071,18.9019,18.1623,-0.643689,-3.02603e-30,9.01343e-14,17921.8,25368.7,1.83014,19.9721,1.64745,17.9785,0.607436,0.0066,1.34546,6.683e-06 
30,1.05,0.01,40,30,3.38708e-07,5.29419e-07,7.30942e-30,11.0313,0.639774,950.317,2545.79,2478.35,4.67071,18.9019,18.1623,-0.600322,-2.80733e-30,2.1152e-13,18511.6,26735.9,1.79753,19.8291,1.62296,17.9034,0.648403,0.0066,1.34204,6.683e-06 
31,1.05,40,0.01,31,3.82147e-07,5.38568e-07,7.43575e-30,11.222,0.709561,950.317,2545.79,2478.35,4.67071,18.9019,18.1623,-0.881882,-4.65291e-30,-1.85026e-13,19488.1,27734,2.01718,22.6367,1.79225,20.1126,0.381611,0.0066,1.29681,6.683e-06 
32,1.05,0.01,40,32,3.52071e-07,5.35004e-07,7.38653e-30,11.1477,0.658071,950.317,2545.79,2478.35,4.67071,18.9019,18.1623,-0.676555,-3.28864e-30,3.35854e-13,19103.7,28190.1,1.85512,20.6803,1.66638,18.5763,0.576346,0.0066,1.33341,6.683e-06 
33,1.05,0.01,40,33,3.31596e-07,5.4871e-07,7.57576e-30,11.4333,0.60432,950.317,2545.79,2478.35,4.67071,18.9019,18.1623,-0.447085,-2.04684e-30,2.75346e-13,20609.9,29360.5,1.68631,19.2801,1.54083,17.6167,0.793107,0.0066,1.39296,6.683e-06 
34,1.05,40,0.01,34,3.46297e-07,5.8956e-07,8.13976e-30,12.2844,0.587382,950.317,2545.79,2478.35,4.67071,18.9019,18.1623,-0.371052,-1.77405e-30,3.75893e-13,25564.1,36617.6,1.63348,20.0664,1.50254,18.4578,0.86493,0.0066,1.38654,6.683e-06 
35,1.05,0.01,40,35,3.29039e-07,6.01762e-07,8.30822e-30,12.5387,0.546793,950.317,2545.79,2478.35,4.67071,18.9019,18.1623,-0.179934,-8.17416e-31,-6.37358e-14,27184.4,37037.3,1.50877,18.9181,1.41332,17.7212,1.04643,0.0066,1.44545,6.683e-06 
36,1.05,40,0.01,36,3.57969e-07,5.97778e-07,8.25322e-30,12.4557,0.598833,950.317,2545.79,2478.35,4.67071,18.9019,18.1623,-0.422674,-2.08898e-30,-9.44757e-14,26648.1,37538.6,1.66916,20.7906,1.52835,19.0367,0.816154,0.0066,1.35476,6.683e-06 
37,1.05,40,0.01,37,3.44571e-07,5.86584e-07,8.09867e-30,12.2224,0.587421,950.317,2545.79,2478.35,4.67071,18.9019,18.1623,-0.371229,-1.76606e-30,4.61218e-13,25178.9,36445,1.63361,19.9666,1.50262,18.3657,0.864762,0.0066,1.38294,6.683e-06 
38,1.05,40,0.01,38,3.45379e-07,5.93294e-07,8.19132e-30,12.3623,0.582137,950.317,2545.79,2478.35,4.67071,18.9019,18.1623,-0.347092,-1.6551e-30,4.02968e-13,26053,37316.2,1.6172,19.9923,1.4908,18.4297,0.887594,0.0066,1.42624,6.683e-06 
39,1.05,40,0.01,39,3.39203e-07,6.07571e-07,8.38843e-30,12.6597,0.558294,950.317,2545.79,2478.35,4.67071,18.9019,18.1623,-0.235476,-1.10278e-30,-5.72344e-14,27979.4,39138.6,1.54378,19.5439,1.43823,18.2077,0.993493,0.0066,1.36763,6.683e-06 
40,1.2,0.01,40,40,3.38243e-07,5.59092e-07,7.71911e-30,11.6496,0.604987,950.317,2545.79,2478.35,4.67071,18.9019,18.1623,-0.450033,-2.10163e-30,2.9881e-13,21802,31331.7,1.6884,19.6692,1.54235,17.9677,0.790327,0.0066,1.36898,6.683e-06 
41,1.2,0.01,40,41,3.36748e-07,5.02153e-07,6.93297e-30,10.4632,0.670608,950.317,2545.79,2478.35,4.67071,18.9019,18.1623,-0.727759,-3.38357e-30,3.11803e-13,15796.3,23245.4,1.89458,19.8234,1.69653,17.7511,0.527873,0.0066,1.33454,6.683e-06 
42,1.2,40,0.01,42,3.60451e-07,6.03716e-07,8.3352e-30,12.5794,0.597054,950.317,2545.79,2478.35,4.67071,18.9019,18.1623,-0.414713,-2.06385e-30,2.81806e-13,27450.1,39303.3,1.66361,20.9273,1.52433,19.1751,0.823674,0.0066,1.3884,6.683e-06 
43,1.2,0.01,40,43,3.28456e-07,5.89134e-07,8.13388e-30,12.2756,0.557523,950.317,2545.79,2478.35,4.67071,18.9019,18.1623,-0.231788,-1.05112e-30,5.67888e-13,25508.8,36841.8,1.54143,18.9219,1.43655,17.6345,0.997003,0.0066,1.43071,6.683e-06 
44,1.2,40,0.01,44,3.60564e-07,5.24304e-07,7.2388e-30,10.9247,0.6877,950.317,2545.79,2478.35,4.67071,18.9019,18.1623,-0.796289,-3.96402e-30,-1.92065e-13,17980.2,25153.4,1.94839,21.2856,1.73815,18.9889,0.462911,0.0066,1.33373,6.683e-06 
45,1.2,0.01,40,45,3.21334e-07,5.86092e-07,8.09188e-30,12.2122,0.548266,950.317,2545.79,2478.35,4.67071,18.9019,18.1623,-0.187116,-8.30142e-31,3.2838e-13,25115.6,35876.8,1.51324,18.48,1.4165,17.2985,1.03957,0.0066,1.38227,6.683e-06 
46,1.2,0.01,40,46,3.39556e-07,5.55422e-07,7.66844e-30,11.5731,0.611348,950.317,2545.79,2478.35,4.67071,18.9019,18.1623,-0.478071,-2.24124e-30,2.02191e-13,21375.5,30559.4,1.70832,19.7706,1.5569,18.0182,0.763859,0.0066,1.37045,6.683e-06 
47,1.2,40,0.01,47,3.65208e-07,5.63741e-07,7.78329e-30,11.7465,0.647829,950.317,2545.79,2478.35,4.67071,18.9019,18.1623,-0.634093,-3.19725e-30,2.90717e-14,22350.4,32135.5,1.8229,21.4126,1.64199,19.2876,0.616512,0.0066,1.3296,6.683e-06 
48,1.2,40,0.01,48,3.62829e-07,5.71722e-07,7.89348e-30,11.9128,0.634626,950.317,2545.79,2478.35,4.67071,18.9019,18.1623,-0.57852,-2.89804e-30,-7.2782e-14,23313.1,32916.8,1.78138,21.2212,1.61087,19.1899,0.669027,0.0066,1.34174,6.683e-06 
49,1.2,0.01,40,49,3.24565e-07,5.58995e-07,7.71777e-30,11.6476,0.580622,950.317,2545.79,2478.35,4.67071,18.9019,18.1623,-0.340136,-1.52418e-30,1.00595e-13,21790.7,30714.5,1.61251,18.7818,1.48743,17.3249,0.894178,0.0066,1.36401,6.683e-06 
50,1.2,0.01,40,50,3.46783e-07,5.41314e-07,7.47365e-30,11.2792,0.640633,950.317,2545.79,2478.35,4.67071,18.9019,18.1623,-0.603934,-2.89156e-30,8.27131e-14,19787.6,28029.7,1.80025,20.3053,1.62498,18.3285,0.645002,0.0066,1.34943,6.683e-06 
51,1.2,40,0.01,51,3.69038e-07,5.27106e-07,7.27749e-30,10.9831,0.700121,950.317,2545.79,2478.35,4.67071,18.9019,18.1623,-0.845197,-4.30638e-30,1.75614e-13,18270,26634.8,1.98748,21.8287,1.76877,19.4266,0.416478,0.0066,1.3274,6.683e-06 
52,1.2,0.01,40,52,3.55228e-07,4.93416e-07,6.81235e-30,10.2811,0.719937,950.317,2545.79,2478.35,4.67071,18.9019,18.1623,-0.921734,-4.52061e-30,5.40637e-16,14986,21685.5,2.04981,21.0744,1.81826,18.6938,0.343692,0.0066,1.31106,6.683e-06 
53,1.2,0.01,40,53,3.3788e-07,5.34167e-07,7.37498e-30,11.1302,0.632536,950.317,2545.79,2478.35,4.67071,18.9019,18.1623,-0.569631,-2.65729e-30,2.7851e-13,19014.2,27419.1,1.77482,19.7541,1.60598,17.8749,0.677423,0.0066,1.37343,6.683e-06 
54,1.2,40,0.01,54,3.61159e-07,5.02715e-07,6.94073e-30,10.4749,0.718417,950.317,2545.79,2478.35,4.67071,18.9019,18.1623,-0.915932,-4.56715e-30,1.31347e-13,15849.3,23198.6,2.04503,21.4214,1.81444,19.006,0.349212,0.0066,1.30428,6.683e-06 
55,1.2,0.01,40,55,3.17676e-07,5.95059e-07,8.21568e-30,12.399,0.533856,950.317,2545.79,2478.35,4.67071,18.9019,18.1623,-0.116024,-5.0888e-31,7.77484e-13,26286.1,38343.6,1.46974,18.2234,1.38566,17.1808,1.10756,0.0066,1.4243,6.683e-06 
56,1.2,40,0.01,56,3.51591e-07,5.79263e-07,7.99759e-30,12.0699,0.606963,950.317,2545.79,2478.35,4.67071,18.9019,18.1623,-0.458776,-2.22701e-30,3.13084e-13,24247.9,34767.3,1.69459,20.4535,1.54686,18.6704,0.782072,0.0066,1.38559,6.683e-06 
57,1.2,40,0.01,57,3.37433e-07,4.84079e-07,6.68344e-30,10.0866,0.697063,950.317,2545.79,2478.35,4.67071,18.9019,18.1623,-0.833225,-3.88181e-30,9.08093e-14,14151.3,20252.3,1.97786,19.9498,1.7612,17.7645,0.427849,0.0066,1.33425,6.683e-06 
58,1.2,40,0.01,58,3.7047e-07,5.37126e-07,7.41584e-30,11.1919,0.689726,950.317,2545.79,2478.35,4.67071,18.9019,18.1623,-0.804326,-4.11404e-30,2.75104e-13,19332,28078,1.95476,21.8775,1.74313,19.5089,0.455279,0.0066,1.36993,6.683e-06 
59,1.2,40,0.01,59,3.45702e-07,5.77729e-07,7.97641e-30,12.0379,0.598381,950.317,2545.79,2478.35,4.67071,18.9019,18.1623,-0.420652,-2.00774e-30,1.10265e-12,24055.7,37024.8,1.66776,20.0763,1.52733,18.3859,0.818065,0.0066,1.36673,6.683e-06 
60,1.35,0.01,40,60,3.42283e-07,5.06731e-07,6.99619e-30,10.5586,0.675473,950.317,2545.79,2478.35,4.67071,18.9019,18.1623,-0.747414,-3.53208e-30,-6.25511e-13,16232.3,21321.3,1.9099,20.1658,1.70832,18.0374,0.50925,0.0066,1.30714,6.683e-06 
61,1.35,0.01,40,61,3.19306e-07,5.58792e-07,7.71496e-30,11.6433,0.571423,950.317,2545.79,2478.35,4.67071,18.9019,18.1623,-0.297498,-1.31152e-30,-3.15658e-13,21766.9,29246.3,1.58408,18.444,1.46703,17.0811,0.934576,0.0066,1.38264,6.683e-06 
62,1.35,40,0.01,62,3.58503e-07,5.8751e-07,8.11147e-30,12.2417,0.610207,950.317,2545.79,2478.35,4.67071,18.9019,18.1623,-0.473061,-2.3415e-30,-6.30668e-13,25298.4,34368.6,1.70474,20.869,1.55428,19.0271,0.768587,0.0066,1.31962,6.683e-06 
63,1.35,0.01,40,63,3.35097e-07,5.70782e-07,7.8805e-30,11.8932,0.587085,950.317,2545.79,2478.35,4.67071,18.9019,18.1623,-0.369697,-1.71041e-30,-5.48965e-13,23198.4,30960.1,1.63256,19.4164,1.50187,17.862,0.866212,0.0066,1.37545,6.683e-06 
64,1.35,40,0.01,64,3.52278e-07,5.83516e-07,8.05632e-30,12.1585,0.603715,950.317,2545.79,2478.35,4.67071,18.9019,18.1623,-0.444412,-2.1615e-30,-6.21448e-13,24785.9,32787.2,1.68442,20.4801,1.53945,18.7174,0.795629,0.0066,1.36637,6.683e-06 
65,1.35,0.01,40,65,3.34762e-07,5.6901e-07,7.85604e-30,11.8563,0.588323,950.317,2545.79,2478.35,4.67071,18.9019,18.1623,-0.375331,-1.73474e-30,2.12298e-13,22983,32340.2,1.63641,19.4017,1.50465,17.8395,0.860885,0.0066,1.42925,6.683e-06 
66,1.35,0.01,40,66,3.34559e-07,5.687e-07,7.85176e-30,11.8498,0.588287,950.317,2545.79,2478.35,4.67071,18.9019,18.1623,-0.375165,-1.73292e-30,3.74144e-13,22945.5,33445.5,1.6363,19.3898,1.50457,17.8288,0.861042,0.0066,1.36858,6.683e-06 
67,1.35,40,0.01,67,3.57796e-07,6.07986e-07,8.39416e-30,12.6684,0.588495,950.317,2545.79,2478.35,4.67071,18.9019,18.1623,-0.37611,-1.85795e-30,-2.4159e-14,28036.7,39443.3,1.63695,20.7375,1.50503,19.0663,0.860148,0.0066,1.36938,6.683e-06 
68,1.35,40,0.01,68,3.55167e-07,6.16197e-07,8.50753e-30,12.8395,0.576386,950.317,2545.79,2478.35,4.67071,18.9019,18.1623,-0.320585,-1.57203e-30,2.27367e-13,29188.1,41609.9,1.5994,20.5354,1.47801,18.9769,0.912692,0.0066,1.40434,6.683e-06 
69,1.35,0.01,40,69,3.25231e-07,5.76012e-07,7.95271e-30,12.0022,0.564625,950.317,2545.79,2478.35,4.67071,18.9019,18.1623,-0.265566,-1.19247e-30,-6.51265e-13,23841.9,31020.1,1.56317,18.7615,1.45207,17.428,0.964885,0.0066,1.41758,6.683e-06 
70,1.35,0.01,40,70,3.43993e-07,5.6181e-07,7.75663e-30,11.7062,0.612295,950.317,2545.79,2478.35,4.67071,18.9019,18.1623,-0.48222,-2.29023e-30,7.15193e-13,22121.5,32638.9,1.71128,20.0327,1.55907,18.2508,0.759942,0.0066,1.42071,6.683e-06 
71,1.35,40,0.01,71,3.62822e-07,5.33965e-07,7.37218e-30,11.126,0.679486,950.317,2545.79,2478.35,4.67071,18.9019,18.1623,-0.76354,-3.8248e-30,1.71116e-13,18992.6,27508.2,1.92253,21.3901,1.71808,19.1154,0.493967,0.0066,1.3428,6.683e-06 
72,1.35,0.01,40,72,3.35904e-07,5.84552e-07,8.07061e-30,12.1801,0.574635,950.317,2545.79,2478.35,4.67071,18.9019,18.1623,-0.312457,-1.44907e-30,3.28171e-13,24918.1,35660.3,1.594,19.4151,1.47413,17.955,0.920406,0.0066,1.38577,6.683e-06 
73,1.35,0.01,40,73,3.34872e-07,5.81548e-07,8.02915e-30,12.1175,0.575829,950.317,2545.79,2478.35,4.67071,18.9019,18.1623,-0.318002,-1.47026e-30,-4.75184e-13,24536,33064.1,1.59768,19.3599,1.47677,17.8948,0.915139,0.0066,1.3976,6.683e-06 
74,1.35,40,0.01,74,4.22508e-07,5.41381e-07,7.47458e-30,11.2806,0.780426,950.317,2545.79,2478.35,4.67071,18.9019,18.1623,-1.14485,-6.67833e-30,3.58926e-13,19795,29244.1,2.23965,25.2645,1.97412,22.2692,0.130603,0.0066,1.39954,6.683e-06 
75,1.35,0.01,40,75,3.38234e-07,5.72804e-07,7.90842e-30,11.9353,0.590488,950.317,2545.79,2478.35,4.67071,18.9019,18.1623,-0.385145,-1.79856e-30,1.15212e-12,23445.8,35856,1.64315,19.6115,1.50951,18.0165,0.851608,0.0066,1.4068,6.683e-06 
76,1.35,40,0.01,76,3.69348e-07,5.47414e-07,7.55787e-30,11.4063,0.674715,950.317,2545.79,2478.35,4.67071,18.9019,18.1623,-0.744364,-3.79582e-30,5.18826e-13,20464.1,30487.7,1.90751,21.7576,1.70648,19.4645,0.51214,0.0066,1.34971,6.683e-06 
77,1.35,40,0.01,77,3.751e-07,5.38644e-07,7.43679e-30,11.2235,0.696378,950.317,2545.79,2478.35,4.67071,18.9019,18.1623,-0.830539,-4.30121e-30,-1.86849e-14,19496.3,28209.8,1.9757,22.1744,1.75951,19.7479,0.4304,0.0066,1.29348,6.683e-06 
78,1.35,40,0.01,78,3.62274e-07,5.73787e-07,7.922e-30,11.9558,0.631373,950.317,2545.79,2478.35,4.67071,18.9019,18.1623,-0.564672,-2.82434e-30,7.84344e-13,23566.7,35436.6,1.77116,21.1756,1.60326,19.1682,0.682105,0.0066,1.35347,6.683e-06 
79,1.35,40,0.01,79,3.85893e-07,5.39285e-07,7.44565e-30,11.2369,0.715563,950.317,2545.79,2478.35,4.67071,18.9019,18.1623,-0.905003,-4.8217e-30,9.249e-13,19566,30064.7,2.03605,22.8789,1.80727,20.3081,0.35961,0.0066,1.3932,6.683e-06 
80,1.5,0.01,40,80,3.30124e-07,5.49912e-07,7.59236e-30,11.4583,0.600322,950.317,2545.79,2478.35,4.67071,18.9019,18.1623,-0.42932,-1.95678e-30,-4.06413e-13,20745.6,28211.2,1.67382,19.1791,1.53173,17.5511,0.809879,0.0066,1.34052,6.683e-06 
82,1.5,40,0.01,82,3.6693e-07,5.4581e-07,7.53573e-30,11.3728,0.672268,950.317,2545.79,2478.35,4.67071,18.9019,18.1623,-0.73448,-3.72089e-30,-7.96873e-13,20284.8,26783.6,1.89981,21.6062,1.70055,19.3401,0.521506,0.0066,1.30858,6.683e-06 
83,1.5,0.01,40,83,3.3738e-07,6.14921e-07,8.48991e-30,12.8129,0.548655,950.317,2545.79,2478.35,4.67071,18.9019,18.1623,-0.189006,-8.80394e-31,3.01125e-13,29007.1,40859.4,1.51443,19.4042,1.41734,18.1602,1.03777,0.0066,1.41354,6.683e-06 
84,1.5,40,0.01,84,3.67694e-07,5.61626e-07,7.75409e-30,11.7024,0.654696,950.317,2545.79,2478.35,4.67071,18.9019,18.1623,-0.662618,-3.36383e-30,-2.31648e-13,22099.8,31057.6,1.8445,21.5851,1.65832,19.4063,0.589534,0.0066,1.31556,6.683e-06 
85,1.5,0.01,40,85,3.11681e-07,6.03538e-07,8.33275e-30,12.5757,0.516422,950.317,2545.79,2478.35,4.67071,18.9019,18.1623,-0.0273526,-1.17704e-31,4.69916e-13,27425.9,38985.1,1.41772,17.8288,1.34898,16.9643,1.19277,0.0066,1.42662,6.683e-06 
86,1.5,0.01,40,86,3.357e-07,5.67827e-07,7.8397e-30,11.8316,0.591202,950.317,2545.79,2478.35,4.67071,18.9019,18.1623,-0.388379,-1.80008e-30,7.29971e-13,22839.9,33501.7,1.64537,19.4674,1.51112,17.879,0.848551,0.0066,1.42742,6.683e-06 
87,1.5,40,0.01,87,3.57612e-07,5.67172e-07,7.83066e-30,11.818,0.630517,950.317,2545.79,2478.35,4.67071,18.9019,18.1623,-0.561018,-2.76995e-30,-6.75101e-14,22760.9,31736.7,1.76847,20.8997,1.60126,18.9236,0.685557,0.0066,1.37839,6.683e-06 
88,1.5,40,0.01,88,3.63526e-07,5.49391e-07,7.58517e-30,11.4475,0.661688,950.317,2545.79,2478.35,4.67071,18.9019,18.1623,-0.691408,-3.47019e-30,-2.37741e-13,20686.7,29151.5,1.86651,21.3668,1.67505,19.175,0.562291,0.0066,1.2993,6.683e-06 
89,1.5,0.01,40,89,3.21315e-07,5.36769e-07,7.41091e-30,11.1845,0.59861,950.317,2545.79,2478.35,4.67071,18.9019,18.1623,-0.421682,-1.87068e-30,-2.65329e-13,19293.4,26557.1,1.66847,18.6609,1.52785,17.0882,0.81709,0.0066,1.33139,6.683e-06 
90,1.5,0.01,40,90,3.26691e-07,5.34446e-07,7.37883e-30,11.1361,0.611271,950.317,2545.79,2478.35,4.67071,18.9019,18.1623,-0.477732,-2.15479e-30,5.46237e-13,19044,28128.7,1.70807,19.0212,1.55672,17.3357,0.764179,0.0066,1.36227,6.683e-06 
91,1.5,40,0.01,91,3.4842e-07,5.38667e-07,7.4371e-30,11.224,0.64682,950.317,2545.79,2478.35,4.67071,18.9019,18.1623,-0.629881,-3.03002e-30,-1.49826e-13,19498.7,27560.4,1.81973,20.4246,1.6396,18.4029,0.620494,0.0066,1.31393,6.683e-06 
92,1.5,0.01,40,92,3.37119e-07,5.84669e-07,8.07224e-30,12.1825,0.576597,950.317,2545.79,2478.35,4.67071,18.9019,18.1623,-0.321561,-1.49669e-30,-4.1309e-13,24933.2,33709.3,1.60005,19.4927,1.47848,18.0116,0.911767,0.0066,1.37322,6.683e-06 
93,1.5,0.01,40,93,3.36256e-07,5.77211e-07,7.96926e-30,12.0271,0.582553,950.317,2545.79,2478.35,4.67071,18.9019,18.1623,-0.349001,-1.62025e-30,3.47762e-13,23991.1,34650.8,1.61849,19.4658,1.49173,17.9413,0.885787,0.0066,1.36399,6.683e-06 
94,1.5,40,0.01,94,3.56319e-07,5.90136e-07,8.14771e-30,12.2965,0.603792,950.317,2545.79,2478.35,4.67071,18.9019,18.1623,-0.444752,-2.18797e-30,-3.4636e-13,25639.1,35668.7,1.68466,20.7154,1.53963,18.9319,0.795308,0.0066,1.31277,6.683e-06 
95,1.5,0.01,40,95,3.32399e-07,5.67629e-07,7.83698e-30,11.8275,0.585592,950.317,2545.79,2478.35,4.67071,18.9019,18.1623,-0.362898,-1.66544e-30,-5.21497e-14,22816.1,31802.1,1.62792,19.2543,1.49853,17.7238,0.872641,0.0066,1.36271,6.683e-06 
96,1.5,40,0.01,96,3.67719e-07,5.76965e-07,7.96587e-30,12.022,0.637333,950.317,2545.79,2478.35,4.67071,18.9019,18.1623,-0.58999,-2.99533e-30,7.7058e-13,23960.4,36036.6,1.7899,21.5181,1.61722,19.4423,0.658194,0.0066,1.35974,6.683e-06 
97,1.5,40,0.01,97,3.68804e-07,5.71721e-07,7.89347e-30,11.9127,0.645078,950.317,2545.79,2478.35,4.67071,18.9019,18.1623,-0.622591,-3.17017e-30,8.61931e-13,23313,34831.6,1.81425,21.6127,1.63547,19.483,0.627386,0.0066,1.41646,6.683e-06 
99,1.5,40,0.01,99,3.52528e-07,6.29045e-07,8.68491e-30,13.1072,0.560418,950.317,2545.79,2478.35,4.67071,18.9019,18.1623,-0.245607,-1.19541e-30,-1.03342e-13,31052.1,42822.5,1.55028,20.3198,1.44286,18.9119,0.983855,0.0066,1.4201,6.683e-06 
100,1.65,0.01,40,100,3.11152e-07,5.62034e-07,7.75973e-30,11.7109,0.553617,950.317,2545.79,2478.35,4.67071,18.9019,18.1623,-0.213029,-9.15153e-31,-7.46636e-13,22148,28419.1,1.52951,17.912,1.42807,16.724,1.01487,0.0066,1.37532,6.683e-06 
101,1.65,0.01,40,101,3.39003e-07,5.39223e-07,7.44478e-30,11.2356,0.628688,950.317,2545.79,2478.35,4.67071,18.9019,18.1623,-0.5532,-2.58922e-30,3.96945e-13,19559.2,28591.8,1.76271,19.805,1.59699,17.9432,0.692927,0.0066,1.36979,6.683e-06 
102,1.65,40,0.01,102,3.49981e-07,5.54455e-07,7.65509e-30,11.553,0.631215,950.317,2545.79,2478.35,4.67071,18.9019,18.1623,-0.564001,-2.72526e-30,-3.86639e-14,21264.1,30273.6,1.77066,20.4564,1.60289,18.5182,0.682739,0.0066,1.29869,6.683e-06 
103,1.65,0.01,40,103,3.35753e-07,6.16469e-07,8.51128e-30,12.8451,0.54464,950.317,2545.79,2478.35,4.67071,18.9019,18.1623,-0.169403,-7.85283e-31,1.10272e-12,29226.8,43360,1.50225,19.2966,1.40869,18.0949,1.05649,0.0066,1.45438,6.683e-06 
104,1.65,40,0.01,104,3.62354e-07,5.6029e-07,7.73565e-30,11.6746,0.646725,950.317,2545.79,2478.35,4.67071,18.9019,18.1623,-0.629484,-3.1492e-30,-1.52881e-13,21942.5,30960.9,1.81943,21.241,1.63937,19.139,0.62087,0.0066,1.30316,6.683e-06 
105,1.65,0.01,40,105,3.40809e-07,5.22802e-07,7.21806e-30,10.8934,0.65189,950.317,2545.79,2478.35,4.67071,18.9019,18.1623,-0.650995,-3.06318e-30,8.73625e-13,17826.2,26994.3,1.83567,19.9968,1.65163,17.992,0.600528,0.0066,1.44455,6.683e-06 
106,1.65,0.01,40,106,3.18819e-07,5.53009e-07,7.63513e-30,11.5229,0.576517,950.317,2545.79,2478.35,4.67071,18.9019,18.1623,-0.321189,-1.4138e-30,2.73313e-13,21098.2,29726.3,1.5998,18.4343,1.4783,17.0342,0.91212,0.0066,1.43003,6.683e-06 
107,1.65,40,0.01,107,3.48539e-07,5.9509e-07,8.21612e-30,12.3997,0.585691,950.317,2545.79,2478.35,4.67071,18.9019,18.1623,-0.363351,-1.74848e-30,1.06759e-13,26290.3,37030.6,1.62823,20.1896,1.49875,18.584,0.872213,0.0066,1.40218,6.683e-06 
108,1.65,40,0.01,108,3.71752e-07,5.88846e-07,8.12991e-30,12.2696,0.631323,950.317,2545.79,2478.35,4.67071,18.9019,18.1623,-0.564461,-2.89715e-30,-3.44738e-13,25471.4,35327.5,1.771,21.7295,1.60314,19.6699,0.682305,0.0066,1.33624,6.683e-06 
109,1.65,0.01,40,109,3.23165e-07,5.79352e-07,7.99882e-30,12.0717,0.557805,950.317,2545.79,2478.35,4.67071,18.9019,18.1623,-0.233132,-1.04019e-30,1.27671e-12,24259,37387.4,1.54229,18.6182,1.43717,17.3491,0.995727,0.0066,1.3579,6.683e-06 
110,1.65,0.01,40,110,3.13376e-07,5.80707e-07,8.01753e-30,12.1,0.539646,950.317,2545.79,2478.35,4.67071,18.9019,18.1623,-0.144815,-6.26561e-31,-2.61685e-13,24429.7,33186.3,1.48717,17.9948,1.39799,16.9157,1.08,0.0066,1.36372,6.683e-06 
111,1.65,40,0.01,111,3.90329e-07,5.72203e-07,7.90013e-30,11.9228,0.68215,950.317,2545.79,2478.35,4.67071,18.9019,18.1623,-0.774203,-4.17224e-30,-3.83125e-13,23372.1,32362.3,1.93091,23.0219,1.72457,20.5617,0.483853,0.0066,1.34845,6.683e-06 
112,1.65,0.01,40,112,3.23531e-07,5.62365e-07,7.76429e-30,11.7178,0.575304,950.317,2545.79,2478.35,4.67071,18.9019,18.1623,-0.315556,-1.40953e-30,-2.54917e-13,22187.1,30547.6,1.59607,18.7024,1.47561,17.2909,0.91747,0.0066,1.35151,6.683e-06 
113,1.65,0.01,40,113,3.25546e-07,5.66594e-07,7.82268e-30,11.8059,0.574566,950.317,2545.79,2478.35,4.67071,18.9019,18.1623,-0.312135,-1.40294e-30,-2.89437e-14,22691.5,31715.9,1.59379,18.8162,1.47398,17.4016,0.920711,0.0066,1.36993,6.683e-06 
114,1.65,40,0.01,114,3.54523e-07,5.85917e-07,8.08946e-30,12.2085,0.605074,950.317,2545.79,2478.35,4.67071,18.9019,18.1623,-0.450419,-2.20468e-30,-3.65866e-13,25093.1,34232.4,1.68868,20.6163,1.54255,18.8323,0.789962,0.0066,1.35431,6.683e-06 
115,1.65,0.01,40,115,3.24627e-07,6.2436e-07,8.62023e-30,13.0096,0.519935,950.317,2545.79,2478.35,4.67071,18.9019,18.1623,-0.0454617,-2.03757e-31,9.06565e-13,30363.5,44373.2,1.42815,18.5796,1.35631,17.645,1.17533,0.0066,1.44975,6.683e-06 
116,1.65,40,0.01,116,3.75351e-07,4.93676e-07,6.81593e-30,10.2865,0.760319,950.317,2545.79,2478.35,4.67071,18.9019,18.1623,-1.07235,-5.55722e-30,-6.30518e-13,15009.7,20049.7,2.17667,22.3904,1.92152,19.7658,0.200023,0.0066,1.25137,6.683e-06 
117,1.65,40,0.01,117,3.87911e-07,5.50266e-07,7.59725e-30,11.4657,0.704952,950.317,2545.79,2478.35,4.67071,18.9019,18.1623,-0.864021,-4.62743e-30,9.03464e-13,20785.7,31681,2.00269,22.9622,1.78077,20.4177,0.398593,0.0066,1.38686,6.683e-06 
118,1.65,40,0.01,118,3.97782e-07,5.55915e-07,7.67524e-30,11.5834,0.715546,950.317,2545.79,2478.35,4.67071,18.9019,18.1623,-0.904937,-4.9699e-30,7.80629e-13,21432.4,32579.9,2.03599,23.5837,1.80723,20.9338,0.359673,0.0066,1.37402,6.683e-06 
119,1.65,40,0.01,119,3.62594e-07,5.85826e-07,8.08821e-30,12.2066,0.618944,950.317,2545.79,2478.35,4.67071,18.9019,18.1623,-0.511207,-2.55918e-30,7.93245e-14,25081.4,35360.8,1.73213,21.1435,1.57438,19.218,0.732583,0.0066,1.37314,6.683e-06 
120,1.8,0.01,40,120,3.21179e-07,5.85494e-07,8.08362e-30,12.1997,0.54856,950.317,2545.79,2478.35,4.67071,18.9019,18.1623,-0.188546,-8.36078e-31,-7.61496e-13,25038.8,32515.5,1.51414,18.4721,1.41713,17.2886,1.03821,0.0066,1.40453,6.683e-06 
121,1.8,0.01,40,121,3.28352e-07,5.87389e-07,8.10979e-30,12.2392,0.559003,950.317,2545.79,2478.35,4.67071,18.9019,18.1623,-0.238861,-1.08285e-30,2.5319e-13,25282.8,35467.3,1.54595,18.9212,1.43978,17.6218,0.990272,0.0066,1.41278,6.683e-06 
122,1.8,40,0.01,122,3.81583e-07,5.95928e-07,8.22768e-30,12.4171,0.640318,950.317,2545.79,2478.35,4.67071,18.9019,18.1623,-0.60261,-3.17475e-30,7.37684e-13,26401.5,39195.5,1.79925,22.3415,1.62424,20.1684,0.646249,0.0066,1.38331,6.683e-06 
123,1.8,0.01,40,123,3.29836e-07,5.56107e-07,7.67789e-30,11.5874,0.593117,950.317,2545.79,2478.35,4.67071,18.9019,18.1623,-0.397022,-1.80799e-30,-4.59479e-13,21454.6,28564.6,1.65134,19.1347,1.51543,17.5599,0.840385,0.0066,1.37313,6.683e-06 
124,1.8,40,0.01,124,3.95767e-07,4.96546e-07,6.85556e-30,10.3463,0.797041,950.317,2545.79,2478.35,4.67071,18.9019,18.1623,-1.20355,-6.57638e-30,-9.15195e-13,15273,19705.7,2.29165,23.7102,2.01817,20.8807,0.0743183,0.0066,1.27837,6.683e-06 
125,1.8,0.01,40,125,3.14442e-07,5.54107e-07,7.65028e-30,11.5457,0.567475,950.317,2545.79,2478.35,4.67071,18.9019,18.1623,-0.278994,-1.21121e-30,-3.074e-13,21224,28720.7,1.57195,18.1494,1.45833,16.8375,0.952155,0.0066,1.38647,6.683e-06 
126,1.8,0.01,40,126,3.36693e-07,5.62851e-07,7.77101e-30,11.7279,0.598192,950.317,2545.79,2478.35,4.67071,18.9019,18.1623,-0.419807,-1.9515e-30,-5.33314e-13,22244.7,30316.6,1.66717,19.5524,1.5269,17.9074,0.818863,0.0066,1.31625,6.683e-06 
127,1.8,40,0.01,127,3.74846e-07,5.9032e-07,8.15025e-30,12.3003,0.634987,950.317,2545.79,2478.35,4.67071,18.9019,18.1623,-0.580049,-3.00193e-30,-9.56871e-13,25663.1,33826.2,1.78252,21.9255,1.61172,19.8246,0.667584,0.0066,1.34342,6.683e-06 
128,1.8,40,0.01,128,3.71825e-07,5.87928e-07,8.11723e-30,12.2504,0.632432,950.317,2545.79,2478.35,4.67071,18.9019,18.1623,-0.569189,-2.92199e-30,-3.76736e-13,25352.4,35078.2,1.77449,21.7383,1.60574,19.671,0.677839,0.0066,1.31172,6.683e-06 
129,1.8,0.01,40,129,3.17635e-07,5.89484e-07,8.13871e-30,12.2829,0.538835,950.317,2545.79,2478.35,4.67071,18.9019,18.1623,-0.14081,-6.17511e-31,2.82218e-13,25554.2,36250.9,1.48472,18.2366,1.39626,17.1501,1.08382,0.0066,1.40344,6.683e-06 
130,1.8,0.01,40,130,3.13115e-07,6.11928e-07,8.44859e-30,12.7505,0.511686,950.317,2545.79,2478.35,4.67071,18.9019,18.1623,-0.00272459,-1.17785e-32,-6.91676e-13,28585.6,37339.6,1.4037,17.8979,1.33913,17.0746,1.21651,0.0066,1.40183,6.683e-06 
131,1.8,40,0.01,131,3.63415e-07,6.00457e-07,8.29021e-30,12.5115,0.605231,950.317,2545.79,2478.35,4.67071,18.9019,18.1623,-0.45112,-2.26349e-30,4.38829e-13,27008,38475.7,1.68916,21.134,1.5429,19.3041,0.789299,0.0066,1.41311,6.683e-06 
132,1.8,0.01,40,132,3.19011e-07,5.8563e-07,8.0855e-30,12.2026,0.544732,950.317,2545.79,2478.35,4.67071,18.9019,18.1623,-0.169856,-7.48119e-31,6.20663e-13,25056.3,36163.8,1.50253,18.3347,1.40889,17.1921,1.05605,0.0066,1.41903,6.683e-06 
133,1.8,0.01,40,133,3.14655e-07,6.2113e-07,8.57563e-30,12.9423,0.506585,950.317,2545.79,2478.35,4.67071,18.9019,18.1623,0.0240529,1.04493e-31,7.44121e-13,29894.6,43199.6,1.38866,17.9724,1.32858,17.1949,1.24237,0.0066,1.41543,6.683e-06 
134,1.8,40,0.01,134,3.78192e-07,5.68521e-07,7.84928e-30,11.8461,0.665221,950.317,2545.79,2478.35,4.67071,18.9019,18.1623,-0.705862,-3.68566e-30,-4.24379e-14,22923.7,33131.2,1.87762,22.2424,1.68354,19.9433,0.548606,0.0066,1.30001,6.683e-06 
135,1.8,0.01,40,135,3.11285e-07,5.23493e-07,7.22761e-30,10.9078,0.59463,950.317,2545.79,2478.35,4.67071,18.9019,18.1623,-0.40383,-1.73556e-30,2.97087e-13,17897,25811.9,1.65605,18.0639,1.51885,16.5673,0.833953,0.0066,1.35386,6.683e-06 
136,1.8,40,0.01,136,3.72393e-07,6.19756e-07,8.55666e-30,12.9136,0.60087,950.317,2545.79,2478.35,4.67071,18.9019,18.1623,-0.431755,-2.21984e-30,-1.08985e-13,29696.7,41860.3,1.67553,21.6372,1.53298,19.7963,0.807581,0.0066,1.35208,6.683e-06 
137,1.8,40,0.01,137,3.98174e-07,5.23296e-07,7.22489e-30,10.9037,0.760896,950.317,2545.79,2478.35,4.67071,18.9019,18.1623,-1.07445,-5.90669e-30,1.08987e-13,17876.8,26644.7,2.17847,23.7535,1.92302,20.9681,0.198005,0.0066,1.25895,6.683e-06 
138,1.8,40,0.01,138,3.83367e-07,5.98763e-07,8.26682e-30,12.4762,0.640265,950.317,2545.79,2478.35,4.67071,18.9019,18.1623,-0.602386,-3.1884e-30,-2.87744e-13,26780,37181.5,1.79908,22.4457,1.62412,20.2628,0.646461,0.0066,1.36772,6.683e-06 
139,1.8,40,0.01,139,3.79598e-07,6.0239e-07,8.31691e-30,12.5518,0.630153,950.317,2545.79,2478.35,4.67071,18.9019,18.1623,-0.559468,-2.93213e-30,-1.81066e-13,27269.7,37835.8,1.76733,22.1831,1.60041,20.088,0.68702,0.0066,1.3579,6.683e-06 
140,1.8,40,0.01,139,3.75599e-07,6.07823e-07,8.39192e-30,12.665,0.617941,950.317,2545.79,2478.35,4.67071,18.9019,18.1623,-0.506851,-2.62838e-30,2.99225e-13,28014.2,40523.6,1.72899,21.8977,1.57207,19.9102,0.736699,0.0066,1.35778,6.683e-06 
141,1.8,40,0.01,139,3.73923e-07,6.24443e-07,8.62137e-30,13.0113,0.59881,950.317,2545.79,2478.35,4.67071,18.9019,18.1623,-0.422574,-2.18156e-30,-1.5116e-15,30375.6,42727,1.66909,21.7171,1.5283,19.8852,0.816248,0.0066,1.37247,6.683e-06 
142,1.8,40,0.01,139,3.96008e-07,5.47659e-07,7.56126e-30,11.4114,0.723092,950.317,2545.79,2478.35,4.67071,18.9019,18.1623,-0.933757,-5.10531e-30,1.51866e-13,20491.7,29920,2.05973,23.5044,1.82622,20.8397,0.332246,0.0066,1.33982,6.683e-06 
143,1.8,40,0.01,139,3.74693e-07,6.07559e-07,8.38827e-30,12.6595,0.616719,950.317,2545.79,2478.35,4.67071,18.9019,18.1623,-0.50154,-2.59457e-30,7.2799e-14,27977.7,39700.6,1.72515,21.8395,1.56925,19.8659,0.741706,0.0066,1.36429,6.683e-06 
144,1.8,40,0.01,139,3.68615e-07,5.70723e-07,7.87969e-30,11.892,0.645873,950.317,2545.79,2478.35,4.67071,18.9019,18.1623,-0.625973,-3.18575e-30,2.98526e-13,23191.2,34006.1,1.81664,21.6034,1.63736,19.4714,0.624114,0.0066,1.31427,6.683e-06 
145,1.8,40,0.01,139,3.75929e-07,6.06116e-07,8.36834e-30,12.6294,0.620227,950.317,2545.79,2478.35,4.67071,18.9019,18.1623,-0.51677,-2.68218e-30,-2.34521e-13,27778.8,38378.1,1.73615,21.9266,1.57735,19.921,0.72733,0.0066,1.37091,6.683e-06 
146,1.8,40,0.01,139,3.84035e-07,5.61787e-07,7.75632e-30,11.7058,0.683596,950.317,2545.79,2478.35,4.67071,18.9019,18.1623,-0.779955,-4.13547e-30,7.98916e-14,22118.8,31685.6,1.93548,22.6562,1.7281,20.2288,0.478409,0.0066,1.33843,6.683e-06 
147,1.8,40,0.01,139,3.72019e-07,5.77984e-07,7.97994e-30,12.0432,0.64365,950.317,2545.79,2478.35,4.67071,18.9019,18.1623,-0.616586,-3.16696e-30,4.27643e-14,24087.6,34495.5,1.80979,21.7958,1.6321,19.6558,0.633087,0.0066,1.31141,6.683e-06 
148,1.8,40,0.01,139,3.97089e-07,5.63356e-07,7.77798e-30,11.7385,0.704863,950.317,2545.79,2478.35,4.67071,18.9019,18.1623,-0.863674,-4.73501e-30,2.0505e-13,22304.7,33128.7,2.0024,23.5051,1.78054,20.9008,0.398922,0.0066,1.27781,6.683e-06 
149,1.8,40,0.01,139,3.63423e-07,5.8766e-07,8.11353e-30,12.2449,0.618424,950.317,2545.79,2478.35,4.67071,18.9019,18.1623,-0.508954,-2.55373e-30,2.28111e-13,25317.7,36481.3,1.7305,21.1897,1.57318,19.2634,0.734707,0.0066,1.34966,6.683e-06 
150,1.8,40,0.01,139,3.73568e-07,5.75133e-07,7.94057e-30,11.9838,0.649534,950.317,2545.79,2478.35,4.67071,18.9019,18.1623,-0.641198,-3.30709e-30,1.77639e-13,23732.9,34334.7,1.82826,21.9096,1.64603,19.7258,0.609795,0.0066,1.34198,6.683e-06 
151,1.8,40,0.01,139,3.56074e-07,5.835e-07,8.0561e-30,12.1582,0.610238,950.317,2545.79,2478.35,4.67071,18.9019,18.1623,-0.473201,-2.32632e-30,3.82658e-13,24783.9,36003.2,1.70484,20.7277,1.55435,18.8981,0.768455,0.0066,1.36318,6.683e-06 
152,1.8,40,0.01,139,3.97004e-07,5.23282e-07,7.22469e-30,10.9034,0.758682,950.317,2545.79,2478.35,4.67071,18.9019,18.1623,-1.06637,-5.84504e-30,-3.97633e-13,17875.3,24726.1,2.17152,23.677,1.91727,20.9049,0.20573,0.0066,1.30541,6.683e-06 
153,1.8,40,0.01,139,3.72063e-07,5.9488e-07,8.21321e-30,12.3953,0.625442,950.317,2545.79,2478.35,4.67071,18.9019,18.1623,-0.539276,-2.7702e-30,3.6431e-13,26262.4,38210.5,1.75253,21.7231,1.58944,19.7016,0.706085,0.0066,1.37044,6.683e-06 
154,1.8,40,0.01,139,3.69584e-07,6.06809e-07,8.3779e-30,12.6439,0.609062,950.317,2545.79,2478.35,4.67071,18.9019,18.1623,-0.46803,-2.3882e-30,-2.31677e-13,27874.2,39024.5,1.70116,21.5092,1.55166,19.619,0.773336,0.0066,1.34279,6.683e-06 
155,1.8,40,0.01,139,3.7128e-07,5.5616e-07,7.67863e-30,11.5885,0.667577,950.317,2545.79,2478.35,4.67071,18.9019,18.1623,-0.715453,-3.66746e-30,4.69752e-13,21460.8,32269.4,1.88504,21.8448,1.68921,19.5754,0.539528,0.0066,1.32455,6.683e-06 
156,1.8,40,0.01,139,4.01358e-07,5.70682e-07,7.87913e-30,11.8911,0.703294,950.317,2545.79,2478.35,4.67071,18.9019,18.1623,-0.857574,-4.75212e-30,2.4055e-13,23186.2,33960.1,1.99749,23.7523,1.77665,21.1263,0.404731,0.0066,1.31366,6.683e-06 
157,1.8,40,0.01,139,3.84538e-07,5.91835e-07,8.17117e-30,12.3319,0.649738,950.317,2545.79,2478.35,4.67071,18.9019,18.1623,-0.64205,-3.40872e-30,1.00145e-12,25861.2,39226.4,1.82891,22.5538,1.64652,20.3047,0.608988,0.0066,1.40799,6.683e-06 
158,1.8,40,0.01,139,3.91222e-07,5.47504e-07,7.55912e-30,11.4082,0.714555,950.317,2545.79,2478.35,4.67071,18.9019,18.1623,-0.901126,-4.86734e-30,8.33167e-13,20474.3,31218,2.03289,23.1915,1.80474,20.5888,0.363306,0.0066,1.37775,6.683e-06 
159,1.8,40,0.01,139,3.66886e-07,5.26318e-07,7.26661e-30,10.9667,0.697081,950.317,2545.79,2478.35,4.67071,18.9019,18.1623,-0.833298,-4.221e-30,6.93069e-14,18188.3,26072.6,1.97792,21.6912,1.76125,19.3151,0.42778,0.0066,1.3103,6.683e-06 
160,1.8,40,0.01,139,3.88883e-07,5.07559e-07,7.00762e-30,10.5758,0.766182,950.317,2545.79,2478.35,4.67071,18.9019,18.1623,-1.09366,-5.87196e-30,-3.35283e-14,16312,23746.2,2.19503,23.2143,1.93678,20.4831,0.179632,0.0066,1.24725,6.683e-06 
161,1.8,40,0.01,139,3.7658e-07,5.37852e-07,7.42586e-30,11.207,0.700156,950.317,2545.79,2478.35,4.67071,18.9019,18.1623,-0.845335,-4.39511e-30,2.66971e-14,19410.4,28169.8,1.98759,22.275,1.76886,19.8237,0.416348,0.0066,1.28565,6.683e-06 
162,1.8,40,0.01,139,3.9833e-07,5.83095e-07,8.05051e-30,12.1497,0.68313,950.317,2545.79,2478.35,4.67071,18.9019,18.1623,-0.778103,-4.27921e-30,1.66096e-13,24732.3,35489.2,1.93401,23.4977,1.72697,20.9822,0.480162,0.0066,1.36973,6.683e-06 
163,1.8,40,0.01,139,3.83173e-07,6.15319e-07,8.4954e-30,12.8212,0.622724,950.317,2545.79,2478.35,4.67071,18.9019,18.1623,-0.527568,-2.79099e-30,6.79568e-13,29063.4,42914.2,1.74399,22.36,1.58313,20.2976,0.717135,0.0066,1.38928,6.683e-06 
164,1.8,40,0.01,139,3.67551e-07,5.82439e-07,8.04145e-30,12.1361,0.631055,950.317,2545.79,2478.35,4.67071,18.9019,18.1623,-0.563321,-2.85862e-30,1.08217e-13,24648.9,35474.7,1.77016,21.4828,1.60252,19.4483,0.683381,0.0066,1.33918,6.683e-06 
165,1.8,40,0.01,139,3.59428e-07,5.92383e-07,8.17874e-30,12.3433,0.606749,950.317,2545.79,2478.35,4.67071,18.9019,18.1623,-0.457833,-2.27197e-30,-5.43968e-14,25933.1,37059.8,1.69391,20.9084,1.54637,19.0873,0.782962,0.0066,1.30624,6.683e-06 
166,1.8,40,0.01,139,3.62565e-07,5.8528e-07,8.08067e-30,12.1953,0.619473,950.317,2545.79,2478.35,4.67071,18.9019,18.1623,-0.513501,-2.57046e-30,9.17545e-13,25011.4,37512.1,1.73379,21.144,1.57561,19.2149,0.730416,0.0066,1.40886,6.683e-06 
167,1.8,40,0.01,139,3.55195e-07,5.90314e-07,8.15017e-30,12.3002,0.601705,950.317,2545.79,2478.35,4.67071,18.9019,18.1623,-0.435476,-2.13557e-30,-4.14872e-13,25662.3,35165.5,1.67814,20.6414,1.53488,18.8792,0.804067,0.0066,1.33977,6.683e-06 
168,1.8,40,0.01,139,3.66826e-07,6.19649e-07,8.55519e-30,12.9114,0.591989,950.317,2545.79,2478.35,4.67071,18.9019,18.1623,-0.391929,-1.98496e-30,-7.53547e-13,29681.4,39676.7,1.64782,21.2757,1.51289,19.5336,0.845198,0.0066,1.35498,6.683e-06 
169,1.8,40,0.01,139,3.56999e-07,5.19002e-07,7.16561e-30,10.8143,0.687856,950.317,2545.79,2478.35,4.67071,18.9019,18.1623,-0.796911,-3.9279e-30,-2.69488e-13,17440.3,24474.1,1.94888,21.0757,1.73854,18.801,0.46232,0.0066,1.25297,6.683e-06 
170,1.8,40,0.01,139,3.78518e-07,5.62484e-07,7.76594e-30,11.7203,0.672939,950.317,2545.79,2478.35,4.67071,18.9019,18.1623,-0.737142,-3.85231e-30,2.93376e-13,22201.3,32246.5,1.90202,22.2923,1.70217,19.9499,0.519054,0.0066,1.34324,6.683e-06 
171,1.8,40,0.01,139,4.15538e-07,5.18168e-07,7.15409e-30,10.7969,0.801937,950.317,2545.79,2478.35,4.67071,18.9019,18.1623,-1.22064,-7.00299e-30,-1.90664e-13,17356.3,24697.9,2.30698,24.9081,2.03125,21.9312,0.0579136,0.0066,1.31839,6.683e-06 
172,1.8,40,0.01,139,3.65707e-07,5.95654e-07,8.2239e-30,12.4114,0.613958,950.317,2545.79,2478.35,4.67071,18.9019,18.1623,-0.489493,-2.47152e-30,-3.36757e-13,26365.1,36578,1.7165,21.3042,1.56289,19.3977,0.753081,0.0066,1.33315,6.683e-06 
173,1.8,40,0.01,139,3.75721e-07,6.08983e-07,8.40792e-30,12.6892,0.616965,950.317,2545.79,2478.35,4.67071,18.9019,18.1623,-0.50261,-2.60724e-30,-7.70269e-14,28174.9,39811,1.72592,21.9005,1.56982,19.9197,0.740697,0.0066,1.35839,6.683e-06 
174,1.8,40,0.01,139,3.80512e-07,5.99347e-07,8.27488e-30,12.4884,0.634878,950.317,2545.79,2478.35,4.67071,18.9019,18.1623,-0.579586,-3.04488e-30,-9.60861e-14,26858.4,38022.7,1.78218,22.2565,1.61146,20.1245,0.66802,0.0066,1.34826,6.683e-06 
