cyc,time,#2,cyc,ROIsum,fBg,fA1,fWidth1,fCtr1,fA2,fWidth2,fCtr2,box1,box2,box3,box4,box5,box6,box7,box8,box9,Nfit,BZ-2,BZ-1,BZ0,BZ1,BZ2,Excited,c5,c7,c9,fraction95,fraction75,fraction97,sum95,two2D_bg,two2D_a1,two2D_sh1,two2D_sv1,two2D_ch1,two2D_cv1,two2D_a2,two2D_sh2,two2D_sv2,two2D_ch2,two2D_cv2,two2D_chd,two2D_cvd
0,0.01,3.99,0,13383.6,0.0424985,22.4249,12.7106,122.035,-0.00749657,-22.6928,7.03279e-07,0.424255,-0.181605,3.7118,-2.41173,2.22028,-28.3108,1669.33,116.466,11027.8,9284.36,0.602521,-0.00333881,4.06833,-2.23346,2.39854,0.158147,1699.9,117.714,11058.4,0.228167,0.891915,0.0192316,7450.27,0.000376063,0.0846657,13.0329,32.1827,124.786,108,0.859574,12.5588,11.399,121.122,134.289,3.66404,-26.2894 
1,0.53,3.47,1,17053.7,0.00047469,28.726,12.8935,122.01,0.0136258,-107.423,251.131,-2.80954,-3.02432,9.0473,-0.131237,1.44579,3.73682,1927.35,133.043,14328.1,12104.7,-2.83307,-3.04785,9.00024,-0.154767,1.42226,-1.05166,1923.32,132.878,14324.1,0.205222,0.892137,0.0168013,9371.85,0.000287225,0.100202,13.1329,34.3239,124.778,108,1.06558,12.824,11.6969,120.968,134.927,3.80947,-26.9268 
2,0.51,3.49,2,13889.3,-0.0015353,23.765,12.7699,122.177,-0.00385326,5.92182,4.55569e-11,0.751487,1.02463,2.26843,0.384896,-0.664482,37.4841,1754.64,126.758,11613.8,9879.88,0.515459,0.788601,1.79638,0.148868,-0.90051,0.235192,1714.16,125.105,11573.3,0.221689,0.886744,0.0195241,7732.27,0.000228245,0.0994594,12.8794,29.2714,124.723,108,0.912064,12.6096,11.2645,121.232,134.747,3.49161,-26.747 
3,0.39,3.61,3,14292.1,-0.0654113,24.1974,13.1362,122.024,0.0405141,11.9265,417.692,-3.22953,5.26159,-2.33101,1.29196,-0.46454,-7.71942,1579.22,88.6357,12266.8,10363.2,-3.18092,5.3102,-2.23379,1.34056,-0.415933,3.72375,1587.56,88.9759,12275.1,0.199176,0.91068,0.0131765,7970.63,0.000100037,0.0626828,14.9965,27.9016,126.169,96.8257,0.960316,12.7872,12.0143,121.243,133.912,4.92659,-37.0865 
4,0.25,3.75,4,15332,0.0277182,25.5268,-12.9233,122.288,-0.211783,119.163,197.479,2.9684,0.441847,-1.3896,0.439268,-3.10608,18.1487,1753,83.6139,12905.4,11560.6,2.85412,0.327569,-1.61815,0.32499,-3.22035,-0.214988,1733.4,82.8139,12885.8,0.205525,0.922844,0.0117002,8434.03,0.000328966,0.0751453,14.3413,25.694,125.574,98.0692,1.03391,12.8368,11.7267,121.553,134.704,4.02067,-36.635 
5,0.71,3.29,5,15073.8,-0.0178296,25.7213,12.8083,122.452,0.0479822,-18.9324,184.702,-2.78647,1.82799,-3.11998,-0.258111,1.79109,31.3586,1789.28,129.352,12591,10754.2,-2.98393,1.63053,-3.5149,-0.455568,1.59363,0.0577258,1755.41,127.97,12557.2,0.211875,0.886859,0.0184269,8285.15,0.00035545,0.105499,12.8613,29.5197,125.285,108,0.95305,12.5988,11.6381,121.46,135.08,3.82569,-27.0797 
6,0.45,3.55,6,13836.3,-0.0154685,23.6832,12.7643,122.409,0.0134389,15.453,40.8225,-3.97162,1.7499,6.44136,-0.331035,-1.61232,2.34451,1515,89.771,11828.1,9847.59,-3.98638,1.73513,6.41183,-0.345798,-1.62708,-1.93084,1512.47,89.6677,11825.5,0.197405,0.906002,0.0137754,7661.75,7.15337e-05,0.0695571,12.8463,38.0256,125.389,108,0.926351,12.7416,11.4033,121.533,135.32,3.85602,-27.32 
7,0.77,3.23,7,14955.9,-0.0495438,25.7883,-12.8153,121.933,-0.0519843,59.8776,498.769,2.15863,-0.227294,5.54003,0.563102,0.704584,-8.17221,2002.79,160.724,12477.3,10859.7,2.21009,-0.175836,5.64295,0.61456,0.756042,0.376318,2011.61,161.084,12486.1,0.236539,0.877089,0.0232135,8504.37,0.000150001,0.11276,12.8894,30.0043,124.116,108,0.93391,12.704,11.5972,121.074,135.198,3.0421,-27.198 
8,0.57,3.43,8,13335.2,-0.00326416,22.6396,12.6859,122.348,-0.00888816,18.3949,500,0.675371,2.3553,1.11157,0.486971,2.69652,20.5753,1629.79,124.609,11004.9,9354.75,0.545814,2.22575,0.852451,0.357414,2.56696,0.869823,1607.57,123.702,10982.7,0.219656,0.88132,0.0203265,7318.58,0.000423083,0.09263,12.93,28.7178,124.603,108,0.857,12.5957,11.409,121.494,135.179,3.10837,-27.1786 
9,0.37,3.63,9,14321.1,-0.0617625,24.6609,12.8964,122.02,0.00106809,32.5017,147.608,1.81413,-1.42827,3.21445,-0.826696,0.308229,-7.88485,1765.57,119.079,12101.6,10354.3,1.86378,-1.37862,3.31375,-0.777047,0.357878,0.0195259,1774.08,119.426,12110.1,0.219801,0.89461,0.0178422,8071.32,6.63397e-05,0.0871063,13.3601,34.4524,124.951,108,0.918394,12.5683,11.6517,121.014,134.579,3.93695,-26.5788 
10,0.81,3.19,10,15362.9,-0.0720251,26.1582,13.0695,122.071,0.0330334,-1.50134,2.83321,2.62281,0.904929,-2.29932,-3.38175,2.946,62.1533,1902.25,152.786,12948.8,11130.7,2.23144,0.513567,-3.08205,-3.77311,2.55464,-0.981369,1835.13,150.046,12881.7,0.215048,0.874825,0.0210062,8533.6,0.00017879,0.1107,13.2778,28.6414,124.397,108,0.941911,12.8533,11.8689,121.179,134.687,3.21736,-26.6869 
11,0.29,3.71,11,15344.4,-0.0900047,26.7979,12.8185,122.075,0.90541,-750.226,344.621,-1.87328,-0.237808,3.24725,0.939675,0.220876,75.2643,1625.95,93.2367,13320.7,33294.6,-2.34719,-0.711727,2.29941,0.465756,-0.253043,5.20525,1544.67,89.9192,13239.4,0.183253,0.907547,0.0123566,8429.17,-3.51897e-05,0.0757944,13.0518,37.9325,124.962,108,1.05511,12.5775,11.3794,121.215,134.86,3.74748,-26.8598 
12,0.79,3.21,12,14589,-0.0512765,25.7205,12.6261,122.031,-0.00632997,95.5806,500,-1.58739,0.536815,0.71692,1.90079,-0.103379,26.7324,1818.76,150.993,12384.4,10591.4,-1.75572,0.368488,0.380267,1.73246,-0.271706,0.162027,1789.89,149.814,12355.5,0.217887,0.872238,0.0218481,8214.75,0.000123993,0.113659,12.5791,28.2904,124.422,108,0.92508,12.5755,11.7438,121.113,133.627,3.30917,-25.6271 
13,0.65,3.35,13,13759.7,-0.136418,24.246,12.9651,122.094,0.0794237,2.43231,265.712,4.0224,-3.0497,-1.06275,0.0437526,-0.73738,61.9479,1615.55,76.32,12067.2,10239.5,3.63233,-3.43977,-1.84289,-0.346317,-1.12745,0.410105,1548.66,73.5895,12000.3,0.198831,0.923227,0.0111702,7788.81,-0.000318544,0.0655691,14.8123,27.4282,126.074,96.9436,0.941557,12.7576,12.1886,121.436,134.83,4.63848,-37.8868 
14,0.19,3.81,14,14506,-0.0803261,24.8485,13.0471,121.801,-0.00882368,78.3171,32.4437,-0.259464,2.54803,-3.01094,1.73495,-0.137083,75.417,1602.6,107.116,12536.7,10576.3,-0.734345,2.07315,-3.9607,1.26006,-0.611964,-1.00665,1521.15,103.792,12455.3,0.190194,0.893331,0.0151184,7997.9,-5.29459e-05,0.0806932,13.2436,35.2254,124.969,108,0.947279,12.7666,11.6477,120.824,134.231,4.14533,-26.2306 
15,0.55,3.45,15,13051.2,-0.0252604,22.8647,12.686,122.143,-0.00579415,9.05229,500,-0.0308471,-0.0796484,-4.56981,0.505055,0.299241,41.0983,1592.65,128.583,11114.8,9444.15,-0.289632,-0.338433,-5.08738,0.24627,0.0404556,0.0628767,1548.27,126.772,11070.4,0.211949,0.874669,0.0206589,7304.89,9.95289e-05,0.0946629,12.4017,28.889,124.76,108,0.852621,12.698,11.513,121.264,134.92,3.49571,-26.9195 
16,0.23,3.77,16,13937.1,-0.0662225,24.0406,12.9051,122.046,0.055645,-11.3546,455.847,2.13141,-0.784184,-0.959017,0.208724,1.57303,17.1921,1657.85,101.303,11861.9,10120.1,2.02316,-0.892439,-1.17553,0.10047,1.46477,1.77315,1639.29,100.545,11843.3,0.210224,0.903068,0.015398,7797.8,1.34463e-05,0.0798958,13.0303,35.7866,124.926,108,0.886776,12.6758,11.8639,121.114,134.656,3.81202,-26.6557 
17,0.73,3.27,17,13809.6,0.00186891,24.1815,12.7139,122.102,-0.00677349,2.42612,4.16889e-11,-0.549993,-3.65727,6.73011,-1.80407,-1.56757,36.9286,1660.25,108.97,11855.4,10008.8,-0.782522,-3.8898,6.26505,-2.0366,-1.8001,3.79195,1620.37,107.343,11815.5,0.208691,0.896113,0.0164598,7764.45,-7.61843e-05,0.0893695,12.6751,32.5429,124.913,108,0.904003,12.7471,11.5791,121.19,134.828,3.72386,-26.828 
18,0.33,3.67,18,14308.2,-0.0909867,25.1711,12.7573,122.142,0.0589281,4.62741,495.061,-1.56376,-3.41806,0.0103905,-2.52662,2.39526,76.4716,1571.78,103.032,12342.9,10462.2,-2.04529,-3.89959,-0.952652,-3.00814,1.91374,0.880798,1489.2,99.6612,12260.3,0.189356,0.895164,0.0147531,7864.57,-8.0724e-05,0.0797025,13.3173,35.9132,124.686,108,0.958499,12.5195,11.5292,121.274,134.396,3.41254,-26.3963 
19,0.07,3.93,19,12970.5,-0.12262,23.3891,12.6403,122.261,0.032773,25.5743,383.186,2.03871,-2.8778,0.221145,2.41393,-1.31279,74.1238,1526.78,102.14,11234.7,9651.5,1.57197,-3.34454,-0.712331,1.94719,-1.77953,0.692595,1446.73,98.8727,11154.7,0.199627,0.893177,0.0160657,7247.17,-0.000163753,0.0874413,12.6646,30.6259,125.201,108,0.880989,12.4563,11.6014,121.364,135.071,3.83725,-27.0707 
20,0.03,3.97,20,15320.9,-0.0774411,26.0588,13.1079,122.138,-0.342203,497.918,499.909,-3.24727,2.27001,-2.64149,0.648543,1.32994,49.6605,1872.05,112.194,13027,16666.2,-3.55996,1.95731,-3.26689,0.335843,1.01724,0.0709735,1818.42,110.005,12973.4,0.212318,0.904269,0.0153795,8564.58,-0.000111748,0.0849562,13.4909,36.93,124.92,108,0.973087,12.9234,11.688,121.244,135.638,3.67573,-27.6384 
21,0.21,3.79,21,16231.8,-0.142071,28.4036,12.9838,122.095,0.131608,-37.0293,436.876,-1.40481,-4.86389,-1.50038,-2.52837,-1.9886,41.72,1961.98,132.508,13956.3,12163.8,-1.66751,-5.12659,-2.02578,-2.79107,-2.2513,0.853864,1916.92,130.669,13911.2,0.209482,0.893423,0.0170087,9150.76,-0.000259689,0.098987,13.2241,35.7781,124.73,108,1.05444,12.7833,11.5507,121.184,134.663,3.54659,-26.6626 
22,0.63,3.37,22,15907.6,-0.130136,27.504,12.9441,122.226,0.0706153,6.19926,1.79683e-11,-3.97405,-2.67315,-1.07435,1.0981,1.0236,64.6537,1752.16,92.4872,13838.8,11603.7,-4.38116,-3.08025,-1.88856,0.690992,0.616498,0.765177,1682.34,89.6374,13768.9,0.190263,0.91471,0.0118502,8842.2,-0.000233492,0.0732223,13.2712,43.1091,125.383,108,1.04834,12.7464,11.698,121.371,134.732,4.01109,-26.7317 
23,0.67,3.33,23,13494.5,-0.0337038,23.8566,12.8133,122.202,0.00135016,5.04374,500,-5.80522,1.08063,2.0989,-0.766705,3.24695,36.1291,1528.38,107.896,11789.6,9951.18,-6.03272,0.853133,1.64391,-0.994201,3.01946,2.08838,1489.37,106.303,11750.5,0.195979,0.888963,0.0163917,7599.65,-0.000182773,0.0899876,12.9135,27.7566,125.149,108,0.916769,12.7492,11.6066,121.301,135.791,3.84864,-27.791 
24,0.41,3.59,24,14942.8,-0.0629675,25.963,12.966,122.245,0.00703029,-25.9238,497.064,0.996203,1.35484,0.025437,-0.373106,-1.77154,51.7701,1762.41,104.935,12838.4,10964.6,0.67022,1.02885,-0.626528,-0.699089,-2.09752,0.636598,1706.51,102.653,12782.5,0.204289,0.904757,0.0145779,8353.39,-0.000196909,0.0862345,12.6198,37.7075,125.278,108,0.96344,12.8087,11.7358,121.241,134.501,4.03664,-26.5009 
25,0.11,3.89,25,13640.1,-0.0827132,24.7113,-12.3694,122.221,-0.0534839,47.4834,420.986,-2.50929,-0.87594,-1.20769,0.511571,-0.489589,57.9111,1605.76,107.747,11731.2,10033,-2.87394,-1.24059,-1.93699,0.14692,-0.854239,0.713414,1543.22,105.195,11668.7,0.202764,0.893423,0.0163356,7610.92,-7.58842e-05,0.0929728,12.0227,32.9918,124.764,108,0.947259,12.4086,11.1736,121.295,134.427,3.46886,-26.427 
26,0.43,3.57,26,16050.9,-0.154228,27.856,12.987,122.112,0.107237,84.0332,3.46707e-11,-0.304883,-1.81856,-6.02392,0.139262,5.59727,46.8849,1870.85,130.413,13778.3,12070.1,-0.600105,-2.11378,-6.61437,-0.15596,5.30204,-0.581563,1820.22,128.346,13727.6,0.203181,0.890159,0.0169311,8958.59,-0.000188703,0.0896066,13.1383,38.4838,125.013,108,1.04097,12.7408,11.613,121.118,135.179,3.89417,-27.179 
27,0.31,3.69,27,12845.8,-0.0857102,22.4586,12.8569,122.17,-0.0748259,156.823,0.164588,3.53826,-4.32433,-1.97936,3.55211,-0.851401,26.2127,1522.59,84.2539,11088.1,9781.72,3.37321,-4.48939,-2.30947,3.38705,-1.01646,-1.18897,1494.28,83.0986,11059.8,0.20624,0.911312,0.0136519,7245.36,-8.57269e-05,0.066568,14.396,28.8546,125.716,102.03,0.891965,12.4893,11.7562,121.337,134.75,4.37898,-32.7196 
28,0.69,3.31,28,14303.5,-0.138072,25.1374,12.9874,122.042,0.0874257,123.113,137.594,-2.40569,-0.530236,-2.422,1.82895,1.2345,46.1155,1766.87,163.146,12370,10978,-2.69607,-0.820613,-3.00275,1.53857,0.944124,0.256145,1717.07,161.113,12320.2,0.211369,0.858956,0.0235229,8123.55,-0.000127055,0.114296,13.1265,25.6615,124.391,108,0.923323,12.7808,11.741,121.16,134.943,3.2307,-26.9426 
29,0.49,3.51,29,13405.8,-0.085513,23.7104,12.731,121.904,-0.0381645,99.0156,500,-3.38419,0.325679,2.27425,2.0246,0.940508,69.309,1588.61,117.089,11525.3,9949.49,-3.82061,-0.110741,1.40141,1.58818,0.504088,4.2019,1513.77,114.034,11450.5,0.2027,0.883525,0.0180148,7468.01,-8.2965e-05,0.0888311,12.773,31.2037,124.786,108,0.894984,12.5959,11.5351,120.875,135.402,3.91102,-27.402 
30,0.09,3.91,30,13608,-0.0269646,23.8874,12.7913,122.086,0.00451394,-14.7235,500,-4.74159,-0.806094,-4.16585,-1.6854,-0.178437,77.049,1586.3,100.868,11848,9948.83,-5.22675,-1.29125,-5.13616,-2.17055,-0.663594,0.645496,1503.09,97.4719,11764.8,0.197236,0.898083,0.0150325,7620.78,-0.000293544,0.0777729,12.9986,36.1995,125.771,108,0.932866,12.6989,11.3324,121.014,135.588,4.75761,-27.5877 
31,0.15,3.85,31,14114.3,0.00640717,24.8895,-12.7985,121.936,-0.00656406,-4.14382,2.38983e-11,-1.26739,2.45521,-2.37003,5.71859,1.13417,48.5478,1491.83,87.8274,12544.2,10370.7,-1.57309,2.14952,-2.98141,5.4129,0.828472,1.77714,1439.41,85.6875,12491.8,0.181397,0.905652,0.0124782,7935.14,-0.000398795,0.0670174,13.0694,38.4162,125.913,108,0.965335,12.6253,11.886,121.032,135.35,4.88077,-27.3495 
32,0.05,3.95,32,13601.9,0.00228107,23.675,12.8054,122.153,-0.00387937,-3.44177,500,1.24849,4.48663,-1.71127,-1.62957,-1.13129,25.6277,1633.49,95.9313,11616.4,9869.56,1.08712,4.32525,-2.03401,-1.79094,-1.29267,7.90061,1605.81,94.8017,11588.7,0.210406,0.90636,0.0148456,7631.95,-0.000124653,0.0765532,13.3764,36.8259,125.368,108,0.894701,12.5861,11.6079,121.232,135.302,4.13634,-27.3023 
33,0.47,3.53,33,14959.6,-0.0116439,26.1708,-12.6513,122.252,-0.01165,1.05932,500,-1.85665,1.476,-3.09122,1.10505,0.613361,24.9363,1743.05,123.918,12734.2,10778.6,-2.01367,1.31898,-3.40526,0.948036,0.456344,-0.26328,1716.13,122.819,12707.3,0.206168,0.888696,0.017493,8323.9,0.000117021,0.0991411,12.7632,29.6318,125.207,108,0.991787,12.6266,11.5158,121.285,135.141,3.92241,-27.1408 
34,0.61,3.39,34,15781.3,-0.0895512,27.7999,12.6961,121.998,0.124364,-11.2761,345.361,-2.68573,-0.18104,0.828989,3.03059,1.16354,35.2414,1922.22,144.841,13485.5,11535.3,-2.90764,-0.402945,0.385178,2.80869,0.941633,0.533069,1884.16,143.288,13447.4,0.212256,0.882546,0.0192505,8876.83,-1.37361e-05,0.11039,12.5878,31.5635,124.268,108,1.008,12.7179,11.6798,121.064,135.212,3.20355,-27.2118 
35,0.17,3.83,35,14098.1,-0.0671637,24.6279,12.7437,122.221,0.02582,-26.6871,57.9852,-1.86417,3.96705,-2.66723,-2.99541,1.1346,79.759,1585.64,73.4862,12160.5,10239.3,-2.36639,3.46483,-3.67167,-3.49763,0.632383,0.324871,1499.51,69.9707,12074.3,0.192785,0.924506,0.0105622,7778.17,-3.45773e-05,0.0615596,15.039,27.284,126.071,96.3041,0.979809,12.5759,12.0106,121.532,135.212,4.5388,-38.9078 
36,0.27,3.73,36,14364.4,-0.0676994,25.2148,12.6788,121.942,-0.0104362,86.1727,103.036,1.80975,1.90771,1.06332,3.99329,3.01527,-25.2798,1722.73,110.245,12214.8,10436.3,1.96893,2.06689,1.38168,4.15247,3.17445,0.891585,1750.03,111.359,12242.1,0.215629,0.899801,0.0164804,8115.92,-3.43017e-07,0.0915488,12.5237,33.9207,125.054,108,0.940548,12.5237,11.6434,120.868,134.726,4.18616,-26.7255 
37,0.75,3.25,37,14109,-0.0283522,24.0358,12.946,122.162,-0.0431662,1006.97,0.303496,-2.36555,1.04215,-1.25852,1.17743,3.89912,45.6046,1583.2,102.102,12005.1,11544.5,-2.65271,0.75499,-1.83283,0.890269,3.61196,3.37516,1533.95,100.092,11955.9,0.197903,0.897513,0.0151875,7751.01,2.64223e-05,0.07422,13.524,38.0397,125.429,108,0.918965,12.6669,11.5425,121.115,134.336,4.31337,-26.3362 
38,0.13,3.87,38,15014.7,-0.0660606,26.344,12.6645,122.112,0.0388864,64.9422,359.35,0.848826,0.82706,-0.45683,1.102,-1.14715,22.4679,1662.95,85.1659,13022.1,10943.1,0.707352,0.685586,-0.739779,0.960522,-1.28862,3.27583,1638.69,84.1756,12997.8,0.195139,0.917521,0.0117891,8397.54,-0.000118828,0.0712871,13.2472,38.1716,125.096,108,1.02191,12.5186,11.6949,121.344,136.587,3.75236,-28.5868 
39,0.35,3.65,39,14243.2,-0.118849,24.7763,13.0311,122.093,-0.0990937,101.028,166.349,-0.037614,0.565044,-4.65036,4.11753,1.09738,49.8188,1625.49,79.9999,12376.3,10836.1,-0.351309,0.251348,-5.27775,3.80384,0.783684,-5.67906,1571.69,77.804,12322.5,0.196968,0.920276,0.0114973,7979.39,-0.000345789,0.0700268,12.9546,42.9557,125.479,108,0.938838,12.8575,11.6309,121.108,134.489,4.37029,-26.4893 
40,0.59,3.41,40,13800.4,-0.0790826,24.2132,12.7506,121.936,-0.0126294,61.3104,5.23169,-2.47178,2.53451,4.67603,3.67841,3.725,42.0261,1609.24,99.0509,11833.8,10075.5,-2.73641,2.26989,4.14677,3.41378,3.46037,0.607105,1563.86,97.1985,11788.4,0.203262,0.901902,0.0149614,7693.83,-8.52258e-06,0.0737133,13.2901,35.5334,125.403,108,0.918865,12.4978,11.7063,121.054,135.868,4.34936,-27.8678 
41,0.01,3.99,41,13909.1,-0.101219,24.3595,12.8741,122.288,-0.00902686,66.3634,1.33779,3.02641,-2.32171,-0.888024,1.39896,2.79619,15.092,1681.29,97.4519,11980.6,10228.4,2.93138,-2.41674,-1.07808,1.30393,2.70116,1.31325,1664.99,96.7866,11964.3,0.211121,0.907665,0.0146831,7886.43,-0.000169826,0.0863288,12.392,35.7029,125.837,108,0.911239,12.7548,11.5826,121.113,135.245,4.72476,-27.2447 
42,0.53,3.47,42,13698.9,-0.107668,24.3334,12.7302,121.906,0.026958,19.7845,401.322,-1.43893,1.45576,2.13155,-1.61508,-1.70559,81.7817,1588.05,98.1663,11914.4,10101.4,-1.95388,0.940798,1.10163,-2.13004,-2.22054,1.25848,1499.73,94.5616,11826.1,0.196061,0.900624,0.0145156,7649.32,-0.000171471,0.0805202,13.0989,33.4123,125.048,108,0.922654,12.5677,11.644,120.908,135.399,4.13915,-27.3994 
43,0.51,3.49,43,14711.4,-0.0154066,24.8924,-12.9076,122.347,-0.00132264,4.64728,89.5637,1.08333,-1.6452,-0.256691,-0.418902,1.44853,31.0349,1668.07,97.6434,12463.6,10459.6,0.887915,-1.84061,-0.647528,-0.61432,1.25311,0.326501,1634.56,96.2755,12430.1,0.201842,0.906557,0.0140671,8098.19,0.000107431,0.0769703,13.0788,38.2328,125.453,108,0.953411,12.7713,11.5233,121.278,134.596,4.17554,-26.5965 
44,0.39,3.61,44,13701.3,0.0026341,23.9885,12.5818,121.871,0.00434252,-6.60274,1.27151e-12,4.6153,-2.66617,4.31458,1.1126,-1.26748,-8.57349,1526.42,69.5104,11784.6,9826.13,4.66929,-2.61219,4.42255,1.16659,-1.21349,0.312494,1535.68,69.8883,11793.8,0.200259,0.926233,0.0107981,7668.48,-0.000150835,0.0659201,13.6858,39.0812,125.216,107.999,0.930613,12.5251,11.5461,120.958,135.012,4.25756,-27.0127 
45,0.25,3.75,45,13511.9,-0.00399383,23.4834,12.8746,121.725,-0.00710533,9.99061,7.19869e-11,-1.4009,-0.75573,-4.03872,0.27891,-0.624413,-1.39853,1568.35,86.8212,11804.2,9844.43,-1.39209,-0.746924,-4.02111,0.287717,-0.615607,0.380225,1569.86,86.8828,11805.8,0.203644,0.9117,0.0133754,7708.85,-0.000211651,0.0690575,13.825,34.454,125.06,106.373,0.939902,12.6276,11.4278,120.906,135.442,4.15379,-29.0689 
