cyc,time,#2,cyc,ROIsum,fBg,fA1,fWidth1,fCtr1,fA2,fWidth2,fCtr2,box1,box2,box3,box4,box5,box6,box7,box8,box9,Nfit,BZ-2,BZ-1,BZ0,BZ1,BZ2,Excited,c5,c7,c9,fraction95,fraction75,fraction97,sum95
0,0.01,3.99,0,14464.8,-0.0481934,24.7852,12.8973,122.036,0.0249659,18.5244,28.3063,-2.09699,2.60456,-2.12734,1.16862,0.0472865,68.2273,1504.61,747.651,11639,10421.1,-2.5266,2.17495,-2.98655,0.739014,-0.382322,-0.00169145,1427.92,729.608,11562.3,0.191917,0.527934,0.104136,7440.3 
1,0.53,3.47,1,13975.6,0.00440077,23.5749,-12.7955,121.883,-0.00647953,3.23644,3.29031e-11,-4.80205,-2.57282,-1.6174,-0.721029,-1.09455,49.8057,1639.38,845.79,10737.6,9820.46,-5.11566,-2.88643,-2.24463,-1.03464,-1.40816,0.823112,1583.4,832.619,10681.7,0.221831,0.520773,0.12556,7137.87 
2,0.51,3.49,2,15729.2,-0.0428135,26.878,-12.8922,121.976,0.00790147,21.1684,187.395,-1.26455,-3.36767,0.621619,4.00654,0.483491,57.6352,1569.92,797.261,12705.1,11285.7,-1.62747,-3.73058,-0.104208,3.64363,0.120577,0.938631,1505.14,782.018,12640.3,0.186324,0.523769,0.102306,8078.12 
3,0.39,3.61,3,13882.3,-0.0177859,24.5645,12.5578,121.964,0.0405234,4.32411,499.995,-1.16325,-5.08721,-5.62059,1.37261,5.32446,50.4555,1181.64,552.953,11650.1,10047.7,-1.48096,-5.40492,-6.256,1.05491,5.00675,0.116411,1124.93,539.609,11593.4,0.157257,0.543643,0.0789694,7153.48 
4,0.25,3.75,4,14515.9,-0.00336778,25.0781,12.8415,121.92,0.000493166,-11.6713,500,4.20995,-1.42439,-0.737145,0.208607,-1.77608,33.5328,1367.51,672.381,12047.6,10483.6,3.9988,-1.63554,-1.15944,-0.0025406,-1.98722,-0.475222,1329.82,663.513,12009.9,0.175555,0.533858,0.0923704,7574.98 
5,0.71,3.29,5,16061.3,0.015095,27.7421,12.7777,121.976,-0.0199266,-8.77462,5.11988e-11,1.60078,-1.47051,-3.94675,-3.64247,-0.392839,58.4208,1787.25,1061.12,12685.5,11545.2,1.23292,-1.83837,-4.68247,-4.01033,-0.760699,0.534497,1721.58,1045.67,12619.8,0.207823,0.484748,0.132423,8283.9 
6,0.45,3.55,6,14740.1,0.00611896,24.4711,13.0556,122.042,-0.0051295,-11.8234,346.806,0.881968,-4.35128,-9.49155,1.78738,-1.13177,40.9136,1686.78,769.011,11567.7,10402.2,0.624347,-4.6089,-10.0068,1.52975,-1.38939,0.277539,1640.79,758.191,11521.7,0.214986,0.552897,0.108115,7632.09 
7,0.77,3.23,7,14767.2,-0.0197892,24.9087,12.9982,121.732,0.00690079,-25.6593,500,1.4863,0.988924,-4.47425,2.07425,1.13697,58.2925,1470.2,747.577,11940.6,10545.5,1.11925,0.621872,-5.20836,1.7072,0.769917,-4.26036,1404.68,732.161,11875,0.185322,0.522972,0.101992,7579.71 
8,0.57,3.43,8,15193.1,-0.0478117,25.8899,12.9564,121.91,0.0626864,-50.7874,409.78,-4.43396,2.06073,-7.28803,-3.1732,1.94516,6.81881,1699.05,878.045,12103.6,11023.3,-4.4769,2.01779,-7.3739,-3.21613,1.90222,0.338481,1691.39,876.241,12096,0.211919,0.524492,0.117733,7981.28 
9,0.37,3.63,9,15545.2,-0.0444738,26.444,12.9598,121.965,-0.0384783,97.3255,48.6256,-5.42633,1.75463,-3.17954,0.480559,-2.11197,56.8571,1548.8,744.204,12785.5,11278.2,-5.78434,1.39662,-3.89557,0.122546,-2.46998,0.633556,1484.89,729.167,12721.6,0.183317,0.537822,0.0955011,8100.11 
10,0.81,3.19,10,14052.1,-0.00981054,23.5049,13.0333,121.579,0.00603943,-13.435,181.906,3.98179,-3.77669,-3.35861,-2.08131,-0.969011,52.246,1587.46,835.723,10991.2,9975.22,3.65281,-4.10566,-4.01656,-2.41029,-1.29799,0.508839,1528.74,821.905,10932.5,0.211924,0.515235,0.121644,7213.62 
11,0.29,3.71,11,14840.2,-0.0069256,24.8998,-12.8418,121.738,-0.00505992,-18.2967,492.221,-4.68001,0.381127,-4.11311,1.32417,2.25749,24.6612,1454.66,737.236,11897.6,10412.2,-4.8353,0.225842,-4.42368,1.16888,2.10221,0.232272,1426.94,730.714,11869.9,0.187773,0.527386,0.101851,7599.29 
12,0.79,3.21,12,14113.1,-0.0024354,23.9567,12.8079,121.546,-0.0140682,-5.97582,20.8577,2.95271,-0.989067,5.15596,2.10353,0.13817,42.6684,1371.88,672.015,11522.5,9991.2,2.68404,-1.25774,4.61862,1.83486,-0.130501,0.403994,1323.92,660.731,11474.5,0.181591,0.533795,0.0959004,7290.67 
13,0.65,3.35,13,14056.9,-0.0056109,23.7926,12.86,121.866,-0.0105861,-5.59472,67.5795,-1.03572,-3.0835,-2.28374,-3.96094,0.576013,90.4365,1728.45,891.069,10907.4,9962.34,-1.60517,-3.65296,-3.42265,-4.53039,0.00655887,0.740799,1626.8,867.152,10805.8,0.224517,0.517379,0.128789,7245.79 
14,0.19,3.81,14,14527.2,-0.00584186,24.5174,12.8976,121.637,-0.00124777,-1.28369,53.8899,-2.93756,-3.41252,-7.87268,-1.07058,-2.93786,45.9429,1541.97,869.457,11596.3,10293.9,-3.22685,-3.70181,-8.45126,-1.35987,-3.22715,0.576737,1490.33,857.307,11544.7,0.198881,0.498335,0.120334,7493.56 
15,0.55,3.45,15,14130.2,-0.016061,23.8769,12.996,121.792,-0.00701832,-7.86034,500,-1.69288,1.06603,-2.07196,-2.56919,-1.8058,75.502,1673.8,812.6,11216.9,10103.2,-2.1683,0.590617,-3.0228,-3.04461,-2.28122,0.695476,1588.94,792.633,11132,0.215374,0.533909,0.115955,7377.57 
16,0.23,3.77,16,13874.4,-0.0346832,24.029,12.8112,121.811,-0.00532923,9.24599,500,1.29058,1.8525,-6.16039,0.0393233,0.868999,87.6887,1471.02,703.462,11287.7,10022.8,0.738423,1.30035,-7.26469,-0.512829,0.316847,-0.339879,1372.46,680.272,11189.2,0.190863,0.535504,0.100716,7190.83 
17,0.73,3.27,17,13720.6,-0.00414535,23.7581,12.7766,121.565,-0.0062413,9.9487,3.92859e-11,3.19461,-0.431298,-6.0912,4.07851,-1.31738,15.064,1470.45,822.241,11014.9,9883.49,3.09975,-0.526152,-6.28091,3.98366,-1.41224,-4.52951,1453.51,818.257,10998,0.202651,0.503737,0.120534,7172.48 
18,0.33,3.67,18,14112.8,-0.039266,24.097,12.9064,121.586,-0.00685919,33.4742,333.874,-5.23085,-2.57688,-1.93235,-0.815326,0.130924,78.4317,1536.14,820.304,11246.8,10131.7,-5.72472,-3.07075,-2.92008,-1.30919,-0.362939,0.781883,1447.98,799.562,11158.7,0.199708,0.508561,0.116603,7250.49 
19,0.07,3.93,19,13776.9,-0.0134819,24.1653,12.6536,121.655,-0.0128006,10.5862,500,-2.88209,-1.29391,-3.09662,-0.160759,-0.31067,49.2668,1407.98,688.066,11270.8,9958.48,-3.19231,-1.60413,-3.71706,-0.470979,-0.62089,0.613023,1352.61,675.036,11215.4,0.188264,0.5338,0.099807,7184.64 
20,0.03,3.97,20,14560.6,-0.0399862,24.3502,13.175,121.457,0.00711101,16.5848,485.115,-3.28255,0.107229,-1.21482,0.923555,-0.682604,79.2085,1805.09,926.216,11298.7,10447.4,-3.78131,-0.391525,-2.21233,0.4248,-1.18136,0.690225,1716.06,905.268,11209.7,0.22744,0.519974,0.129499,7545.09 
21,0.21,3.79,21,14071.2,0.00143472,23.7282,12.8743,121.763,-0.0140092,-7.30678,58.1567,1.78999,-0.955196,-5.65363,3.06557,-1.25599,35.8278,1486.78,619.812,11370,9947.88,1.56439,-1.18079,-6.10482,2.83997,-1.48159,-0.399274,1446.51,610.337,11329.7,0.197127,0.575245,0.0902764,7337.97 
22,0.63,3.37,22,14153.5,-0.00813918,24.3181,12.86,121.644,-0.00384938,-24.6593,2.1005e-10,-5.49968,-1.97643,-2.6028,-0.782306,0.654559,47.5806,1407.22,785.286,11540,10183.5,-5.79928,-2.27603,-3.202,-1.08191,0.354957,0.733261,1353.74,772.702,11486.6,0.184767,0.500279,0.110256,7326.75 
23,0.67,3.33,23,13668.8,-0.000963805,23.5708,12.601,121.78,-0.00601311,3.83637,439.409,2.98767,1.7055,-6.73112,0.391643,2.47172,52.3395,1439.35,834.964,10850.8,9669.64,2.6581,1.37593,-7.39025,0.0620747,2.14215,-5.41521,1380.53,821.122,10792,0.197434,0.489984,0.122929,6992.36 
24,0.41,3.59,24,15211.4,0.00771352,25.3456,13.0018,121.523,0.0123071,-30.0512,428.246,1.87718,-2.60805,-7.04376,-0.292057,0.977352,80.1347,1701.37,820.583,11991.1,10739.6,1.37259,-3.11263,-8.05293,-0.796644,0.472766,0.204008,1611.3,799.39,11901,0.206582,0.535275,0.11011,7799.83 
25,0.11,3.89,25,14129.4,0.0221995,23.8996,12.7364,121.627,-0.0531368,-15.5972,141.867,0.52092,-0.531904,6.08464,2.25832,0.843973,34.7354,1590.34,796.343,11090.6,9936.02,0.302201,-0.750624,5.6472,2.0396,0.625254,0.281859,1551.3,787.157,11051.6,0.212561,0.529666,0.115987,7298.13 
26,0.43,3.57,26,13429.1,0.0125718,22.6901,12.8581,121.446,-0.0094009,-18.1024,500,2.27764,-2.52605,0.174346,-0.879482,3.61009,66.7135,1490.26,801.926,10559.1,9503,1.85756,-2.94613,-0.665808,-1.29956,3.19001,5.89283,1415.28,784.283,10484.1,0.206098,0.507673,0.121113,6867.01 
27,0.31,3.69,27,15546.1,-0.0340431,26.5836,12.8479,121.858,-0.0161006,7.50149,228.653,1.84296,-1.42771,-2.33522,-1.39524,2.49546,98.2495,1776.44,997.903,12206.9,11122.3,1.22431,-2.04636,-3.57252,-2.01389,1.87681,0.21165,1666.01,971.92,12096.4,0.209399,0.494825,0.128927,7956.16 
28,0.69,3.31,28,13325.9,-0.000470507,22.6194,12.7882,121.456,0.000933017,3.33328,2.60749e-10,2.4793,-3.51012,-2.92263,1.42677,2.22915,83.9078,1397.29,754.131,10605.7,9416.49,1.95095,-4.03847,-3.97932,0.898425,1.70081,-0.14757,1302.98,731.94,10511.4,0.192495,0.504274,0.113688,6768.92 
29,0.49,3.51,29,16015.9,-0.00202374,26.5724,13.1008,121.875,0.00132923,2.90468,284.251,0.649772,-1.44689,-5.5747,-0.745795,-2.11105,51.4904,1849.48,992.704,12486.5,11332.5,0.32555,-1.77111,-6.22314,-1.07002,-2.43527,0.443069,1791.61,979.087,12428.6,0.217047,0.511156,0.126726,8254.48 
30,0.09,3.91,30,14532,-0.00747318,24.6318,-13.0069,121.698,-0.0129233,1.22972,1.13605e-10,-4.55044,-3.07696,-3.56447,-3.73879,-0.677687,100.452,1706.4,811.343,11551.5,10430,-5.18295,-3.70948,-4.8295,-4.37131,-1.3102,0.751101,1593.5,784.778,11438.6,0.211295,0.5371,0.112202,7541.59 
31,0.15,3.85,31,13278.1,0.0126888,22.0492,13.0143,121.403,-0.0149258,-2.37573,500,0.488651,-4.1767,0.142225,1.61542,-1.8747,78.5473,1621.69,817.178,10199.9,9342.46,-0.0059402,-4.67129,-0.846958,1.12083,-2.36929,0.874944,1533.41,796.406,10111.6,0.225785,0.523862,0.126704,6791.45 
32,0.05,3.95,32,15395.3,0.0119871,26.2467,12.6892,121.807,0.00818347,-24.1038,59.0829,3.17759,0.281099,-3.40902,3.74549,2.83859,18.1866,1893.38,957.355,11885.2,10848.3,3.06307,0.166583,-3.63806,3.63098,2.72407,1.61178,1872.94,952.545,11864.7,0.232878,0.529095,0.128837,8042.59 
33,0.47,3.53,33,15860,-0.000179739,26.8186,12.7192,121.775,-0.0239676,-7.67297,5.49949e-12,1.40858,-0.204981,-2.25426,1.59275,-1.8911,30.3546,1650.23,1031.04,12473.8,11110.3,1.21745,-0.396115,-2.63653,1.40162,-2.08223,-0.0563814,1616.11,1023.02,12439.7,0.199896,0.474435,0.131561,8084.75 
34,0.61,3.39,34,14930.9,-0.00354713,24.9927,12.9927,121.904,0.00143601,-14.8997,254.688,4.50413,-3.32688,-0.374627,-4.07064,-0.31021,81.0034,1754.2,866.829,11672,10571.5,3.99407,-3.83694,-1.39474,-4.5807,-0.820267,0.789904,1663.15,845.406,11581,0.216408,0.529226,0.118533,7685.26 
35,0.17,3.83,35,14521,-0.00992226,24.1558,-13.1017,121.472,-0.0104727,0.915812,1.73938e-09,-3.53022,2.54913,-1.75355,-0.783675,0.22253,40.2553,1761.9,860.891,11354.9,10302.8,-3.7837,2.29565,-2.2605,-1.03715,-0.0309474,0.53069,1716.65,850.245,11309.6,0.225945,0.535687,0.121642,7597.66 
36,0.27,3.73,36,14403.5,-0.0201672,24.5962,12.8131,121.549,-0.00665215,5.51982,497.155,3.50621,-1.16262,-6.97505,-4.79542,-2.53322,95.769,1502.41,697.347,11710.7,10260.5,2.90318,-1.76565,-8.18112,-5.39845,-3.13625,0.474839,1394.76,672.02,11603,0.187763,0.542541,0.096405,7428.33 
37,0.75,3.25,37,14592.9,-0.0167097,24.3626,-13.1087,121.437,-0.0139283,2.4087,500,0.413724,-2.0177,-6.74008,0.116964,1.42015,75.4883,1675.32,1020.42,11353.6,10397.3,-0.0616059,-2.49303,-7.69074,-0.358365,0.944816,0.203769,1590.47,1000.46,11268.7,0.21348,0.476007,0.140558,7450.2 
38,0.13,3.87,38,14630.2,0.00318337,25.0046,12.709,121.738,0.0235135,-34.8949,500,-0.338911,0.831063,5.65267,3.71018,-4.32878,13.1868,1571.45,726.424,11740.3,10371.6,-0.421944,0.748029,5.4866,3.62715,-4.41181,-0.0912041,1556.63,722.936,11725.5,0.203377,0.55165,0.101991,7653.9 
39,0.35,3.65,39,13868.1,-0.0166717,23.4441,-13.0082,121.463,-0.00321781,0.708562,2.38864e-11,-2.13195,2.10863,-2.8564,0.377226,-1.03352,73.1211,1528.2,802.993,11040.6,9927.76,-2.59237,1.64821,-3.77724,-0.0831985,-1.49394,0.400299,1446.02,783.655,10958.4,0.202399,0.513242,0.116399,7144.39 
40,0.59,3.41,40,14892.3,-0.0270936,25.2903,12.953,121.677,0.0345702,-100.798,47.433,0.922544,2.39136,-5.79042,2.23777,0.552371,96.1606,1561.86,889.715,11961.4,10777.5,0.317047,1.78586,-7.00142,1.63227,-0.0531262,-1.10926,1453.78,864.284,11853.3,0.190847,0.490103,0.118412,7617.52 
41,0.01,3.99,41,14365.8,0.0187171,23.8827,12.9769,121.772,-0.0134695,-8.22443,11.1756,1.73362,0.849754,-1.62793,-3.55553,-5.23977,54.0025,1763.66,938.87,11030.4,10092.6,1.39358,0.509715,-2.308,-3.89557,-5.57981,0.766398,1702.97,924.589,10969.7,0.229907,0.512788,0.134396,7407.22 
42,0.53,3.47,42,13604.5,-0.0180412,23.0341,12.9181,121.374,-0.000894046,6.38549,473.259,-2.58518,-0.298803,-2.54547,1.56499,-1.3215,93.9144,1306.05,603.728,11160.6,9686.65,-3.17653,-0.890157,-3.72818,0.973633,-1.91286,0.573146,1200.49,578.891,11055,0.172755,0.542338,0.087975,6949.1 
43,0.51,3.49,43,14102.7,-0.0199986,23.8252,12.9527,121.508,-0.0331533,-15.3235,267.482,0.782577,-2.28518,-7.20916,0.833436,3.16639,79.7959,1497.53,796.518,11270.5,10062.5,0.280124,-2.78764,-8.21406,0.330982,2.66394,-0.0630816,1407.84,775.415,11180.8,0.194942,0.509199,0.113282,7221.84 
44,0.39,3.61,44,14410.5,-0.00481465,24.8174,12.6858,121.211,-0.00765583,0.112654,3.97118e-09,-1.43625,2.91038,-1.70329,3.52466,4.2184,93.5217,1589.2,881.122,11466.9,10248.7,-2.02513,2.32149,-2.88106,2.93578,3.62952,1.72377,1484.08,856.389,11361.8,0.200763,0.497552,0.121919,7392.21 
45,0.25,3.75,45,14478.5,-0.0161527,24.5417,12.8894,121.416,-0.00846836,2.37621,356.995,-0.719342,2.00735,-2.36096,0.742644,-3.01523,85.8555,1689.59,899.114,11376.8,10298.2,-1.25995,1.46674,-3.44218,0.202035,-3.55584,0.477603,1593.1,876.408,11280.3,0.213585,0.509495,0.125201,7458.85 
46,0.71,3.29,46,15297.2,-0.00691919,25.9483,12.8356,121.714,-0.00674904,-6.08326,136.953,0.302006,-0.942336,-4.1403,-0.0212493,1.91986,58.4752,1639.64,842.409,12279.9,10843.7,-0.066196,-1.31054,-4.8767,-0.389452,1.55166,0.0421366,1573.92,826.944,12214.2,0.198594,0.52098,0.110887,7925.31 
47,0.45,3.55,47,15086.9,0.00281157,25.5989,12.7893,121.609,-0.0343818,20.0467,433.153,-4.41498,-3.1768,-1.56445,1.16722,-0.221987,55.3884,1697.49,943.132,11878.8,10680.1,-4.76374,-3.52556,-2.26199,0.818455,-0.570754,0.780466,1635.24,928.484,11816.5,0.210189,0.501593,0.126442,7779.82 
48,0.77,3.23,48,12014.7,-0.00622417,20.906,12.7173,121.419,-0.0071374,1.69886,7.32275e-11,-1.4473,0.467383,-10.5998,2.07677,-2.89253,41.4883,1424.68,686.074,9592.77,8655.23,-1.70854,0.206142,-11.1223,1.81553,-3.15377,0.203442,1378.04,675.101,9546.14,0.217287,0.538409,0.115258,6342.04 
49,0.57,3.43,49,12888.6,-0.000154666,21.904,13.0298,121.267,0.00257231,1.57676,9.58523e-11,-1.12238,-4.06485,-3.00637,-1.68577,3.99963,76.545,1396.94,637.553,10443.8,9291,-1.60436,-4.54684,-3.97034,-2.16776,3.51765,0.547367,1310.9,617.309,10357.8,0.195747,0.548221,0.0989263,6696.94 
50,0.37,3.63,50,14738.9,-0.0503691,25.5556,12.7512,121.854,0.0544687,-33.1205,102.983,0.445991,-0.4854,-3.68768,-5.33266,0.915498,90.9868,1615.68,755.167,11954.9,10666.7,-0.126929,-1.05832,-4.83351,-5.90558,0.342578,0.582662,1513.41,731.104,11852.7,0.197141,0.541889,0.102032,7676.8 
51,0.81,3.19,51,14510.8,-0.0360656,24.436,13.0662,121.427,0.0151904,-13.6985,351.544,-1.92569,0.094422,-5.28619,-2.13506,1.90601,61.6064,1539.39,816.299,11584.5,10400.6,-2.31361,-0.293497,-6.06203,-2.52298,1.51809,0.37337,1470.14,800.007,11515.3,0.197121,0.512217,0.113458,7458.09 
52,0.29,3.71,52,13903.6,0.0127467,24.0169,12.5146,121.29,-0.0139501,0.612252,414.09,1.48603,1.11048,-4.76627,0.532632,5.3228,56.0243,1474.3,845.958,10953.2,9784.56,1.13326,0.757711,-5.47181,0.179862,4.97003,4.48732,1411.33,831.142,10890.2,0.199503,0.492469,0.123261,7074.24 
53,0.79,3.21,53,12789.7,-0.0285318,22.1736,12.7024,121.315,-0.00497904,33.1155,5.66017e-10,0.361978,-2.11983,-3.21507,1.29099,-2.15147,41.8337,1244.45,730.938,10434.2,9174.25,0.0985626,-2.38324,-3.7419,1.02757,-2.41489,0.495286,1197.43,719.874,10387.2,0.181462,0.487313,0.113212,6598.79 
54,0.65,3.35,54,14565.1,-0.0419832,24.962,-12.865,121.708,0.0100357,5.46535,423.673,-3.02548,3.21396,-0.608477,-1.67101,-0.616343,45.678,1453.86,788.869,11931.5,10455.9,-3.3131,2.92634,-1.18372,-1.95864,-0.903965,0.73298,1402.52,776.788,11880.1,0.185025,0.50781,0.107499,7580.2 
55,0.19,3.81,55,14276.9,-0.0174817,24.1844,12.905,121.736,-0.0148484,9.90555,0.0131679,1.68113,-2.44029,-4.76676,3.46516,2.37169,103.892,1666.86,821.726,11270.6,10164.6,1.02695,-3.09447,-6.07512,2.81098,1.71752,-0.680933,1550.09,794.251,11153.9,0.210893,0.527236,0.115962,7350.1 
56,0.55,3.45,56,13499.7,-0.0713521,23.8601,12.6288,121.478,0.0925092,29.5226,0.122031,-2.03684,-1.463,-7.57823,1.14095,-2.64025,104.401,1273.98,658.509,11228.3,9898.05,-2.69423,-2.12039,-8.893,0.483563,-3.29763,0.461738,1156.64,630.899,11110.9,0.166799,0.511626,0.0946933,6934.33 
57,0.23,3.77,57,15793.3,-0.00225798,26.9263,12.9702,121.679,-0.014285,8.92731,2.1103e-11,-2.21248,-1.5074,-7.08583,-1.86804,1.21783,93.0116,1628.8,810.006,12928.7,11373,-2.79815,-2.09306,-8.25716,-2.45371,0.632157,0.448417,1524.26,785.408,12824.2,0.186048,0.525838,0.101381,8192.83 
58,0.73,3.27,58,14669.5,-0.0238923,25.4214,-12.6577,121.502,-0.0085796,-4.71139,500,2.28811,0.667077,-11.3194,-1.03455,2.43691,111.112,1571.91,941.505,11714.5,10476.2,1.58847,-0.0325656,-12.7187,-1.7342,1.73727,-0.139696,1447.02,912.12,11589.6,0.193617,0.475489,0.126619,7473.64 
59,0.33,3.67,59,14272.8,-0.0233925,25.1287,12.7165,121.475,-0.00959425,8.23461,1.23621e-11,0.36656,-0.459876,-8.80462,-0.343956,-3.79937,106.872,1619.1,902.787,11535.1,10404.9,-0.306387,-1.13282,-10.1505,-1.0169,-4.47231,0.405671,1498.98,874.523,11415,0.201617,0.494812,0.123673,7434.79 
60,0.07,3.93,60,13578,0.000270288,23.797,-12.5661,121.665,-0.00994715,6.94853,5.294e-11,-0.271628,2.39868,-7.71147,5.29844,0.91446,39.2096,1407.31,820.424,10897.9,9736.85,-0.518521,2.15178,-8.20525,5.05155,0.667568,-8.62071,1363.24,810.055,10853.9,0.194546,0.490226,0.120865,7007.25 
61,0.03,3.97,61,13777.3,-0.0630152,23.8924,12.8244,121.358,0.0726511,-10.8431,494.498,0.270901,2.05446,-12.5066,0.771318,3.44922,137.79,1564.89,912.455,10950.9,10000.2,-0.596726,1.18683,-14.2418,-0.0963099,2.58159,-0.275413,1410.01,876.015,10796,0.200744,0.479101,0.130036,7023.94 
62,0.21,3.79,62,13559,-0.071589,23.5907,12.8288,121.663,0.0592941,11.602,98.1,3.88879,-2.04969,-12.4971,2.30419,0.514722,87.9713,1523.9,844.248,10852.5,9874.36,3.33486,-2.60362,-13.605,1.75026,-0.0392095,-0.218789,1425.03,820.982,10753.7,0.203084,0.497957,0.123295,7016.93 
63,0.63,3.37,63,14864.3,-0.039777,25.1641,13.01,121.386,-0.00283585,-17.7884,471.331,3.0915,-2.99823,-3.67641,-3.3606,0.818324,71.3711,1679.57,888.847,11766.5,10659.1,2.6421,-3.44763,-4.57522,-3.81001,0.36892,0.481376,1599.35,869.972,11686.3,0.208352,0.512317,0.120596,7676.22 
64,0.67,3.33,64,13846.6,-0.0279112,24.0656,12.849,121.525,0.0243776,29.8024,500,-0.598238,0.231026,-7.10869,0.453569,-1.88415,120.574,1365,703.862,11490.5,10089.8,-1.35746,-0.528196,-8.62713,-0.305653,-2.64337,0.35914,1229.48,671.975,11355,0.172339,0.511125,0.098298,7134.06 
65,0.41,3.59,65,13134.2,-0.0589338,22.8462,12.7802,121.553,0.055403,-87.3056,32.1247,-4.59012,-3.40414,-4.33303,-2.26052,-1.54335,117.598,1361.32,693.361,10631.4,9662.32,-5.33061,-4.14462,-5.81399,-3.00101,-2.28383,0.717411,1229.15,662.261,10499.2,0.183764,0.514696,0.104099,6688.72 
66,0.11,3.89,66,13948.4,-0.0389465,24.3242,12.6375,121.554,0.0221089,-1.97632,0.00101313,-0.442482,-0.995239,-8.18329,-1.34804,-0.263032,80.3728,1478.3,685.257,11279.3,10008.2,-0.948568,-1.50133,-9.19546,-1.85413,-0.769118,0.355546,1387.96,664.001,11189,0.192606,0.544307,0.0985456,7206.22 
67,0.43,3.57,67,12687.4,-0.0696063,22.2151,12.7608,121.33,-0.0196552,64.0026,41.6505,2.71524,0.794653,-6.0231,-1.87901,1.46324,103.883,1473.32,803.461,10067.9,9269.26,2.06112,0.140532,-7.33135,-2.53313,0.809119,-0.0696912,1356.56,775.988,9951.14,0.207706,0.499738,0.125604,6531.15 
68,0.31,3.69,68,15388.5,-0.0634523,26.6379,12.8185,121.622,-0.012063,42.5374,8.25478,1.13094,2.55618,-8.59773,-1.45858,-2.35105,79.1143,1663.27,905.297,12339.3,11132.3,0.632783,2.05802,-9.59406,-1.95674,-2.84921,0.18064,1574.35,884.374,12250.3,0.198168,0.504275,0.117376,7944.53 
69,0.69,3.31,69,15443,-0.0480708,26.4996,12.8642,121.604,-0.0829298,-274.55,5.05912,-1.98634,0.647721,-5.58768,-2.42571,4.22134,92.8571,1568.67,752.219,12642.5,11838.5,-2.57103,0.0630248,-6.75708,-3.0104,3.63665,0.217826,1464.3,727.662,12538.1,0.183402,0.534864,0.0965829,7984.12 
70,0.49,3.51,70,14109.9,-0.0269311,24.6005,12.7735,121.54,-0.000519309,-16.1525,500,-2.13386,0.446274,-10.6824,-0.832448,4.09739,53.1522,1355,668.117,11803.6,10229.6,-2.46855,0.111589,-11.3518,-1.16713,3.7627,-0.0214707,1295.26,654.06,11743.9,0.174986,0.530873,0.0930478,7402.06 
71,0.09,3.91,71,14364.2,0.00127138,24.2238,13.0523,121.29,-0.0153803,-9.23302,500,2.07978,-0.904219,-7.05177,2.2171,0.192197,90.6258,1648.47,686.182,11501.6,10297.2,1.50913,-1.47486,-8.19307,1.64645,-0.37845,-0.188987,1546.61,662.215,11399.8,0.206918,0.571657,0.0966643,7474.5 
72,0.15,3.85,72,13357.3,-0.0743208,23.1244,12.9114,121.394,-0.00528922,-54.3248,2.61918,-2.5347,-3.044,-11.4908,-3.73782,-0.170227,94.918,1516.72,772.469,10725.2,9728.73,-3.13237,-3.64167,-12.6862,-4.33549,-0.767901,0.483538,1410.04,747.367,10618.5,0.20342,0.518791,0.114773,6931.65 
73,0.05,3.95,73,13253.3,0.00536032,23.1468,12.6471,121.296,-0.00413665,-2.62596,500,-1.80687,-0.386574,-11.6045,-1.18784,1.31791,98.5329,1528.94,743.427,10637,9529.97,-2.4273,-1.00701,-12.8453,-1.80827,0.697471,0.261357,1418.2,717.369,10526.2,0.205779,0.530446,0.111538,6891.85 
74,0.47,3.53,74,14132.3,-0.0294388,24.9947,12.5585,121.394,0.0151187,-16.7019,1.53325e-10,-0.146776,-0.771039,-4.61077,-1.87076,0.919227,85.3698,1457.68,839.002,11533.2,10226.6,-0.684326,-1.30859,-5.68587,-2.40831,0.381677,0.414155,1361.73,816.425,11437.3,0.186306,0.487993,0.116213,7309.11 
75,0.61,3.39,75,13178.9,-0.0511367,22.7907,12.9175,121.631,0.0267136,24.067,94.833,-0.859785,0.0917906,-11.604,0.279477,-0.51125,78.2166,1349.5,760.068,10670.6,9604.58,-1.35229,-0.400718,-12.589,-0.213033,-1.00376,0.190876,1261.58,739.382,10582.7,0.186498,0.493673,0.114027,6764.61 
76,0.17,3.83,76,13519.7,-0.0908052,23.2166,13.0926,121.482,-0.0446698,9.30223,367.908,-2.3682,2.17385,-9.19585,-1.42054,-3.21008,132.31,1679.3,762.259,10717.9,9908.6,-3.20132,1.34073,-10.8621,-2.25366,-4.0432,0.428898,1530.59,727.268,10569.2,0.217829,0.545994,0.112496,7026.58 
77,0.27,3.73,77,12716.8,-0.0393043,22.5353,12.4537,121.414,-0.0212852,-14.8825,497.507,-2.96177,-3.01116,-8.23898,-1.20848,2.11884,75.829,1331.99,684.089,10274.9,9146.31,-3.43924,-3.48863,-9.19393,-1.68595,1.64136,0.431294,1246.76,664.035,10189.7,0.190479,0.51758,0.107179,6545.39 
78,0.75,3.25,78,12865.1,-0.108785,22.4408,13.0027,121.385,0.0783992,-3.5288,499.926,-4.22508,-0.29223,-7.72353,-0.827977,-2.53085,83.1198,1242.15,588.22,10847.1,9507.78,-4.74846,-0.815613,-8.7703,-1.35136,-3.05423,0.532,1148.72,566.238,10753.6,0.170418,0.536876,0.0884205,6740.61 
79,0.13,3.87,79,14237.9,-0.0202096,24.9222,12.6432,121.425,0.0232632,-34.3973,500,-3.24237,-5.4133,-7.33177,-1.55366,-4.13576,133.072,1502.76,793.134,11570.4,10283.4,-4.08028,-6.25122,-9.00761,-2.39157,-4.97368,0.662692,1353.19,757.941,11420.8,0.185571,0.504999,0.108934,7292.01 
80,0.35,3.65,80,13075.8,-0.0471926,22.9355,12.7482,121.381,-0.0121028,-18.5978,3.17893,-0.259687,-0.776303,-6.02588,1.33394,-2.32154,63.4496,1498.59,891.797,10466.3,9525.46,-0.659211,-1.17583,-6.82493,0.934413,-2.72107,0.346685,1427.28,875.017,10395,0.208891,0.482424,0.134246,6832.65 
81,0.59,3.41,81,12725.3,-0.0940574,22.6648,12.6675,121.4,0.126377,97.1545,7.80085,1.6146,0.273113,-8.38303,-0.670007,1.18178,71.2939,1303.09,685.465,10555.3,9745.94,1.16568,-0.175806,-9.28087,-1.11893,0.732859,-0.0695866,1222.96,666.611,10475.2,0.183351,0.5118,0.104926,6670.05 
82,0.01,3.99,82,13469.4,-0.0821971,23.7541,12.7092,121.261,0.0420982,-4.53088,496.404,0.411088,-2.42151,-10.4418,0.497393,-0.747929,78.4229,1385.39,798.496,10956.3,9833.92,-0.0827207,-2.91532,-11.4294,0.00358479,-1.24174,0.270414,1297.24,777.756,10868.1,0.186689,0.487994,0.116473,6948.66 
83,0.53,3.47,83,13357.1,-0.0819078,23.8104,12.5754,121.537,0.00293653,26.6368,416.91,0.326157,-2.42814,-9.0463,-2.5241,1.38553,147.432,1453.22,747.097,10879.3,9749.83,-0.602184,-3.35648,-10.903,-3.45244,0.457192,0.389425,1287.51,708.107,10713.6,0.187723,0.509562,0.108538,6858.56 
84,0.51,3.49,84,13658.5,-0.0966938,24.0719,12.7804,121.675,0.0281475,162.355,54.724,0.280293,-1.42612,-7.88944,-1.12089,1.75815,83.888,1350.61,750.915,11255.6,10163.7,-0.247927,-1.95434,-8.94588,-1.64911,1.22993,0.226625,1256.33,728.73,11161.3,0.177944,0.496257,0.10736,7060.22 
85,0.39,3.61,85,14418.5,-0.122721,25.3445,12.9065,121.203,0.0638428,48.1333,316.784,0.614336,1.45154,-4.42181,-4.95401,1.21897,139.571,1448.96,739.12,12145.7,10748.5,-0.264508,0.572693,-6.1795,-5.83285,0.340122,0.456224,1292.09,702.209,11988.8,0.171676,0.512539,0.0973879,7526.28 
86,0.25,3.75,86,12611.9,-0.0699148,23.4602,12.3173,121.388,0.0078924,-2.4311,500,-0.683658,0.122577,-13.4166,-2.44132,0.881152,128.724,1220.28,684.418,10657.1,9407.43,-1.4942,-0.687965,-15.0377,-3.25186,0.0706091,0.262899,1075.59,650.376,10512.4,0.164413,0.48587,0.102307,6542.03 
87,0.71,3.29,87,13911.8,-0.0281555,24.93,12.642,121.095,0.000321275,11.6315,500,2.20348,-3.44811,-7.65567,2.72877,1.9174,151.996,1516.15,951.94,11399.3,10259.8,1.2464,-4.40519,-9.56982,1.77169,0.960328,0.0426912,1345.32,911.743,11228.5,0.187262,0.457456,0.130115,7184.14 
88,0.45,3.55,88,13982.2,-0.0558358,24.2048,12.8093,121.254,-0.0241351,-8.96006,312.838,-1.63995,0.695325,-6.74314,-3.0069,2.09399,131.576,1577.15,856.331,11199.6,10100.1,-2.46845,-0.133176,-8.40014,-3.8354,1.26549,0.381054,1429.26,821.534,11051.7,0.199168,0.498531,0.120441,7176.15 
89,0.77,3.23,89,12348.5,-0.101246,21.5622,12.9722,121.626,0.0243552,14.4945,499.032,-2.42696,0.667743,-9.85752,2.9312,-0.110649,93.4757,1294.31,730.269,10107.4,9116.99,-3.01555,0.0791511,-11.0347,2.3426,-0.699241,0.104888,1189.25,705.549,10002.4,0.186097,0.490622,0.114996,6390.48 
90,0.57,3.43,90,12606.4,-0.0809498,21.8748,12.9377,121.43,0.0333906,181.425,324.47,-3.43625,0.291712,-2.38042,1.1578,-1.19442,118.215,1287.21,650.04,10310.7,9410.1,-4.18062,-0.45266,-3.86917,0.413427,-1.93879,0.614157,1154.34,618.776,10177.8,0.179057,0.515976,0.100715,6446.79 
91,0.37,3.63,91,13295.8,-0.00940582,22.9235,12.8399,121.468,-0.00629166,3.83722,500,-2.19158,-2.45492,-6.24134,-0.391551,-0.0187008,94.6905,1457.55,713.912,10804.4,9582.38,-2.78782,-3.05116,-7.43382,-0.987792,-0.614942,0.500265,1351.12,688.869,10698,0.195417,0.528475,0.10604,6914.07 
92,0.81,3.19,92,13972.8,-0.0895586,24.1718,12.9765,121.631,-0.0581015,-1.34101,383.992,-0.398207,-4.17338,-7.02161,-0.0609462,-2.25862,118.732,1388.42,750.196,11523.3,10213.4,-1.14583,-4.921,-8.51686,-0.808571,-3.00625,0.53709,1254.97,718.796,11389.8,0.174843,0.499418,0.104145,7177.68 
93,0.29,3.71,93,13064.5,-0.11889,23.0936,12.8721,121.335,0.0332605,76.0131,77.3915,-0.950585,-1.82866,-7.8114,-2.01807,-1.46759,124.348,1328.67,693.796,10921.7,9759.2,-1.73357,-2.61165,-9.37738,-2.80106,-2.25058,0.500519,1188.91,660.91,10782,0.174954,0.506888,0.10146,6795.54 
94,0.79,3.21,94,14206.4,-0.0717414,24.6261,12.9725,121.324,0.00934858,-43.7826,499.923,-2.74136,-2.85884,-5.1613,-2.07527,3.83675,101.949,1594.84,822.196,11574.7,10412.9,-3.3833,-3.50079,-6.44519,-2.71721,3.1948,0.498495,1480.25,795.234,11460.1,0.198971,0.515423,0.113339,7439.51 
95,0.65,3.35,95,14606.8,-0.0808299,25.3014,12.9023,121.613,-0.0699259,140.981,91.0637,-4.27356,-6.38668,-10.0674,-1.45528,-4.7827,80.2725,1661.57,904.265,11721.6,10947.9,-4.77902,-6.89213,-11.0783,-1.96073,-5.28816,0.630704,1571.35,883.036,11631.4,0.206223,0.504177,0.122691,7619.66 
96,0.19,3.81,96,14373.7,-0.0659586,25.0342,12.9655,121.311,-0.061117,-3.43197,285.919,-0.575778,0.986091,-10.4551,-6.617,1.94537,112.67,1522.91,798.882,11753.4,10573,-1.28523,0.276641,-11.874,-7.32645,1.23592,0.374167,1396.27,769.085,11626.7,0.187616,0.509186,0.108616,7442.18 
97,0.55,3.45,97,14539.3,-0.0956708,24.7751,13.1852,121.439,0.0772143,72.163,20.5136,-3.82027,-2.28433,-8.65071,-2.3173,-0.691434,144.459,1466.63,768.703,12012.1,10815.4,-4.72989,-3.19395,-10.4699,-3.22692,-1.60105,0.549132,1304.26,730.499,11849.8,0.17469,0.505012,0.101979,7466.14 
98,0.23,3.77,98,13729.6,-0.0446414,23.4996,13.1872,121.238,0.0193408,18.2192,8.4547e-06,-2.60401,-0.386166,-12.5742,1.17466,0.788721,137.015,1505.56,760.759,11207.9,10099.5,-3.46676,-1.24891,-14.2997,0.311918,-0.0740247,0.238466,1351.56,724.524,11053.9,0.190372,0.515966,0.107733,7099.56 
99,0.73,3.27,99,13067.7,-0.0185714,22.8202,12.7719,121.437,-0.00302159,3.96077,499.656,0.144371,-1.80757,-7.16193,-1.64816,-1.16275,107.674,1223.58,663.101,10943.9,9488.33,-0.533626,-2.48556,-8.51792,-2.32616,-1.84075,0.457596,1102.56,634.625,10822.9,0.163817,0.498185,0.0974862,6730.46 
100,0.33,3.67,100,13628.6,-0.0252948,24.2225,-12.7464,121.706,0.00210167,0.122348,5.36913e-09,-2.53422,-4.57296,1.70147,-3.86472,-4.89689,137.497,1385.26,802.525,11366.8,10050.9,-3.4,-5.43875,-0.0300979,-4.7305,-5.76267,0.998446,1230.72,766.162,11212.3,0.174296,0.4786,0.111803,7061.1 
101,0.07,3.93,101,13085.7,-0.101744,23.1869,-12.7563,121.032,0.0031554,54.1416,92.7183,-1.57244,1.4579,-7.10032,-1.67927,2.81062,91.4336,1424.8,717.673,10695.5,9634.13,-2.14818,0.882169,-8.25179,-2.255,2.23489,0.134843,1322.03,693.492,10592.7,0.193555,0.521379,0.107621,6830.25 
102,0.03,3.97,102,13572.8,-0.117796,23.6579,-13.0265,121.377,-0.33328,96.0069,455.365,1.7645,3.19996,-6.01035,-1.16493,-2.22898,143.423,1711.57,954.377,10758.8,11073.9,0.861398,2.29686,-7.81655,-2.06802,-3.13207,0.207117,1550.37,916.447,10597.6,0.219564,0.491532,0.13741,7061.12 
103,0.21,3.79,103,13237.2,-0.0156726,23.6223,12.6935,121.402,-0.00383091,8.16019,500,-1.58155,-0.571229,-5.95846,0.296215,-4.73232,204.893,1331.3,694.073,11002.6,9762.13,-2.87171,-1.86139,-8.53877,-0.993945,-6.02248,0.579128,1101,639.886,10772.3,0.164265,0.495768,0.0986304,6702.61 
104,0.63,3.37,104,12073.8,-0.128051,21.7103,12.7489,121.248,0.0525293,28.9228,116.635,-3.22679,-2.83812,-4.93338,0.338922,0.904563,170.342,1280.31,614.445,10087.3,9059.67,-4.29939,-3.91071,-7.07857,-0.733674,-0.168033,0.562792,1088.85,569.396,9895.81,0.174645,0.522158,0.0958352,6234.67 
105,0.67,3.33,105,13781.6,0.00116004,23.512,13.0444,121.427,-0.00291674,8.33612,500,-5.91609,-4.45989,-9.00539,2.29406,0.0127781,164.941,1389.72,713.619,11375.2,9984.94,-6.95468,-5.49848,-11.0826,1.25547,-1.02581,0.524477,1204.34,669.998,11189.8,0.171484,0.506698,0.0993405,7023.03 
106,0.41,3.59,106,13117,0.0113885,23.4029,-12.5803,121.402,-0.00489312,-3.32484,500,-0.288808,-0.414624,-6.47643,-0.078252,-0.357478,194.611,1281.06,710.161,10890.1,9584.75,-1.51422,-1.64004,-8.92726,-1.30366,-1.58289,0.40358,1062.33,658.694,10671.4,0.16068,0.479597,0.102096,6611.44 
107,0.11,3.89,107,11783.5,-0.0714951,21.0783,12.5277,121.415,0.0389163,4.90013,5.09079,-1.47533,-2.21338,-2.35383,0.334696,-3.2217,123.558,1280.3,584.521,9723.73,8602.34,-2.25334,-2.9914,-3.90985,-0.443316,-3.99971,0.71246,1141.42,551.844,9584.85,0.186338,0.54169,0.0958887,6125.54 
108,0.43,3.57,108,14508,-0.000314004,24.5768,12.9858,121.358,-0.0232171,-6.57821,1.2073e-10,-2.43461,-0.175715,-3.63808,1.31101,-2.58185,134.163,1676.17,956.217,11456.5,10394.3,-3.2794,-1.0205,-5.32766,0.466219,-3.42663,0.576766,1525.38,920.736,11305.7,0.206011,0.486305,0.130451,7404.34 
109,0.31,3.69,109,12583.3,-0.0199159,22.7172,12.5649,121.252,0.013059,17.947,8.24922e-12,-1.39925,-1.36107,-6.04025,-3.68372,1.65531,128.432,1323.19,774.162,10362.2,9299.65,-2.20795,-2.16978,-7.65766,-4.49243,0.846601,0.511666,1178.84,740.196,10217.9,0.18158,0.476456,0.117734,6492.14 
110,0.69,3.31,110,16165.8,-0.151183,28.163,13.0771,121.664,-0.00808133,82.6917,0.01701,0.242415,-0.934411,-1.31646,-0.190677,-2.49141,172.197,1544.29,746.062,13709.6,12010.8,-0.841866,-2.01869,-3.48502,-1.27496,-3.57569,0.688733,1350.75,700.522,13516,0.161205,0.524224,0.0871535,8379.08 
111,0.49,3.51,111,14532.4,-0.00854319,25.228,12.9605,121.399,-7.38435e-05,4.3742,3.05408e-11,-0.651133,0.237279,1.4877,-0.185292,2.19169,172.104,1494.44,786.343,12049,10643.9,-1.73483,-0.846416,-0.679693,-1.26899,1.108,0.801371,1301,740.828,11855.6,0.174259,0.500876,0.103226,7465.92 
112,0.09,3.91,112,14587.8,-0.142728,25.6669,12.976,121.462,1.67213,3084.9,336.5,-4.43299,-0.130987,-2.98323,-0.990744,-4.50496,140.644,1585.29,761.158,12125.4,178763,-5.31859,-1.01658,-4.75442,-1.87634,-5.39056,0.740995,1427.21,723.963,11967.3,0.186559,0.529745,0.100265,7650.21 
113,0.15,3.85,113,12857.7,-0.102475,22.4775,12.9422,121.543,0.0143303,72.6702,394.898,-0.480675,-2.25797,-1.78855,-0.368081,-1.35503,190.27,1252,659.327,10663.2,9503.95,-1.67875,-3.45605,-4.18471,-1.56616,-2.55311,0.688609,1038.14,609.008,10449.3,0.16041,0.493435,0.0969525,6471.8 
114,0.05,3.95,114,14566.9,-0.124577,26.0907,12.669,121.564,-0.113339,123.226,130.664,4.14977,-0.35131,-3.90176,0.672065,-3.69177,204.918,1423.24,742.438,12172.2,11214.9,2.85946,-1.64163,-6.48239,-0.618251,-4.98208,0.403364,1192.92,688.244,11941.9,0.161146,0.4976,0.095976,7402.72 
115,0.47,3.53,115,15838,-0.0553405,27.2423,-13.0071,121.413,-0.00688437,17.5952,500,-3.8483,-3.37596,-4.39691,-0.439081,-0.800576,135.137,1632.56,874.361,13005.7,11539,-4.69922,-4.22688,-6.09875,-1.29,-1.6515,0.660546,1480.67,838.623,12853.8,0.181351,0.502218,0.10729,8164.66 
116,0.61,3.39,116,13941.4,0.00268697,24.5801,-12.8799,121.299,-0.00724434,-1.44423,500,-0.304679,-1.47967,-8.80615,-0.332248,-2.39661,199.469,1371.25,750.4,11711.1,10306.4,-1.56068,-2.73567,-11.3182,-1.58825,-3.65261,0.457303,1147.06,697.647,11486.9,0.161098,0.484411,0.100621,7120.24 
117,0.17,3.83,117,13545.1,-0.127935,24.0635,12.8297,121.317,0.048278,82.9258,0.501394,-4.35753,-1.627,-8.74258,-2.75533,1.99276,240.217,1372.35,588.899,11513.9,10180.4,-5.87011,-3.13958,-11.7678,-4.26791,0.480172,0.520958,1102.35,525.371,11243.9,0.158631,0.545246,0.0792512,6949.16 
118,0.27,3.73,118,13282.9,-0.132941,23.5465,12.8936,121.237,-0.0146457,-28.1151,273.879,2.00652,0.1758,-9.34138,1.00464,0.585043,130.15,1414.85,647.409,11090.5,9896.57,1.187,-0.643721,-10.9804,0.185115,-0.234478,-0.0470997,1268.57,612.99,10944.2,0.182277,0.541822,0.0935271,6959.56 
119,0.75,3.25,119,14790.4,-0.161667,25.7491,13.1889,121.373,-0.262885,344.56,334.991,-4.20458,-4.25812,-6.42034,0.828727,0.966226,173.703,1375.62,659.541,12624.4,14003.9,-5.29834,-5.35188,-8.60786,-0.265034,-0.127535,0.561955,1180.38,613.603,12429.2,0.154429,0.52364,0.0833602,7643.54 
120,0.13,3.87,120,13410.5,-0.0458208,24.7152,12.6425,120.89,0.04454,77.37,7.23743e-06,1.69146,0.425663,-12.96,-0.162037,-3.28819,213.987,1433.46,750.68,11471.4,10283.9,0.344041,-0.921755,-15.6548,-1.50945,-4.6356,0.300424,1192.95,694.088,11230.9,0.169622,0.495492,0.10221,7033 
121,0.35,3.65,121,13030.8,-0.140669,22.9908,-13.0053,120.864,0.0531878,56.1732,55.9641,-3.87758,-4.02715,-2.47606,0.119905,2.07685,246.719,1649.33,886.99,10481.8,9830.73,-5.4311,-5.58068,-5.5831,-1.43362,0.523331,0.68106,1372.02,821.742,10204.5,0.205443,0.488252,0.129178,6678.37 
122,0.59,3.41,122,14587.1,-0.223391,26.1056,13.1078,120.784,-0.496334,359.655,282.985,2.31023,-1.43105,-7.74019,1.94959,-1.21989,187.627,1576.43,832.254,12262.3,16950.4,1.1288,-2.61249,-10.1031,0.76815,-2.40133,0.23577,1365.54,782.633,12051.4,0.178917,0.499257,0.106847,7632.26 
123,0.01,3.99,123,12974.1,-0.145458,23.066,-12.933,120.974,0.00809277,91.5868,371.785,1.13072,0.310495,-7.32382,-4.57234,-5.756,203.156,1497.83,651.55,10813.4,9735.16,-0.148497,-0.968725,-9.88226,-5.85156,-7.03522,0.586279,1269.49,597.823,10585,0.187414,0.548214,0.0942346,6773.7 
124,0.53,3.47,124,15155.2,-0.0990079,27.0079,12.8276,120.83,0.177344,-200.576,0.808592,-0.788518,-2.29357,-6.82405,2.65203,-0.159393,208.206,1637.91,966.93,12633.6,12436,-2.09953,-3.60459,-9.44608,1.34101,-1.47041,0.381785,1403.89,911.867,12399.6,0.178801,0.468017,0.119306,7851.69 
125,0.51,3.49,125,13354.2,-0.171785,24.0313,12.8812,120.987,0.0790608,40.3729,0.320877,1.9247,-2.59186,-13.53,-2.25176,0.425684,194.081,1562.8,910.773,10883.2,10180.9,0.702626,-3.81393,-15.9741,-3.47384,-0.796392,0.316049,1344.66,859.446,10665.1,0.195147,0.472028,0.129258,6890.51 
126,0.39,3.61,126,13085.8,-0.0189815,23.2227,12.835,120.833,-0.00663402,6.29394,500,-3.75117,-4.98787,-7.20507,1.61238,2.24153,150.634,1494.4,807.969,10813.9,9704.32,-4.69968,-5.93637,-9.10207,0.663876,1.29303,0.488107,1325.09,768.132,10644.6,0.193153,0.496415,0.117332,6860.3 
127,0.25,3.75,127,13873.6,-0.00630812,24.6469,12.6166,121.162,-0.0190944,6.78943,8.38401e-11,2.97395,1.05061,-11.0039,-2.29034,-1.61792,185.581,1700.39,885.704,11179.6,10127,1.8054,-0.117948,-13.341,-3.4589,-2.78648,0.254649,1491.8,836.625,10971,0.207289,0.504687,0.123172,7196.73 
128,0.71,3.29,128,13624.2,-0.147538,24.344,-12.8437,121.201,0.149081,8.63201,347.711,-1.26128,-0.646649,-5.3228,0.851145,1.57152,194.802,1514.99,813.103,11273.5,10220.3,-2.4879,-1.87327,-7.77604,-0.375475,0.344904,0.360932,1296.03,761.585,11054.6,0.18398,0.493012,0.112617,7044.41 
129,0.45,3.55,129,12784.9,-0.153375,23.4383,12.7149,121.117,0.0847432,44.0058,500,0.218166,-0.914072,-1.67949,1.37317,-0.143004,182.261,1285.78,740.032,10817.2,9822.81,-0.929485,-2.06172,-3.9748,0.225516,-1.29066,0.505077,1080.92,691.831,10612.4,0.163792,0.471684,0.107214,6599.36 
130,0.77,3.23,130,14551.2,-0.00576525,24.9832,13.0938,121.275,-0.00477126,-7.43312,4.59356e-11,1.35451,-0.861705,-13.7278,-1.20308,0.521764,188.428,1635.2,837.129,11782.8,10650.1,0.168026,-2.04819,-16.1008,-2.38957,-0.664718,0.23458,1423.41,787.297,11571,0.19131,0.508147,0.111378,7440.34 
131,0.57,3.43,131,11827.5,-0.128526,21.3996,12.6865,121.055,0.0651621,-28.5403,59.5205,-1.8039,-1.54328,-10.1571,-0.89921,-0.711267,216.907,1372.64,755.445,9659.6,8898.34,-3.16971,-2.90908,-12.8887,-2.26502,-2.07707,0.447065,1128.84,698.081,9415.81,0.187358,0.48026,0.120162,6025.06 
132,0.37,3.63,132,14511.8,-0.16167,25.4609,-13.1005,121.102,0.423953,1.3008,34.4117,-0.512998,-2.81898,-7.66679,1.49842,-0.263221,216.079,1542.25,721.335,12120.3,10876.1,-1.87359,-4.17958,-10.388,0.137826,-1.62381,0.420544,1299.38,664.19,11877.4,0.173816,0.527837,0.0933909,7475.64 
133,0.81,3.19,133,14231.1,-0.164832,25.4764,13.0568,120.955,-0.0055448,23.4181,500,0.604777,-2.13212,-2.76391,2.34666,2.04309,224.557,1629.31,899.846,11909.7,10832.8,-0.809202,-3.5461,-5.59187,0.932686,0.629115,0.33314,1376.91,840.459,11657.3,0.185101,0.483515,0.11724,7438.7 
134,0.29,3.71,134,13781.3,0.00401926,24.3522,12.7744,121.348,0.00151179,-10.1854,500,0.744497,-3.4154,-1.91229,-0.349345,-2.04497,169.458,1334.04,560.871,11837.5,10127.3,-0.322537,-4.48243,-4.04636,-1.41638,-3.112,0.697575,1143.57,516.055,11647.1,0.158828,0.558747,0.0754604,7200.05 
135,0.79,3.21,135,13806.8,-0.155974,24.0289,13.217,121.232,0.0503026,129.758,451.839,-1.4089,-4.15526,-8.9584,1.45728,-0.370216,214.08,1717.74,925.036,11134.7,10551.1,-2.7569,-5.50326,-11.6544,0.109274,-1.71822,0.458527,1477.13,868.42,10894.1,0.206821,0.492891,0.128041,7142.04 
136,0.65,3.35,136,14552.7,-0.20358,26.1162,12.9879,121.46,-0.0554766,393.521,230.659,-1.99336,-3.71796,-17.589,-0.138331,0.856714,193.317,1559.69,958.886,12194.9,11752.5,-3.21062,-4.93523,-20.0235,-1.3556,-0.360552,0.329993,1342.41,907.761,11977.6,0.177315,0.458006,0.122507,7570.76 
137,0.19,3.81,137,12996.3,-0.195932,23.5933,12.907,121.081,0.168512,-15.7621,162.381,0.959179,-4.03865,-7.15905,2.0473,2.38537,200.161,1210.98,604.224,11287.6,9999.55,-0.301178,-5.29901,-9.67977,0.786945,1.12502,0.2759,986.008,551.289,11062.6,0.146323,0.505447,0.0840802,6738.57 
138,0.55,3.45,138,12733,-0.18105,23.3393,12.7301,121.18,0.170315,133.429,294.683,-2.04523,-2.27115,-13.0511,-1.55059,-4.56756,205.457,1269.77,799.181,10698.5,10411.7,-3.33894,-3.56486,-15.6386,-2.8443,-5.86127,0.499533,1038.84,744.845,10467.5,0.160267,0.44351,0.115889,6481.97 
139,0.23,3.77,139,13248.6,-0.20215,24.5621,12.7929,121.19,0.0483445,-111.81,363.013,2.49494,-1.20609,-10.7403,-0.355602,0.960885,214.979,1427.72,863.05,11254,10404.9,1.14128,-2.55975,-13.4476,-1.70927,-0.392779,0.207479,1186.09,806.196,11012.3,0.171586,0.456728,0.118832,6912.51 
140,0.73,3.27,140,13366.3,-0.190023,24.4168,12.7734,121.717,-0.0726139,601.065,497.593,0.29305,-1.78575,-9.03664,0.106197,3.11426,182.627,1392.91,822.245,11332.2,11573.7,-0.856903,-2.9357,-11.3365,-1.04376,1.96431,0.202135,1187.65,773.947,11126.9,0.170305,0.467199,0.113577,6973.66 
141,0.33,3.67,141,12745.6,-0.00303568,23.1196,-12.6025,121.273,-0.0046042,-0.785495,5.344e-11,-4.71308,-4.45794,-11.534,2.23642,-1.10126,163.368,1386.8,741.799,10784.9,9484.99,-5.74177,-5.48662,-13.5914,1.20773,-2.12994,0.472014,1203.18,698.594,10601.3,0.179155,0.496009,0.108249,6715.85 
142,0.07,3.93,142,13136.8,-0.127248,23.7961,12.598,121.174,0.0281149,54.3149,169.398,2.61367,-2.4078,-12.1245,0.895306,0.871684,178.512,1515.3,974.564,10487.8,9808.61,1.48963,-3.53184,-14.3726,-0.228734,-0.252356,0.149344,1314.66,927.354,10287.2,0.197278,0.447539,0.142411,6663.99 
143,0.03,3.97,143,15423.9,-0.196104,27.6983,12.8986,121.412,-0.11609,179.043,132.481,0.940369,2.19344,-10.9983,0.983096,2.83881,172.203,1518.76,799.719,13121.2,12306.9,-0.143948,1.10912,-13.1669,-0.101222,1.75449,-0.248229,1325.21,754.178,12927.7,0.164671,0.50102,0.0970371,8047.6 
144,0.21,3.79,144,12956,-0.00183163,22.6992,12.8718,120.981,-0.00213161,5.26949,7.63172e-12,0.660989,-1.62948,-8.77387,0.851388,1.085,133.286,1615.7,891.022,10266.7,9511.75,-0.178275,-2.46875,-10.4524,0.0121242,0.245733,0.186049,1465.9,855.773,10116.9,0.217922,0.49465,0.134814,6726.7 
145,0.63,3.37,145,12349.6,-0.199504,22.8269,12.7427,120.775,0.0151035,-7.22397,485.653,2.43023,0.356094,-10.5331,-1.4136,-0.273556,194.279,1221.57,603.766,10660.4,9472.56,1.2069,-0.867231,-12.9797,-2.63692,-1.49688,0.226193,1003.21,552.386,10442.1,0.155945,0.509272,0.0887946,6433.09 
146,0.67,3.33,146,13285.8,-0.14261,23.6915,12.8637,120.971,0.0726251,40.9549,135.033,0.768087,-5.27444,-6.43475,-2.64693,2.04491,182.267,1354.23,772.875,11072.3,10017.8,-0.379602,-6.42212,-8.73013,-3.79462,0.89722,0.52629,1149.37,724.672,10867.4,0.169014,0.475428,0.109399,6800.43 
147,0.41,3.59,147,13761.6,-0.0474666,25.4684,12.5449,121.233,-0.0290757,20.9896,477.559,-0.806308,-4.37827,-4.32095,2.39411,-1.55547,151.854,1408.17,963.956,11623,10420.6,-1.76249,-5.33445,-6.23331,1.43793,-2.51165,0.567251,1237.49,923.797,11452.3,0.172049,0.433578,0.12937,7192.69 
148,0.11,3.89,148,14299.6,-0.178641,26.1044,12.6748,121.459,0.419601,168.206,308.573,-0.754245,-4.905,-7.62845,-4.17723,-2.40409,193.125,1460.4,780.985,12071.4,13068.5,-1.9703,-6.12106,-10.0606,-5.39329,-3.62015,0.629655,1243.33,729.91,11854.3,0.167846,0.493254,0.10187,7407.57 
149,0.43,3.57,149,13672.8,-0.0370664,24.0191,12.9709,121.222,0.0185888,-13.5521,500,-0.409341,4.22081,-8.08147,-1.31459,-5.5931,188.3,1479.57,878.492,11274.5,10150.2,-1.59501,3.03514,-10.4528,-2.50027,-6.77877,0.428549,1267.93,828.694,11062.8,0.180601,0.466468,0.121256,7020.59 
150,0.31,3.69,150,14149.3,-0.00861622,25.6545,12.622,121.121,-0.033554,20.2255,500,3.09564,1.6426,-4.81856,-0.794289,2.66506,149.083,1505.17,880.107,11879,10563.2,2.15691,0.703866,-6.69603,-1.73302,1.72633,-0.742872,1337.61,840.68,11711.4,0.180087,0.47622,0.116789,7427.54 
151,0.69,3.31,151,13970.4,-0.193668,24.8886,13.0751,121.214,-0.0963802,107.297,197.216,-3.99364,-7.28821,-13.5569,-0.0600311,-1.34136,219.527,1550.65,857.083,11606.7,10930.2,-5.37594,-8.67051,-16.3215,-1.44233,-2.72366,0.527377,1303.9,799.026,11360,0.180819,0.482534,0.114706,7211.1 
152,0.49,3.51,152,14320.1,-0.0203491,25.6763,12.8043,121.294,-0.0307492,1.00955,500,-1.39524,-0.589019,-4.48335,4.84852,0.666964,206.685,1285.54,758.404,12300.2,10703.4,-2.69668,-1.89046,-7.08624,3.54708,-0.634477,0.19114,1053.24,703.744,12067.9,0.143717,0.460978,0.0970029,7328.53 
153,0.09,3.91,153,14585.8,-0.140561,25.9925,12.8023,120.981,-0.0380234,227.362,289.431,-2.96579,-0.232984,-13.16,-2.38609,-0.685278,169.906,1622.28,837.497,11919.1,11114,-4.03564,-1.30284,-15.2997,-3.45594,-1.75513,0.408119,1431.31,792.563,11728.1,0.190082,0.507863,0.110705,7529.93 
154,0.15,3.85,154,15022.6,-0.0142622,26.3246,13.0272,121.093,0.0057078,-10.0491,0.0256583,-0.300153,-3.56395,-12.0207,-2.17358,-0.806316,202.093,1521.63,876.052,12538,11165.6,-1.57268,-4.83648,-14.5658,-3.44611,-2.07884,0.450346,1294.48,822.606,12310.8,0.1682,0.473468,0.109599,7696.1 
155,0.05,3.95,155,14372.6,-0.135687,26.063,12.5689,121.526,-0.135173,101.114,362.024,-0.330945,-0.970468,-6.76743,0.453537,-0.865439,203.04,1527.72,949.742,11785.3,11108.8,-1.60943,-2.24896,-9.32441,-0.824952,-2.14393,0.422697,1299.51,896.046,11557.1,0.177791,0.453171,0.124973,7309.21 
156,0.47,3.53,156,14208.5,-0.070297,25.4789,12.6787,121.508,0.0394129,10.173,5.58952e-07,-1.18575,-5.22305,-9.91485,-1.95639,0.580157,194.335,1432.21,796.024,11845.2,10529.1,-2.40943,-6.44673,-12.3622,-3.18006,-0.643521,0.50634,1213.79,744.63,11626.8,0.167195,0.482257,0.105527,7259.72 
157,0.61,3.39,157,14575,-0.00914134,25.838,12.8283,121.051,-0.00925214,8.93756,1.0611e-11,-4.54759,-2.09143,-9.0143,-1.58734,0.879303,171.283,1507.09,904.555,12108.6,10792.8,-5.62611,-3.16995,-11.1713,-2.66586,-0.199218,0.510726,1314.57,859.257,11916.1,0.175021,0.466446,0.117257,7510.95 
158,0.17,3.83,158,13530.8,-0.149552,24.1749,12.9253,121.167,-0.0961989,56.31,454.888,0.0282655,1.68245,-12.5113,-1.05642,-0.182141,229.98,1602.88,954.928,10935.3,10348.2,-1.41986,0.234331,-15.4076,-2.50454,-1.63026,0.256675,1344.39,894.107,10676.8,0.194943,0.462136,0.133647,6896.33 
159,0.27,3.73,159,13761.9,-0.0128191,25.154,12.6164,121.028,-0.00646178,5.05062,500,3.48688,2.48227,-17.2051,-3.5919,-1.84608,183.691,1419.38,874.713,11503.4,10332,2.33023,1.32561,-19.5184,-4.74855,-3.00273,0.173434,1212.91,826.133,11296.9,0.171139,0.456214,0.118719,7087.31 
160,0.75,3.25,160,12778.5,-0.041164,23.1,12.8916,121.125,-0.000954227,-13.2084,500,-1.80471,-1.22771,-15.5623,-0.704842,5.74109,203.468,1405.62,898.177,10653.6,9694.68,-3.08589,-2.50889,-18.1247,-1.98603,4.4599,0.146897,1176.93,844.367,10424.9,0.17838,0.44336,0.129831,6597.87 
161,0.13,3.87,161,16169.1,-0.162935,28.9187,12.7839,121.703,0.103056,-72.5246,30.1955,-0.405227,1.79065,-11.3233,-3.95654,-0.102986,150.783,1822.18,1041.77,13268,12278.1,-1.35467,0.841213,-13.2222,-4.90598,-1.05243,0.32862,1652.7,1001.89,13098.5,0.195264,0.48523,0.1235,8463.93 
162,0.35,3.65,162,13748.7,-0.00890481,23.8128,-13.1308,121.279,-0.0138596,16.6999,500,-1.56133,0.534715,-15.8304,1.30319,-2.85536,148.316,1702.73,1003.21,10969.2,10186.3,-2.49524,-0.399191,-17.6982,0.369287,-3.78927,0.262962,1536.02,963.989,10802.5,0.214729,0.476581,0.141178,7153.31 
163,0.59,3.41,163,12899.1,-0.188365,23.3407,12.9194,121.231,0.0616391,127.91,18.7766,2.65584,-1.71904,-13.3894,0.404487,-0.697459,164.884,1483.72,898.003,10597,10073.1,1.61761,-2.75727,-15.4658,-0.633744,-1.73569,0.184933,1298.4,854.397,10411.7,0.193431,0.464778,0.131315,6712.47 
164,0.01,3.99,164,14488.7,-0.172682,26.2178,12.7508,121.333,-0.0510868,-384.611,151.519,1.24404,1.18131,-7.75594,4.88243,-2.18875,161.73,1600.89,928.522,11968.8,11522.1,0.22567,0.162941,-9.79268,3.86406,-3.20712,-0.119531,1419.12,885.75,11787,0.188003,0.477949,0.121595,7548.36 
165,0.53,3.47,165,13494.4,-0.0715,24.718,12.7436,121.39,0.00811315,11.5311,0.200589,-0.487107,-3.24211,-7.04969,-0.212328,1.48403,151.528,1323.79,944.753,11497.5,10257.2,-1.44124,-4.19624,-8.95796,-1.16646,0.529898,0.411899,1153.48,904.679,11327.2,0.163762,0.421489,0.128256,7043.6 
166,0.51,3.49,166,12290,-0.0514013,21.7723,-12.8333,121.017,-0.00400559,28.0885,500,2.13024,-2.88215,-9.21366,2.3474,-1.43113,136.541,1323.48,710.581,10182.5,9099.39,1.27048,-3.74192,-10.9332,1.48764,-2.29089,0.230484,1170.01,674.471,10029,0.183241,0.497806,0.110229,6385.09 
167,0.39,3.61,167,14576.5,-0.0424326,26.0066,-12.6888,121.147,-0.25389,-252.844,499.767,2.38909,-3.09285,-11.0779,-1.14494,-1.84402,193.959,1661.68,885.516,11960.8,12832.1,1.16779,-4.31416,-13.5205,-2.36625,-3.06533,0.388169,1443.67,834.221,11742.8,0.191217,0.497208,0.115722,7549.91 
168,0.25,3.75,168,13798.7,-0.137119,25.1305,12.6547,120.943,0.790546,292.942,499.999,1.6694,0.139088,-11.3974,0.119848,1.95589,170.207,1512.67,842.084,11503.6,17891.4,0.597646,-0.932662,-13.5409,-0.951902,0.884137,0.0288863,1321.36,797.071,11312.3,0.183427,0.486469,0.114884,7203.76 
169,0.71,3.29,169,13953.8,-0.0137088,24.9486,12.703,121.334,0.00506354,3.22417,2.55479e-05,1.73753,-1.57411,-12.6048,2.36205,0.0205121,154.762,1377.23,744.572,11880.6,10317.4,0.763032,-2.5486,-14.5538,1.38755,-0.953983,0.0850002,1203.28,703.643,11706.7,0.165042,0.49423,0.0996846,7290.75 
170,0.45,3.55,170,13462.7,-0.0409118,24.4953,-12.7159,121.151,0.0143874,-17.0009,5.37657e-11,1.44889,-1.35374,-12.5373,0.522672,2.3019,198.753,1353.46,838.032,11379.9,10147.6,0.197396,-2.60523,-15.0403,-0.728821,1.05041,0.121814,1130.07,785.469,11156.5,0.163035,0.45119,0.114804,6931.43 
171,0.77,3.23,171,13708.5,-0.186303,24.6581,12.9327,120.86,0.0150273,-2.96893,252.235,0.302119,-2.12582,-12.3969,3.53691,1.19065,218.533,1486.11,987.857,11232.4,10382.6,-1.07393,-3.50187,-15.149,2.16086,-0.185393,0.146503,1240.49,930.063,10986.8,0.178395,0.432512,0.134903,6953.61 
172,0.57,3.43,172,13764.5,-0.135427,24.4436,12.9935,121.346,-0.0516986,100.016,6.56846e-10,-1.83396,-2.9799,-5.99755,0.0263984,-1.62604,213.062,1577.42,996.602,11150.3,10507.5,-3.17556,-4.32149,-8.68074,-1.3152,-2.96764,0.575734,1337.95,940.255,10910.8,0.19082,0.448465,0.136998,7011.57 
173,0.37,3.63,173,13594.9,-0.0141388,24.313,12.7842,121.273,-0.00238136,13.9941,500,0.139248,-0.46738,-10.5304,3.28291,3.5356,191.092,1434.23,887.649,11346.5,10119.4,-1.06401,-1.67063,-12.9369,2.07966,2.33235,-0.148973,1219.45,837.112,11131.7,0.174009,0.454273,0.121673,7007.93 
174,0.81,3.19,174,13013.7,-0.168089,23.1821,13.016,121.037,0.0231589,166.182,485.761,-2.0672,-4.04716,-9.77656,2.96325,2.71893,187.711,1479.3,925.793,10672.1,9947.85,-3.24916,-5.22912,-12.1405,1.78128,1.53697,0.298259,1268.32,876.15,10461.1,0.189074,0.452716,0.133661,6708.08 
175,0.29,3.71,175,13342.2,-0.0502629,23.8484,12.8215,121.138,0.10692,162.974,274.103,-3.06987,-6.06645,-7.81939,-0.137136,-3.04113,205.541,1462.04,892.954,10972.2,10521.2,-4.36411,-7.36069,-10.4079,-1.43137,-4.33537,0.62695,1231.02,838.596,10741.2,0.180596,0.456176,0.125736,6816.42 
176,0.79,3.21,176,13619.1,-0.0148782,24.2316,12.7384,121.287,-0.00546031,13.0987,500,-1.64215,-5.72934,-9.36188,2.51291,-0.581593,183.672,1526.5,919.193,11055.1,10050.6,-2.79869,-6.88587,-11.675,1.35638,-1.73813,0.463005,1320.06,870.618,10848.7,0.189626,0.464214,0.128792,6961.37 
177,0.65,3.35,177,13707.6,-0.0483541,24.6044,12.7094,121.24,0.0383598,22.9453,0.000719031,1.35713,-1.3026,-9.26931,-3.97462,1.69686,152.941,1480.96,788.464,11392.3,10208.3,0.394099,-2.26563,-11.1954,-4.93764,0.733837,0.351771,1309.06,748.017,11220.4,0.183248,0.500006,0.109374,7143.68 
178,0.19,3.81,178,12730.6,-0.019413,23.1702,12.7562,121.182,0.00958183,-3.41946,500,-0.480004,0.63647,-12.4144,-0.184527,-4.60624,166.069,1249.18,732.819,10857.6,9622.62,-1.5257,-0.409222,-14.5058,-1.23022,-5.65193,0.378043,1062.53,688.9,10670.9,0.160711,0.468465,0.106284,6611.39 
179,0.55,3.45,179,13441,0.00440314,24.1098,12.867,121.425,-0.00488323,1.651,500,-3.60473,-3.85673,-10.7183,-4.12225,-2.06099,229.813,1368.96,858.104,11383,10099,-5.05181,-5.3038,-13.6124,-5.56932,-3.50806,0.588069,1110.65,797.327,11124.7,0.16107,0.443202,0.116629,6895.47 
180,0.23,3.77,180,12971.8,-0.21012,23.391,13.0647,121.408,-0.0233563,91.2829,2.57089,-1.78124,-1.69576,-5.69928,-3.10376,-2.103,213.218,1474.64,854.311,10740.8,10017.5,-3.12382,-3.03834,-8.38444,-4.44634,-3.44558,0.626337,1234.99,797.922,10501.1,0.184449,0.469337,0.122785,6695.58 
181,0.73,3.27,181,12973.3,-0.143138,23.3213,12.7793,121.203,0.0376199,-38.0879,323.072,-2.7868,0.919331,-8.12682,0.856495,-1.3914,206.804,1134.81,617.485,11064,9748.54,-4.08899,-0.382857,-10.7312,-0.445693,-2.69358,0.414949,902.366,562.793,10831.6,0.138086,0.478137,0.0873522,6534.79 
182,0.33,3.67,182,13891.4,-0.143529,24.5798,12.9382,121.123,0.0986597,125.253,420.252,-1.29378,-2.78132,-6.49991,1.83515,-1.86931,230.314,1570.36,951.663,11190.6,10754.9,-2.744,-4.23154,-9.40037,0.384924,-3.31954,0.5132,1311.5,890.753,10931.8,0.187463,0.456918,0.13051,6996.03 
183,0.07,3.93,183,12575.9,-0.0141564,23.2703,12.4378,121.329,0.000580807,-0.167152,500,-0.982292,-2.8718,-9.39631,-0.120577,-4.24556,229.193,1173.48,683.38,10696.6,9421.94,-2.42546,-4.31497,-12.2826,-1.56374,-5.68873,0.532545,915.877,622.767,10439,0.144365,0.456633,0.0990145,6344.15 
184,0.03,3.97,184,13584,-0.0125581,24.8415,12.6857,121.201,0.0460293,1.04098,499.867,0.796517,-3.94729,-7.85087,-1.12047,-2.47352,219.65,1472.04,846.738,11426.1,10260.1,-0.586559,-5.33037,-10.617,-2.50355,-3.85659,0.536255,1225.16,788.649,11179.2,0.174069,0.470258,0.115007,7038.36 
185,0.21,3.79,185,13320.2,-0.221209,23.963,13.1211,121.069,0.121675,33.497,472.599,-2.37342,-6.96765,-5.22707,2.43389,-0.679989,212.841,1247.94,818.075,11373.8,10368.1,-3.71362,-8.30785,-7.90747,1.09369,-2.02019,0.620844,1008.71,761.786,11134.6,0.148368,0.430735,0.111924,6798.71 
186,0.63,3.37,186,12562.8,-0.00633784,22.6919,12.6965,121.312,-0.0398104,22.9291,500,1.30114,-3.63303,-6.91371,0.126063,-4.34465,198.772,1245.94,752.364,10538.9,9408.56,0.0495207,-4.88464,-9.41694,-1.12555,-5.59627,0.551016,1022.52,699.796,10315.5,0.160105,0.455028,0.111085,6386.59 
187,0.67,3.33,187,14531.5,-0.00406158,26.0913,-12.834,121.036,-0.00159032,6.43956,8.82806e-11,-4.21272,-3.64804,-7.18509,3.98673,0.0540162,189.65,1530.41,973.21,12097,10901,-5.4069,-4.84222,-9.57344,2.79255,-1.14016,0.473123,1317.25,923.055,11883.9,0.175707,0.449175,0.125172,7496.85 
188,0.41,3.59,188,12378.1,-0.216733,22.704,12.9244,121.163,0.0430514,-87.2012,293.022,-4.01406,-1.71905,-8.71262,-2.02815,0.502076,255.511,1258.94,764.955,10565.1,9674.53,-5.62295,-3.32793,-11.9304,-3.63703,-1.10681,0.534426,971.755,697.382,10277.9,0.15385,0.443284,0.111104,6316.26 
189,0.11,3.89,189,14127,-0.197744,25.3972,12.8811,121.32,7.96058,-12209,79.9529,0.594568,0.315147,-5.44894,1.99839,-2.65228,205.239,1638.4,1094.55,11455.2,3.17453e+06,-0.697767,-0.977188,-8.03361,0.706053,-3.94462,0.379506,1407.72,1040.27,11224.5,0.194317,0.43607,0.145828,7244.45 
190,0.43,3.57,190,12947.5,-0.0689808,23.1808,12.8635,121.163,0.108189,113.64,0.0205619,-1.43971,-3.25397,-3.02526,3.15565,-0.922302,145.799,1365.06,726.691,10862.4,10107.2,-2.35777,-4.17203,-4.86137,2.23759,-1.84036,0.557813,1201.19,688.133,10698.5,0.177574,0.499367,0.105933,6764.42 
191,0.31,3.69,191,15351.1,-0.0228575,26.3778,-12.9954,121.069,-0.00590361,4.74042,500,-3.82973,3.02929,-16.0982,1.97444,1.60195,210.638,1699.09,1007.11,12362.5,11159.9,-5.15606,1.70295,-18.7508,0.648111,0.275618,0.118861,1462.34,951.403,12125.7,0.188259,0.467605,0.126282,7767.71 
192,0.69,3.31,192,13662.5,-0.0347541,24.4978,12.7035,121.329,0.00164229,11.2577,500,-3.33694,1.2473,-9.89631,-1.26681,-1.24323,196.2,1420.83,921.321,11289.1,10131.4,-4.57237,0.0118733,-12.3672,-2.50223,-2.47865,0.43551,1200.31,869.433,11068.6,0.172558,0.440995,0.126406,6955.99 
193,0.49,3.51,193,12960.8,-0.00997645,23.4534,12.7091,121.549,0.000666522,8.42843,1.8855e-11,-0.231087,-4.84204,-14.4492,-6.19466,-5.43489,192.116,1362.67,822.497,10867.1,9703.4,-1.44079,-6.05174,-16.8686,-7.40437,-6.64459,0.560829,1146.74,771.689,10651.1,0.17153,0.45921,0.117748,6685.33 
194,0.09,3.91,194,13738.3,-0.0256904,25.0098,-12.6212,121.36,0.00780576,8.55516,500,-3.84832,-2.88924,-13.2892,-2.09442,-2.77626,170.57,1430.21,905.199,11431.8,10277.8,-4.92235,-3.96327,-15.4373,-3.16845,-3.85029,0.507452,1238.49,860.089,11240.1,0.174846,0.451404,0.123543,7083.36 
195,0.15,3.85,195,13085.1,-0.0461497,23.3982,12.7923,121.039,0.0314431,63.5551,500,-3.07525,-1.95078,-8.53861,-0.820057,-0.122115,219.19,1593.98,950.944,10628.3,9808.78,-4.45543,-3.33096,-11.299,-2.20024,-1.5023,0.504168,1347.62,892.977,10382,0.199759,0.463048,0.136773,6746.24 
196,0.05,3.95,196,13785.1,-0.178776,24.8275,12.8771,121.434,0.0144758,139.218,9.79695,1.04208,-0.00555632,-6.25839,3.02146,-0.295551,191.703,1484.82,764.971,11594.5,10473.1,-0.165023,-1.21266,-8.67259,1.81436,-1.50265,0.109458,1269.36,714.273,11379,0.176632,0.503846,0.103646,7186.44 
197,0.47,3.53,197,12049.1,-0.192004,22.2408,12.7468,121.22,-0.222165,186.277,9.23666,0.639337,3.0427,-4.94934,-2.20645,-0.36791,235.162,1342.8,886.514,10025.5,10576,-0.841418,1.56195,-7.91085,-3.68721,-1.84867,0.378381,1078.48,824.323,9761.18,0.17524,0.427791,0.134622,6154.29 
198,0.61,3.39,198,12506.7,-0.0597102,22.4389,12.844,121.13,0.0326547,-18.4537,0.00302491,0.230742,-2.90757,-10.5326,-1.81986,-2.16851,191.652,1609.2,1010.31,9876.68,9401.63,-0.976038,-4.11435,-12.9462,-3.02664,-3.37529,0.470255,1393.79,959.624,9661.27,0.217181,0.453541,0.15467,6417.65 
199,0.17,3.83,199,13078.2,-0.238874,23.788,13.0808,121.27,0.381364,-708.837,6.53493,1.66999,-0.250183,-8.7036,0.735714,-3.29028,247.486,1626.22,966.628,10697.6,18929.5,0.111633,-1.80854,-11.8203,-0.82264,-4.84863,0.383989,1348.06,901.177,10419.4,0.199236,0.460856,0.137429,6766.14 
200,0.27,3.73,200,14406.1,-0.0639637,25.7847,12.9176,121.178,0.013308,40.9318,500,-8.66801,1.55944,-8.2518,-2.47486,0.879002,235.765,1642.47,1079.42,11781.2,10860.5,-10.1526,0.0748918,-11.2209,-3.95941,-0.605546,0.566149,1377.48,1017.07,11516.2,0.187007,0.436276,0.139924,7365.92 
201,0.75,3.25,201,12402.8,-0.0211266,22.4675,13.0693,120.945,0.0217946,31.3525,0.000148799,-2.82571,-4.29105,-18.0583,1.11976,-1.15692,239.077,1287.81,736.766,10654.8,9580.99,-4.33112,-5.79645,-21.0691,-0.385648,-2.66233,0.384747,1019.1,673.539,10386.1,0.158741,0.463692,0.106713,6419.87 
202,0.13,3.87,202,13809.7,-0.0652829,25.5812,12.7173,121.24,0.0358234,-17.9965,499.103,-1.80731,-2.99722,-13.8927,1.50643,3.48876,242.027,1648.24,1110.63,11446.8,10611.3,-3.3313,-4.5212,-16.9407,-0.0175473,1.96478,0.258482,1376.21,1046.62,11174.8,0.191483,0.429019,0.147144,7187.08 
203,0.35,3.65,203,12715.9,-0.0137896,22.9229,-12.9554,121.021,0.00487944,-0.980247,0.571933,-7.05958,-1.69753,-9.04881,0.396458,-3.98359,252.833,1612.17,1064.55,10232,9667.66,-8.65161,-3.28955,-12.2329,-1.19557,-5.57561,0.604693,1327.99,997.681,9947.86,0.204279,0.432017,0.155938,6500.88 
204,0.59,3.41,204,12792.6,-0.167791,23.4144,12.8195,120.994,0.197673,-88.685,0.0364201,-0.89553,-1.26889,-11.3224,1.75793,0.0920638,243.844,1496.81,974.18,10448.2,10341.9,-2.43095,-2.80431,-14.3933,0.222513,-1.44336,0.309655,1222.74,909.693,10174.1,0.18773,0.434412,0.141415,6513.28 
205,0.01,3.99,205,13946,-0.174573,24.185,13.3441,121.181,0.102694,51.8792,483.964,2.78489,-1.67877,-12.211,-3.50889,0.611338,218.682,1754.57,946.683,11282.8,10679.2,1.40791,-3.05575,-14.965,-4.88588,-0.765644,0.32785,1508.78,888.85,11037,0.208164,0.492378,0.129187,7248.01 
206,0.53,3.47,206,14611,-0.00743202,25.4603,13.1017,121.118,-0.0146813,17.5409,2.04891e-11,-7.66437,-4.075,-11.6569,0.398843,-2.13643,234.194,1681.13,1025.43,11908.4,10867.3,-9.13902,-5.54965,-14.6062,-1.07581,-3.61108,0.570175,1417.9,963.491,11645.2,0.189727,0.456797,0.132254,7473.4 
207,0.51,3.49,207,12986.4,-0.118409,23.3142,12.9183,120.983,-0.0334218,280.447,344.75,2.99572,-1.37019,-2.00875,0.924042,-5.00039,196.544,1388.77,836.13,10930.9,10109.5,1.75814,-2.60778,-4.48392,-0.313543,-6.23797,0.622727,1167.86,784.152,10710,0.173349,0.459765,0.118844,6737.04 
208,0.39,3.61,208,13588.6,-0.0195267,23.9706,-12.931,121.102,0.00317833,6.91588,8.23254e-11,2.35955,-0.906981,-6.48196,0.915088,-3.1114,208.631,1559.15,931.505,11079.3,10091.1,1.04586,-2.22067,-9.10934,-0.398603,-4.42509,0.397046,1324.65,876.33,10844.8,0.190215,0.463452,0.129567,6963.96 
209,0.25,3.75,209,13748.2,-0.22224,24.5312,13.2009,120.969,0.0594606,96.5293,51.4306,-1.18533,-3.20483,-13.6114,-1.7559,-4.44755,201.602,1864.47,1091.83,11064.1,10728.7,-2.45476,-4.47426,-16.1503,-3.02534,-5.71698,0.492474,1637.87,1038.52,10837.5,0.225187,0.474021,0.150037,7273.39 
210,0.71,3.29,210,13362.6,-0.144903,24.0252,12.8842,120.855,-0.304254,124.109,499.276,-0.0684986,-4.64657,-5.61237,3.35892,-1.26397,203.774,1450.11,981.207,11050.5,11306,-1.35161,-5.92968,-8.17859,2.07581,-2.54708,0.486629,1221.07,927.317,10821.5,0.178304,0.429369,0.136333,6848.24 
211,0.45,3.55,211,13284.6,-0.229077,24.5251,13.019,120.969,0.728357,-472.126,0.000617056,-1.58256,-0.580541,-12.7218,-0.129453,1.34084,248.82,1569.56,1026.81,11098.5,21588.3,-3.14931,-2.1473,-15.8553,-1.69621,-0.225911,0.31285,1289.89,961.002,10818.8,0.186517,0.434067,0.140619,6915.68 
212,0.77,3.23,212,12791.5,-0.0279447,22.7582,12.91,121.372,0.00129878,-5.19315,500,-0.391054,-1.75631,-16.686,0.131933,0.434816,186.282,1504.32,961.938,10476.4,9564.66,-1.56402,-2.92928,-19.0319,-1.04103,-0.738151,0.247881,1294.94,912.673,10267,0.195204,0.447748,0.14071,6633.79 
213,0.57,3.43,213,13530.6,-0.0140404,23.9667,13.1144,120.852,-0.00095179,4.70394,500,-2.02749,-1.10839,-9.45321,1.47889,0.274525,200.284,1661.53,997.373,11102,10231.9,-3.28863,-2.36953,-11.9755,0.217751,-0.986613,0.349247,1436.42,944.406,10876.9,0.20253,0.464991,0.13789,7092.38 
214,0.37,3.63,214,12876.8,-0.198291,23.0712,13.0981,121.011,-0.0590482,58.0483,204.292,-0.504036,-2.95057,-12.2778,0.758338,-5.00524,233.624,1698.37,1007.8,10334.5,9948.88,-1.9751,-4.42163,-15.2199,-0.71273,-6.47631,0.471635,1435.78,946.019,10071.9,0.215158,0.464456,0.147502,6673.15 
215,0.81,3.19,215,14063.5,-0.223747,24.9153,13.2791,121.127,-0.610193,689.828,26.1687,-4.46364,-4.53812,-18.5386,-0.329584,0.959115,227.631,1484.26,829.18,11887.2,24473,-5.89698,-5.97145,-21.4053,-1.76292,-0.474218,0.397218,1228.41,768.98,11631.4,0.168813,0.477214,0.108565,7276.73 
216,0.29,3.71,216,14128.7,-0.202923,25.2669,13.0569,120.759,0.0890049,18.1042,192.021,0.321726,-1.79586,-11.458,-0.699227,2.02107,246.071,1736.85,1163.65,11378.7,10792.1,-1.22772,-3.3453,-14.5569,-2.24867,0.47162,0.30373,1460.28,1098.57,11102.2,0.20188,0.43168,0.154176,7233.4 
217,0.79,3.21,217,14353.7,-0.207621,25.1478,13.3343,121.007,0.253384,98.2816,262.911,-4.69649,0.300655,-4.72286,2.74451,-0.858774,208.781,1596.95,1004.07,11805.9,11726.7,-6.01112,-1.01398,-7.35213,1.42987,-2.17341,0.513773,1362.29,948.855,11571.3,0.184608,0.450673,0.131231,7379.35 
218,0.65,3.35,218,12635.9,-0.242279,23.1065,13.0675,121.106,0.145566,-71.8216,2.65004,-2.40815,-3.29168,-12.6,2.70815,-3.45159,187.169,1466.81,943.107,10548.9,10169.7,-3.5867,-4.47023,-14.9571,1.5296,-4.63014,0.427251,1256.44,893.608,10338.5,0.189437,0.445506,0.137352,6632.48 
219,0.19,3.81,219,11737.7,-0.234547,21.8296,12.898,121.058,0.0503471,-76.3108,173.364,-2.34419,-0.8666,-14.0792,-0.431917,-0.108468,239.658,1405.85,917.636,9632.52,9290.77,-3.85325,-2.37566,-17.0974,-1.94098,-1.61753,0.36405,1136.48,854.256,9363.15,0.189246,0.431888,0.143884,6005.32 
220,0.55,3.45,220,12787.5,-0.0875792,22.8568,13.0878,121.06,0.020629,11.4841,500,-4.37935,-5.61445,-10.0242,2.23694,-1.27678,235.92,1499.03,950.725,10603.1,9745.88,-5.86487,-7.09997,-12.9952,0.751415,-2.76231,0.535403,1233.86,888.333,10337.9,0.186677,0.442491,0.136659,6609.58 
221,0.23,3.77,221,13724.5,-0.229581,24.6245,13.1638,121.073,0.021292,136.209,499.998,2.1662,-4.98949,-11.7847,1.39908,-7.36336,203.279,1674.35,995.55,11233,10646.6,0.886203,-6.26949,-14.3447,0.11909,-8.64335,0.492264,1445.87,941.791,11004.6,0.201705,0.467314,0.136182,7168.24 
222,0.73,3.27,222,12621.9,0.0207985,23.4714,12.4459,121.024,-0.0049644,0.0183435,1.60799e-13,2.60286,-4.46191,-9.42983,2.72404,2.02853,252.087,1471.02,943.317,10426.2,9509.56,1.01554,-6.04923,-12.6045,1.13671,0.441202,0.215176,1187.68,876.65,10142.9,0.183795,0.436356,0.137346,6461.99 
223,0.33,3.67,223,12590.8,-0.0226651,22.4084,12.9113,120.972,0.0508799,107.878,500,-4.84972,-5.08455,-11.8225,-0.454145,-2.3889,250.519,1559.77,876.738,10310.6,9597.08,-6.42717,-6.662,-14.9774,-2.0316,-3.96635,0.560322,1278.19,810.485,10029,0.196849,0.474012,0.129578,6493.28 
224,0.07,3.93,224,13007.7,-0.0138239,23.1145,12.9285,120.99,-0.0119632,19.727,1.4507e-11,-4.92293,-2.42443,-6.95211,-0.250934,-6.44348,249.001,1708.9,999.198,10382,9735.78,-6.49083,-3.99232,-10.0879,-1.81883,-8.01137,0.668175,1429.03,933.347,10102.2,0.213857,0.466639,0.14544,6682.16 
225,0.03,3.97,225,13210.9,-0.261849,24.4624,12.9445,121.312,0.0788774,35.0501,236.383,-5.23002,-4.12294,-8.1264,1.87771,1.42079,238.674,1661.45,1128.33,10750.1,10398.1,-6.73289,-5.6258,-11.1321,0.374847,-0.0820721,0.520126,1393.19,1065.21,10481.8,0.203571,0.427712,0.157684,6843.74 
226,0.21,3.79,226,12848.8,-0.0732756,23.1548,13.1903,120.954,-0.11539,223.661,104.305,-1.22533,-1.73287,-15.1714,1.50559,1.22504,281.992,1716.49,1106.48,10293.4,10782.5,-3.00097,-3.5085,-18.7227,-0.270037,-0.550593,0.281356,1399.54,1031.9,9976.44,0.21246,0.436623,0.160042,6587.29 
227,0.63,3.37,227,13509.3,-0.211893,24.3286,13.1357,121.163,-0.162127,180.899,4.02053e-11,-1.89672,-3.25472,-14.2931,0.434813,-1.52645,239.429,1490.55,934.35,11268.1,11357.9,-3.40434,-4.76235,-17.3084,-1.07281,-3.03407,0.414901,1221.44,871.03,10999,0.175978,0.44485,0.127308,6940.9 
228,0.67,3.33,228,12849.1,-0.023333,23.005,-13.0183,121.257,-0.00837571,-7.74146,500,0.426761,0.313766,-11.2966,2.6783,0.79887,260.195,1623.05,1100.86,10415.8,9751.39,-1.21162,-1.32461,-14.5734,1.03992,-0.839511,0.138139,1330.6,1032.04,10123.3,0.201768,0.424207,0.158106,6594.73 
229,0.41,3.59,229,14007.9,-0.155779,24.8312,13.0738,121.077,-1.52659,1053.95,500,3.86426,-2.29479,-5.53394,4.49075,-3.6977,185.352,1745.79,1139.54,11195.7,62944.7,2.69715,-3.4619,-7.86817,3.32364,-4.86481,0.226647,1537.46,1090.52,10987.4,0.212037,0.446175,0.154572,7250.9 
230,0.11,3.89,230,12917.8,-0.211895,23.4654,12.9818,121.205,0.0580012,258.974,84.5508,-3.63815,-3.59907,-11.5099,-2.63052,-1.10233,233.46,1420.63,945.075,10707.3,10405.5,-5.10819,-5.06911,-14.45,-4.10055,-2.57237,0.538342,1158.22,883.333,10444.9,0.175766,0.428328,0.13479,6589.57 
231,0.43,3.57,231,14408,-0.195745,25.4501,13.1693,120.993,0.0178854,78.5584,169.103,-2.20164,-3.5412,-14.5858,1.35379,-2.31632,246.059,1913.49,1215.73,11394.6,10956.3,-3.75101,-5.09057,-17.6845,-0.19558,-3.86568,0.421836,1636.93,1150.66,11118,0.220661,0.448402,0.160122,7418.31 
232,0.31,3.69,232,12984.7,-0.0249451,23.5548,-12.7988,121.142,-0.000560602,19.1355,5.51919e-12,-2.67309,-1.23094,-7.34249,-3.36664,1.30868,245.399,1792.06,1138.52,10222.9,9814.28,-4.2183,-2.77615,-10.4329,-4.91185,-0.236536,0.537871,1516.24,1073.62,9947.09,0.226686,0.4466,0.16585,6688.73 
233,0.69,3.31,233,12839.4,-0.241266,23.7126,12.9151,121.074,-0.12983,513.811,290.718,0.0536201,-1.89392,-8.95411,1.74866,-4.10697,232.675,1587.77,950.097,10553.5,12141,-1.41148,-3.35902,-11.8843,0.283565,-5.57206,0.458408,1326.25,888.563,10292,0.198598,0.460307,0.137217,6678.07 
234,0.49,3.51,234,11965,-0.231888,22.1701,12.909,121.075,-0.0607462,332.487,398.073,-0.54594,-4.24807,-11.6185,-0.796484,-1.61773,304.527,1469.56,925.188,9844.96,9974.03,-2.46347,-6.1656,-15.4535,-2.71401,-3.53525,0.490518,1127.28,844.652,9502.68,0.185754,0.432668,0.140699,6068.68 
235,0.09,3.91,235,12978.1,-0.248665,23.9982,12.9221,121.017,0.649216,1861.95,450.124,-4.30283,-0.0117414,-11.2175,3.86005,-3.17215,272.907,1543.82,897.485,10820.2,49445.8,-6.02125,-1.73016,-14.6544,2.14163,-4.89057,0.417431,1237.08,825.311,10513.5,0.184526,0.461361,0.126337,6704.09 
236,0.15,3.85,236,14737.1,-0.0600765,26.8406,13.1363,121.072,-0.101106,108.396,11.9279,-4.35704,0.507097,-16.961,-1.23462,-2.89614,276.596,1724.72,1037.81,12520.7,11834.6,-6.09869,-1.23455,-20.4443,-2.97627,-4.63779,0.42234,1413.83,964.665,12209.8,0.182126,0.455781,0.127049,7762.92 
237,0.05,3.95,237,11359.9,-0.237603,21.4464,12.762,121.166,0.133162,-156.151,116.604,-2.79722,-6.91677,-11.8798,-2.28203,-0.956393,288.831,1391.38,895.974,9394.67,9586.73,-4.61591,-8.73546,-15.5171,-4.10072,-2.77509,0.565885,1066.74,819.589,9070.04,0.184456,0.426522,0.142703,5783.16 
238,0.47,3.53,238,13760.6,-0.0476623,24.8632,12.9318,121.207,0.00764913,90.628,0.00158248,-0.784197,-3.27213,-10.8056,0.991266,-4.58273,318.947,1823.6,1211.05,11013.5,10489.3,-2.79252,-5.28045,-14.8223,-1.01706,-6.59106,0.514077,1465.11,1126.7,10655,0.209131,0.426297,0.163033,7005.72 
240,0.17,3.83,240,11946.2,-0.299164,22.9013,12.8122,121.279,0.277117,66.5262,87.7145,-3.00714,-6.23101,-10.4294,2.10544,-0.663329,251.321,1320.94,735.175,10429.9,10151.8,-4.58963,-7.81351,-13.5944,0.522944,-2.24583,0.50959,1038.47,668.71,10147.4,0.164441,0.470169,0.108253,6315.12 
241,0.27,3.73,241,13076.6,-0.176976,24.416,12.7285,121.035,0.159555,-76.7037,4.54218e-09,1.02068,1.97532,-10.4362,0.745917,-1.66932,296.823,1441.72,1037.78,10891.6,10515.3,-0.848335,0.106305,-14.1743,-1.1231,-3.53833,0.276,1108.1,959.277,10558,0.167939,0.39762,0.143373,6598.25 
242,0.75,3.25,242,13516.5,-0.242868,24.6617,13.0218,121.413,0.122169,170.641,489.012,-2.06197,4.95193,-12.2629,1.49918,-1.97201,273.779,1458.33,1005.54,11267,11132.8,-3.78588,3.22802,-15.7107,-0.224736,-3.69593,0.221828,1150.61,933.139,10959.2,0.167987,0.413354,0.135582,6849.42 
243,0.13,3.87,243,12965.9,-0.0151769,23.4757,12.9011,121.111,-0.011011,17.8792,476.292,-2.98753,-3.43908,-8.54399,-0.97582,-3.00934,314.523,1880.82,1115.96,10303.3,9865.58,-4.968,-5.41954,-12.5049,-2.95629,-4.98981,0.594504,1527.31,1032.78,9949.75,0.227916,0.458008,0.160517,6701.18 
244,0.35,3.65,244,12523.4,-0.0548934,23.2881,12.8966,121.209,-0.0221411,67.6115,500,-5.44127,-6.49528,-16.1451,6.38475,0.839088,297.465,1386.24,891.238,10800.3,9825.69,-7.31433,-8.36834,-19.8912,4.51169,-1.03397,0.380262,1051.9,812.57,10466,0.161975,0.425199,0.125124,6494.2 
245,0.59,3.41,245,12381.9,-0.240489,23.2165,12.7593,121.27,-0.0360585,169.744,379.612,1.73979,0.200138,-8.06888,0.109959,-0.965411,257.259,1612.71,1098.2,10069,9842.38,0.119896,-1.41975,-11.3087,-1.50993,-2.5853,0.322987,1323.56,1030.17,9779.8,0.206514,0.423355,0.162508,6409.06 
246,0.01,3.99,246,12810.8,-0.0401682,23.4642,12.9028,121.181,-0.0239065,34.883,3.30443e-06,1.11872,-4.06337,-11.9536,3.26404,-3.84088,266.647,1603.29,941.001,10605,9882.84,-0.560285,-5.74237,-15.3116,1.58504,-5.51988,0.400699,1303.59,870.483,10305.3,0.195665,0.461132,0.13465,6662.36 
247,0.53,3.47,247,13411.5,-0.252842,24.6991,12.9556,121.517,0.00148172,283.456,100.872,0.0582841,-2.20068,-6.91571,0.339449,0.509782,297.77,1312.92,867.621,11453.8,10430.4,-1.81669,-4.07565,-10.6657,-1.53553,-1.36519,0.451883,978.241,788.872,11119.1,0.144707,0.414726,0.115587,6760.17 
248,0.51,3.49,248,12634.8,-0.255089,23.001,13.1897,121.091,-0.041395,96.433,348.664,-1.27204,1.39043,-13.0092,-0.716173,-3.94327,301.635,1604.59,980.261,10338.5,10005.9,-3.17136,-0.508881,-16.8079,-2.61549,-5.84258,0.419341,1265.57,900.49,9999.47,0.195748,0.445399,0.142285,6465.29 
249,0.39,3.61,249,13863.3,-0.17386,25.8895,12.9228,120.909,-0.0029421,50.8489,500,-1.65627,2.95518,-13.7466,-2.67663,-2.68244,323.519,1619.99,1065.29,11710.9,10896,-3.69339,0.918063,-17.8209,-4.71374,-4.71955,0.406554,1256.36,979.73,11347.3,0.175544,0.42289,0.137223,7156.96 
250,0.25,3.75,250,12573.9,-0.310862,23.9204,12.8918,121.023,-0.449759,424.214,378.254,-3.49727,-6.46653,-12.5803,1.6264,0.296437,323.079,1549.66,953.232,10619.2,16249.7,-5.53161,-8.50088,-16.649,-0.407944,-1.73791,0.492832,1186.53,867.79,10256.1,0.181992,0.438618,0.134847,6519.7 
251,0.71,3.29,251,13127.7,-0.240226,24.2772,12.8678,121.29,0.0102846,148.905,464.942,-0.173413,-5.15159,-9.85724,0.136591,1.85237,296.532,1704.48,1138.96,10581.2,10219.3,-2.04059,-7.01877,-13.5916,-1.73059,-0.0148105,0.442884,1371.19,1060.54,10247.9,0.204652,0.424895,0.160113,6700.1 
252,0.45,3.55,252,13879.5,-0.0602289,25.38,12.9685,121.18,0.0403921,25.2148,500,0.612187,-4.2014,-13.4244,0.950277,-3.46766,314.053,1622.09,916.438,11847.5,10747.7,-1.36532,-6.17891,-17.3794,-1.02723,-5.44516,0.446446,1269.1,833.382,11494.5,0.175139,0.465295,0.117821,7246.26 
253,0.77,3.23,253,13114.2,-0.203896,24.1444,12.9763,121.103,0.121841,13.6572,500,0.942267,-2.59529,-9.29651,0.530957,3.33002,259.633,1622.08,1057.8,10857.9,10253.2,-0.692573,-4.23013,-12.5662,-1.10388,1.69518,0.256333,1330.27,989.139,10566.1,0.194921,0.434549,0.147083,6824.65 
254,0.57,3.43,254,13036,-0.000401846,23.9934,13.0181,121.207,-0.0109749,15.007,1.56658,-0.520138,-0.818108,-12.2465,-2.05379,0.572526,292.652,1437,831.645,11371.8,10173.3,-2.36289,-2.66086,-15.932,-3.89654,-1.27022,0.390104,1108.07,754.25,11042.9,0.161753,0.456369,0.111758,6850.36 
255,0.69,3.31,255,13974.6,-0.301102,25.6522,13.1644,121.016,0.153686,9.02936,330.414,-1.44153,-6.97922,-12.5794,0.535123,-2.52083,277.875,1472.95,1021.55,11831.4,11038.3,-3.19124,-8.72892,-16.0788,-1.21458,-4.27054,0.519807,1160.63,948.066,11519.1,0.162313,0.411608,0.131653,7150.54 
256,0.49,3.51,256,13162.5,-0.26821,24.8229,12.8843,120.997,0.0817095,129.808,0.00186907,-0.807441,-1.80488,-6.06771,1.29811,-2.37744,289.538,1411.01,941.057,11344.4,10756.6,-2.63058,-3.62802,-9.71399,-0.52503,-4.20058,0.530684,1085.58,864.485,11018.9,0.159283,0.417784,0.126272,6815.42 
257,0.09,3.91,257,13359.5,-0.275147,24.3678,13.1892,120.702,-0.044556,335.255,117.152,-4.09601,-5.22596,-13.1214,-2.18897,-3.39087,317.723,1632.72,1067.85,10925.6,10948.6,-6.09662,-7.22657,-17.1227,-4.18959,-5.39149,0.572221,1275.61,983.822,10568.5,0.188387,0.425586,0.14638,6771.21 
258,0.15,3.85,258,13602.5,-0.321954,25.0345,13.2606,121.14,0.0617774,69.3293,480.899,-1.21224,-0.97464,-3.64053,0.375639,-3.2213,276.462,1591.49,910.713,11584.7,10946.3,-2.95304,-2.71545,-7.12214,-1.36517,-4.9621,0.627462,1280.75,837.599,11273.9,0.179297,0.466313,0.120384,7143.2 
259,0.05,3.95,259,13179.6,-0.0699073,24.4057,13.006,120.883,-0.0571673,133.841,500,-1.55317,-4.17,-12.359,0.68315,-3.66813,358.765,1601.82,861.504,11357.5,10582.1,-3.81222,-6.42905,-16.8771,-1.5759,-5.92718,0.512524,1198.58,766.624,10954.3,0.173838,0.471849,0.114196,6894.8 
260,0.47,3.53,260,12600.8,-0.00345556,23.68,12.6547,121.248,0.00301784,21.158,500,0.656378,-4.24433,-9.02066,2.29346,-1.11579,320.249,1307.77,996.948,10703.7,9757.09,-1.36015,-6.26085,-13.0537,0.276937,-3.13231,0.445233,947.818,912.254,10343.7,0.149816,0.372531,0.139757,6326.56 
261,0.61,3.39,261,14039.8,-0.22213,25.0448,13.4099,121.045,0.125021,111.699,8.74793e-07,-1.4187,-0.676783,-4.19526,1.29918,-0.408598,276.03,1678.04,1069.48,11652.4,11387.5,-3.15679,-2.41487,-7.67143,-0.438901,-2.14668,0.515346,1367.8,996.484,11342.1,0.188254,0.439574,0.139298,7265.7 
262,0.17,3.83,262,12779.3,-0.360007,24.4296,13.0338,121,-0.0341424,433.377,430.844,4.59891,6.74065,-16.9428,-4.35983,3.80773,305.614,1465.4,1001.42,11045.7,10847,2.67454,4.81628,-20.7915,-6.28421,1.88336,-0.174559,1121.9,920.595,10702.2,0.167773,0.410511,0.136783,6687.03 
263,0.27,3.73,263,13850.3,-0.111745,25.7038,12.8891,121.266,-0.0035671,30.6273,500,-1.14006,-2.68745,-11.1068,3.93542,-1.89647,321.183,1646.05,1221.29,11509.3,10788.4,-3.16246,-4.70985,-15.1516,1.91302,-3.91887,0.394657,1285.05,1136.35,11148.3,0.181449,0.392541,0.158084,7082.15 
264,0.75,3.25,264,12198.8,-0.313792,22.3242,13.4635,121.136,-0.166552,265.581,292.846,0.471498,-4.64815,-13.2136,2.60735,-1.56416,326.921,1606.21,1030.62,9956.7,11224.2,-1.58704,-6.70668,-17.3306,0.54882,-3.62269,0.396108,1238.76,944.164,9589.25,0.198993,0.428482,0.153529,6225.18 
265,0.13,3.87,265,13722.8,-0.303541,25.425,13.2767,121.036,0.27031,54.4239,0.107134,0.491488,-4.6767,-7.07676,1.40947,-2.52633,315.543,1558.27,968.638,11842.8,11467.6,-1.4954,-6.66359,-11.0505,-0.577421,-4.51322,0.545249,1203.61,885.189,11488.1,0.167694,0.437249,0.124296,7177.44 
266,0.35,3.65,266,13490.7,-0.280592,24.7,13.1522,120.888,0.138924,63.2808,93.3158,0.931281,-2.23392,-6.3708,-0.878335,-0.705482,282.296,1668.9,1125.7,11050.9,10861.4,-0.846259,-4.01146,-9.92588,-2.65587,-2.48302,0.501775,1351.61,1051.04,10733.6,0.194951,0.423578,0.152816,6933.06 
267,0.59,3.41,267,11863.5,-0.136406,22.9171,12.8914,121.056,-0.17553,332.326,1.22425e-07,-3.43967,-4.24507,-10.3792,0.408005,-1.7099,306.501,1351.4,926.31,10347.4,11516.3,-5.36963,-6.17502,-14.2391,-1.52195,-3.63986,0.539866,1006.91,845.252,10002.9,0.162185,0.405015,0.134693,6208.4 
268,0.01,3.99,268,13087.2,-0.226678,25.1421,12.7761,121.209,-0.236907,426.471,500,1.60681,3.41213,-13.1631,2.15019,-0.131348,309.918,1274.24,780.871,11622.8,13745.7,-0.344661,1.46066,-17.066,0.198719,-2.08282,0.0430693,925.898,698.91,11274.4,0.13639,0.430853,0.10249,6788.59 
269,0.53,3.47,269,12278.8,-0.109388,23.6181,-12.7918,120.817,-0.122302,15.587,441.187,2.84159,-3.16527,-14.0323,3.66319,-1.18541,318.798,1245.53,918.127,10760.6,9896.99,0.834204,-5.17266,-18.0471,1.65581,-3.19279,0.245603,887.212,833.817,10402.2,0.140908,0.378118,0.128661,6296.37 
270,0.51,3.49,270,12213.2,-1.90319,21.2273,-15.8835,120.86,0.334296,768.032,2.45305e-07,-0.622182,-2.25652,-9.52144,4.76515,-1.33051,312.806,1501.04,991.314,10348.2,19333.8,-2.59184,-4.22618,-13.4608,2.7955,-3.30017,0.352333,1149.45,908.589,9996.63,0.181082,0.419587,0.143416,6347.7 
271,0.39,3.61,271,12217.8,-0.285803,23.0081,12.9433,121.031,-0.194279,266.63,405.158,1.49945,-1.66768,-16.2881,0.216619,0.867407,334.374,1546.9,970.525,10113.7,11380.6,-0.60601,-3.77314,-20.499,-1.88884,-1.23806,0.268025,1171.08,882.096,9737.88,0.18783,0.431377,0.143003,6234.78 
272,0.25,3.75,272,12618.2,-0.33708,23.6729,13.1943,121.078,0.00964577,298.72,466.941,1.18758,0.638772,-15.3175,0.880951,-1.77672,347.443,1753.78,1066.04,10432.7,10261.7,-1.00018,-1.54899,-19.693,-1.30681,-3.96448,0.284241,1363.26,974.153,10042.1,0.20702,0.444345,0.151605,6585.17 
273,0.71,3.29,273,14155.6,-0.116139,25.4605,13.3203,120.823,0.106215,-17.8343,499.974,1.06028,-4.37318,-11.5379,0.656506,1.85498,352.685,1935.96,1342.89,11431.5,11101.8,-1.16048,-6.59394,-15.9794,-1.56426,-0.365783,0.377357,1539.55,1249.62,11035.1,0.211541,0.413149,0.172597,7277.82 
274,0.45,3.55,274,11623.9,-0.335279,22.3523,12.9969,120.981,0.279648,89.4113,484.264,-3.91818,-4.30989,-9.54096,-5.16468,0.731927,342.697,1414.76,911.661,9831.27,10271,-6.07606,-6.46776,-13.8567,-7.32255,-1.42595,0.605773,1029.58,821.03,9446.09,0.173285,0.417446,0.138014,5941.55 
275,0.77,3.23,275,12202.2,-0.322972,22.7819,13.2419,121.202,-0.0659013,480.303,0.000382622,1.33234,-3.67744,-5.48782,3.10135,-2.26161,310.563,1348.18,867.872,10555,10851,-0.623191,-5.63298,-9.39889,1.14582,-4.21715,0.498094,999.116,785.739,10205.9,0.158434,0.420829,0.124206,6306.21 
276,0.57,3.43,276,13474.2,-0.046337,23.9019,13.3759,120.926,0.0434088,39.6338,7.86233e-07,0.466123,-2.80126,-5.27516,4.64169,-2.88046,333.706,1695.82,910.036,11336.7,10463.6,-1.63514,-4.90252,-9.47768,2.54043,-4.98172,0.486489,1320.75,821.783,10961.6,0.188119,0.478728,0.121343,7020.78 
277,0.37,3.63,277,12809.7,-0.319343,23.8941,13.1605,120.932,0.156939,77.7169,404.869,-6.06794,-6.47079,-10.685,2.84019,1.91199,324.717,1716.03,1074.24,10545.4,10633.8,-8.1126,-8.51545,-14.7743,0.795534,-0.132663,0.519371,1351.06,988.361,10180.4,0.203324,0.438557,0.151709,6644.87 
278,0.81,3.19,278,13612.7,-0.332973,25.5818,13.0346,121.013,0.0500273,140.648,450.729,-1.91396,-3.29443,-16.2399,-1.28441,-2.54286,298.778,1585.51,1119.42,11509.5,11083.9,-3.79528,-5.17576,-20.0026,-3.16574,-4.42419,0.452936,1249.7,1040.41,11173.6,0.177011,0.407013,0.14641,7059.99 
279,0.29,3.71,279,12388.3,-0.297421,23.0319,13.1479,120.817,-0.0950147,165.631,3.33332,-0.597637,-3.30595,-7.61449,0.768966,-1.32406,343.942,1701.99,1033.63,10114.8,10370.1,-2.76335,-5.47167,-11.9459,-1.39675,-3.48977,0.523449,1315.41,942.669,9728.24,0.206369,0.443634,0.151464,6374.1 
280,0.79,3.21,280,13712.6,-0.196223,25.7499,12.9733,121.039,0.0503003,15.218,1.45228e-11,-3.58215,-5.07256,-11.3422,2.65286,-3.0788,320.506,1436.85,905.882,11987.3,10899.7,-5.60029,-7.09071,-15.3785,0.634721,-5.09695,0.527277,1076.61,821.12,11627.1,0.151152,0.428318,0.115116,7122.69 
281,0.65,3.35,281,13032.7,-0.053035,24.1217,12.9687,120.866,-0.0245479,75.4645,500,-2.90158,-1.98946,-15.8911,0.756991,-1.90589,334.7,1689.67,1022.74,10988.7,10243.9,-5.0091,-4.09698,-20.1061,-1.35053,-4.01341,0.418497,1313.47,934.223,10612.5,0.192253,0.445492,0.139534,6832 
282,0.19,3.81,282,12040.1,-0.357274,23.404,12.9057,120.988,0.101759,71.6098,412.851,0.10656,-3.17115,-10.8367,3.86499,-0.698084,302.827,1476.83,1065.83,10291.1,10069.8,-1.80026,-5.07797,-14.6503,1.95817,-2.60491,0.33934,1136.46,985.742,9950.77,0.18008,0.397154,0.154322,6310.86 
283,0.55,3.45,283,10815.4,-0.0103374,20.4507,13.0189,120.958,-0.0029304,8.03949,500,-1.64496,-3.1018,-14.4684,-3.42484,0.657219,396.474,1372.55,857.132,9281.7,8667.96,-4.14145,-5.59829,-19.4614,-5.92133,-1.83927,0.473472,926.922,752.279,8836.08,0.16787,0.413176,0.13557,5521.68 
284,0.23,3.77,284,12173.9,-0.348905,22.9726,13.2332,121.158,-0.462144,1470.07,168.058,0.518161,-2.22514,-14.8334,1.88267,-2.46879,360.967,1412.51,862.898,10536.8,32012.5,-1.75475,-4.49805,-19.3792,-0.390244,-4.7417,0.370067,1006.79,767.436,10131.1,0.160446,0.428458,0.122454,6274.94 
285,0.73,3.27,285,11931.2,-0.326322,22.8581,12.9569,121.046,0.0843348,1038.22,447.628,-0.673767,-2.32082,-15.9678,2.31578,-1.28952,335.787,1247.47,878.712,10419.6,12491.6,-2.78813,-4.43518,-20.1965,0.201416,-3.40388,0.340464,870.052,789.909,10042.2,0.142819,0.386279,0.126559,6092.01 
286,0.33,3.67,286,11025.7,-0.361949,21.7357,12.9069,121.078,0.104927,-124.057,313.217,2.05264,-2.31285,-13.1697,0.0329807,4.58817,352.804,1407.02,895.215,9442.95,9556.29,-0.168867,-4.53436,-17.6127,-2.18853,2.36666,0.204406,1010.48,801.912,9046.41,0.176823,0.418621,0.140371,5714.61 
287,0.07,3.93,287,12345.1,-0.00700475,23.1362,12.7743,121.049,-0.00216505,1.8141,2.26996e-12,-4.52485,-1.08806,-9.53343,3.57199,0.891673,299.799,1467.92,913.354,10483.5,9621.2,-6.41261,-2.97581,-13.3089,1.68424,-0.996084,0.395301,1130.96,834.068,10146.6,0.176515,0.436566,0.131511,6407.18 
288,0.03,3.97,288,11228.7,-0.269447,21.3563,12.8483,120.917,0.0370829,247.961,27.6392,-0.219895,-0.516983,-9.57214,5.57718,-2.67615,321.705,1414.33,788.841,9477.94,9231.7,-2.24559,-2.54268,-13.6235,3.55148,-4.70185,0.303577,1052.74,703.762,9116.35,0.181719,0.460854,0.124501,5793.25 
289,0.21,3.79,289,11722.4,-0.164515,22.8284,12.6098,120.968,0.51444,4291.48,500,5.62564,-4.28453,-10.7499,0.47201,-1.62693,315.729,1520.37,950.932,9955.06,81239.1,3.63758,-6.27259,-14.7261,-1.51605,-3.61499,0.345279,1165.5,867.434,9600.19,0.189278,0.43432,0.142694,6157.6 
290,0.63,3.37,290,11130.3,-0.328275,21.0646,13.2447,120.908,0.0958581,71.9755,44.4732,0.57103,-4.71647,-1.75935,3.27288,3.55299,320.878,1416.37,887.617,9453.28,9306.81,-1.44945,-6.73695,-5.80031,1.2524,1.53251,0.482198,1055.71,802.756,9092.62,0.182526,0.429057,0.139883,5783.87 
291,0.67,3.33,291,11115.5,-0.351937,22.0441,12.7633,120.998,0.0966313,106.332,57.1109,3.66996,2.72879,-11.8245,1.1588,2.26079,334.544,1173.08,806.098,9961.6,9493.53,1.56343,0.622261,-16.0376,-0.947738,0.15426,-0.0950614,797.062,717.624,9585.58,0.137863,0.388261,0.121195,5781.56 
292,0.41,3.59,292,10391.9,-0.0286288,20.0201,12.8571,120.954,0.00111034,41.2465,500,0.280791,0.438479,-13.0635,0.757017,0.30144,390.056,1382.26,932.543,8853.8,8380.77,-2.17529,-2.0176,-17.9757,-1.69906,-2.15464,0.309219,943.855,829.387,8415.39,0.177421,0.394047,0.153655,5319.86 
293,0.11,3.89,293,12026.8,-0.337013,23.5272,12.7282,120.978,0.08345,19.4977,305.65,-0.208191,-0.766475,-11.1473,-2.78535,-2.44863,388.435,1725.66,1140.34,9973.29,9801.38,-2.65406,-3.21235,-16.0391,-5.23122,-4.8945,0.499267,1289.08,1037.61,9536.71,0.206313,0.415175,0.166962,6248.16 
294,0.43,3.57,294,12303.2,-0.306172,23.222,13.003,120.974,0.0164815,98.9619,497.261,0.294229,4.1862,-8.06818,-0.784242,-0.221194,359.99,1695.81,1075.25,10185.8,9882.8,-1.97253,1.91944,-12.6017,-3.051,-2.48796,0.307361,1291.2,980.05,9781.21,0.202464,0.429499,0.155815,6377.42 
295,0.31,3.69,295,10230.9,-0.403421,21.0659,12.7207,120.673,0.15277,-504.187,491.537,-1.00685,0.734996,-6.50456,2.9705,2.45353,362.528,1173.06,776.075,9163.72,11230.8,-3.28959,-1.54775,-11.07,0.687762,0.170791,0.264392,765.591,680.2,8756.25,0.143939,0.391418,0.125184,5318.84 
296,0.69,3.31,296,12957.9,-0.200774,24.3449,12.8511,120.98,0.182751,-118.731,500,2.60022,5.17491,-12.2279,0.661242,2.29674,346.763,1626.15,1052.08,10849.6,10890.9,0.416749,2.99143,-16.5948,-1.52223,0.113269,-0.136974,1236.4,960.375,10459.8,0.185215,0.423852,0.144666,6675.51 
297,0.49,3.51,297,11600.5,-0.325773,22.0041,13.1305,120.933,0.0889778,102.893,21.2958,2.14668,-0.657513,-12.7715,1.45377,-3.82701,365.051,1641.4,991.212,9623.6,9703.48,-0.151946,-2.95614,-17.3688,-0.844856,-6.12564,0.367197,1231.09,894.67,9213.29,0.204432,0.440184,0.151737,6022 
298,0.09,3.91,298,12962.8,-0.361132,24.8557,12.9759,121.029,0.326269,322.665,361.823,-4.02501,-3.30127,-12.3585,5.42373,2.10119,389.259,1627.11,1039.72,11021.9,13926.3,-6.47607,-5.75233,-17.2606,2.97267,-0.349868,0.357535,1189.6,936.775,10584.4,0.177725,0.420508,0.140182,6693.48 
299,0.15,3.85,299,13225.1,-0.0157143,24.3819,13.0719,121.041,-0.00901206,10.2658,1.7624e-11,2.0143,1.56263,-10.3224,-0.643926,-1.96956,405.087,1687.22,1074.61,11102.7,10378.3,-0.536424,-0.988093,-15.4239,-3.19465,-4.52029,0.374623,1231.92,967.475,10647.4,0.182006,0.421169,0.143383,6768.56 
300,0.05,3.95,300,11795.3,-0.364654,23.0409,12.9041,120.905,-0.0245967,87.4338,10.74,5.07573,0.804804,-6.53562,-0.861375,-3.45907,376.359,1516.58,861.356,10220.8,9748.87,2.7059,-1.56503,-11.2753,-3.23121,-5.8289,0.412578,1093.56,761.823,9797.75,0.176712,0.450628,0.125287,6188.39 
301,0.47,3.53,301,11501.1,-0.35379,22.9082,12.6567,120.844,0.0929899,-107.712,230.623,-1.04452,0.638173,-13.1079,-1.53346,-6.65749,407.263,1459.53,950.448,9916.82,9764.64,-3.60895,-1.92625,-18.2368,-4.09789,-9.22192,0.508334,1001.78,842.742,9459.07,0.169206,0.404503,0.140982,5920.5 
302,0.61,3.39,302,12364.7,-0.0906176,23.4955,13.0604,120.866,0.0029074,18.471,500,0.0782776,0.296378,-8.30378,3.45936,1.22137,376.869,1525.98,986.642,10733.4,9991.12,-2.29477,-2.07667,-13.0499,1.08632,-1.15167,0.253724,1102.39,886.974,10309.8,0.170557,0.415277,0.1368,6463.48 
303,0.17,3.83,303,12511.8,-0.108472,23.3391,13.2104,120.761,0.0177457,114.9,500,-0.725503,0.158951,-4.61171,2.35987,2.22958,442.065,1761.55,1024.85,10451.9,10103.2,-3.50907,-2.62461,-10.1788,-0.423695,-0.553985,0.411294,1264.68,907.943,9954.99,0.19634,0.443191,0.143842,6441.28 
304,0.27,3.73,304,11579.6,-0.405711,22.5148,13.2151,120.889,-0.0435369,-182.502,401.388,-1.76097,-5.30014,-20.4196,0.97015,-1.57723,431.102,1575.98,1075.7,9885.84,9944.42,-4.4755,-8.01467,-25.8486,-1.74438,-4.29176,0.417495,1091.44,961.688,9401.3,0.182511,0.393397,0.158557,5980.11 
305,0.75,3.25,305,12822,-0.396313,24.3448,13.2865,120.927,0.156286,411.642,128.53,5.62511,-3.13784,-11.7221,2.96895,-1.68567,438.549,1634.37,1094.77,10950.7,12623.9,2.86368,-5.89927,-17.2449,0.207524,-4.4471,0.296702,1141.46,978.789,10457.8,0.173487,0.399903,0.147056,6579.51 
306,0.13,3.87,306,12755,-0.426849,24.7584,13.1456,121.142,-0.133357,658.73,442.531,-1.04731,-0.275585,-14.9953,-1.40959,2.30818,379.263,1643.43,1053.18,11131.5,13454.6,-3.43543,-2.6637,-19.7716,-3.79771,-0.0799306,0.335372,1217.15,952.879,10705.2,0.179418,0.421935,0.140869,6783.88 
307,0.35,3.65,307,11565.2,-0.0184894,22.0638,12.9424,120.926,-0.00537899,-2.35156,500,-0.697477,-1.10137,-11.7478,3.1555,0.133396,461.461,1628.95,1096.08,9710.98,9296.31,-3.60318,-4.00707,-17.5592,0.249798,-2.7723,0.36591,1110.29,974.036,9192.31,0.188495,0.394439,0.163315,5890.29 
308,0.59,3.41,308,14608.1,-0.397516,27.2807,13.2837,121.147,0.0594848,545.312,353.539,-2.20399,-1.59133,-11.8202,-0.304849,4.28261,434.955,1968.98,1278.01,12195.7,12852.9,-4.94279,-4.33013,-17.2978,-3.04365,1.54382,0.383774,1480.11,1162.98,11706.8,0.195583,0.421045,0.15469,7567.66 
309,0.01,3.99,309,12655.5,-0.174911,25.3049,12.9808,120.954,-0.0136201,122.388,106.944,1.52784,3.37073,-6.52965,3.74052,0.137697,451.208,1270.08,922.435,11596.8,10747.3,-1.31329,0.529595,-12.2119,0.89939,-2.70344,0.174852,762.933,803.107,11089.6,0.116843,0.351846,0.117702,6529.54 
310,0.53,3.47,310,14181.3,-0.27101,27.2843,12.9364,120.944,5.00835,-13949.5,0.185525,0.215646,-2.01799,-7.64799,5.4784,3.20703,399.499,1633.33,1095.97,12329.3,2.2858e+06,-2.29989,-4.53353,-12.6791,2.96286,0.691497,0.200469,1184.31,990.316,11880.3,0.160866,0.405951,0.133114,7362.05 
311,0.51,3.49,311,10594.2,-0.419476,21.2972,13.0388,120.87,0.676608,-1155.28,191.085,3.32467,-1.13727,-11.1345,3.2618,-1.00474,444.389,1271.96,842.491,9531.84,34485.8,0.52647,-3.93547,-16.7309,0.463598,-3.80294,0.287418,772.479,724.967,9032.36,0.141239,0.378449,0.128809,5469.31 
312,0.39,3.61,312,12306.3,-0.429142,24.6759,12.8051,121.114,0.602126,-404.983,122.238,-0.298271,0.408215,-9.13575,3.63922,-2.08501,431.109,1472.81,981.018,10820.5,18224.2,-3.01285,-2.30636,-14.5649,0.924637,-4.79959,0.386975,988.258,867.006,10335.9,0.155315,0.394433,0.13384,6362.95 
313,0.25,3.75,313,12029,-0.485554,24.3013,13.0178,120.994,-0.0282228,268.09,1.03057,5.02437,1.88606,-5.16334,0.463115,-0.735825,448.882,1466.35,1020.11,10715,10544.5,2.19788,-0.940431,-10.8163,-2.36337,-3.56231,0.301477,961.818,901.396,10210.5,0.153369,0.378779,0.139876,6271.27 
314,0.71,3.29,314,12763.8,-0.00513138,24.8314,-12.5985,121.04,-0.0013528,-8.96108,3.8468e-11,1.05413,2.29798,-14.4297,3.43376,5.04098,409.126,1356.6,992.283,11326.1,10184.3,-1.52203,-0.278179,-19.5821,0.857605,2.46482,-0.0842869,896.759,884.084,10866.3,0.136968,0.366937,0.13034,6547.22 
315,0.45,3.55,315,12568.8,-0.42293,24.2515,13.3471,120.962,0.317189,10.0219,6.30998e-05,-2.54047,-1.43324,-12.4366,2.89338,-3.37797,394.034,1739.34,1164.86,10771.7,10640.6,-5.0216,-3.91436,-17.3989,0.412251,-5.85909,0.45255,1296.46,1060.65,10328.9,0.194445,0.411235,0.159072,6667.47 
316,0.77,3.23,316,12842.9,-0.00594627,24.8861,12.8642,120.675,-0.00665691,17.2473,499.364,-2.72845,2.12062,-2.63041,3.6091,2.15431,412.263,1564.74,1069.67,11202.7,10425.4,-5.32437,-0.47529,-7.82223,1.01319,-0.441601,0.400609,1101.37,960.64,10739.4,0.164731,0.395821,0.141466,6685.84 
317,0.57,3.43,317,12732.5,-0.447344,25.0676,13.0566,120.857,0.253015,-226.836,113.016,2.68865,-2.59633,-16.2192,-3.85226,0.272326,463.537,1605.63,1173.62,11047,12523,-0.230121,-5.5151,-22.0568,-6.77104,-2.64645,0.407386,1084.63,1051.03,10526,0.165386,0.370949,0.155359,6558.17 
318,0.37,3.63,318,12248.4,-0.00647415,24.0045,12.8325,120.691,0.00252907,-0.857954,1.02658e-12,0.504215,3.72289,-11.9763,4.43075,-4.93543,447.317,1557.78,1007.44,10896.2,10027.7,-2.31242,0.906256,-17.6095,1.61411,-7.75207,0.299922,1055.01,889.139,10393.4,0.163325,0.404063,0.136136,6459.58 
319,0.81,3.19,319,11435,-0.466685,23.0719,13.0596,121.029,0.149752,55.0389,3.42221,-2.35626,-1.70725,-5.12505,-0.200367,-2.44758,418.607,1346.06,839.837,10378.5,10076.9,-4.99211,-4.34311,-10.3968,-2.83622,-5.08343,0.624009,875.559,729.131,9908.01,0.145255,0.406946,0.119378,6027.72 
320,0.29,3.71,320,11798,-0.425434,23.8346,12.7762,120.62,0.191436,59.4844,394.454,-2.7474,-1.50006,-8.94976,-1.16049,-1.23976,421.973,1352.64,850.609,10542.9,10283.7,-5.40445,-4.15711,-14.2639,-3.81755,-3.89681,0.54775,878.361,739.013,10068.6,0.143663,0.40447,0.119103,6114.02 
321,0.79,3.21,321,12464.7,-0.0632454,24.0391,12.9938,120.724,0.0389657,-34.9135,500,-2.97354,-3.28588,-10.4165,0.387493,2.73065,431.637,1588.63,1042.55,10946.9,10212.6,-5.69144,-6.00378,-15.8523,-2.33041,0.0127518,0.469204,1103.49,928.402,10461.8,0.168636,0.404476,0.140504,6543.6 
322,0.65,3.35,322,11587.1,-0.473499,23.7274,12.8706,120.999,0.09161,-107.337,140.303,0.314853,0.0568157,-15.9211,0.771628,-4.25249,427.743,1319.51,959.78,10530,10261.4,-2.37853,-2.63657,-21.3079,-1.92175,-6.94587,0.394501,838.741,846.658,10049.3,0.138307,0.361465,0.134348,6064.36 
323,0.19,3.81,323,11160.8,-0.453584,22.8019,12.8878,120.837,-0.0565632,-61.5626,149.022,0.00533051,-3.67784,-11.1189,2.08023,5.65341,425.307,1342.82,966.984,9927.98,9679.69,-2.67271,-6.35588,-16.475,-0.597811,2.97537,0.287599,864.793,854.506,9449.95,0.14965,0.36641,0.142787,5778.77 
324,0.55,3.45,324,11853.5,-0.117378,23.7787,12.7222,120.786,0.0824807,-203.75,500,2.95398,-3.33367,-7.66011,-2.09939,3.79572,452.342,1323.45,861.61,10879.1,10395,0.105702,-6.18195,-13.3567,-4.94767,0.947449,0.430009,815.037,741.982,10370.7,0.131293,0.385633,0.116448,6207.78 
325,0.23,3.77,325,10841,-0.364601,21.5023,13.2634,120.826,0.20055,-38.8169,21.8305,5.95631,-0.368685,-13.6365,0.764093,3.6109,454.829,1589.96,1039.98,9160.61,9537.4,3.09237,-3.23262,-19.3644,-2.09984,0.746965,0.0715874,1078.75,919.699,8649.4,0.193447,0.401286,0.163791,5576.43 
326,0.73,3.27,326,11634.8,-0.524347,23.8754,13.0757,120.812,0.174747,20.9712,28.3724,-2.2733,-1.70341,-13.3012,0.610069,3.58627,469.349,1272.61,977.887,10776.3,10282,-5.22866,-4.65878,-19.212,-2.3453,0.630904,0.376514,745.078,853.762,10248.7,0.122658,0.332749,0.133039,6074.43 
327,0.33,3.67,327,12288.7,-0.0255558,23.8917,12.7305,120.643,0.00327436,7.64039,1.15447,0.733537,-4.04571,-9.84777,1.32724,1.71049,360.813,1340.99,826.719,11146.3,9901.99,-1.53841,-6.31766,-14.3917,-0.944707,-0.561451,0.394134,935.444,731.297,10740.8,0.143459,0.422281,0.111444,6520.64 
328,0.07,3.93,328,12241.7,-0.0258164,23.7897,12.6312,120.598,-0.00699105,5.35817,2.84958e-12,-1.59927,2.0092,-9.025,-0.979397,-2.11253,432.121,1635.93,1082.64,10513.2,9783.21,-4.32022,-0.711747,-14.4669,-3.70035,-4.83348,0.483928,1150.24,968.357,10027.5,0.180726,0.40432,0.151026,6364.53 
329,0.03,3.97,329,10225.4,-0.457769,20.8361,13.1513,120.9,0.137445,290.639,412.746,-0.128008,-1.07969,-10.0212,6.55461,-1.94078,392.664,1232.45,769.79,9345.86,10220.7,-2.60051,-3.55219,-14.9662,4.08211,-4.41328,0.302277,791.105,665.945,8904.52,0.145921,0.404345,0.121085,5421.45 
330,0.21,3.79,330,10913,-0.442868,21.7534,13.2057,120.835,0.909335,-1648.7,153.258,1.33337,0.069326,-11.0994,6.61751,6.30731,423.385,1531.18,950.221,9533.8,58156.2,-1.33257,-2.59661,-16.4312,3.95157,3.64137,-0.28696,1055.31,838.252,9057.93,0.183041,0.4184,0.145646,5765.43 
331,0.63,3.37,331,11561.6,-0.47301,23.4778,12.9815,120.786,-0.128985,-1480.42,205.97,-2.12547,-0.986598,-6.96939,4.36615,1.10323,492.926,1323.15,819.487,10590.2,16137.6,-5.22929,-4.09042,-13.177,1.26232,-2.0006,0.432881,769.115,689.126,10036.1,0.128445,0.389408,0.112285,5987.91 
