cyc,time,chargetime,decoherencetime,VVA,PhaseOGain,cyc,ROIsum,fBg,fA1,fWidth1,fCtr1,fA2,fWidth2,fCtr2,box1,box2,box3,box4,box5,box6,box7,box8,box9,Nfit,BZ-2,BZ-1,BZ0,BZ1,BZ2,Excited,c5,c7,c9,fraction95,fraction75,fraction97,sum95
0,0.3,0.6,1.1,2.2,-9,0,8416.25,-0.0602083,16.8769,11.2367,121.813,-0.1826,82.3488,330.737,-0.695087,3.99091,2.53972,-0.131618,3.32036,13.5552,754.804,34.254,7637.46,6662.95,-0.780441,3.90555,2.36901,-0.216971,3.235,0.721691,740.165,33.6565,7622.82,0.102522,0.92629,0.0080677,7219.56 
1,0.17,0.73,0.97,2.8,-9,1,8228.94,-0.0164291,16.5614,11.0333,121.643,-0.00905862,-11.7615,500,3.3403,3.23899,3.45596,0.678075,-0.139274,-7.3621,597.639,28.8797,7593.58,5951.83,3.38666,3.28535,3.54868,0.724432,-0.0929165,0.672999,605.589,29.2042,7601.53,0.0856939,0.922175,0.00702743,7066.89 
2,0.4,0.5,1.2,2.001,-9,2,8834.52,-0.00728645,17.9994,11.2288,121.475,0.00734463,3.5125,3.33205e-08,0.0502919,2.95475,-0.543376,0.896093,0.178625,14.3469,873.823,40.54,8024.73,6580.23,-0.0400468,2.86441,-0.724053,0.805755,0.0882863,1.24181,858.33,39.9077,8009.24,0.111963,0.924757,0.00909518,7666.18 
3,0.11,0.79,0.91,3,-9,3,9898.01,-0.0169782,19.177,11.5397,121.641,-0.00481674,-4.71184,500,3.23212,0.545663,1.21429,-1.12106,-0.277047,28.3017,508.652,27.1932,9398.36,7204.65,3.05391,0.367454,0.857873,-1.29927,-0.455256,0.66021,478.089,25.9457,9367.79,0.0566408,0.913266,0.00507613,8440.71 
4,0.5,0.4,1.3,1.7,-9,4,8952.32,-0.0846415,18.2823,11.199,121.599,-0.0675264,277.336,499.533,2.06869,-1.79442,1.16952,0.60058,1.57443,20.1749,404.726,37.2899,8733.35,7274.75,1.94166,-1.92145,0.915447,0.473544,1.4474,0.679532,382.94,36.4007,8711.56,0.0491719,0.857377,0.00763832,7787.77 
5,0.2,0.7,1,2.5,-9,5,9244.91,-0.00641713,18.3757,-11.2717,121.755,-0.024994,-9.00903,500,1.1009,1.33278,-4.79977,0.258576,-1.15554,13.1997,566.99,40.1139,8679.62,6749.96,1.01779,1.24967,-4.96601,0.175461,-1.23865,-0.320134,552.736,39.5321,8665.36,0.0698049,0.888761,0.0083338,7918.29 
6,0.05,0.85,0.85,1.85,-6,6,7421.82,-0.016528,14.9671,11.3123,121.298,-0.000223922,-10.5484,500,-0.725448,2.90876,2.77404,1.58712,-0.975955,23.5723,630.789,18.721,6954.28,5511.78,-0.873876,2.76033,2.47718,1.43869,-1.12438,0.470455,605.334,17.682,6928.83,0.0932023,0.951368,0.00467896,6494.84 
7,0.1,0.8,0.9,3.6,-9,7,7891.4,-0.00219584,15.8875,11.2837,121.751,-0.0210856,-20.4899,500,1.25388,2.92195,0.93294,-4.08452,-0.617999,14.4978,515.804,16.1613,7400.14,5849.89,1.16259,2.83066,0.750362,-4.17581,-0.709288,6.30347,500.148,15.5223,7384.48,0.0738013,0.948486,0.0038572,6776.96 
8,0.09,0.81,0.89,4.3,-9,8,10122.6,-0.0111578,20.8672,11.1438,121.582,0.002622,8.00255,500,-1.13841,0.0381446,3.23174,-1.16254,1.46815,31.3719,857.278,33.5286,9486.28,7570.64,-1.33595,-0.159396,2.83666,-1.36008,1.27061,-1.266,823.4,32.1458,9452.4,0.0929561,0.936049,0.00622565,8857.94 
9,0.01,0.89,0.81,5,-6,9,8049.58,-0.00297505,16.298,11.2481,121.539,-0.00864289,-11.3932,500,-1.01178,0.344968,1.58291,-0.887923,-0.856923,16.3333,664.264,25.7945,7445.33,5970.93,-1.11463,0.242122,1.37722,-0.990769,-0.95977,1.95255,646.626,25.0746,7427.7,0.0929038,0.936452,0.00618019,6960.17 
10,0.04,0.86,0.84,2,-6,10,9061.42,-0.0195347,18.395,11.2485,121.635,-0.00209241,6.80993,499.719,1.04299,1.756,1.12414,-2.71766,-2.13788,34.9824,763.436,39,8378.52,6736.29,0.822715,1.53572,0.683594,-2.93794,-2.35815,1.30327,725.658,37.458,8340.75,0.0928511,0.91715,0.00820496,7815.29 
11,0.3,0.6,1.1,2.2,-9,11,7274.78,-0.100991,15.4328,10.9812,121.66,0.125521,261.706,42.9527,1.95056,2.61779,-1.97194,-3.19727,-0.0744743,12.1171,724.004,20.63,6744.01,6586.23,1.87427,2.54149,-2.12454,-3.27357,-0.150772,-0.874932,710.919,20.0959,6730.93,0.110525,0.952864,0.00546971,6432.21 
12,0.17,0.73,0.97,2.8,-9,12,9520.67,-0.0257714,19.1486,11.3272,121.4,-0.0027665,-26.7581,500,0.595263,4.79735,4.19475,-1.46245,-0.515251,46.2328,860.96,28.6523,8776.45,7063.23,0.304148,4.50623,3.61252,-1.75356,-0.806367,0.383841,811.033,26.6145,8726.52,0.098563,0.945692,0.00558674,8228.57 
13,0.4,0.5,1.2,2.001,-9,13,9502.42,-0.0928847,18.8951,11.4813,121.82,0.0358997,1.44383,375.938,0.650328,3.5877,-1.38436,1.18738,1.02576,49.3494,771.521,27.5239,8781.25,7063.81,0.339588,3.27696,-2.00584,0.876636,0.715016,1.62636,718.229,25.3487,8727.96,0.0882671,0.941829,0.00532157,8136.99 
14,0.11,0.79,0.91,3,-9,14,8712.87,-0.0184237,17.6963,11.2795,121.443,0.0125025,38.129,1.23386e-09,3.71046,0.503166,1.72194,-2.50476,1.32266,27.1516,408.129,21.2842,8462.48,6513.34,3.53949,0.332199,1.38,-2.67573,1.15169,0.629793,378.809,20.0875,8433.16,0.0501933,0.915081,0.00436865,7547 
15,0.5,0.4,1.3,1.7,-9,15,9202.65,-0.0845092,18.4162,11.4631,121.424,0.00626547,161.756,0.00117103,2.44425,-0.463033,-0.543907,1.84375,-0.53367,1.66513,142.898,45.5525,9205.49,6905.19,2.43376,-0.473518,-0.564877,1.83326,-0.544155,1.21042,141.1,45.4791,9203.69,0.0177167,0.639364,0.00902046,7964.24 
16,0.2,0.7,1,2.5,-9,16,7822.15,-0.00586304,15.752,11.3776,121.572,-0.00410572,-20.8347,500,0.103614,3.24583,-0.609538,0.246771,1.09058,33.1425,526.013,14.161,7402.16,5837,-0.105076,3.03714,-1.02692,0.0380808,0.881892,1.3635,490.223,12.7001,7366.37,0.072608,0.956629,0.00316587,6751.64 
17,0.05,0.85,0.85,1.85,-6,17,9790.27,-0.10632,19.3855,11.592,121.401,0.045505,174.081,118.842,-1.33907,1.89782,-1.18677,-0.0358536,1.09386,39.7579,851.165,29.8053,9092.41,7573.13,-1.58941,1.64748,-1.68746,-0.286199,0.843515,-0.574009,808.231,28.0528,9049.48,0.0950828,0.942738,0.00567799,8500.29 
18,0.1,0.8,0.9,3.6,-9,18,9007.08,-0.00817866,18.1938,11.3303,121.68,0.00487382,10.2343,2.38881e-12,1.16117,0.095292,-0.172203,-0.444403,-2.03871,15.2092,633.62,33.3966,8519.11,6712.22,1.0654,-0.000476142,-0.36374,-0.540171,-2.13448,0.815685,617.196,32.7262,8502.68,0.078679,0.915087,0.00704022,7844.48 
19,0.09,0.81,0.89,4.3,-9,19,9278.87,-0.038126,19.1452,-11.0374,121.422,-0.0191153,18.1592,500,1.83625,-0.70583,2.89433,3.2476,-0.640814,16.3921,814.455,37.8056,8559.71,6890.21,1.73304,-0.809047,2.6879,3.14439,-0.744031,0.552929,796.754,37.0831,8542.01,0.0988839,0.924685,0.00793361,8057.46 
20,0.01,0.89,0.81,5,-6,20,8512.49,-0.0621748,17.0318,11.2708,121.49,0.0878337,23.1066,447.475,-0.997328,5.17688,2.28532,-1.59234,0.767629,25.5604,692.397,25.6895,7855.14,6315.08,-1.15828,5.01593,1.96342,-1.75329,0.606682,0.579969,664.794,24.5629,7827.54,0.0908412,0.939268,0.00574732,7318.2 
21,0.04,0.86,0.84,2,-6,21,8965.21,-0.155939,18.5297,11.4638,121.332,0.11912,116.114,26.5533,-1.42922,0.212454,-1.0941,-1.73485,-1.016,31.5926,754.714,38.2172,8508.95,7365.29,-1.62815,0.0135244,-1.49196,-1.93378,-1.21493,0.761488,720.598,36.8247,8474.83,0.0909363,0.917911,0.00794073,7924.2 
22,0.04,0.86,0.84,2,-6,22,8414.58,-0.0929421,17.4951,11.1785,121.76,-0.10959,255.303,2.24283,-1.60624,1.20213,0.723379,-0.389156,-0.851574,3.78996,736.03,45.0409,7911.03,7277.2,-1.63011,1.17826,0.67565,-0.41302,-0.875439,1.63462,731.937,44.8739,7906.94,0.0982092,0.903106,0.0103463,7452.83 
23,0.04,0.86,0.84,2,-6,23,9679.02,-0.111798,19.5985,11.3744,121.56,0.0376969,-66.6779,420.576,1.28175,3.27475,3.69944,0.593392,-0.829714,-2.74642,851.682,33.422,8965.35,7338.64,1.29904,3.29204,3.73403,0.610686,-0.81242,0.540336,854.648,33.5431,8968.32,0.100811,0.935731,0.00684266,8477.72 
24,0.04,0.86,0.84,2,-6,24,8636.24,-0.0249659,18.0185,10.9794,121.408,-0.0130346,28.0042,500,0.129202,1.87829,-7.24426,-2.49711,0.431216,11.6372,659.707,27.7039,8177.21,6451.95,0.0559257,1.80502,-7.39081,-2.57039,0.35794,0.045401,647.14,27.1909,8164.65,0.0852949,0.931506,0.0060974,7587.09 
