cyc,detuning,freq,vva,cyc,ROIsum,fBg,fA1,fWidth1,fCtr1,fA2,fWidth2,fCtr2,box1,box2,box3,box4,box5,box6,box7,box8,box9,Nfit,BZ-2,BZ-1,BZ0,BZ1,BZ2,Excited,c5,c7,c9,fraction95,fraction75,fraction97,sum95,two2D_bg,two2D_a1,two2D_sh1,two2D_sv1,two2D_ch1,two2D_cv1,two2D_a2,two2D_sh2,two2D_sv2,two2D_ch2,two2D_cv2,two2D_chd,two2D_cvd
0,60,47.2759,5,0,18431.8,-0.0628278,33.9586,-12.3458,115.401,0.015055,3.86823,500,3.34781,-0.016002,-2.69947,2.50695,1.51681,-1.41039,2717.83,121.793,16459.9,13649.7,3.35669,-0.00712113,-2.68171,2.51583,1.52569,1.56944,2719.81,121.866,16461.9,0.125621,0.927289,0.0134535,21651,-0.00114464,0.153843,13.2258,18.5611,117.143,90.8238,1.0899,12.7185,14.7173,114.821,137.795,2.32155,-46.971 
1,50,47.2659,5,1,18897,-0.0924448,34.874,12.6566,115.614,-0.0427489,6.97354,1.35287e-07,0.790999,2.34719,-2.48439,-1.55209,-3.34522,-134.782,3206.4,142.663,16743.7,14378.3,1.63968,3.19587,-0.787018,-0.703409,-2.49653,1.92744,3395.45,149.665,16932.7,0.14848,0.928387,0.0160212,22868.1,-0.00167197,0.17749,13.1603,19.9884,117.353,91.9022,1.07337,13.1257,14.7712,114.948,138.561,2.40443,-46.659 
2,35,47.2509,5,2,17354.8,-0.0678542,31.8881,-12.5867,115.654,0.00306424,17.9584,500,-1.2582,-0.442713,2.30648,1.96007,-1.51029,-40.6084,4613.01,107.926,13613.7,13067.6,-1.0025,-0.187012,2.81788,2.21577,-1.25459,-0.0881716,4669.97,110.036,13670.6,0.229019,0.960399,0.0146106,20391.2,-0.0011818,0.320331,12.7423,14.2619,116.698,88.5702,0.882121,13.0941,14.7939,114.968,138.215,1.72942,-49.6443 
3,130,47.3459,10,3,16048.8,-0.158223,30.4242,12.3062,115.665,0.0118306,111.093,279.918,1.16576,2.29875,-0.223421,-2.6549,0.106379,-82.9826,2267.53,77.0439,14826.7,12230.9,1.68828,2.82127,0.821618,-2.13238,0.628898,0.785349,2383.92,81.3547,14943.1,0.121824,0.943644,0.00992937,19568.5,-0.00141208,0.116896,13.5289,20.5942,117.681,91.3286,1.00011,12.7796,14.374,115.107,138.694,2.57393,-47.3656 
4,60,47.2759,5,4,17379.5,-0.182742,32.3997,12.5503,115.626,0.0492928,69.0569,500,-1.76951,3.89656,0.114139,0.10229,2.27594,-84.4422,2483.38,98.3262,15933.3,13347.8,-1.2378,4.42827,1.17756,0.634,2.80765,0.849218,2601.82,102.713,16051.8,0.123535,0.935379,0.01165,21061.4,-0.00154365,0.137069,13.2773,19.9945,117.57,92.697,1.06174,12.9075,14.4502,115.047,139.155,2.52323,-46.4584 
5,3,47.2189,2,5,16480.5,-0.208024,31.7982,11.9998,116.094,0.106701,3.59676,288.365,0.573234,0.809507,2.72081,0.400999,-2.1375,-38.0818,7314.12,87.9561,9923.68,12433.9,0.813025,1.0493,3.20039,0.64079,-1.89771,0.159073,7367.53,89.9344,9977.1,0.391033,0.979085,0.0163337,18841.2,-0.00082365,0.591533,12.228,12.5489,116.614,87.6771,0.741973,12.1048,13.6543,115.43,137.815,1.18402,-50.1381 
6,190,47.4059,10,6,16889.1,-0.243911,31.8491,12.387,115.519,0.581535,1856.75,458.454,-3.79649,3.70624,0.707653,-1.65028,1.15434,-39.5227,1435.16,111.351,16347,47992.8,-3.54762,3.9551,1.20538,-1.40142,1.4032,0.25347,1490.59,113.404,16402.4,0.0732356,0.882504,0.0125759,20353.4,-0.00140012,0.0751501,13.995,35.0149,116.695,108,1.08338,12.6611,13.8216,115.049,138.449,1.64652,-30.4493 
7,10,47.2259,2,7,15042.6,-0.181612,29.6961,11.8689,115.455,0.00388017,4.48198,0.000133361,-1.90314,-0.554193,-6.50711,1.64738,-2.56097,-140.74,2590.67,92.3598,13473.9,11474.2,-1.01693,0.332011,-4.7347,2.53358,-1.67477,-0.0381258,2788.07,99.671,13671.3,0.150625,0.941123,0.013252,18510,-0.0012978,0.173947,12.0755,17.0516,116.973,90.822,0.987699,12.2309,13.7867,114.93,138.536,2.04232,-47.7145 
8,35,47.2509,5,8,15545.3,-0.259608,30.2412,12.1393,115.61,-0.203297,182.444,441.817,-1.04709,1.07642,-3.47681,-1.18047,3.10101,-32.7986,4074.42,98.5721,12457,13158,-0.840562,1.28295,-3.06376,-0.97395,3.30753,-9.64557,4120.43,100.276,12503.1,0.222739,0.959151,0.0145588,18498.9,-0.00121872,0.303207,12.2189,14.061,116.517,88.6681,0.861336,12.5263,14.397,115.072,138.468,1.44426,-49.8002 
9,130,47.3459,10,9,15586.7,-0.254515,29.3792,12.5061,115.707,-0.256055,95.2641,477.536,-0.620635,2.54685,-2.38778,-0.348502,-0.610391,-41.9006,2319.09,116.403,14147.2,12754.8,-0.356798,2.81068,-1.8601,-0.084665,-0.346554,12.4424,2377.86,118.58,14205.9,0.127058,0.919735,0.0151436,18714.7,-0.00129247,0.113271,13.8724,23.053,117.5,93.5739,0.960172,12.7026,14.1625,115.183,139.032,2.31635,-45.4584 
10,-20,47.1959,2.5,10,14317.7,-0.20704,28.0681,11.9168,115.182,-0.0629678,294.703,170.221,1.72742,4.43158,-1.81952,1.01257,0.259256,-91.7043,587.568,84.5133,14683,11492.6,2.30486,5.00902,-0.664642,1.59001,0.836693,1.07323,716.192,89.2772,14811.7,0.0403498,0.820919,0.0109813,17749.6,-0.000389053,-0.0142998,9.46196,6.79875,104.317,77.9381,1.08285,12.0808,13.8962,114.819,138.639,-10.5023,-60.7007 
11,120,47.3359,10,11,17438.8,-0.274091,32.5347,12.5982,115.666,-0.0502735,133.079,308.399,-3.03585,-0.189318,-3.41976,-0.984959,-2.65146,-52.2549,2628.63,123.414,15791.4,13560.7,-2.70682,0.139717,-2.76169,-0.655924,-2.32242,0.667552,2701.93,126.128,15864.7,0.128993,0.924478,0.0144338,20946.4,-0.00150956,0.128612,13.8693,23.5096,117.553,94.4681,1.04846,12.8658,14.2881,115.147,139.665,2.4058,-45.1967 
12,55,47.2709,5,12,17626.9,-0.253046,33.2586,12.3751,115.713,0.128012,61.8801,92.4116,-1.96312,2.06811,0.01555,-0.415504,3.88993,-48.4212,2719.49,119.351,15813.2,13656.1,-1.65822,2.37301,0.625341,-0.110608,4.19482,0.884716,2787.4,121.867,15881.1,0.132414,0.928927,0.0139387,21050.7,-0.00140525,0.15702,13.1347,19.5373,117.323,92.5234,1.07286,12.6002,14.4423,115.301,139.438,2.02214,-46.9148 
13,150,47.3659,10,13,16235,-0.210698,30.9996,12.292,115.796,0.0498845,67.2391,1.00803e-12,-3.09106,-0.891395,2.58142,-0.205132,1.28519,-181.944,1890.01,85.7575,15286.6,12513.5,-1.9454,0.254261,4.87273,0.940523,2.43085,0.256408,2145.21,95.2092,15541.8,0.107163,0.927929,0.0111588,20018.3,-0.00136992,0.0882549,14.2087,23.572,117.542,95.5442,1.05467,12.5508,14.2345,115.397,139.638,2.14479,-44.0939 
14,180,47.3959,10,14,17242.1,-0.0767808,31.8425,12.512,115.439,-0.0113192,-90.9554,499.999,-1.45144,0.852856,-0.679258,-1.25994,-0.356477,-85.4466,1713.71,113.08,16530.7,13003.2,-0.913404,1.39089,0.396811,-0.72191,0.181557,-0.188254,1833.56,117.519,16650.6,0.0873882,0.899148,0.0128346,20981.7,-0.00142685,0.0716137,14.9781,30.1735,116.963,101.124,1.10192,12.7363,14.1615,114.968,139.644,1.99473,-38.5195 
15,160,47.3759,10,15,16859.2,-0.0157669,31.1431,12.5611,115.223,-0.00681843,0.800564,7.6004e-12,-1.69875,-1.3574,-7.07332,-0.611474,-1.06583,-43.4103,1983.81,120.475,15826.9,12734.8,-1.42541,-1.08406,-6.52663,-0.338131,-0.792482,0.358039,2044.7,122.73,15887.8,0.100646,0.904944,0.0140302,20315.7,-0.00158435,0.0875772,14.1601,40.9455,116.744,108,1.0324,12.7156,13.547,114.658,139.105,2.08535,-31.1047 
16,20,47.2359,2.5,16,16453.9,-0.0567066,31.7027,-11.9373,115.477,0.00768224,-13.6048,500,0.435927,5.13387,-8.54292,-1.11593,1.03715,-79.8468,2582.04,114.862,14837.3,12323.1,0.938701,5.63664,-7.53737,-0.613161,1.53992,-212.71,2694.04,119.01,14949.3,0.135476,0.928241,0.0144529,19885.7,-0.00134352,0.167579,12.2881,17.856,117.239,92.2291,1.06785,12.341,13.9264,115.027,139.339,2.21125,-47.1094 
17,110,47.3259,10,17,15786.6,-0.310025,30.1975,12.5198,115.47,-0.0633273,415.178,3.21865,-0.0159697,-2.24805,1.95684,-1.63167,-3.57359,-13.9413,2811.04,98.1311,14125.5,13163.2,0.0718148,-2.16027,2.13241,-1.54389,-3.48581,1.4277,2830.59,98.8553,14145.1,0.148218,0.942403,0.0127102,19097.4,-0.00151115,0.145081,13.6999,20.2456,117.037,90.7965,0.948266,12.7219,14.4405,114.865,138.814,2.17155,-48.0171 
18,190,47.4059,10,18,16381.4,-0.285763,30.6111,-12.6886,115.389,0.198516,66.5729,348.637,-1.15703,3.12472,-1.11222,3.62368,1.71555,-34.9177,1468.07,102.634,15994.5,13074.3,-0.937158,3.34459,-0.672484,3.84354,1.93542,1.0895,1517.04,104.448,16043.5,0.0759775,0.892469,0.0118505,19967,-0.00161273,0.0679846,14.464,37.9396,116.897,108,1.04343,12.8502,13.8601,114.831,139.454,2.06672,-31.4544 
19,120,47.3359,10,19,18516.7,-0.00454072,34.0291,-12.55,115.784,-0.0202599,-28.3981,500,0.527769,-0.065645,5.33173,1.59197,-0.417928,-129.294,2806.29,116.557,16555.2,13921.1,1.3419,0.748484,6.95999,2.4061,0.396201,0.412791,2987.63,123.273,16736.6,0.134368,0.932656,0.0133864,22234.7,-0.00133466,0.139545,13.8161,20.7436,117.625,91.791,1.07086,12.9259,14.8435,115.302,139.647,2.32273,-47.856 
20,45,47.2609,5,20,17239.4,-0.246001,32.4732,12.3906,115.501,-0.32009,390.426,20.0779,3.16932,2.29916,-1.80156,-0.845227,-1.83146,-51.7012,3555.96,102.643,14601,17166.5,3.49486,2.62471,-1.15046,-0.519679,-1.50591,1.39084,3628.47,105.329,14673.5,0.176973,0.951656,0.0130504,20503,-0.00128355,0.241716,12.5994,15.283,116.927,89.5719,0.996806,12.7783,14.3314,114.925,138.768,2.00244,-49.1957 
21,190,47.4059,10,21,17709.3,-0.320847,32.9055,12.796,115.335,0.148155,224.755,338.329,-3.10345,0.000662693,-0.451573,0.863151,-2.19168,-27.237,1615.18,127.747,17168.8,14790.8,-2.93195,0.172167,-0.108565,1.03466,-2.02018,0.97183,1653.38,129.161,17207,0.0771115,0.879733,0.0136388,21441.5,-0.00163648,0.0787359,14.5758,35.0728,116.585,108,1.08036,12.9066,14.3074,114.838,139.712,1.74704,-31.7118 
22,160,47.3759,10,22,18739.6,-0.00590746,34.2063,12.5736,115.683,-0.00527716,-19.5269,1.26587e-10,0.0141895,0.833368,-1.93308,1.94834,1.68526,-152.83,2078.94,130.849,17567.3,14004.4,0.976518,1.7957,-0.0084222,2.91067,2.64759,1.00101,2293.3,138.788,17781.7,0.100839,0.904234,0.014174,22742.2,-0.00151779,0.0960408,14.188,38.6091,116.647,108,1.11268,12.8274,13.881,115.17,139.666,1.47675,-31.6656 
23,40,47.2559,5,23,17042.2,-0.00255691,31.8386,12.3049,115.569,-0.00372054,-30.4446,3.43442e-11,1.54153,1.11377,3.39209,0.564986,-3.01019,-109.091,4130.22,114.108,13755.8,12757.2,2.22845,1.80069,4.76592,1.2519,-2.32328,0.382947,4283.23,119.776,13908.8,0.211222,0.953346,0.0156156,20278.3,-0.00116967,0.266242,12.804,15.8802,116.757,89.2765,0.9066,12.644,14.9137,114.871,138.59,1.88602,-49.3135 
24,110,47.3259,10,24,18461.7,-0.171384,33.6434,12.7779,115.831,0.0187657,-254.117,0.0270169,-0.623149,0.337772,0.231085,-1.14639,-2.90827,-99.7185,3128.13,121.004,16232.2,14149.7,0.00475133,0.965672,1.48689,-0.518486,-2.28037,5.35344,3267.99,126.184,16372,0.147901,0.936706,0.0139989,22095.8,-0.00147362,0.155242,13.87,21.3424,117.547,92.3792,1.03138,13.1848,14.7629,115.256,139.989,2.29128,-47.6093 
25,50,47.2659,5,25,17996,-0.0630152,33.7484,12.3037,115.732,0.150862,-146.866,3.75467e-12,-0.266677,1.14312,0.777299,-1.99996,-1.83472,-68.3105,2986.82,115.664,15959.4,14238.4,0.163457,1.57325,1.63756,-1.56983,-1.40459,-3.09538,3082.63,119.213,16055.2,0.143071,0.936613,0.0134935,21546.1,-0.00135195,0.178978,12.6176,18.159,117.552,91.0605,1.07079,12.7501,14.5249,115.236,139.091,2.31665,-48.0305 
26,-40,47.1759,5,26,17975,-0.0464305,33.4905,-12.3198,115.3,-0.0276241,-5.6655,500,0.745627,3.03532,2.86443,0.863443,-1.24392,-43.3175,801.083,113.266,18142.7,13436.4,1.01839,3.30808,3.40995,1.1362,-0.971163,0.56844,861.84,115.516,18203.5,0.0395415,0.810005,0.0115546,21795.8,-0.000348604,-0.0159575,9.21208,5.77579,102.468,76.4249,1.23132,12.6258,14.5354,114.954,138.981,-12.4859,-62.5557 
27,20,47.2359,2.5,27,16236,-0.305446,31.4992,12.2958,115.554,0.156028,-22.9948,401.027,1.8749,-0.727004,-1.90142,-4.06413,-2.8355,-62.48,2921.23,107.857,14424.5,12725,2.26832,-0.333584,-1.11458,-3.67071,-2.44208,0.789409,3008.87,111.103,14512.1,0.152751,0.939303,0.0139068,19697.8,-0.00150978,0.18723,12.7814,16.7108,117.147,91.1931,1.00399,12.592,14.2337,115.093,139.339,2.05415,-48.146 
28,170,47.3859,10,28,18202.2,-0.0740815,33.7008,-12.6265,115.308,-0.0777118,40.4744,459.585,0.647606,-1.0718,6.95243,1.56387,2.39488,-7.23533,1956.98,137.881,17291.6,13954.6,0.693165,-1.02624,7.04355,1.60943,2.44044,0.345416,1967.13,138.257,17301.7,0.0899709,0.890475,0.0145066,21864.1,-0.00171972,0.0866738,14.3219,40.2955,116.711,108,1.09919,12.9393,13.8463,114.691,139.504,2.01915,-31.5041 
29,5,47.2209,2,29,16947.2,-0.244822,32.9855,12.0006,115.916,-0.0856809,52.0174,123.346,2.26355,1.91117,0.716671,-2.35617,2.44719,-4.07912,4976.85,120.893,12793.1,13031.1,2.28924,1.93685,0.768042,-2.33048,2.47287,0.850474,4982.57,121.105,12798.9,0.252906,0.9592,0.0171317,19701.3,-0.000986734,0.371779,12.2337,13.7618,116.984,89.4758,0.923576,12.1708,14.127,115.297,139.23,1.68737,-49.7542 
30,180,47.3959,10,30,18535.9,-0.297483,33.4739,13.0359,115.641,-0.0755438,746.103,497.32,1.2923,-0.543731,0.496233,-0.544223,2.66672,-63.1111,1772.51,119.147,17655.4,16039.8,1.68969,-0.146337,1.29102,-0.146829,3.06411,0.77554,1861.03,122.426,17743.9,0.0835797,0.896763,0.0125502,22266.5,-0.00153557,0.0789594,14.8726,38.3345,116.99,108,1.08885,13.1044,14.2593,115.067,139.64,1.92317,-31.6395 
31,-1,47.2149,1.7,31,16082.9,0.00596661,31.3439,11.8733,115.469,0.0375388,-52.0936,500,0.341073,0.29229,1.18613,1.40105,-0.293851,-95.7785,1056.44,95.7163,16080.2,12178.6,0.944164,0.895382,2.39231,2.00414,0.309241,0.634496,1190.77,100.692,16214.6,0.0600264,0.871095,0.01131,19837.5,-0.00137406,0.0716943,13.2312,26.0658,116.214,108,1.16203,12.2863,13.4095,115.041,139.023,1.17214,-31.0235 
32,-3,47.2129,2,32,16386.9,-0.255504,32.1081,-11.9883,115.688,0.13391,47.2076,482.164,2.27644,3.1914,0.440204,-3.47286,4.76417,-10.5349,2035.73,100.307,15418.6,12736.3,2.34278,3.25773,0.572874,-3.40653,4.8305,0.924596,2050.5,100.855,15433.4,0.103566,0.920747,0.0118946,19798.9,-0.00145687,0.116586,12.8598,21.6742,117.571,94.9768,1.09399,12.32,13.9897,115.207,138.878,2.36376,-43.9016 
33,30,47.2459,4,33,18340.9,-0.205344,34.5107,12.3565,115.877,0.83292,-81.2942,0.258351,4.68406,0.52937,-1.2477,-0.425371,0.956571,-102.246,4227.94,155.91,15018.1,16086,5.32787,1.17318,0.0399242,0.218442,1.60038,0.995224,4371.35,161.221,15161.5,0.200455,0.939371,0.0192119,21807.1,-0.00127114,0.276078,12.3403,16.5803,116.981,90.5859,1.00263,12.6947,14.6078,115.332,139.573,1.64895,-48.9873 
34,130,47.3459,10,34,17962.8,-0.321731,33.0378,12.9144,115.786,0.0319286,743.999,484.115,1.0567,0.351685,2.16906,2.91707,1.4621,-71.4312,2580.08,109.287,16310.5,14662.6,1.50649,0.801468,3.06863,3.36686,1.91188,0.71201,2680.27,112.998,16410.7,0.12436,0.931291,0.0125252,21552.6,-0.00149328,0.126079,13.8707,22.06,117.287,92.7724,1.04,13.2022,14.733,115.26,139.284,2.02706,-46.5113 
35,190,47.4059,10,35,17433.8,-0.00133628,32.5002,12.4313,115.533,-0.00446339,-0.362118,1.21032e-05,2.56927,1.99007,-1.79373,1.04332,0.287649,-127.146,1615.52,120.178,16859.3,13152.2,3.36987,2.79067,-0.192522,1.84392,1.08825,1.02163,1793.85,126.783,17037.7,0.0838752,0.88993,0.0135224,21387.2,-0.00158756,0.0798503,14.1804,34.9073,116.811,108,1.10756,12.7761,13.8632,114.941,139.522,1.87033,-31.5222 
36,-20,47.1959,2.5,36,17689.1,-0.29243,33.6143,12.4172,115.77,0.559046,-75.5212,91.7965,0.205169,1.27276,-1.82727,-2.07793,-2.15342,-98.1188,702.887,99.2173,17979,14962,0.822997,1.89058,-0.591613,-1.4601,-1.53559,0.32288,840.508,104.314,18116.6,0.0387785,0.821564,0.0104954,21674.6,-0.626986,0.631891,-1568.13,-770.474,124.746,95.1812,1.22617,12.5189,14.5314,115.337,139.712,9.40908,-44.5312 
37,40,47.2559,5,37,17769.7,-0.262758,32.544,12.776,115.768,0.0183414,59.3989,0.110343,-3.87524,-1.38826,-3.63636,-0.243752,-0.621662,-192.991,4061.64,103.362,14662.2,13570.5,-2.66003,-0.173049,-1.20594,0.971458,0.593548,0.512558,4332.32,113.388,14932.9,0.201455,0.956204,0.0137944,21505.1,-0.00125232,0.261564,12.9418,15.4279,116.929,89.149,0.941786,13.0411,14.8943,115.146,138.575,1.78352,-49.4264 
38,20,47.2359,2.5,38,17406.1,-0.321976,32.3673,12.8092,115.562,-0.461248,68.4359,139.762,-1.32661,-1.97243,-4.99965,-0.887852,-1.07366,-180.986,3095.21,96.199,15502.3,14524.2,-0.186983,-0.832802,-2.72041,0.251772,0.0659668,0.20513,3349.06,105.601,15756.2,0.155998,0.947705,0.0121956,21468.7,-0.00156764,0.184697,13.0792,17.2641,116.977,91.9287,1.02871,13.0674,14.3851,115.019,140.101,1.9582,-48.1721 
39,20,47.2359,2.5,39,17936.8,-0.252369,34.293,12.1958,115.74,0.982234,163.658,271.87,3.19941,1.12098,0.823472,0.509162,-0.139985,-112.404,2754.14,116.918,16069.9,18847.8,3.90719,1.82876,2.23903,1.21694,0.567793,0.770584,2911.79,122.757,16227.6,0.134971,0.931292,0.0137435,21573.5,-0.00138151,0.166229,12.4372,20.0343,117.178,94.1317,1.11043,12.5654,14.1602,115.291,139.861,1.88664,-45.729 
40,10,47.2259,2,40,17327.3,0.0309965,33.2042,-12.1947,115.76,-0.00465547,-15.5388,2.3481e-11,0.986245,0.79721,3.75544,0.10176,-3.2206,-39.0668,2907.43,114.106,15521,13183.7,1.23224,1.0432,4.24743,0.347753,-2.9746,-0.090197,2962.23,116.135,15575.8,0.141907,0.935796,0.0135489,20874.4,-0.0015093,0.190807,12.5569,16.5467,117.327,90.6529,1.06406,12.6832,14.3495,115.165,139.075,2.1623,-48.4222 
41,-40,47.1759,5,41,18307.5,-0.286458,34.3229,12.7373,115.373,0.36667,-260.96,438.316,-2.1888,0.596571,-2.77475,0.0345592,-2.12222,-150.245,2065.68,465.535,17186.6,17346.5,-1.24275,1.54262,-0.882651,0.980609,-1.17617,-0.134012,2276.41,473.34,17397.4,0.102157,0.733201,0.0477272,22283.4,-1.64093,1.64407,-3131.45,-1506.49,116.249,96.9162,1.23133,12.723,14.6779,115.004,139.938,1.24404,-43.0213 
42,200,47.4159,10,42,17373.7,-0.261467,32.52,12.5164,115.57,0.302204,-1290.9,69.8968,2.75072,0.120163,0.424862,-4.80983,1.50869,-140.7,1478.1,120.76,16815.3,25949.8,3.63668,1.00612,2.19677,-3.92388,2.39464,0.586321,1675.45,128.069,17012.6,0.0788818,0.882015,0.0136774,21240,-0.00132833,0.08498,14.0007,30.4978,116.148,108,1.09751,12.7098,13.9845,115.182,138.889,0.965916,-30.8894 
43,-200,47.0159,10,43,18500.3,-0.285725,34.9829,12.4134,115.552,0.201438,-245.716,229.497,-3.02988,1.45986,0.136801,1.03825,1.58262,-78.3644,791.444,125.654,18717.7,15747.8,-2.53644,1.9533,1.12368,1.53169,2.07606,0.729122,901.358,129.725,18827.6,0.039966,0.798809,0.0125333,22553.1,-0.000541976,-3.52874e-05,-37.0128,-0.00298386,109.061,77.6748,1.2587,12.6456,14.7167,115.159,139.217,-6.0974,-61.5426 
44,80,47.2959,8,44,17163.2,-0.277642,31.9604,12.6499,115.899,0.0885065,-143.313,21.6394,0.714213,2.25341,4.63469,-1.23458,-0.5109,-75.7984,3248.46,106.415,14812.1,13574.1,1.1915,2.73069,5.58925,-0.757301,-0.0336178,0.359069,3354.78,110.353,14918.5,0.16356,0.945568,0.013443,20511,-0.00133745,0.183435,13.2057,18.9245,117.617,91.6225,0.97605,12.8692,14.5739,115.28,139.682,2.33749,-48.0595 
45,40,47.2559,5,45,17378.5,-0.0460101,32.6077,-12.3057,115.643,0.0135508,-5.3242,500,-5.14368,-0.0996505,-3.34831,1.38799,-0.00863099,-153.224,3967.08,103.369,14448.8,13064.7,-4.17887,0.865161,-1.41869,2.3528,0.956181,0.00332095,4181.99,111.329,14663.7,0.198714,0.955487,0.0137926,21045.3,-0.0012944,0.270584,12.588,14.9178,116.763,90.2678,0.978256,12.8093,14.3753,115.026,139.938,1.73696,-49.6699 
46,100,47.3159,10,46,19155.9,0.0511442,34.6144,12.8586,116.024,-0.129708,108.547,0.0242197,0.337209,1.03646,2.74396,1.09869,-0.24135,5.3475,3231.52,126.696,16920.7,14947.6,0.303537,1.00279,2.67662,1.06502,-0.275022,0.43921,3224.02,126.418,16913.2,0.142189,0.935786,0.0135819,22674.2,-0.00163821,0.165957,14.001,19.9102,117.664,91.5644,1.03053,13.3479,15.3568,115.436,139.905,2.22784,-48.3405 
47,80,47.2959,8,47,18847.3,-0.303146,34.6311,12.8142,115.72,-0.278107,957.343,5.0199,-2.45198,4.6956,0.365331,-3.32814,-1.1327,-137.058,3411.45,147.441,16418.1,23113.2,-1.58897,5.55862,2.09136,-2.46512,-0.269679,0.371248,3603.68,154.56,16610.4,0.158713,0.930183,0.016852,22705.6,-0.00157435,0.177995,13.7408,20.3772,117.104,92.5434,1.03919,13.1303,14.8769,115.202,139.759,1.90254,-47.2151 
48,170,47.3859,10,48,18386.7,0.00756788,33.8206,12.5612,115.743,-0.00702136,-35.9949,2.10579,1.42193,-0.231433,1.77572,-5.61552,-0.750227,-84.2217,1879.24,132.725,17495.7,13837.7,1.95225,0.298889,2.83637,-5.0852,-0.219906,14.0346,1997.37,137.1,17613.8,0.0897562,0.892761,0.0141357,22253.2,-0.00153729,0.0804117,14.8452,30.263,117.887,100.307,1.11077,12.8645,14.7345,115.244,140.209,2.64297,-39.9023 
49,25,47.2409,4,49,18081.9,-0.267909,33.8495,12.4923,115.996,-1.72369,-3664.54,210.489,0.712282,0.772769,3.23364,-0.614724,-1.05212,-56.6789,5150.19,155.97,13904.8,219390,1.06917,1.12966,3.94742,-0.257832,-0.695227,0.239886,5229.68,158.914,13984.3,0.245391,0.949508,0.020504,21311.6,-0.00128828,0.353475,12.6953,14.6795,116.971,89.1278,0.891182,12.8033,15.2152,115.417,138.068,1.55421,-48.9406 
50,110,47.3259,10,50,19624,-0.278406,35.3037,12.9685,115.781,0.160791,-436.815,473.562,-0.237938,-2.40423,0.670549,-3.07834,-2.98665,-68.9066,3285.68,143.712,17153.5,17190.5,0.195948,-1.97034,1.53832,-2.64445,-2.55277,1.28313,3382.32,147.291,17250.1,0.145665,0.929189,0.0154854,23220,-0.00127704,0.163125,14.0259,20.2786,117.51,91.8444,1.06536,13.1248,15.1492,115.216,139.584,2.29365,-47.7398 
51,-5,47.2109,2,51,16200.9,-0.267331,31.415,12.1669,115.411,-0.0730352,309.163,77.326,-0.417002,0.448124,3.16774,-0.697823,-0.209547,-86.9322,966.465,104.191,16274.8,13177.7,0.130387,0.995513,4.26252,-0.150434,0.337842,0.235536,1088.4,108.707,16396.8,0.0545708,0.851218,0.0120654,19944.7,-0.00135311,0.0655711,13.9304,23.9854,115.677,108,1.16546,12.3853,13.5383,115.06,139.454,0.616924,-31.4543 
52,-50,47.1659,5,52,17999.4,-0.283658,34.1,12.4089,115.508,0.160857,-49.2225,427.784,-1.09332,-0.292109,8.03478,-2.92626,2.49981,-115.233,789.817,117.38,18265.7,14032.5,-0.36773,0.43348,9.48596,-2.20067,3.22539,0.103104,951.442,123.367,18427.3,0.0429683,0.815056,0.0121822,22142.9,-0.000434759,-0.015997,10.8884,-5.35715,102.868,77.4372,1.25809,12.595,14.3606,115.163,138.861,-12.2945,-61.4236 
53,0,47.2159,1.7,53,16821.4,-0.188886,32.2371,12.0426,115.826,-0.365161,-218.189,177.517,-2.68753,2.51405,3.33233,-3.76362,-1.70375,-48.3883,2725.61,102.82,14986.2,15231.4,-2.38284,2.81874,3.94171,-3.45893,-1.39906,9.20543,2793.48,105.334,15054.1,0.13894,0.938097,0.0127253,20105.7,-0.00121452,0.162786,12.7077,18.432,117.181,91.5558,1.067,12.3999,13.9736,115.403,139.153,1.77831,-47.5971 
54,180,47.3959,10,54,18444.2,-0.0199792,33.266,-12.7563,115.366,0.026036,-67.0515,500,-2.58999,-0.517699,-1.71639,0.513319,-1.80238,-149.854,1703.26,122.681,17572.6,13870.8,-1.6464,0.425895,0.170796,1.45691,-0.858787,1.37822,1913.44,130.465,17782.8,0.0855602,0.893398,0.0133346,22363.7,-0.00138849,0.0806075,15.3356,26.9377,117.563,102.203,1.1267,13.0146,14.4583,114.865,139.804,2.69735,-37.6007 
55,170,47.3859,10,55,17284.7,-0.266402,31.7519,12.7759,115.626,0.112368,246.941,249.709,0.69731,-0.574696,1.09904,0.0938559,1.16639,-105.147,1738.06,94.5984,16528.6,14108.9,1.35939,0.0873885,2.42321,0.755941,1.82848,0.624565,1885.54,100.061,16676.1,0.0895186,0.915024,0.0109322,21063.1,-0.00143925,0.0759768,15.5886,24.0359,118.596,95.7938,1.09749,12.9585,14.2977,115.16,139.801,3.43574,-44.0074 
56,55,47.2709,5,56,17866.9,-0.0666893,33.2724,12.4673,115.896,-0.0208664,65.5575,500,-2.09625,-1.25295,-0.703929,-1.92165,-3.5401,-99.5434,2613.17,107.49,16218.4,13548.2,-1.46945,-0.626148,0.549669,-1.29486,-2.9133,1.09553,2752.79,112.661,16358,0.127654,0.933166,0.012528,21564.5,-0.00146492,0.144142,13.2893,19.4269,117.555,92.0298,1.07584,12.9186,14.5402,115.436,139.338,2.11821,-47.3077 
57,-40,47.1759,5,57,18465.8,-0.0179401,35.0078,12.2626,115.479,-0.020354,14.1151,500,-2.29537,-0.272585,3.0251,-1.29514,-2.83007,-126.898,842.574,119.647,18713.8,13984.1,-1.49633,0.526455,4.62318,-0.496098,-2.03103,-3.10518,1020.56,126.239,18891.8,0.0448675,0.822052,0.0121597,22746.1,-0.000509051,-0.011187,9.77069,7.26257,102.757,76.4828,1.28117,12.5667,14.544,115.112,140.251,-12.3552,-63.7681 
58,5,47.2209,2,58,16425,-0.179889,32.0217,-11.923,115.852,-0.00267719,29.7758,0.00355681,-1.81533,3.90742,2.52883,-2.30264,-3.93712,-28.2842,5572.96,107.401,11680.6,12431.2,-1.63723,4.08552,2.88503,-2.12454,-3.75902,6.24324,5612.63,108.87,11720.2,0.293995,0.967169,0.0168236,19090.9,-0.000992154,0.424465,12.283,13.502,116.66,88.1781,0.819428,12.1306,14.5539,115.262,138.252,1.39828,-50.0743 
59,-5,47.2109,2,59,17614.3,-0.133889,33.1542,12.3573,115.465,0.0742866,19.5292,499.896,0.9905,2.43191,3.83392,1.1178,-0.558218,-92.5643,1474.25,129.798,17099.4,13384.2,1.57335,3.01476,4.99962,1.70065,0.0246343,0.558065,1604.08,134.607,17229.3,0.074895,0.871952,0.0141876,21417.7,-0.00145066,0.0862082,13.8985,29.5639,116.069,108,1.12918,12.7023,13.9845,115.037,139.151,1.03241,-31.151 
60,150,47.3659,10,60,17180.5,-0.279547,31.9139,12.6869,115.539,0.181486,-417.35,379.554,1.2649,0.632849,2.5942,1.83447,-3.11456,-115.772,2082.76,107.267,16125.5,15646.1,1.99389,1.36184,4.05218,2.56346,-2.38557,0.46582,2245.15,113.282,16287.9,0.107033,0.918866,0.0126497,20976.2,-0.00154686,0.0864373,15.2749,26.0184,117.968,95.6825,1.08813,12.8136,14.1772,115.048,139.527,2.91988,-43.8448 
61,45,47.2609,5,61,16701.4,-0.2329,31.541,12.3392,115.726,-0.211796,430.551,9.63981,1.03515,-0.190206,-1.44051,-0.14174,1.93266,-108.196,3300.89,95.5672,14241.7,15637.9,1.71643,0.491076,-0.077951,0.539542,2.61394,1.01475,3452.65,101.188,14393.5,0.172588,0.951214,0.0127847,20005.1,-0.00118531,0.2222,12.7068,15.2956,117.082,89.9967,0.978273,12.6499,14.3795,115.164,138.986,1.91786,-48.9888 
62,90,47.3059,10,62,17648.5,-0.332065,32.7493,12.8555,116.031,0.30905,46.0284,57.7579,-0.383341,-0.401948,0.608768,-4.84753,0.0194939,-120.143,3982,95.7824,14776.2,14168.3,0.373167,0.35456,2.12178,-4.09103,0.776001,5.55792,4150.52,102.024,14944.7,0.194523,0.958757,0.0124194,21336.9,-0.00160466,0.226193,13.6551,17.0796,117.084,90.3475,0.955462,13.1217,14.8205,115.432,140.235,1.65184,-49.8879 
63,60,47.2759,5,63,17524,-0.0507449,33.5555,12.1276,115.72,0.29815,-373.869,56.6929,-0.528496,1.25733,4.48304,-0.10495,0.108474,-85.6822,2517.67,117.923,16077.2,16876.1,0.0110224,1.79685,5.56207,0.434567,0.647991,0.341962,2637.85,122.374,16197.4,0.124047,0.924911,0.0137263,21264.8,-0.00158599,0.140219,13.2119,20.2238,117.619,92.9613,1.08129,12.676,14.5414,115.025,139.379,2.59387,-46.4175 
64,90,47.3059,10,64,18749.7,-0.00110713,34.5817,-12.5841,116.011,-0.00288423,-13.3583,0.323912,1.06179,1.13721,-2.68615,-2.48697,-2.00973,-124.295,4093.56,143.243,15679.3,14167.8,1.84444,1.91986,-1.12085,-1.70432,-1.22708,-2.89249,4267.89,149.7,15853.7,0.189687,0.942167,0.0170969,22499.6,-0.00152638,0.218253,13.5027,19.1746,117.142,91.4207,0.99462,12.9758,15.0676,115.466,140.183,1.67644,-48.7624 
65,140,47.3559,10,65,16830.4,-0.0668095,31.8992,12.3682,115.608,-0.175613,25.0042,500,3.26288,1.98031,3.99262,1.15636,-1.1983,-126.717,2208.93,106.951,15720.5,12986.4,4.06078,2.77821,5.58842,1.95426,-0.400396,0.600292,2386.67,113.534,15898.3,0.115467,0.92315,0.0129842,20669.7,-0.00157334,0.0979688,14.2114,26.2781,117.518,96.0502,1.07775,12.7093,13.9818,115.069,140.287,2.44899,-44.2367 
66,0,47.2159,1.7,66,17829,-0.085794,33.8431,12.1398,115.817,0.0108768,42.296,500,0.238607,0.323083,0.18286,1.04274,2.74276,-151.648,1583.2,102.421,17236.4,13389.5,1.19349,1.27797,2.09263,1.99763,3.69764,0.796027,1795.9,110.299,17449.1,0.0821456,0.902951,0.0115102,21862.4,-0.00141544,0.0823559,14.2921,24.2053,117.943,100.442,1.22678,12.4151,13.7654,115.509,140.555,2.4349,-40.1125 
67,1,47.2169,1.7,67,17332,-0.262145,33.5587,12.1043,115.736,-0.52533,439.088,197.194,-0.44006,-1.21148,2.01475,-0.0445805,-0.415092,-57.3719,3707.45,132.878,14639.1,20732.3,-0.0788048,-0.850228,2.73726,0.316675,-0.0538359,-0.321667,3787.92,135.858,14719.5,0.182856,0.940941,0.016718,20715.4,-0.0013542,0.233516,12.5656,17.6039,117.102,91.0526,1.06025,12.254,13.82,115.259,139.408,1.84221,-48.3555 
68,-200,47.0159,10,68,17808.4,-0.286972,34.0916,12.3012,115.631,-0.168265,485.515,384.735,0.947428,4.03288,0.378755,2.0368,0.497381,-86.1202,798.469,113.826,18109.5,16311.3,1.4897,4.57516,1.46331,2.57908,1.03966,0.868725,919.261,118.299,18230.3,0.0420058,0.816189,0.0118125,21884.1,-0.000536878,0.0319168,13.7974,-0.188953,120.04,94.0153,1.24976,12.4692,14.4672,115.244,139.649,4.79626,-45.634 
69,10,47.2259,2,69,17231.1,-0.0910093,32.895,12.2443,115.995,0.0462578,55.9007,8.73844e-12,-0.687515,0.686323,-0.833098,2.03717,-1.20583,-174.749,3353.26,96.9109,14950.8,13195.9,0.412835,1.78667,1.3676,3.13752,-0.105481,0.792761,3598.37,105.989,15195.9,0.170751,0.950981,0.0126853,21073.7,-0.00142265,0.214463,12.7208,16.7909,117.424,91.3603,1.05668,12.4141,14.1116,115.407,139.96,2.0166,-48.6002 
70,160,47.3759,10,70,17291.3,-0.261402,32.4414,12.5164,115.682,-0.285739,-417.229,9.94332,2.05573,1.68917,1.45414,0.588244,-0.459682,-36.1531,1892.2,109.122,16379.7,17099.3,2.28338,1.91682,1.90943,0.81589,-0.232035,0.714733,1942.91,111,16430.4,0.0932396,0.909108,0.0122919,20837.8,-0.00145431,0.0837689,14.6976,29.9517,117.526,99.3138,1.09523,12.6266,14.1168,115.168,139.78,2.35845,-40.4659 
71,120,47.3359,10,71,19713.1,-0.284153,35.8203,-12.8536,115.828,0.166265,-34.4501,459.565,0.223545,1.04146,0.823641,-3.55348,-0.684977,-75.8355,2994.35,125.535,17606.8,15174.7,0.701061,1.51897,1.77867,-3.07596,-0.207462,-1.48667,3100.72,129.474,17713.1,0.132109,0.931903,0.013286,23470.8,-0.00132747,0.146729,13.8076,21.7587,117.517,93.6112,1.11436,13.0325,14.8683,115.315,140.501,2.20244,-46.8901 
72,-50,47.1659,5,72,17721.7,-0.211204,33.693,-12.2345,115.681,0.196548,26.906,32.6647,1.8842,0.80278,-0.0312882,-1.80855,-5.48479,-105.453,737.138,106.855,18000.8,13591.1,2.54821,1.46679,1.29673,-1.14454,-4.82078,2.98405,885.046,112.333,18148.7,0.0406804,0.818253,0.0112733,21756.1,-0.000507623,-0.0302616,78.5432,0.161716,95.2868,81.5064,1.27247,12.3576,14.2591,115.383,139.18,-20.0958,-57.6735 
73,-50,47.1659,5,73,18225.5,-0.000779814,34.6761,12.0898,115.599,-0.0272286,1.50043,8.64873e-12,1.37574,3.16528,-2.29178,-3.21461,-2.26203,-71.9388,1814.93,430.347,17114.5,13648.6,1.82872,3.61826,-1.38582,-2.76163,-1.80905,-1.71986,1915.83,434.084,17215.4,0.0882321,0.716071,0.0443867,21713.6,-2.74999,2.75495,-3493.35,-1574.78,115.116,95.7813,1.31005,12.3891,14.1044,115.243,139.193,-0.126148,-43.4121 
74,130,47.3459,10,74,18395.1,-0.306284,33.8594,12.8267,115.609,-0.333477,346.893,23.2463,-2.06951,-3.88278,0.491607,-0.0894555,-4.63998,-146.27,2692.42,131.633,16597.7,17903.8,-1.14849,-2.96176,2.33366,0.83157,-3.71895,1.50036,2897.58,139.232,16802.8,0.130399,0.922433,0.0150346,22220.8,-0.00141575,0.126394,14.1991,23.9411,117.455,95.3257,1.0942,12.8416,14.3846,115.102,140.276,2.35223,-44.9506 
75,140,47.3559,10,75,17663.7,-0.134212,32.0883,12.8597,115.939,-0.0547799,117.905,0.0155294,1.05955,-0.503313,1.20367,-3.32559,0.645581,-99.0651,2240.27,119.606,16306.2,13643.2,1.68334,0.120473,2.45124,-2.70181,1.26937,0.131571,2379.22,124.752,16445.1,0.111747,0.915953,0.0137815,21291.1,-0.00143083,0.0978793,14.3702,25.465,118.13,94.688,1.04911,13.1156,14.5727,115.355,139.289,2.77505,-44.601 
76,70,47.2859,8,76,18193.6,-0.0872239,33.5979,-12.5184,115.779,0.200887,263.865,500,2.01703,-1.02782,-5.17192,0.515703,-1.61459,-10.0937,3685.77,108.469,15431.3,15417.2,2.08059,-0.964259,-5.0448,0.57926,-1.55103,-0.0294993,3699.93,108.993,15445.4,0.172393,0.950976,0.0128323,21462.2,-0.00122207,0.216722,13.2335,16.7371,117.086,90.3567,1.01871,12.831,14.6835,115.176,140.12,1.90925,-49.7637 
77,15,47.2309,2.5,77,17204.6,-0.0480057,32.4187,12.2147,115.845,0.0258204,-65.4557,496.305,-3.34717,-0.321946,-0.687671,3.26717,-3.56165,-60.7295,4433.82,101.989,13625.4,12945.6,-2.96477,0.0604515,0.077124,3.64957,-3.17926,1.03272,4519,105.144,13710.6,0.222762,0.960876,0.0139299,20286.2,-0.00109164,0.320735,12.3442,14.2646,116.747,89.8507,0.938683,12.6057,14.3265,115.332,139.644,1.41468,-49.7933 
78,90,47.3059,10,78,19562.7,-0.299166,35.3508,12.9801,116.119,0.0755282,0.180888,414.085,1.08742,2.27023,4.04851,1.1156,3.32387,-71.2983,4078.56,149.01,16271,14937.7,1.53637,2.71917,4.9464,1.56455,3.77282,0.659791,4178.57,152.714,16371,0.181635,0.939887,0.0168934,23005.2,-0.0013716,0.208197,13.915,19.5282,117.43,91.9489,1.01877,13.1602,15.0821,115.508,140.303,1.92196,-48.3541 
