cyc,freq,VVA,cyc,ROIsum,fBg,fA1,fWidth1,fCtr1,fA2,fWidth2,fCtr2,box1,box2,box3,box4,box5,box6,box7,box8,box9,Nfit,BZ-2,BZ-1,BZ0,BZ1,BZ2,Excited,c5,c7,c9,fraction95,fraction75,fraction97,sum95,two2D_bg,two2D_a1,two2D_sh1,two2D_sv1,two2D_ch1,two2D_cv1,two2D_a2,two2D_sh2,two2D_sv2,two2D_ch2,two2D_cv2,two2D_chd,two2D_cvd
0,47.1409,1.33,0,15884.3,0.00140873,31.5188,10.9417,121.587,0.00430038,-10.3383,93.7403,2.05018,-0.828486,-4.95919,-0.454615,-3.83665,-13.258,277.85,26.4752,15267.4,11228.1,2.13366,-0.745004,-4.79223,-0.371133,-3.75316,0.363401,292.167,27.0596,15281.8,0.0277437,0.860526,0.00325123,10530.9,0.00034675,-0.00732213,-7.52737,17.7884,120.93,63.7521,1.56727,11.1847,10.8861,121.279,136.171,-0.349253,-72.4192 
1,47.1709,1.33,1,15194.1,0.034796,30.3176,10.7559,121.583,-0.0486676,20.0183,462.289,-2.79829,2.29511,1.22665,4.78552,2.87721,49.2407,212.275,23.6706,14544.2,10647.1,-3.10834,1.98505,0.606538,4.47546,2.56715,0.907056,159.1,21.5002,14491,0.0161227,0.808742,0.00272567,9868.06,0.000306666,-0.0330392,11.4793,1.28425,124.379,81.9736,1.48382,11.095,11.0815,121.246,135.831,3.1333,-53.8571 
2,47.1959,1.33,2,15885.6,-0.000793299,31.6539,-10.8731,121.766,0.0185686,-22.1939,500,5.56157,1.96489,9.50545,4.22636,-5.78417,20.9573,308.394,31.231,15170.2,11217.5,5.42961,1.83292,9.24153,4.09439,-5.91613,0.370568,285.762,30.3073,15147.6,0.0273859,0.843454,0.00367215,10434.6,0.00026763,0.0140065,4.6672,-14.2691,96.0985,76.9391,1.58089,11.0244,10.9035,121.421,136.293,-25.3228,-59.3537 
3,47.4609,3,3,15508.6,0.0187208,28.7843,11.6295,121.88,-0.0200424,-28.6658,457.336,0.387363,5.93556,-4.837,8.4243,-1.88063,61.0267,572.035,11.4767,14433.9,10915.8,0.00309416,5.55129,-5.60554,8.04003,-2.2649,1.97931,506.133,8.78678,14368,0.0499505,0.970515,0.00112528,10132.7,0.000180101,0.0446826,10.349,-18.5726,126.622,108,1.37516,11.8326,10.9989,121.414,136.262,5.2079,-28.262 
4,47.3709,3,4,13323.7,-0.0100942,23.4551,12.3421,121.812,-0.00123369,7.36771,3.755e-11,-1.46728,1.18767,-0.00421657,-1.57996,-2.37775,98.0831,1230.92,33.4172,11641.5,9424,-2.08489,0.570069,-1.23942,-2.19757,-2.99536,0.844042,1125,29.094,11535.5,0.127064,0.956702,0.00462452,8853.81,5.96033e-05,0.0461059,18.2052,20.9357,125.469,91.1237,1.01718,12.3008,11.5793,121.35,136.373,4.11901,-45.2497 
5,47.1459,1.33,5,14000.1,0.00276512,27.9879,10.8543,121.651,-0.00628267,1.73365,372.035,-2.44143,1.07251,3.96845,3.07291,-1.3398,19.6042,321.378,42.9379,13321.7,9889.69,-2.56487,0.949073,3.72157,2.94946,-1.46324,-0.0360744,300.207,42.0738,13300.5,0.0325903,0.803044,0.00579341,9211.57,0.000384106,-0.0169564,-4.16263,-9.67582,120.245,73.4806,1.38251,11.0341,10.9423,121.26,135.917,-1.01425,-62.4365 
6,47.4059,3,6,15162.4,0.0183555,26.9611,12.1385,121.81,0.124675,-152.867,31.539,-2.5332,-0.317698,1.36021,4.44717,3.03949,90.0372,962.898,24.9096,13681.3,11274.1,-3.10014,-0.884638,0.226329,3.88023,2.47255,0.91276,865.668,20.941,13584,0.0868537,0.959386,0.00283173,9966.96,0.000213794,0.037414,11.4009,40.4483,126.697,106.422,1.22224,12.119,11.1797,121.275,135.906,5.42207,-29.484 
7,47.2559,1.5,7,15219.6,-0.00974247,30.1917,10.9983,121.51,-0.00784623,-9.99069,500,3.10747,4.13709,-2.01612,-1.28291,3.54548,24.6738,489.163,24.8998,14434,10812.1,2.95211,3.98173,-2.32685,-1.43828,3.39012,1.35477,462.518,23.8123,14407.4,0.0457238,0.917349,0.00303536,10115.5,-0.000122055,0.0486993,10.7634,20.3747,126.139,108,1.45146,11.2158,10.9054,121.14,136.121,4.99875,-28.1208 
8,47.4159,3,8,14768.3,0.0283093,26.384,12.0368,121.901,-0.0014126,9.59137,18.1855,1.79517,-1.73185,0.799026,-1.39996,-1.64576,86.1306,945.245,46.9895,13228,10338.7,1.25283,-2.27419,-0.285657,-1.9423,-2.1881,0.947464,852.234,43.1931,13135,0.0882901,0.918532,0.00602112,9652.65,0.000304848,0.0436578,12.0189,35.0977,125.953,108,1.19304,11.9938,11.0655,121.345,136.22,4.60815,-28.22 
9,47.1659,1.33,9,15601.8,0.0493865,31.1289,-10.7781,121.647,-0.0151324,4.18751,1.24816e-11,2.53225,-2.27758,-1.55981,-0.159581,0.411791,-87.7943,340.429,33.9686,14831.3,10924.1,3.08506,-1.72476,-0.454175,0.393236,0.964608,1.20061,435.237,37.8383,14926.1,0.0417065,0.86795,0.00464813,10435.7,0.00044271,-0.0182104,2.94992,-9.21566,120.78,81.6173,1.5398,11.005,10.9497,121.335,136.304,-0.555336,-54.6865 
10,47.2959,1.8,10,15847.5,0.0644691,29.483,11.3049,121.704,-0.03717,2.25357,500,-0.526444,-2.57997,1.80802,-2.60118,-2.69604,-1.3409,869.495,31.6845,14288.3,10852.8,-0.518,-2.57152,1.82491,-2.59273,-2.6876,1.27883,870.943,31.7436,14289.7,0.0833832,0.940041,0.00407542,10445.1,0.000289577,0.0477149,11.989,25.1283,125.877,102.34,1.42087,11.4264,10.8293,121.292,135.835,4.58506,-33.4952 
11,47.4259,3,11,14521.8,0.137552,25.8701,11.5823,121.472,-0.554943,-272.432,499.994,-1.03232,-1.3777,0.268249,-1.3185,-0.132108,-19.6325,795.703,23.3302,12869,14675.7,-0.908697,-1.25408,0.515491,-1.19487,-0.00848781,1.18083,816.904,24.1955,12890.2,0.0864146,0.950722,0.00344582,9453.31,0.000700961,0.0373867,11.8471,25.2707,126.568,104.222,1.21194,11.6951,11.0796,121.02,135.396,5.54848,-31.1733 
12,47.2859,1.8,12,14128.5,0.0553452,26.9007,11.175,121.685,0.00619375,-37.2335,0.861506,-3.67014,-4.16534,0.947337,0.97974,-1.6872,-24.2856,829.461,33.7107,12798.3,9793.52,-3.51722,-4.01242,1.25318,1.13266,-1.53428,1.18766,855.687,34.7811,12824.6,0.0905666,0.933591,0.00497108,9448.15,0.000173021,0.0444304,11.3744,29.3097,125.814,105.362,1.27957,11.3299,10.7557,121.093,135.834,4.72083,-30.4718 
13,47.3259,2.34,13,14683.5,0.11156,26.082,11.7436,121.75,-0.0103019,-54.353,489.129,0.838163,-1.50366,3.83291,1.88974,0.0420921,13.9997,1189.86,29.8368,12747.3,9989.17,0.75001,-1.59182,3.65661,1.80158,-0.0460605,0.199924,1174.74,29.2198,12732.1,0.121041,0.958287,0.00420976,9705.27,0.000409014,0.0497714,15.053,23.281,125.789,93.2665,1.1873,11.8407,11.1553,121.266,136.008,4.52273,-42.7411 
14,47.3909,3,14,13736.4,0.0096623,23.6975,12.0741,121.725,-0.0188863,-5.22792,499.756,-2.08905,-1.80047,4.9597,-4.05516,0.805353,-8.86452,1042.28,20.2246,11803.2,9317.62,-2.03324,-1.74465,5.07133,-3.99935,0.86117,3.74909,1051.86,20.6153,11812.7,0.117311,0.966839,0.00320451,8966.38,0.000625631,0.0359615,16.5735,22.6086,126.479,93.3439,1.07287,12.0418,11.3147,121.198,135.904,5.28087,-42.5606 
15,47.1909,1.33,15,16768.1,0.0468176,32.5236,10.9455,121.679,0.00257052,10.1874,499.674,1.39326,-0.876025,4.64774,-0.158313,4.64223,-37.2436,397.426,40.5052,15629.3,11589.4,1.62777,-0.641512,5.11677,0.0762,4.87675,0.537194,437.645,42.1468,15669.6,0.0400179,0.855775,0.00493032,10936.2,0.000874262,-0.0134725,-5.31395,-17.6725,124.145,65.5131,1.58596,11.1379,11.0194,121.394,136.25,2.75086,-70.7373 
16,47.3659,3,16,14628.7,0.00826669,24.5678,12.4608,121.763,-0.00548555,6.37607,500,3.73166,4.37486,2.06805,0.52126,0.143104,47.1635,1395.37,27.1675,12224.5,9966.87,3.43469,4.07788,1.4741,0.224284,-0.153872,0.837243,1344.44,25.0887,12173.6,0.141508,0.968376,0.00378205,9500.75,0.000671265,0.0568666,18.837,17.2738,124.299,88.478,1.07958,12.2209,11.4794,121.309,135.793,2.99041,-47.3151 
17,47.2259,1.33,17,15602.7,0.0796446,30.378,10.8181,121.321,0.0202312,-88.8129,500,9.06479,3.74564,1.05718,-0.263865,-1.7962,-8.00616,700.911,49.676,14221.4,10756.5,9.1152,3.79605,1.158,-0.213452,-1.74579,0.904376,709.557,50.0289,14230.1,0.0692676,0.890165,0.00643464,10243.7,0.000302425,0.061028,10.8161,23.0079,124.677,108,1.46333,11.0604,10.6163,121.023,136.098,3.65406,-28.0982 
18,47.3959,3,18,13732.7,0.107549,23.6127,12.1163,121.659,-0.0171995,30.4808,13.4535,6.7978,-0.039452,-2.86235,-2.04172,1.26732,55.8929,1037.7,35.0532,11861.6,9330.52,6.44585,-0.391394,-3.56624,-2.39366,0.915374,4.53117,977.343,32.5896,11801.2,0.110009,0.944864,0.0050613,8884.17,0.000520744,0.040047,14.6726,25.6615,127.631,96.7189,1.07365,12.0873,11.2491,121.151,135.706,6.47983,-38.987 
19,47.3809,3,19,13824,0.0155005,23.9765,12.0724,121.656,-0.00308001,18.6825,0.2192,2.88471,-3.69471,-1.11853,0.774333,3.0126,-15.0455,1160.38,26.3837,11915.3,9424.61,2.97945,-3.59997,-0.929056,0.869071,3.10734,1.38283,1176.62,27.0468,11931.6,0.128301,0.961329,0.00415838,9170.77,0.000440551,0.0444503,16.0524,22.8446,127.693,93.8938,1.08568,12.0898,11.1993,121.073,136.072,6.62014,-42.1779 
20,47.3359,2.34,20,15602.5,0.019317,28.0767,-11.7701,121.9,0.0282051,-58.1295,500,3.10151,0.917557,-4.12188,2.79098,1.08344,37.437,1273.85,53.1373,13545.3,10811.2,2.86578,0.681826,-4.59334,2.55525,0.847706,2.94862,1233.42,51.4871,13504.9,0.119962,0.931922,0.00697401,10281.7,0.000468305,0.0595562,13.5011,24.9871,125.639,98.7649,1.27305,11.6982,11.0537,121.369,135.713,4.26946,-36.9485 
21,47.3009,1.8,21,15814.3,0.15483,29.4575,11.0652,121.97,-0.10887,-62.2876,431.2,-2.78205,-4.58279,2.00149,-1.28396,-0.997324,-30.3014,747.011,35.9061,14104.4,10831.6,-2.59125,-4.39199,2.38309,-1.09316,-0.806524,1.36664,779.733,37.2417,14137.1,0.0760597,0.922864,0.00482927,10251.6,0.000541043,0.0502347,10.4037,27.293,126.125,108,1.42021,11.3495,10.6727,121.484,136.165,4.64039,-28.1647 
22,47.1859,1.33,22,15825.1,0.0191466,30.9722,-10.7761,121.51,-0.0122905,-5.18097,5.84844e-12,2.65335,1.95121,-0.325135,-2.82284,-1.81411,-88.442,278.668,41.8989,14748.2,10867,3.21024,2.50811,0.788657,-2.26595,-1.25722,0.735691,374.175,45.7972,14843.7,0.0362591,0.823594,0.0056513,10319.5,0.000711176,-0.0184656,10.6154,3.90323,122.546,84.8383,1.54107,11.0723,10.832,121.178,136.215,1.36769,-51.3767 
23,47.2409,1.5,23,15823.5,-0.0141019,30.3106,-11.0199,121.99,-0.0190415,-2.87991,4.38648e-12,-0.556374,-1.22537,2.0124,4.06999,-0.781661,-41.3323,1029.89,55.4572,13960.4,10875.2,-0.296115,-0.965116,2.53291,4.33025,-0.521402,0.501447,1074.52,57.279,14005,0.102748,0.914673,0.00747768,10457.9,0.000358698,0.0647389,10.8997,25.2746,125.485,100.889,1.40169,11.2258,10.874,121.461,136.89,4.02378,-36.0013 
24,47.2809,1.8,24,14821.2,0.115219,27.4883,11.2366,121.694,-0.0725425,38.3839,266.087,-3.80146,3.13249,2.2779,-0.00356195,-2.35725,-104.728,929.273,26.7188,13044.4,10145.5,-3.14202,3.79193,3.59679,0.655881,-1.69781,-0.122322,1042.37,31.3349,13157.5,0.10574,0.950022,0.00436787,9857.86,0.00046304,0.0531549,11.1385,27.0402,125.46,102.687,1.28268,11.4499,10.8396,121.205,136.175,4.25511,-33.4875 
25,47.2159,1.33,25,16045.9,-0.012059,31.2141,10.7822,121.663,-0.0569536,-111.294,466.69,6.45947,0.41359,-0.20694,-0.116898,0.947244,-35.8018,1225.78,44.5874,13962,11162.4,6.68491,0.639025,0.243928,0.108537,1.17268,0.972435,1264.44,46.1655,14000.7,0.118783,0.939944,0.00603743,10644.9,0.000392203,0.079795,11.2741,20.1921,124.823,94.4034,1.44598,10.987,10.8914,121.168,135.613,3.65539,-41.2097 
26,47.3459,2.34,26,14701.4,0.0610037,26.6294,11.7321,121.613,-0.0450423,-28.9818,245.728,-2.53355,4.43323,1.4518,4.40046,-0.889035,-36.5485,1019.04,21.6835,13033.8,10212.8,-2.30341,4.66336,1.91207,4.6306,-0.658899,0.768058,1058.51,23.2945,13073.3,0.107817,0.962916,0.00327161,9817.59,0.000260987,0.0361126,17.189,24.4373,127.007,94.0919,1.23615,11.7658,11.0953,121.175,136.093,5.8318,-42.0014 
27,47.3759,3,27,14383.8,-0.0078763,24.5523,12.2272,121.825,-0.00311561,-1.51009,0.641597,1.20478,-1.505,-4.28433,-0.275132,-0.883533,-33.7591,1270.2,19.8667,12144.3,9772.85,1.41735,-1.29243,-3.85919,-0.0625606,-0.670961,0.136218,1306.66,21.3547,12180.8,0.138011,0.972195,0.00321909,9467.77,0.000659333,0.0460517,15.6627,24.9354,126.022,94.8486,1.08973,12.1193,11.2923,121.361,136.297,4.66182,-41.4484 
28,47.4509,3,28,16763.4,0.118125,29.3966,11.9216,121.965,0.057889,-71.2004,0.00973979,2.42783,0.692351,7.10292,2.30199,-0.00567228,-34.4195,849.233,49.8534,15022.8,11542.6,2.64456,0.909081,7.53638,2.51872,0.211058,0.454668,886.402,51.3705,15060,0.0807539,0.907919,0.0062443,10976.6,0.000757257,0.0489243,11.8349,24.6785,127.227,108,1.34108,11.9477,11.2735,121.39,136.14,5.83686,-28.1403 
29,47.1759,1.33,29,15013,0.149649,29.0603,10.6377,121.675,0.0701167,-89.3681,111.284,2.82761,-0.990838,-2.49609,-1.62049,-3.0671,-20.9738,287.449,26.7828,13684,10267.3,2.95967,-0.858771,-2.23196,-1.48842,-2.93504,0.509946,310.098,27.7073,13706.6,0.0326641,0.864781,0.0037099,9493.55,0.000453737,0.0503799,10.1962,14.6148,126.958,108,1.46103,10.9452,10.6419,121.309,135.961,5.64897,-27.9607 
30,47.3509,2.34,30,16590.3,0.0794891,29.3228,11.7813,121.441,-0.0475358,-80.1606,500,1.13961,-4.83011,-1.20937,-0.727551,1.5857,5.80123,1136.68,50.0758,14395,11369.9,1.10308,-4.86664,-1.28242,-0.76408,1.54918,0.699024,1130.41,49.8201,14388.7,0.104951,0.928396,0.00633775,10770.9,0.0007177,0.0522706,12.5192,34.5017,125.293,108,1.3226,11.745,10.9935,120.921,136.172,4.37186,-28.1724 
31,47.3109,1.8,31,15212.3,0.118851,28.4961,11.1226,121.313,0.0770768,-149.011,57.8842,4.78718,1.16616,3.48158,-1.50311,-3.74019,-14.8619,767.959,35.0444,13633.5,10691.7,4.88076,1.25974,3.66874,-1.40953,-3.64661,0.228138,784.009,35.6994,13649.6,0.0789598,0.926196,0.00479479,9929.21,0.000470731,0.0476732,11.5496,24.3676,125.777,108,1.35554,11.3,10.8682,120.874,135.949,4.90361,-27.9492 
32,47.3609,2.34,32,15980.7,0.0793736,29.1927,11.5825,121.716,-0.20846,42.841,496.042,4.85566,1.19115,-5.60227,0.803882,2.89616,-50.9833,926.976,32.7005,14323.8,11297.8,5.17669,1.51218,-4.96021,1.12491,3.21719,1.81707,982.033,34.9477,14378.8,0.0925063,0.941374,0.00445727,10615.8,0.000399507,0.0456049,13.1631,23.9443,126.602,101.495,1.36228,11.6627,11.0729,121.202,136.031,5.40029,-34.5359 
33,47.2759,1.8,33,16386.7,-0.0163321,30.9256,-11.3156,122.034,0.000225538,-17.8802,500,5.48396,1.1252,2.05768,-0.35291,2.64631,1.03284,1122.46,41.0073,14726.6,11391.9,5.47745,1.1187,2.04468,-0.359414,2.6398,0.812779,1121.35,40.9618,14725.4,0.102058,0.939915,0.00509806,10987.4,0.000135142,0.0629732,12.1203,23.8445,125.746,98.8921,1.42475,11.4624,11.0675,121.54,136.783,4.20603,-37.891 
34,47.4559,3,34,14634,0.0300952,26.7826,11.7411,121.682,-0.0308898,30.3574,185.001,3.15472,5.51298,8.24889,3.30287,-0.827081,-30.5333,657.925,40.5208,13392.3,10267.1,3.34698,5.70524,8.63341,3.49513,-0.634821,0.5798,690.898,41.8666,13425.2,0.0713309,0.904122,0.00571179,9685.81,0.00036897,0.0429024,11.522,20.6172,126.849,108,1.227,11.8096,11.3197,121.259,136.225,5.59005,-28.2248 
35,47.3859,3,35,15020.1,0.0872884,25.5918,12.296,121.791,-0.0428517,-16.2947,500,-1.47322,1.16858,5.08537,3.79055,-2.76837,14.019,1309,52.6832,12774.3,10266.5,-1.56149,1.08031,4.90883,3.70227,-2.85665,0.0691115,1293.86,52.0653,12759.1,0.131457,0.934212,0.00746086,9842.49,0.000609553,0.0468245,15.3586,29.2846,126.588,96.3923,1.13072,12.0583,11.335,121.303,136.011,5.28474,-39.6184 
36,47.2509,1.5,36,15163.3,0.0686395,29.0036,11.0878,121.667,-0.0463766,-12.9375,56.1333,2.14118,-1.17518,0.517819,10.2257,-0.318478,3.9299,722.206,54.7365,13801.5,10488.2,2.11644,-1.19993,0.468328,10.2009,-0.343223,0.958343,717.962,54.5633,13797.2,0.0720693,0.882616,0.00723221,9962.1,0.000233192,0.0544318,10.7285,23.9083,125.128,108,1.39678,11.2621,10.7196,121.281,136.232,3.84671,-28.2316 
37,47.3159,2.34,37,13754.9,0.0848955,24.4409,11.8305,121.87,-0.0626787,-15.7828,316.29,1.64223,2.85413,2.015,0.447722,0.359517,-56.3566,1285.31,15.3309,11786.3,9444.95,1.99709,3.20899,2.72472,0.802584,0.714379,0.711601,1346.17,17.8149,11847.1,0.145002,0.977365,0.00276238,9283.75,0.000323889,0.0624216,17.2912,15.372,123.736,88.694,1.11381,11.8536,11.1703,121.41,136.432,2.32535,-47.7375 
38,47.3209,2.34,38,14670,0.000393405,25.2496,12.0762,121.632,-0.0117009,3.51557,500,1.57788,0.997168,1.08973,-2.36057,2.31701,-32.5769,1364.19,42.1964,12296.4,9927.45,1.78301,1.2023,1.49999,-2.15544,2.52214,0.690851,1399.37,43.6323,12331.6,0.14484,0.948258,0.00647564,9661.51,0.00058855,0.0603911,17.0473,18.3146,124.309,90.4729,1.12091,11.9928,11.3633,121.143,135.6,3.16606,-45.1274 
39,47.3559,2.34,39,14845.4,0.174487,26.596,11.3806,122.052,0.18524,-409.365,28.8273,2.0871,4.93724,7.45097,3.91225,-1.99928,6.41636,891.787,23.8419,12890.3,12321.7,2.0467,4.89684,7.37017,3.87185,-2.03968,0.543526,884.858,23.5591,12883.4,0.0929794,0.955481,0.00335725,9516.72,0.000777819,0.0418275,12.6599,24.2806,126.593,101.707,1.26019,11.5557,10.8688,121.545,137.13,5.04751,-35.423 
40,47.1609,1.33,40,15178.1,0.0479995,30.1485,10.755,121.707,-0.0422825,10.9842,496.552,7.06282,1.53244,-0.31256,5.78637,6.87284,5.57919,272.46,18.4516,14339.3,10570.5,7.02769,1.49731,-0.382822,5.75124,6.83771,1.01847,266.435,18.2057,14333.3,0.0269952,0.893193,0.00233432,9869.74,0.000529757,-0.0144174,8.60994,-7.90142,121.531,78.0714,1.48491,11.0584,10.9395,121.414,136.167,0.116902,-58.0961 
41,47.2909,1.8,41,15287.9,0.106383,28.8405,-11.0959,121.675,-0.0831657,40.8958,458.368,4.90767,-1.62151,5.14686,-3.51313,1.42535,-82.5967,857.554,41.6096,13709.8,10528.2,5.42776,-1.10142,6.18704,-2.99304,1.94544,0.346378,946.75,45.2502,13799,0.0928907,0.922814,0.00600442,10192.1,0.000465876,0.0449508,11.7602,28.101,125.924,105.329,1.35079,11.2336,10.9416,121.32,136.401,4.60427,-31.0727 
42,47.2009,1.33,42,16529.9,0.0245291,32.3768,-10.8287,122.016,-0.0345672,38.0632,500,0.43186,2.60034,8.91818,-2.93522,2.50695,-31.2364,335.877,51.4845,15417.8,11456,0.628547,2.79703,9.31156,-2.73853,2.70364,0.266936,369.609,52.8613,15451.6,0.0344715,0.799818,0.00626255,10722.2,0.000845058,-0.0200739,6.60527,9.18606,119.743,78.1788,1.5807,11.0806,10.9673,121.62,135.92,-1.87703,-57.7417 
43,47.2709,1.8,43,15531.1,0.106297,29.053,-11.1969,121.981,-0.16276,39.2064,446.579,3.64926,1.42205,2.05893,2.84352,1.07559,-65.6115,1197.57,37.9566,13516.3,10797.5,4.0624,1.83518,2.88521,3.25666,1.48872,0.786726,1268.42,40.8486,13587.1,0.122295,0.946649,0.00550764,10371.8,0.00036055,0.0656689,11.8925,23.5019,125.573,97.3251,1.32787,11.458,10.9745,121.493,135.983,4.08043,-38.6578 
44,47.3059,1.8,44,17241.9,0.135063,31.9719,11.235,121.519,-0.120338,45.1391,61.5093,3.57974,4.65422,1.82682,-3.79955,3.60472,-11.6232,722.951,37.2521,15555.9,11870.1,3.65293,4.7274,1.9732,-3.72636,3.67791,0.808522,735.503,37.7644,15568.5,0.0658676,0.917554,0.00444851,11166.4,0.000546354,0.0576142,10.9914,23.4728,125.12,108,1.53573,11.4659,10.7249,121.216,136.445,3.90384,-28.445 
45,47.1509,1.33,45,16170.9,0.103315,31.3874,10.8177,121.688,-0.0704603,4.52738,153.679,0.683904,1.0429,5.64847,4.14749,4.07531,-42.1422,375.076,16.6673,15069.5,11063.6,0.949262,1.30826,6.17918,4.41284,4.34067,0.640541,420.585,18.5248,15115,0.0398748,0.928437,0.00225258,10547.6,0.000814696,-0.0144939,6.67546,-11.2957,119.846,76.7516,1.55511,11.0736,10.9155,121.366,135.793,-1.51997,-59.0418 
46,47.4009,3,46,15018.4,0.0200063,26.0924,12.2576,121.71,0.00145761,-44.3745,0.276417,5.26739,0.426659,-2.26024,2.35205,1.078,-15.8466,1025.39,31.221,13198.8,10413.6,5.36717,0.526441,-2.06067,2.45183,1.17778,1.27614,1042.5,31.9195,13216,0.105333,0.949143,0.00442939,9897.19,0.000508266,0.0435374,13.6701,25.2373,126.691,99.1995,1.16044,12.2275,11.4153,121.232,136.294,5.45855,-37.0943 
47,47.4359,3,47,15386,0.131789,27.162,-11.7539,121.815,-0.106868,173.699,114.737,-0.0999787,-2.43587,11.9417,3.8403,-2.43836,-1.01269,737.356,30.4762,13683.3,10997.3,-0.0936021,-2.4295,11.9545,3.84668,-2.43198,-0.102194,738.45,30.5208,13684.4,0.074538,0.932549,0.0040917,9907.02,0.000735589,0.0383972,10.444,33.2398,127.372,108,1.25911,11.8616,11.0487,121.26,136.194,6.11249,-28.1941 
48,47.2209,1.33,48,15474.6,0.131912,29.8782,10.7494,121.534,0.123162,-324.173,66.7979,4.49101,0.748497,2.53045,-1.22455,6.42778,25.6997,858.964,50.7383,13779.6,11755,4.32919,0.586673,2.2068,-1.38638,6.26595,0.816134,831.212,49.6056,13751.9,0.082749,0.905438,0.00660095,10045,0.000429957,0.0632284,10.3173,28.9419,124.031,108,1.40724,11.0711,10.5774,121.102,135.898,2.92941,-27.8976 
49,47.3409,2.34,49,14008.6,0.123803,25.2531,-11.4936,121.947,-0.0634368,-82.8013,108.933,1.04868,2.91362,-1.63614,-1.90347,5.49257,24.9444,1062.94,41.4025,12144.4,9619.56,0.891616,2.75656,-1.95028,-2.06054,5.3355,1.39219,1036,40.303,12117.5,0.113166,0.93626,0.00608957,9154.71,0.000492508,0.0452305,14.4537,24.6496,127.328,97.8339,1.14408,11.5526,11.2524,121.474,136.427,5.85436,-38.5934 
50,47.2309,1.33,50,16172.6,0.141305,30.9232,10.8389,121.796,-0.0855811,-49.5404,96.4775,-0.443225,0.66981,-5.26459,-4.16492,3.78789,-67.7559,548.324,46.1447,14655.5,11049,-0.0165834,1.09645,-4.41131,-3.73828,4.21453,-0.545015,621.493,49.1312,14728.7,0.059248,0.878469,0.00610729,10489.7,0.0011419,0.0320163,0.978871,0.0262617,130.85,95.638,1.50973,11.0684,10.912,121.387,136.029,9.46275,-40.3911 
51,47.2109,1.33,51,14086.4,0.0890892,27.7018,10.6807,121.887,0.16398,-30.7349,114.411,4.25852,3.02493,0.772301,4.72513,4.50686,48.6634,1650.5,31.0947,11862.8,9795.78,3.9521,2.71851,0.159461,4.41871,4.20044,0.989678,1597.95,28.9498,11810.3,0.168014,0.96927,0.00449513,9510.84,0.000414609,0.146147,11.3894,11.1496,122.695,87.6063,1.24616,10.9782,10.8413,121.453,135.796,1.24169,-48.19 
52,47.4109,3,52,14491.3,0.0069688,25.9318,11.936,121.62,-0.0222547,5.3307,500,-0.53894,-4.85764,-1.11623,-3.3809,-2.65696,-37.2342,1103.77,49.8405,12777.1,10079.8,-0.304486,-4.62318,-0.647318,-3.14645,-2.42251,0.941913,1143.98,51.4816,12817.3,0.117553,0.926995,0.0073446,9731.58,0.000355732,0.0394182,14.8312,31.3871,126.317,101.394,1.1546,11.7636,11.3606,121.142,135.864,5.17507,-34.4692 
53,47.4409,3,53,14029,0.0330025,25.0193,11.7476,121.652,-0.00695554,-16.4727,1.01373e-12,2.53678,3.58374,-1.70094,0.448989,-2.29014,0.0227305,806.068,39.802,12424.2,9571.66,2.53664,3.5836,-1.70122,0.448845,-2.29028,1.66001,806.044,39.801,12424.2,0.088283,0.920461,0.00586659,9130.23,0.00066826,0.0414443,10.9704,26.6787,126.594,108,1.14707,11.7316,11.1851,121.144,135.62,5.45001,-27.6199 
54,47.3309,2.34,54,15600.9,0.0762203,28.1876,11.7155,121.605,0.234758,-282.245,11.7963,-2.27508,3.55903,0.377628,-2.19158,1.63718,-17.9128,1299.87,38.7105,13656,12907.1,-2.16229,3.67182,0.603212,-2.07879,1.74997,0.661863,1319.21,39.5001,13675.3,0.125859,0.95021,0.0052926,10481.7,0.00026623,0.055757,14.6617,23.4899,126.455,95.4757,1.269,11.7852,11.2528,121.055,135.91,5.40029,-40.4341 
55,47.2659,1.75,55,15316.3,-0.0231833,29.2198,11.157,121.678,0.020446,-19.9046,2.38449e-12,0.275032,1.21261,-0.669867,0.429219,0.644368,26.941,1079.08,16.7064,13659.3,10625.8,0.105392,1.04297,-1.00915,0.259578,0.474727,2.15527,1049.98,15.5189,13630.2,0.103119,0.974787,0.00209298,10182.2,0.000178997,0.0623908,14.444,16.0608,124.459,91.0393,1.34829,11.3954,11.1129,121.345,135.986,3.11423,-44.9468 
56,47.4209,3,56,14561.4,0.0397333,25.9522,-11.821,121.766,0.0103613,-9.008,500,-1.15191,2.15752,4.69657,1.7645,-1.8513,-30.3865,959.871,34.4496,12861,9989.8,-0.960578,2.34886,5.07924,1.95584,-1.65996,0.24901,992.685,35.789,12893.8,0.103066,0.940652,0.00508706,9631.54,0.000524315,0.0429202,11.3081,32.3351,126.581,108,1.16956,11.9155,11.1566,121.13,136.209,5.4507,-28.2085 
57,47.4459,3,57,15413.7,0.118437,27.0915,-11.8627,121.879,0.0089786,-108.554,498.823,0.0510415,4.85896,-1.53365,-3.16922,1.48017,28.3125,836.179,4.24556,13687.7,10493.7,-0.127235,4.68069,-1.8902,-3.3475,1.30189,4.06038,805.605,2.99762,13657.2,0.0809173,0.99353,0.000404162,9955.9,0.00069528,0.0319586,14.6162,24.1197,127.953,101.861,1.27793,11.8452,11.097,121.47,136.428,6.48284,-34.5663 
58,47.2059,1.33,58,14958.4,0.0463741,29.6489,-10.7815,121.543,-0.0329766,0.671821,3.93225,-2.13687,0.730823,3.76887,1.51102,3.31892,-46.198,448.336,30.7019,14023,10406.7,-1.84598,1.02172,4.35066,1.80192,3.60982,0.513248,498.225,32.7382,14072.8,0.0501887,0.896868,0.00426707,9927.03,0.100631,-0.100514,-1151.03,-1800.74,116.025,66.7017,1.50519,10.9231,10.6842,121.3,136.259,-5.27507,-69.5573 
59,47.2459,1.5,59,15196.6,0.146574,28.7861,10.8897,121.624,-0.098005,9.28,497.248,-0.0966888,-0.000431505,-0.996651,-0.117866,-0.951318,-1.76672,770.835,42.621,13617.9,10234.2,-0.0855642,0.0106931,-0.974402,-0.106742,-0.940194,0.53516,772.743,42.6989,13619.8,0.0780705,0.911828,0.00574194,9898.02,0.000487978,0.0535241,11.2568,26.5435,125.382,108,1.37118,11.1027,10.7377,121.276,135.477,4.10594,-27.4771 
60,47.1559,1.33,60,14527.9,0.113458,28.0398,10.7954,121.716,-0.0734031,-21.8803,154.156,1.4928,-4.13475,-2.78884,2.9104,1.62137,-35.764,378.87,36.2665,13481.2,9906.19,1.718,-3.90956,-2.33844,3.1356,1.84656,6.17165,417.491,37.8429,13519.8,0.0440589,0.863091,0.00512974,9475.75,0.000270838,0.0546215,10.8226,13.0106,126.605,108,1.40314,10.9828,10.81,121.414,135.255,5.19072,-27.2548 
61,47.4309,3,61,13395.6,0.00845429,24.2392,11.5892,121.466,-0.0089822,-10.5696,500,-7.44456,-2.43124,-6.64401,2.56819,-2.85158,5.75502,741.374,25.8078,12008.3,9147.74,-7.4808,-2.46748,-6.71648,2.53195,-2.88782,0.605392,735.16,25.5542,12002.1,0.0837638,0.942658,0.00390678,8776.57,0.000585704,0.0330165,12.3947,26.2608,126.392,105.351,1.12641,11.5998,11.1192,121.077,135.361,5.31405,-30.0093 
62,47.2609,1.75,62,13772.6,0.000772426,25.5268,11.2099,121.918,-0.00587919,-59.3863,3.54133e-11,2.44353,0.456245,-2.92321,-5.95797,-3.57255,-9.48815,1119.22,20.4311,11859.8,9326.57,2.50328,0.51599,-2.80372,-5.89822,-3.51281,0.695098,1129.47,20.8493,11870,0.124358,0.968707,0.00322516,9082.39,0.000425716,0.0603265,14.0677,18.7822,125.088,92.9423,1.17627,11.3339,11.0214,121.547,136.335,3.54016,-43.3928 
63,47.1809,1.33,63,14773.2,0.125744,28.7562,10.6633,121.636,-0.0803919,-153.13,343.007,-0.928699,-1.57587,0.369267,1.86359,-0.450375,-47.7669,319.914,36.5994,13758.7,10382.7,-0.627923,-1.27509,0.970818,2.16436,-0.1496,0.103224,371.497,38.7048,13810.3,0.0385995,0.845791,0.00513618,9624.4,0.000328818,0.0422528,-11.7738,-13.5143,127.596,108,1.44201,10.9559,10.7451,121.328,135.444,6.26864,-27.444 
64,47.2359,1.33,64,14086.5,0.0114545,28.1841,10.6692,121.852,-0.0195098,8.1823,500,2.08366,-1.45867,6.61799,2.84865,-1.38357,-7.66879,367.863,26.5733,13244.7,9794.06,2.13195,-1.41038,6.71457,2.89694,-1.33529,0.253754,376.145,26.9113,13253,0.0406395,0.888728,0.00372661,9255.65,0.000572896,-0.00870306,7.42834,-17.5183,122.61,60.0163,1.38286,10.9033,10.997,121.523,135.928,1.08713,-75.9116 
65,47.1409,1.33,65,14555.9,0.0601809,28.8552,-10.7209,121.579,0.0152393,-211.893,491.456,-2.48297,-3.31091,-1.04281,0.720172,4.55914,45.3342,279.853,38.028,13727.5,10175.6,-2.76843,-3.59637,-1.61373,0.434715,4.27368,0.506525,230.897,36.0298,13678.5,0.0245752,0.785499,0.00482875,9395.52,0.000594801,-0.0160587,7.19471,11.5767,121.237,75.065,1.43989,10.9614,10.8636,121.292,135.626,-0.0551719,-60.5606 
66,47.1709,1.33,66,14694.2,0.116811,28.8964,10.5873,121.997,-0.0370051,104.637,305.54,4.32689,-5.04537,1.04178,1.79434,0.579976,-15.9174,347.754,23.9095,13613.6,10085.2,4.42712,-4.94514,1.24224,1.89456,0.680204,0.623449,364.943,24.6111,13630.8,0.0384249,0.894441,0.003315,9497.57,0.000251265,0.0478703,10.2986,14.0027,127.329,108,1.46013,10.9259,10.6365,121.676,136.797,5.65224,-28.7968 
67,47.1959,1.33,67,14532.5,-0.00848479,29.0175,10.6256,121.692,-0.0048247,-2.00663,2.73644e-11,1.23468,-0.953051,-2.62516,-2.56885,3.18789,-52.2461,350.294,43.4119,13546.2,10037.4,1.56366,-0.624071,-1.9672,-2.23987,3.51687,8.88803,406.714,45.7148,13602.6,0.0427201,0.835631,0.00615275,9520.45,0.000589882,0.000479257,-0.0429591,54.4793,122.428,64.4729,1.4256,10.9007,10.9337,121.468,136.578,0.959437,-72.1049 
68,47.4609,3,68,15290.4,0.0787001,27.3334,-11.8241,121.92,0.0175794,-42.2431,4.83262,0.890024,-0.979787,2.99687,1.21012,3.93634,-7.4715,809.789,65.1091,13737.3,10545.2,0.93707,-0.932741,3.09096,1.25717,3.98339,0.629197,817.857,65.4384,13745.4,0.0815634,0.877177,0.00869357,10027.3,0.0006307,0.062676,11.3413,-14.1949,126.186,108,1.25328,11.923,11.2788,121.448,135.962,4.73817,-27.9619 
69,47.3709,3,69,13738.4,0.128257,23.6655,11.9953,121.844,-0.000727013,-7.46773,483.597,3.89602,3.34925,-1.02301,0.807718,2.84522,24.7578,1286.77,25.5222,11655.4,9241.21,3.74013,3.19336,-1.33479,0.651824,2.68933,1.14931,1260.03,24.4309,11628.6,0.139212,0.967183,0.00385521,9051.23,0.000483162,0.0473842,17.3849,22.0027,126.592,90.5878,1.04474,11.9783,11.4695,121.265,136.213,5.32698,-45.6255 
70,47.1459,1.33,70,15921.8,-0.0350238,31.7244,10.8871,121.71,0.0450734,18.5372,2.31699e-08,3.28975,4.27136,-7.82607,1.16412,-1.84646,39.1219,425.896,50.4793,15095.1,11270.7,3.04341,4.02502,-8.31875,0.917775,-2.0928,-2.42992,383.649,48.755,15052.9,0.0366459,0.818067,0.00593103,10469.1,0.000444171,-0.110814,-0.0948058,12.6639,123.567,83.0382,1.54127,11.1239,11.0211,121.487,136.536,2.07994,-53.4974 
71,47.4059,3,71,14014.1,0.129221,24.2329,11.9194,121.285,-0.0591364,2.49909,0.000647733,2.10014,0.0121612,-4.61907,-0.654511,-6.13577,1.04045,999.706,29.6583,12200.1,9407.56,2.09359,0.00560974,-4.63217,-0.661062,-6.14232,0.503856,998.583,29.6124,12199,0.108874,0.950665,0.00445171,9171.91,0.000608253,0.0378557,14.5424,26.6205,126.779,100.839,1.10957,11.9349,11.2248,120.881,135.488,5.89733,-34.6489 
72,47.2559,1.5,72,15889.4,-0.0365728,31.3214,-10.893,121.483,0.0340578,-12.867,3.05628e-11,2.13774,2.14849,-7.17193,-0.851865,-1.69267,45.1236,742.894,58.8915,14627,11121,1.85361,1.86436,-7.74019,-1.136,-1.9768,-0.0848173,694.166,56.9026,14578.3,0.0663535,0.874545,0.00713884,10461.6,0.000183034,0.0693088,10.6592,20.7127,124.965,108,1.48792,11.0679,10.7409,121.147,135.324,3.81788,-27.3244 
73,47.4159,3,73,14218.3,-0.00145916,25.3808,-11.7372,121.69,-0.0161959,6.33712,1.83057e-11,2.60261,2.39273,-2.77798,-0.0875751,1.42277,-31.0805,948.713,28.0967,12478.9,9700.93,2.79831,2.58843,-2.38657,0.108131,1.61847,1.5049,982.276,29.4666,12512.4,0.104881,0.950121,0.0043194,9365.61,0.000578778,0.0430144,11.3014,34.4621,126.17,108,1.15211,11.8209,10.9742,121.139,136.082,5.03039,-28.082 
74,47.1659,1.33,74,14319.2,0.0458036,28.3916,10.5887,121.76,-0.0334512,-46.8246,500,4.35518,0.128081,-4.35798,0.681898,0.222376,-27.8843,390.091,51.0856,13200.9,9837.48,4.53076,0.303662,-4.00682,0.857479,0.397956,2.92355,420.203,52.3147,13231,0.0452562,0.821104,0.00723091,9284.99,0.000846619,-0.0106641,-8.41293,-13.7239,119.99,70.5045,1.39288,10.8344,10.931,121.4,135.507,-1.41064,-65.003 
75,47.2959,1.8,75,15274,0.0330879,29.0689,11.0616,121.814,-0.0168721,-25.2154,499.457,-2.92147,0.820803,1.27401,1.04711,-2.62689,24.8432,940.178,43.7984,13624.1,10481.3,-3.0779,0.664372,0.961146,0.89068,-2.78332,1.28734,913.35,42.7034,13597.3,0.0911207,0.924368,0.00575201,10023.5,0.000482349,0.06376,11.0682,24.0307,124.897,108,1.3683,11.1515,10.7171,121.358,136.017,3.53851,-28.0168 
76,47.4259,3,76,16195.8,0.129985,28.348,11.8703,122.01,-0.112342,-20.7824,4.76345e-10,0.0899652,-1.4288,4.50465,-3.01099,1.71721,-20.3639,930.007,49.8272,14321.6,11030.2,0.218191,-1.30057,4.76111,-2.88277,1.84544,-0.802498,951.998,50.7247,14343.6,0.0901327,0.914709,0.00647228,10562.2,0.000693487,0.0402801,12.5871,32.5401,126.988,108,1.29295,11.8798,11.2211,121.447,136.307,5.54151,-28.3071 
77,47.2859,1.8,77,14415.7,0.0899878,27.4107,11.0514,121.866,-0.0789756,-40.3329,441.453,3.20402,0.300789,-1.0757,2.88392,2.36399,4.28451,872.117,30.6428,12850.7,9964.95,3.17704,0.27381,-1.12966,2.85694,2.33701,1.15032,867.49,30.454,12846,0.0915621,0.942121,0.00434807,9474.34,0.000361534,0.0451871,11.9175,25.3317,126.355,101.906,1.30636,11.1979,10.8011,121.507,136.423,4.84795,-34.5168 
78,47.3259,2.34,78,13872.4,0.0932268,24.4461,11.8938,121.973,-0.0363686,-26.8414,10.0196,3.2215,3.78354,0.73859,-4.15318,-3.08199,4.03112,1314.8,33.0895,11875.5,9496.92,3.19612,3.75816,0.687824,-4.17856,-3.10737,-0.931202,1310.45,32.9118,11871.1,0.141455,0.957899,0.00508116,9264.1,0.000267804,0.053078,16.4971,21.3862,126.842,92.2984,1.13691,11.8188,10.982,121.375,135.523,5.46671,-43.2246 
79,47.3909,3,79,14143.6,0.124127,24.429,11.996,121.836,0.121087,-52.7842,8.18792,4.41489,-6.99377,-0.949389,4.18056,7.98078,0.972904,1052.43,40.2749,12222.7,9747.81,4.40876,-6.9999,-0.961641,4.17443,7.97465,1.11187,1051.38,40.232,12221.7,0.113787,0.937238,0.00602741,9239.89,0.000599104,0.0387489,15.522,25.3622,127.794,98.2704,1.12282,11.9368,11.1736,121.395,136.258,6.39837,-37.9878 
80,47.1909,1.33,80,16549.2,0.0681835,32.5055,10.821,121.698,0.0221468,-65.4759,328.873,2.15229,2.58028,-4.27025,-2.91169,4.20092,-30.8801,500.185,57.4592,15399.1,11497.6,2.34674,2.77472,-3.88136,-2.71724,4.39537,2.33004,533.532,58.8203,15432.5,0.0490682,0.838271,0.00697217,10873.3,0.000769705,-0.0286487,3.88433,2.45671,120.116,72.9497,1.55941,11.0274,11.1885,121.376,135.6,-1.25959,-62.6506 
81,47.3659,3,81,13885.2,0.0663377,23.898,12.1402,121.504,-0.0215583,-17.4692,500,-1.27535,-0.507815,-8.74179,1.065,-1.76874,-29.0698,1416.19,18.3708,11673.5,9456.81,-1.0923,-0.32477,-8.3757,1.24804,-1.5857,0.173214,1447.58,19.6521,11704.9,0.155824,0.976794,0.0030833,9289.86,0.000426208,0.0532206,20.4002,17.7311,124.01,88.6356,1.05227,12.0356,11.4488,121.036,135.916,2.97476,-47.2799 
82,47.2259,1.33,82,14743.3,0.117566,28.7438,10.6756,121.701,-0.0667093,-67.1792,440.804,5.32578,-0.159309,-0.248927,5.85642,6.14172,-9.39253,509.96,33.2001,13528.8,10135.1,5.38492,-0.100167,-0.130643,5.91557,6.20087,1.00756,520.102,33.6141,13538.9,0.0542272,0.89839,0.00455272,9591.17,0.000307434,0.0449915,10.6137,19.5147,126.97,108,1.44017,10.9059,10.6384,121.361,135.913,5.60935,-27.9128 
83,47.3959,3,83,13532.4,0.134108,23.898,11.6648,121.779,-0.0757591,-8.17936,2.34591,3.98966,-1.76037,-6.83283,-0.796462,3.55178,-0.712583,985.435,21.8953,11753.1,9094.87,3.99415,-1.75588,-6.82386,-0.791975,3.55627,-2.7467,986.204,21.9267,11753.8,0.111294,0.962549,0.00342467,8861.27,0.000532583,0.0337458,16.107,24.2748,127.07,93.4865,1.09837,11.8154,11.1924,121.329,135.41,5.74083,-41.923 
84,47.3809,3,84,14681.4,-0.0061521,25.1953,12.3908,121.715,-0.011823,-6.60006,1.54487e-11,0.0538476,1.20809,12.1087,0.0704713,-1.26982,13.6491,1268.62,26.3122,12658.6,10165.3,-0.0320969,1.12214,11.9368,-0.0154732,-1.35577,-0.0241254,1253.89,25.7106,12643.8,0.128931,0.96536,0.00373185,9725.26,0.000439301,0.0478668,15.464,24.7379,126.936,93.6838,1.12225,12.3235,11.2444,121.219,134.5,5.71672,-40.8157 
85,47.3359,2.34,85,13201.6,0.123563,23.8605,11.4309,121.773,-0.0431752,-17.8593,242.571,0.538127,2.00524,-3.43466,4.1899,5.41559,57.0569,1067.52,45.1347,11480.9,8903.91,0.178855,1.64597,-4.15321,3.83063,5.05631,1.63325,1005.9,42.6198,11419.3,0.116197,0.930971,0.00682828,8656.83,0.000409447,0.0466063,14.1067,25.8139,126.389,98.3629,1.0904,11.5418,11.0551,121.273,135.465,5.11596,-37.1021 
86,47.3009,1.8,86,14694.2,0.0598457,28.1016,11.1166,121.684,-0.0308448,-33.3004,408.459,-1.67865,1.2142,1.17913,-1.27365,0.494998,-29.6057,720.922,36.3508,13491.1,10202.9,-1.49223,1.40062,1.55197,-1.08723,0.681417,-0.471703,752.893,37.6557,13523.1,0.0767213,0.919519,0.00510326,9813.35,0.000198782,0.0511301,11.4309,24.3844,125.073,108,1.34936,11.2544,10.7378,121.332,136.347,3.74038,-28.3466 
87,47.1859,1.33,87,14552.5,0.00733613,28.8221,10.7609,121.546,0.0350768,0.134865,500,5.75012,2.18484,-9.63918,4.14627,-4.94687,-13.7207,308.442,37.5409,13734.3,10096.6,5.83652,2.27124,-9.46639,4.23266,-4.86047,-3.76548,323.259,38.1457,13749.1,0.0339017,0.82884,0.00508476,9535.18,0.000593264,-0.0150439,6.26875,-13.1528,121.049,74.772,1.45486,10.9247,10.7805,121.352,135.669,-0.302754,-60.8973 
88,47.2409,1.5,88,14142.9,0.0417165,27.5386,10.8066,121.768,-0.067358,-16.5298,500,1.97365,-1.015,5.70212,0.363035,0.245763,6.57878,786.069,29.6499,12677.6,9724.05,1.93223,-1.05643,5.61927,0.32161,0.204339,0.199651,778.965,29.3599,12670.5,0.0840471,0.938122,0.00425036,9268.2,0.000314535,0.0497263,10.7347,29.9844,125.22,105.922,1.30605,11.0554,10.5928,121.346,134.492,3.87395,-28.5697 
89,47.2809,1.8,89,13778.8,0.118567,26.0334,11.0865,122.14,0.078752,-85.5998,1.5143e-12,1.80092,1.85706,4.90714,-0.313954,-1.30391,-18.8622,883.086,31.806,12233.1,9614.95,1.91969,1.97583,5.14468,-0.195184,-1.18514,0.32836,903.455,32.6374,12253.5,0.099136,0.94054,0.00488253,9113.29,0.000255682,0.0531829,10.6916,27.8751,125.43,104.798,1.2436,11.3286,10.6088,121.596,135.821,3.83346,-31.0229 
90,47.2159,1.33,90,14538.1,-0.0294384,29.2132,10.6301,121.856,-0.00153128,13.6481,9.04263e-13,0.589777,2.35003,3.60086,0.991746,-4.04665,-77.6372,1033.48,32.1067,12952.4,10109.7,1.07864,2.83889,4.57858,1.48061,-3.55779,0.286706,1117.32,35.5288,13036.2,0.113415,0.947286,0.00499536,9851.61,6.78834e-05,0.061595,11.2734,24.8177,124.734,98.867,1.37683,10.859,10.701,121.431,136.013,3.30312,-37.1462 
91,47.3459,2.34,91,13695.6,0.0582648,25.3391,11.4795,122.041,-0.045744,-38.4609,63.0766,0.039513,-1.09591,-3.41498,2.31665,-0.97182,-45.9969,997.605,35.8483,12193.8,9526.41,0.329143,-0.806276,-2.83572,2.60628,-0.68219,-1.04191,1047.28,37.8758,12243.5,0.113214,0.940477,0.00566636,9250.39,0.000204566,0.047786,12.2365,29.2846,126.848,103.186,1.18131,11.5388,10.8486,121.425,136.159,5.42328,-32.9725 
92,47.3759,3,92,12700,0.100056,22.093,11.9728,121.879,-0.0655459,20.3558,459.894,-3.98599,3.98954,3.03145,3.64591,2.3739,8.62133,1175.48,48.2196,10795.8,8654.32,-4.04028,3.93526,2.92288,3.59163,2.31961,0.665157,1166.17,47.8396,10786.4,0.138944,0.933019,0.00810383,8393.09,0.000364723,0.0426646,15.2577,27.3379,126.442,96.3028,0.985229,12.015,11.2168,121.325,135.685,5.11681,-39.382 
93,47.4509,3,93,13376.4,0.0628147,24.3605,11.6361,121.812,-0.0119293,-15.1678,4.46301,2.63413,-0.930331,-1.22597,-2.99205,6.60055,38.6547,656.144,28.1586,12136.3,9233.48,2.39073,-1.17373,-1.71277,-3.23545,6.35715,1.65225,614.401,26.4548,12094.5,0.0704771,0.929929,0.00401313,8717.74,0.000438043,0.0369509,11.6763,22.0424,127.23,108,1.16426,11.684,10.9045,121.435,135.611,5.79474,-27.6108 
94,47.1759,1.33,94,13290.4,0.22352,26.4101,-10.4892,121.782,-0.0603341,-16.7597,9.30485e-10,-4.29274,7.90846,1.85211,-1.79406,-0.145543,51.3961,280.499,32.2318,12438.1,9050.86,-4.61637,7.58483,1.20485,-2.11769,-0.469171,0.240539,224.997,29.9664,12382.6,0.0264039,0.810981,0.00443817,8521.35,0.000511172,-0.0488717,1.05741,3.62523,127.544,85.5242,1.35212,10.7739,10.7063,121.486,136.174,6.05842,-50.6497 
95,47.3509,2.34,95,13093.1,-0.000896103,24.2438,11.4092,122.031,-0.00532635,0.399615,500,4.57032,3.90748,-3.19932,-2.15283,0.676631,-9.05687,927.608,21.857,11512.6,9004.42,4.62735,3.96451,-3.08527,-2.0958,0.73366,1.74443,937.388,22.2562,11522.4,0.108276,0.960108,0.00354552,8657.39,0.00032307,0.0415819,13.6841,23.2793,126.656,98.6981,1.13457,11.5036,10.9355,121.558,135.891,5.09786,-37.1932 
96,47.3109,1.8,96,13158.2,0.0327743,25.7031,-10.7994,121.86,-0.0246876,-18.2298,500,0.698177,-3.1912,-2.68708,-0.531087,0.143159,-35.2035,623.724,31.1829,11951.1,9050.77,0.919844,-2.96953,-2.24375,-0.30942,0.364827,0.470568,661.74,32.7346,11989.1,0.0761107,0.920329,0.00500444,8694.44,0.000238694,0.0418056,11.5081,21.2433,126.978,108,1.243,11.0439,10.7608,121.571,136.839,5.40732,-28.8389 
97,47.3609,2.34,97,14644.9,-0.0207316,26.8425,-11.5803,121.871,-0.000891837,21.032,2.51229e-12,-6.58128,-0.25302,-3.57806,4.28754,6.81462,-41.4491,922.384,29.4736,13075,10119.7,-6.32029,0.00797354,-3.05607,4.54853,7.07561,2.35478,967.145,31.3006,13119.8,0.0991192,0.946399,0.00437559,9757.39,0.000420708,0.043078,11.6901,29.9935,125.949,108,1.26215,11.5918,10.8354,121.435,136.965,4.51314,-28.9645 
98,47.2759,1.8,98,13786.5,0.03457,25.9036,11.1374,121.869,0.00471334,-15.4767,500,-0.441944,0.534138,-0.343748,-1.36259,-5.19423,2.08007,1051.27,27.795,12058.3,9393.94,-0.455042,0.521041,-0.369943,-1.37569,-5.20733,0.946284,1049.02,27.7033,12056,0.114942,0.955826,0.00421511,9126.54,0.000313816,0.0507689,13.6333,23.4291,125.768,97.3194,1.20905,11.2476,10.9111,121.506,135.359,4.26176,-38.04 
99,47.4559,3,99,14427.6,0.0959942,26.7145,11.3235,121.861,-0.0663841,-25.3066,80.3041,-1.40647,2.1679,0.236872,-0.13065,3.54441,10.7647,550.831,45.5353,13182.5,9902.15,-1.47425,2.10012,0.101307,-0.198433,3.47663,0.974707,539.206,45.0608,13170.8,0.0575849,0.872413,0.00626284,9363.67,0.000457481,0.0397644,11.1973,17.5333,127.208,106.884,1.23749,11.5966,11.334,121.375,135.793,5.83304,-28.9091 
100,47.3859,3,100,12139.5,0.0261026,21.1515,-11.7856,121.89,-0.0268877,-32.6216,500,1.04141,-4.81326,2.70102,3.55323,5.41104,-13.9167,1034.66,42.5728,10196,8143.53,1.12904,-4.72563,2.87628,3.64086,5.49867,0.658368,1049.69,43.1862,10211,0.133023,0.932837,0.00773075,7891.04,0.00072433,0.0373478,14.7339,27.3291,127.007,97.8765,0.954428,11.709,11.0668,121.378,135.404,5.62961,-37.5279 
101,47.2509,1.5,101,13542,0.009869,27.19,10.5705,121.712,0.00429514,10.4502,169.847,-2.82688,1.65619,-1.56248,-2.98266,-2.95727,-11.7637,627.478,45.0799,12414.5,9357.67,-2.75281,1.73027,-1.41434,-2.90859,-2.8832,0.828121,640.182,45.5984,12427.2,0.0713975,0.889167,0.00671372,8966.44,0.000169535,0.0476869,10.4512,21.6672,125.396,108,1.33313,10.8588,10.5557,121.4,136.719,3.99677,-28.7194 
102,47.3159,2.34,102,13293.8,0.0107057,24.1055,11.5276,121.985,-0.000849211,-5.97103,500,-0.00452191,-1.06921,-1.08528,3.57057,3.36111,-1.20542,1313.89,28.0953,11345.6,9046.09,0.00306829,-1.06162,-1.0701,3.57816,3.3687,1.2221,1315.19,28.1484,11346.9,0.147482,0.963898,0.00454893,8917.63,0.000301016,0.060257,15.3122,19.7047,125.437,91.823,1.06942,11.655,11.2769,121.57,136.069,3.86709,-44.2465 
103,47.3209,2.34,103,14108.6,0.0942433,24.9672,11.8464,121.708,-0.0237042,-59.5751,498.922,-1.42848,-1.62565,-4.97619,0.199111,0.77001,-2.90091,1459.35,50.3272,11953.8,9674.34,-1.41021,-1.60738,-4.93966,0.217377,0.788277,0.289421,1462.48,50.4551,11956.9,0.154375,0.943063,0.00771326,9473.61,0.000324852,0.0612068,17.1128,19.5723,124.775,91.0324,1.11697,11.7681,11.2511,121.359,135.137,3.41532,-44.1044 
104,47.3559,2.34,104,14369.9,0.0486457,26.4737,11.3942,121.688,0.0346977,51.5034,489.429,8.89721,5.97573,-3.74071,-1.4684,3.32473,-57.9499,984.461,44.5232,12622.2,9877.79,9.26211,6.34062,-3.01092,-1.1035,3.68962,1.19837,1047.04,47.0774,12684.8,0.109685,0.927055,0.00679023,9545.85,0.000485434,0.0425721,12.8859,26.4452,125.908,100.819,1.21999,11.4995,11.0382,121.33,135.185,4.57813,-34.3651 
105,47.1609,1.33,105,15530.4,0.032692,31.2811,10.6657,121.853,-0.0177923,-28.4278,0.0410668,1.07373,-0.38411,2.84568,0.497606,1.33562,1.27438,321.894,36.8719,14741.9,10877.4,1.0657,-0.392135,2.82963,0.489581,1.32759,0.468152,320.518,36.8158,14740.5,0.0314337,0.832632,0.00457977,10196.6,0.000468784,-0.0177507,6.47512,9.34631,119.181,78.8789,1.5378,10.9562,10.9738,121.622,135.873,-2.44105,-56.9938 
106,47.2909,1.8,106,14941,0.12064,28.4881,10.912,121.64,-0.0715806,66.1338,348.789,-2.1226,-0.0923038,-1.99826,5.12903,-0.13967,15.7271,865.727,52.2824,13372.8,10273.7,-2.22163,-0.191333,-2.19632,5.03,-0.238699,13.066,848.744,51.5892,13355.8,0.086632,0.903857,0.0070652,9797.12,0.000392731,0.0575108,11.2629,26.7312,124.514,108,1.36316,11.1738,10.5264,121.241,135.548,3.27311,-27.5483 
107,47.2009,1.33,107,13830.4,0.0864469,27.2334,10.6712,121.813,-0.0303342,-10.6173,191.405,-2.98396,-1.66571,9.95205,4.13535,4.42739,7.04245,260.879,9.80151,12993,9470.92,-3.02831,-1.71006,9.86336,4.091,4.38305,0.274702,253.274,9.49109,12985.4,0.0282879,0.938457,0.0013446,8953.46,0.000492816,-0.0194588,6.51725,9.84357,121.064,76.4072,1.36166,11.0793,10.8641,121.485,135.697,-0.420963,-59.2894 
108,47.2709,1.8,108,13543.9,0.131026,25.331,11.0274,121.78,0.0731831,29.7152,2.3583,5.83696,1.86573,0.15892,-0.310314,5.5629,30.5628,1020.99,46.2742,11719.3,9164.06,5.64452,1.67328,-0.225972,-0.50276,5.37046,1.01889,987.985,44.9271,11686.3,0.112044,0.926287,0.00703203,8817.81,0.000435251,0.058717,11.9024,22.283,125.265,95.6632,1.18926,11.2199,10.8192,121.379,134.613,3.88617,-38.9495 
109,47.3059,1.8,109,13786,-0.016576,26.973,11.0557,121.653,-0.00905566,0.292765,0.00955282,-1.77979,0.41547,-0.53334,2.64541,-0.0216053,16.7355,571.34,8.33335,12985.1,9707.67,-1.88516,0.310091,-0.744098,2.54003,-0.126984,8.92677,553.268,7.5957,12967.1,0.0598696,0.976538,0.00107788,9241.21,-1.25054e-05,0.0365491,10.2961,24.9291,126.743,108,1.31364,11.2636,10.796,121.288,135.98,5.45504,-27.9799 
110,47.1509,1.33,110,13424.4,0.0153338,27.1129,10.557,121.818,-0.015796,-8.71734,460.139,0.0579799,0.0161503,-5.87877,-1.90804,4.93957,-16.0816,308.184,34.9913,12559.7,9322.25,0.159242,0.117412,-5.67625,-1.80678,5.04083,-1.62117,325.551,35.7002,12577,0.0371966,0.838992,0.00520166,8752.16,0.000513469,-0.0167444,5.22716,5.88229,120.741,83.2233,1.37645,10.8042,10.6179,121.487,135.795,-0.745689,-52.5713 
111,47.4009,3,111,12777.7,-0.00125755,23.544,11.7407,121.635,-0.0087562,6.14185,2.39021e-10,1.03602,-2.67805,3.16914,-3.56226,-4.90305,-11.3964,984.245,40.2191,11449.9,9000.26,1.10778,-2.60629,3.31266,-3.4905,-4.83129,1.50904,996.552,40.7214,11462.2,0.11486,0.933263,0.00650181,8676.26,6.06883e-05,0.0356442,14.5498,30.6605,126.017,100.745,1.05445,11.8425,11.1992,121.316,136.257,4.70105,-35.5115 
112,47.4359,3,112,13662.7,0.04021,24.5407,11.8017,121.836,-0.00910687,-21.9757,500,1.35827,1.2749,2.37996,-2.84061,-1.96187,46.3429,719.951,14.234,12222.9,9434.69,1.06646,0.983094,1.79634,-3.13242,-2.25368,2.1663,669.906,12.1914,12172.9,0.0759037,0.969135,0.00184151,8825.73,0.00054078,0.0347742,12.394,21.5431,127.398,107.106,1.15624,11.7861,11.0544,121.414,135.841,5.98406,-28.7353 
113,47.2209,1.33,113,14772.7,0.00315459,29.6822,10.6908,121.864,-0.00776512,-5.67548,500,0.098949,0.454771,4.83646,-0.376652,2.3362,37.1666,714.155,36.2705,13516.8,10331.5,-0.135079,0.220743,4.3684,-0.61068,2.10217,0.265266,674.02,34.6323,13476.7,0.0694624,0.9175,0.00471154,9703.38,8.96937e-05,0.052461,10.624,27.3247,125.212,107.998,1.43646,10.8794,10.5304,121.469,135.63,3.74244,-27.6316 
114,47.3409,2.34,114,13345.3,0.0682665,24.2608,11.6294,121.806,-0.0216918,0.881402,162.91,-5.58484,1.55687,-3.2637,-2.24017,4.93369,-5.74237,1140,35.8724,11641.6,9185.15,-5.54868,1.59303,-3.19139,-2.20401,4.96985,0.271571,1146.2,36.1255,11647.8,0.128063,0.947727,0.00568079,8950.26,0.000329786,0.0497753,12.726,28.7218,125.74,100.924,1.10326,11.6431,10.9592,121.296,135.29,4.44322,-34.3654 
115,47.2309,1.33,115,13237,0.0437671,26.1714,10.7035,121.627,0.155161,-100.014,500,-3.67164,-4.5585,7.57811,-2.09199,0.0605837,44.7598,471.222,9.13836,12227.8,9624.18,-3.95348,-4.84034,7.01443,-2.37383,-0.221257,2.60349,422.886,7.16548,12179.5,0.0492693,0.971202,0.00108258,8583.15,0.000170116,0.0421938,9.85647,18.6837,125.774,108,1.3181,10.9144,10.5717,121.268,135.705,4.50618,-27.7047 
116,47.2109,1.33,116,13337,0.0492481,26.734,10.6275,121.607,0.0040686,-34.6743,101.482,-6.89145,-2.14349,-1.65892,0.199308,-0.759433,59.2509,1609.27,39.9747,11277.5,9253.5,-7.26453,-2.51657,-2.4051,-0.173779,-1.13252,0.821746,1545.28,37.3631,11213.5,0.170593,0.959405,0.00610042,9058.31,0.000220293,0.144816,11.1289,11.5557,123.018,87.125,1.19287,10.862,10.9411,121.17,135.345,1.84732,-48.2196 
117,47.4109,3,117,13836.4,0.0803549,24.6027,11.6542,122.026,-0.0154206,-40.3001,499.997,1.77366,-1.79989,-2.7716,-3.04652,1.53378,16.3595,987.409,50.8759,11986.1,9354.06,1.67065,-1.90291,-2.97762,-3.14953,1.43076,0.395854,969.742,50.1548,11968.5,0.107886,0.917003,0.00766035,8988.62,0.000704259,0.0424766,11.9183,32.2919,125.2,108,1.09708,11.7194,11.1566,121.57,135.704,3.6301,-27.7037 
118,47.4409,3,118,13696.9,-0.00819739,25.0745,11.7453,121.77,-0.00138273,-2.16116,2.76834e-11,4.20681,-0.214212,-0.0257623,-0.127667,0.460821,9.82513,873.561,50.8334,12364.7,9587.3,4.14494,-0.276078,-0.149495,-0.189533,0.398955,1.03805,862.951,50.4003,12354,0.0944132,0.90727,0.00745911,9140.16,0.000326026,0.0460384,11.8872,25.0434,125.284,108,1.1469,11.7234,11.1282,121.327,136.535,3.95683,-28.5347 
119,47.3309,2.34,119,13139.3,0.0706469,24.0794,11.52,121.744,-0.03702,-66.9394,203.53,-1.89677,-0.655188,-2.29462,-5.05346,0.954142,31.1085,1183.43,41.4964,11449.1,9110.75,-2.09265,-0.85107,-2.68639,-5.24934,0.758259,0.734578,1149.84,40.1252,11415.5,0.13069,0.942446,0.00643329,8798.23,0.000214972,0.0502622,13.8387,25.131,125.389,97.425,1.09224,11.6079,11.0862,121.355,135.54,4.0333,-38.1151 
120,47.2659,1.75,120,13824.3,0.0580365,26.6743,11.0119,122.034,-0.0334997,-22.5782,27.9708,0.656504,-0.91609,-0.259476,-5.29976,-2.33051,31.5608,1013.11,37.4695,12289,9586.67,0.457774,-1.11482,-0.656935,-5.49849,-2.52924,0.929677,979.028,36.0784,12254.9,0.106534,0.939417,0.0053939,9189.81,0.000144525,0.0588962,11.5671,23.7646,125.236,98.2131,1.23734,11.1987,10.9133,121.54,135.488,3.69542,-37.2747 
121,47.4209,3,121,11922.2,0.119953,21.1688,11.591,121.58,-0.0398791,39.4706,77.4172,3.1715,1.06707,-8.23818,0.105401,-0.96283,-10.0731,771.452,26.5657,10323.5,8038.72,3.23492,1.13049,-8.11132,0.168828,-0.899402,-0.811988,782.33,27.0097,10334.4,0.101517,0.943024,0.00479141,7706.38,0.00064453,0.0359844,11.0591,31.8395,127.2,108,0.973033,11.6157,11.0143,120.941,135.323,6.25832,-27.3229 
122,47.4459,3,122,12910.2,0.0023497,23.8005,11.5355,121.457,-0.00429306,1.92378,6.48951e-13,-5.5124,-0.53842,1.1697,-6.25867,1.56096,46.7236,605.993,30.502,11620.7,8937.79,-5.80661,-0.832626,0.581285,-6.55288,1.26675,1.05124,555.537,28.4426,11570.2,0.0668709,0.91777,0.00450794,8307.6,0.000573629,0.0381274,-10.6311,-17.5024,126.47,108,1.13149,11.5225,10.9803,121.088,135.866,5.38259,-27.8655 
123,47.2059,1.33,123,12925.9,0.0147533,26.6018,10.2947,121.83,-0.00309324,-6.23128,2.23491e-11,-1.71251,-2.31648,5.35386,-1.23014,-0.888054,50.2684,472.872,33.9551,11950,8915.58,-2.02904,-2.63301,4.72081,-1.54667,-1.20458,2.75333,418.588,31.7394,11895.7,0.0498989,0.882851,0.00489096,8388.71,0.000121516,0.0503018,10.254,17.3549,125.421,108,1.31633,10.6651,10.5257,121.461,135.521,3.96004,-27.5208 
124,47.2459,1.5,124,13897.2,0.0475338,27.2323,10.827,122.016,-0.0789733,-8.27778,499.989,3.14582,-5.02081,3.57461,-0.322423,-0.249007,38.9241,686.873,28.9617,12675.7,9619.41,2.90073,-5.2659,3.08442,-0.567518,-0.494102,10.0089,644.839,27.2461,12633.7,0.0707884,0.931149,0.00395701,9109.39,0.000182234,0.0467458,10.5786,26.2392,125.633,108,1.30767,11.092,10.6728,121.591,136.225,4.04186,-28.2246 
125,47.1559,1.33,125,14769.1,0.0174386,28.8217,10.7558,121.92,-0.0304371,-461.231,0.000618652,0.439451,-3.39703,3.0115,-3.93667,-1.14932,20.3152,402.322,44.5775,13524.3,10548.6,0.311532,-3.52495,2.75567,-4.06459,-1.27723,1.47515,380.384,43.682,13502.4,0.0403506,0.832664,0.00592416,9426.97,0.000938078,-0.0199897,4.88192,-9.64976,121.044,80.5949,1.45393,10.9262,10.6328,121.647,135.245,-0.602871,-54.6501 
126,47.4309,3,126,13471.1,0.0551421,24.1648,11.7902,121.798,-0.0504216,-19.3458,500,2.56931,-1.08892,0.461062,-0.299523,-2.18723,1.40092,878.78,32.6746,11972.2,9306.45,2.56049,-1.09775,0.443419,-0.308344,-2.19606,1.74121,877.268,32.6129,11970.6,0.098596,0.938917,0.00499358,8897.6,0.000468811,0.0356917,11.2717,33.5703,126.619,107.998,1.09929,11.7612,11.1989,121.33,135.765,5.28948,-27.7673 
127,47.2609,1.75,127,13250.4,0.100025,24.9415,11.085,121.763,-0.0647755,72.0388,130.363,2.78489,-2.13375,-2.87962,-2.56833,-0.19285,10.0852,1188.04,43.6314,11388.1,9152.13,2.72139,-2.19726,-3.00663,-2.63183,-0.256353,0.440178,1177.14,43.1868,11377.2,0.133769,0.93967,0.00694393,8799.85,0.000340586,0.0656179,13.3338,18.6915,124.634,91.2319,1.15357,11.2079,10.929,121.295,133.598,3.33852,-42.366 
128,47.1809,1.33,128,15071,0.00558488,29.7586,-10.8084,121.875,-0.00603582,-3.78112,6.36031e-12,3.40708,1.7251,3.23981,2.29894,2.84466,26.4806,417.295,47.5053,14002.3,10471.3,3.24033,1.55836,2.90633,2.13219,2.67792,0.767775,388.699,46.3381,13973.7,0.0398621,0.827387,0.00607151,9751.08,0.000793982,-0.01814,8.73877,6.40934,117.13,82.2885,1.46648,11.01,10.8194,121.466,134.674,-4.33599,-52.3855 
129,47.2359,1.33,129,12556.9,0.0207518,25.6108,-10.5581,121.566,-0.00207957,-22.1564,365.712,-6.14784,0.178718,-1.68693,2.11801,-0.70808,59.495,354.043,39.4911,11822.6,8803.93,-6.52246,-0.195907,-2.43618,1.74338,-1.0827,0.713184,289.794,36.8687,11758.3,0.0354798,0.817901,0.00574282,8167.88,0.000419156,-0.00319713,2437.65,0.840999,108.106,80.6853,1.26247,10.851,10.8306,121.213,135.182,-13.1067,-54.4972 
130,47.2359,1.33,130,13440.7,0.0779265,26.7722,-10.4432,121.415,-0.105253,27.9662,500,-1.87326,-6.48324,3.09401,-1.36367,-3.23171,-37.8874,452.526,31.6974,12194.2,9197.27,-1.6347,-6.24467,3.57114,-1.1251,-2.99314,1.4238,493.44,33.3674,12235.1,0.0567761,0.894184,0.00499863,8690.98,0.00105065,-0.00957357,-3.41549,86.293,138.791,108,1.32093,10.7592,10.747,121.051,134.912,17.7404,-26.9126 
131,47.2359,1.33,131,13311.7,-1.25658e-05,26.6116,10.5173,121.872,-0.0114864,1.63441,500,1.77486,0.113492,-0.236125,-1.57158,0.468604,12.9979,426.379,50.4685,12217.1,9111.7,1.69302,0.0316476,-0.399814,-1.65343,0.38676,7.87173,412.343,49.8956,12203.1,0.0480117,0.825247,0.00747565,8588.39,0.000304949,0.0585636,-11.0465,13.8489,125.283,108,1.33696,10.6902,10.4911,121.504,135.533,3.77907,-27.5334 
132,47.2359,1.33,132,14027.1,0.00745159,27.7648,-10.6827,121.89,-0.00658281,10.5006,1.06182e-10,-0.55605,1.56257,0.505425,0.00501744,-1.78263,30.285,489.377,59.9717,12835.8,9657.63,-0.746747,1.37187,0.124032,-0.185679,-1.97333,1.08798,456.672,58.6368,12803.1,0.0505461,0.816526,0.00836605,9034.76,0.0003049,0.0724387,-9.94679,13.2631,125.189,108,1.34532,10.9053,10.7771,121.487,135.419,3.70215,-27.4195 
133,47.1409,1.33,133,14657.7,0.0420578,29.1296,-10.7178,121.74,-0.0246107,-22.7801,8.75731e-11,0.678005,-0.883812,3.63746,5.25659,3.66611,2.69573,352.181,35.6061,13817,10181.6,0.661031,-0.900786,3.60352,5.23962,3.64914,0.705896,349.27,35.4873,13814.1,0.0363644,0.849035,0.00470992,9604.73,0.000592284,-0.0188237,5.41711,10.7486,121.083,76.5688,1.46321,10.8939,10.8228,121.428,135.719,-0.345535,-59.1507 
134,47.1709,1.33,134,14292.4,-0.00496463,29.0736,10.6975,121.354,0.00618215,-40.2449,11.5559,3.32101,0.142142,1.89459,5.56509,-1.95983,18.0126,179.629,28.4364,13785.3,10132.7,3.20759,0.0287213,1.66775,5.45167,-2.07325,0.798642,160.178,27.6424,13765.9,0.0170705,0.768047,0.00368539,9383.31,0.00021326,-0.0234329,7.08473,5.2528,122.139,83.8362,1.46026,10.917,10.8562,121.099,134.22,1.03946,-50.3835 
135,47.1959,1.33,135,13550.6,0.020578,27.5512,-10.4318,121.566,-0.00459017,27.01,497.388,1.14605,0.687951,6.67416,0.550918,0.482072,-16.3698,355.528,40.355,12589.5,9360.15,1.24913,0.791028,6.88032,0.653994,0.585148,0.322778,373.206,41.0765,12607.2,0.0423136,0.838496,0.00596612,8820,0.000612315,-0.0267987,6.80618,1.23005,117.079,81.0181,1.39253,10.7254,10.5646,121.216,134.606,-4.13698,-53.5877 
136,47.4609,3,136,12673.3,-0.0126325,23.5241,11.5063,121.496,-0.00148777,0.87781,4.49692e-11,2.26195,-3.038,-3.12877,0.0157955,3.73956,37.5122,567.295,20.7995,11576.4,8811.37,2.02575,-3.27421,-3.60118,-0.220409,3.50336,-1.2986,526.786,19.1461,11535.9,0.0638077,0.9402,0.00304801,8255.84,0.000360002,0.0381576,-10.4273,19.2607,127.002,108,1.10085,11.6641,11.1095,121.011,135.155,5.99087,-27.1548 
137,47.3709,3,137,13282.7,0.0506741,23.0368,12.2749,121.799,-0.0648264,7.37922,0.296054,3.40861,-1.5463,-4.77717,-3.31045,1.73467,51.7875,1276.47,30.9892,11329.7,9220.78,3.08252,-1.87239,-5.42935,-3.63655,1.40858,0.157874,1220.54,28.7065,11273.8,0.139109,0.960468,0.00466867,8773.98,0.000322276,0.0461054,17.6576,22.149,126.109,89.9134,1.02735,12.1392,11.2478,121.247,135.205,4.8622,-45.2912 
138,47.1459,1.33,138,14671.3,0.0422113,29.0162,10.8179,121.522,-0.0272114,21.3219,17.3084,0.997035,6.22813,-0.0581739,2.19227,-1.25581,37.5616,314.568,38.9382,13805.1,10237.2,0.760519,5.99162,-0.531205,1.95575,-1.49233,1.07947,274.006,37.2826,13764.5,0.0288542,0.80768,0.00496476,9496.22,0.000488192,-0.0278304,-0.416869,-2.94741,120.48,68.8545,1.43259,11.0315,10.9495,121.23,135.189,-0.750147,-66.3342 
139,47.4059,3,139,14753.4,0.016817,26.3202,-11.9062,121.575,-0.0530473,48.9969,500,1.08036,2.35742,1.15591,0.297612,-5.46742,14.5881,1104.41,44.5202,12871.4,10286,0.988507,2.26556,0.972196,0.205754,-5.55928,1.86244,1088.65,43.8772,12855.7,0.11221,0.934115,0.00624793,9701.95,0.000471846,0.0465565,12.6658,39.0987,125.323,108,1.15794,11.6995,11.1608,121.029,134.841,4.29376,-26.8408 
140,47.2559,1.5,140,13022.6,0.0821617,25.8152,10.5966,121.55,-0.000639997,-56.9662,42.2773,3.74416,-1.04461,5.07634,0.258805,-0.417715,-20.6238,554.994,49.2516,11826,8906.25,3.87403,-0.914747,5.33606,0.388668,-0.287852,0.364464,577.266,50.1607,11848.3,0.0677892,0.868007,0.00773837,8515.6,0.000211598,0.061404,10.1944,19.2245,125.216,108,1.26109,10.9032,10.5178,121.117,134.88,4.09884,-26.8798 
141,47.4159,3,141,12980.3,0.0311891,23.6804,11.7572,121.323,-0.0305789,19.904,294.688,0.603613,-0.890674,1.95798,-3.29881,1.0773,27.9569,868.577,44.2916,11652.4,9083.12,0.427576,-1.06671,1.60591,-3.47485,0.901258,1.99943,838.386,43.0593,11622.2,0.0972015,0.917533,0.00677861,8625.24,0.000280394,0.0420286,12.8213,28.3913,125.279,108,1.07953,11.7174,11.0584,120.938,135.514,4.34018,-27.5143 
142,47.1659,1.33,142,13432.7,0.0389221,26.7746,-10.6045,121.524,-0.0120936,-25.7234,500,3.60264,1.30484,-6.96708,2.09634,0.633826,29.8968,343.013,37.3887,12552.6,9253.05,3.41438,1.11659,-7.34358,1.90809,0.445574,-15.0008,310.727,36.071,12520.4,0.0357184,0.831152,0.00527906,8699.37,0.000687026,-0.0137896,7.48204,11.2652,121.047,74.8837,1.34564,10.835,10.7159,121.261,134.761,-0.213996,-59.8769 
143,47.2959,1.8,143,13430.7,0.00227692,26.0526,-10.8363,121.452,-0.0084789,4.85517,499.956,0.50533,1.83804,3.4195,1.35996,0.260215,-33.5499,694.459,36.3796,12018.2,9191.64,0.716584,2.0493,3.84201,1.57122,0.47147,0.555867,730.689,37.8584,12054.4,0.0829653,0.916867,0.00575206,8807.17,0.000405471,0.0472429,10.5074,26.7103,124.828,108,1.23179,11.0702,10.6852,121.046,134.991,3.78183,-26.9909 
144,47.4259,3,144,11739.5,-0.0117099,21.3144,11.6311,121.608,0.00290417,1.93735,1.9784e-11,-1.30547,3.12103,-0.540029,0.46045,1.09347,-26.218,687.97,27.9905,10453.8,8070.44,-1.14039,3.28612,-0.209853,0.625538,1.25855,1.05494,716.283,29.1462,10482.1,0.0925515,0.933525,0.00509599,7739.29,0.000438629,0.0355767,11.8002,24.6122,126.922,104.92,0.984959,11.7103,11.0495,121.203,135.16,5.71852,-30.2398 
145,47.2859,1.8,145,13583.9,0.0512218,26.0378,10.8626,121.655,0.0135258,-101.386,16.8429,3.30163,1.95608,-3.97776,-1.37942,-2.4207,-24.8213,886.352,38.1915,11979.2,9251.94,3.45792,2.11238,-3.66517,-1.22312,-2.26441,-1.3162,913.157,39.2855,12006,0.101947,0.929983,0.00599154,8957.18,0.000421279,0.05242,10.7021,27.4058,125.408,104.315,1.20987,11.0812,10.8339,121.211,134.909,4.19652,-30.5932 
146,47.3259,2.34,146,12687.4,0.07187,23.0502,11.6024,121.394,0.0162065,-46.7245,499.634,0.95993,-1.21751,-10.5308,2.84875,-0.824911,20.7876,1201.28,32.9323,10935.9,8730.65,0.829036,-1.3484,-10.7926,2.71785,-0.955804,-0.130125,1178.83,32.0161,10913.4,0.138835,0.954628,0.00537501,8490.84,0.000201818,0.0493534,16.4431,21.9021,125.287,92.5605,1.04339,11.5597,11.1852,121.083,134.647,4.20406,-42.0861 
147,47.3909,3,147,12237.7,0.0316455,21.8475,12.0028,121.721,0.000456929,8.0261,31.3253,5.45621,5.11713,0.0210648,2.78754,2.23883,49.6774,932.974,24.9989,10926.5,8536.63,5.14341,4.80433,-0.604546,2.47473,1.92602,1.04399,879.328,22.8093,10872.9,0.107706,0.956577,0.00384952,8164.16,0.000141178,0.0307785,17.832,23.9826,128.022,93.3727,0.996995,11.9169,11.35,121.303,135.36,6.71916,-41.9878 
148,47.1909,1.33,148,12159.1,-0.00425421,25.0983,10.5424,121.531,-0.0123757,12.431,12.6048,-2.87404,-3.70246,-6.37887,-0.924446,0.312912,-66.8234,264.287,12.5291,11680.1,8618.52,-2.45327,-3.28169,-5.53733,-0.503677,0.733681,0.498534,336.449,15.4745,11752.3,0.0409781,0.925507,0.00241968,8210.47,0.000174064,-0.031899,3.20743,5.75387,123.682,84.6188,1.27581,10.7636,10.7182,121.364,134.144,2.31821,-49.5247 
149,47.3659,3,149,12179.1,-0.00391584,21.242,12.3415,121.624,-0.00741303,2.52915,6.34746e-11,2.66759,1.0371,-1.24968,2.74464,-2.07975,-14.2299,1222.83,29.2486,10541.8,8534.73,2.7572,1.1267,-1.07048,2.83425,-1.99015,1.29268,1238.19,29.8758,10557.2,0.148973,0.959486,0.00518594,8311.52,7.0582e-05,0.0396146,19.0281,23.9519,126.595,91.4378,0.955717,12.0191,11.3365,121.217,135.531,5.37741,-44.0935 
150,47.2259,1.33,150,13506.5,0.0714709,26.8667,10.6182,121.6,-0.0187792,-59.7564,280.766,-0.484067,1.47592,-0.0558972,3.43146,1.06585,-37.6298,562.481,31.418,12406.3,9323.21,-0.247122,1.71286,0.417992,3.6684,1.3028,0.939023,603.117,33.0766,12447,0.0674433,0.91243,0.00487138,8942.58,0.000153705,0.0513634,9.89961,23.2079,125.003,108,1.30262,11.013,10.5668,121.276,134.679,3.72663,-26.6787 
151,47.3959,3,151,13658.9,0.0831308,23.257,12.0537,121.815,-0.0382432,217.865,429.068,1.36888,-1.79426,1.63142,5.50063,5.55507,8.29214,1217.26,43.5636,11585.3,9396.97,1.31667,-1.84647,1.52699,5.44842,5.50286,0.872202,1208.3,43.1981,11576.4,0.134788,0.941119,0.00682701,8964.49,0.000683582,0.0554191,12.0939,33.6156,125.357,107.574,1.03276,12.0001,10.9229,121.158,134.698,4.19894,-27.1239 
152,47.3809,3,152,12504,0.104075,22.1481,11.7302,121.553,0.0187958,222.695,352.113,6.55584,5.98072,-3.8097,0.847202,0.186276,-9.01372,1116.02,61.4777,10723.2,8593.68,6.6126,6.03748,-3.69618,0.903959,0.243033,1.36593,1125.75,61.875,10732.9,0.135359,0.912254,0.0105081,8316.79,0.00051339,0.0463923,13.9498,27.4638,125.579,98.1504,0.976441,11.6267,11.3043,121.081,134.106,4.49858,-35.9559 
153,47.3359,2.34,153,12004.3,-0.0540581,21.7856,11.5123,121.792,-0.0159925,38.0213,1.29858e-10,1.57511,4.76647,5.34263,-2.32302,3.31225,-49.6941,922.31,38.4807,10353,8184.2,1.88802,5.07938,5.96845,-2.01011,3.62516,0.589822,975.974,40.6711,10406.7,0.122788,0.93203,0.00714781,7948.44,0.00043216,0.0409787,14.0287,22.9435,126.905,97.5047,1.04422,11.4259,10.7219,121.349,134.961,5.5565,-37.4564 
154,47.3009,1.8,154,13960.9,0.0856347,26.7535,10.9723,121.836,0.120497,-213.846,433.995,-4.0452,1.98269,-1.03226,0.136594,5.29929,-5.56182,785.855,37.1348,12613.3,10394.7,-4.01017,2.01771,-0.962218,0.171615,5.33431,1.37716,791.861,37.38,12619.3,0.0856365,0.923694,0.00542695,9246.77,0.000332078,0.0543138,11.0063,24.1981,125.504,108,1.28301,11.1393,10.6365,121.426,135.023,4.07745,-27.0232 
155,47.1859,1.33,155,13014.2,0.0112127,26.3471,10.4959,121.627,-0.0305216,-57.9277,500,0.233246,0.977159,5.30681,-3.34179,-2.06027,-24.5345,336.464,45.6323,12081.8,9059.7,0.387733,1.13165,5.61579,-3.1873,-1.90578,-1.75003,362.958,46.7137,12108.3,0.0428243,0.816174,0.00705667,8475.53,0.000681727,-0.00994079,6.8451,-16.4859,123.295,60.022,1.32324,10.7577,10.6179,121.335,133.924,1.96011,-73.9016 
156,47.2409,1.5,156,12740.3,0.0727455,24.6825,10.8771,121.677,-0.0979713,-40.0896,486.45,-5.57481,0.260448,-0.899437,-0.268508,0.812173,11.5811,787.975,29.8107,11398.1,8867.58,-5.64773,0.187525,-1.04528,-0.341431,0.73925,0.828857,775.469,29.3002,11385.6,0.0922759,0.937979,0.0047182,8403.81,0.000243516,0.0459949,10.9672,26.5931,125.171,104.849,1.21165,11.0672,10.3909,121.314,135.886,3.85671,-31.0371 
157,47.2809,1.8,157,12934.9,0.107723,24.1472,11.0532,121.771,0.0881989,-10.0663,5.02265e-10,3.41543,0.90213,-2.202,-0.815884,-2.23275,23.1344,895.679,37.1804,11323.2,8717.52,3.26976,0.756459,-2.49334,-0.961555,-2.37842,-0.379747,870.697,36.1607,11298.2,0.103157,0.932245,0.00586124,8440.48,0.000451418,0.0521878,10.8342,28.1553,124.877,106.237,1.14458,11.2698,10.569,121.224,134.581,3.65381,-28.3446 
158,47.2159,1.33,158,12825.1,0.0507306,25.9111,10.5294,121.656,-0.0434685,19.7021,213.526,4.10332,-6.23812,2.85574,-2.90164,6.53062,50.5885,898.348,40.4801,11480,8909.3,3.78478,-6.55666,2.21866,-3.22018,6.21208,0.0902182,843.718,38.2503,11425.3,0.0992762,0.926495,0.00612929,8498.69,8.36156e-06,0.0575822,10.6272,24.7337,124.865,96.946,1.23051,10.8332,10.6464,121.278,134.909,3.58712,-37.9627 
159,47.3459,2.34,159,12631.6,0.0567506,22.9014,11.699,122.008,0.0928826,6.33291,496.291,0.261343,1.14388,-2.9695,-2.24873,1.35702,-14.9628,947.649,35.1933,11208.8,8741,0.35556,1.23809,-2.78106,-2.15452,1.45124,-0.470929,963.808,35.8528,11225,0.113596,0.93888,0.0058493,8484.54,0.000209242,0.0392432,14.0218,25.8314,127.56,98.4278,1.07718,11.604,11.015,121.485,135.125,6.07501,-36.6974 
160,47.3759,3,160,12505.2,0.0164385,22.0679,12.0224,121.693,0.000295269,-20.3417,500,1.41085,3.17563,-0.0914703,2.62591,-3.00735,11.0274,1177.82,36.3736,10784.2,8636.9,1.34141,3.1062,-0.230343,2.55647,-3.07678,1.06231,1165.91,35.8876,10772.3,0.139075,0.948887,0.0060995,8383.33,0.000200445,0.0367752,20.3717,23.0914,125.12,88.8227,0.995852,11.8978,11.2394,121.393,134.936,3.72646,-46.1132 
161,47.4509,3,161,12796.2,0.00808943,23.4208,11.557,121.849,-0.0185097,19.2493,500,-3.75455,-3.66845,-1.38557,-0.197776,0.603268,22.8937,715.445,52.8161,11335.1,8822.94,-3.8987,-3.81261,-1.67388,-0.341932,0.459112,0.819392,690.723,51.807,11310.4,0.0835345,0.883972,0.0083671,8268.71,0.000595722,0.0600385,10.9577,15.985,125.373,108,1.07979,11.6502,10.9724,121.446,135.137,3.9278,-27.137 
162,47.1759,1.33,162,13909.9,0.0211747,28.1819,10.489,121.777,-0.0113329,2.69968,7.8424e-11,-1.95169,-1.17273,-3.93535,2.00897,1.42619,17.1768,271.252,50.8198,13128.2,9623.72,-2.05985,-1.28088,-4.15166,1.90081,1.31804,0.0285222,252.703,50.0627,13109.7,0.0279656,0.742561,0.0069854,9036.2,6.00797e-07,0.059384,10.6522,-12.3636,125.738,108,1.42436,10.8201,10.5529,121.562,134.887,4.17559,-26.8875 
163,47.3509,2.34,163,11409.3,0.131714,20.6875,-11.2575,121.724,-0.11175,88.0716,270.19,-0.52587,-6.60053,3.82721,1.91216,3.21159,39.8423,802.561,19.5112,9903.1,7901.74,-0.776746,-6.8514,3.32546,1.66129,2.96072,-9.41435,759.536,17.755,9860.07,0.103117,0.960699,0.00330611,7365.79,0.000459166,0.0332433,13.8817,25.9936,126.709,100.809,1.00126,11.4183,10.6233,121.309,135.126,5.3997,-34.3161 
164,47.3109,1.8,164,11903.8,0.0635471,23.1524,10.8569,121.783,0.0211925,-144.783,478.242,0.00753665,-1.35181,-4.84639,-0.86467,-1.38429,7.94673,622.491,26.2876,10699.9,8282.55,-0.0425018,-1.40185,-4.94646,-0.914709,-1.43432,0.434033,613.909,25.9373,10691.3,0.0789383,0.931154,0.0044491,7777.08,0.000359856,0.0406225,10.5169,23.8902,126.434,108,1.12688,10.8677,10.6707,121.399,134.928,5.03475,-26.9281 
165,47.3609,2.34,165,12606.9,0.0723432,23.2878,11.2846,121.648,-0.0203631,30.1556,500,3.25088,-5.00763,-0.377395,0.261576,0.546606,11.1478,929.894,43.0099,11006.5,8574.81,3.18069,-5.07783,-0.517784,0.191382,0.476412,0.703638,917.855,42.5185,10994.4,0.110797,0.925012,0.00707354,8284.12,0.000492215,0.0486051,11.228,29.3086,125.113,107.998,1.10024,11.4095,10.4889,121.096,134.643,4.01677,-26.6447 
166,47.2759,1.8,166,13281.2,-0.0166336,25.2849,-11.2172,121.181,-0.000219968,9.10526,2.45718e-11,-1.2772,2.91135,0.769187,-1.78759,-1.32027,-24.7601,1047.2,40.7587,11775.6,9233.04,-1.12129,3.06726,1.081,-1.63169,-1.16436,-3.68119,1073.94,41.8501,11802.3,0.119572,0.936158,0.00648956,8981.5,0.000105299,0.056698,12.3166,23.8545,125.022,98.3862,1.16903,11.2778,10.9709,120.83,135.023,4.19125,-36.6369 
167,47.4559,3,167,12848,0.0438052,23.8276,11.5039,121.541,-0.024914,-12.9744,496.817,-1.86388,-1.25484,-4.48523,-4.7146,1.75106,52.9942,656.09,44.6144,11652.4,8933.74,-2.19757,-1.58853,-5.15262,-5.04829,1.41737,0.590074,598.862,42.2786,11595.2,0.0715687,0.890039,0.00667189,8367.66,0.000454247,0.0537075,10.9056,14.6,124.954,108,1.12656,11.5322,10.9758,121.309,134.621,3.64425,-26.6209 
168,47.3859,3,168,11587.8,0.0643196,20.4366,11.9594,122.008,0.0273327,-108.468,375.955,-0.742283,-1.73185,-3.50839,5.80773,-2.26275,52.4143,946.4,36.5195,9991.75,8052.85,-1.07232,-2.06189,-4.16847,5.47769,-2.59279,0.0564336,889.798,34.2092,9935.15,0.117911,0.936961,0.00630285,7546.35,0.000412465,0.0411247,11.4358,41.5985,125.526,108,0.904351,11.9562,10.795,121.323,134.461,4.20305,-26.4606 
169,47.2509,1.5,169,13924.2,0.121964,27.1907,10.6147,121.845,-0.0463468,-60.9536,345.791,-0.759637,-3.10303,-2.13547,1.32,-2.35574,-35.3733,654.365,51.1798,12620.1,9487.59,-0.536901,-2.88029,-1.69,1.54274,-2.133,0.703376,692.564,52.7389,12658.3,0.0754953,0.882408,0.00761642,9173.61,0.000350897,0.0552559,10.8755,20.796,125.092,108,1.35488,10.8666,10.4104,121.486,135.458,3.60605,-27.4578 
170,47.3159,2.34,170,12315.5,0.0833776,22.316,11.5638,121.683,-0.107816,48.0769,8.58769,0.127731,-3.94879,8.73704,-2.48736,-1.01173,11.0546,1257.65,26.8481,10477.7,8569.33,0.0581228,-4.0184,8.59782,-2.55696,-1.08133,-7.60432,1245.71,26.3609,10465.7,0.150854,0.96429,0.00461843,8257.74,0.000208688,0.0524124,16.9784,19.881,125.086,89.3236,1.00511,11.6316,11.1486,121.234,134.801,3.85142,-45.4776 
171,47.3209,2.34,171,13920.2,0.031814,25.8114,11.5747,121.817,-0.0395379,-8.43159,421.595,-1.14664,-0.467341,-5.15322,2.53106,0.959403,31.7983,1399.59,50.0661,12121.6,9736.48,-1.34686,-0.667567,-5.55367,2.33083,0.759177,-0.240186,1365.25,48.6645,12087.3,0.144262,0.941284,0.00736187,9463.75,3.16494e-05,0.0602795,15.9185,21.7027,125.067,92.8372,1.14707,11.6339,11.1899,121.358,134.784,3.70897,-41.9471 
172,47.3559,2.34,172,15129.6,0.0784075,27.4284,11.6519,121.685,-0.219149,112.334,15.7633,3.14626,4.2428,-2.24154,3.98941,0.603984,26.3369,1066.38,66.0273,13365.8,11205.2,2.98042,4.07697,-2.57321,3.82357,0.438147,1.29422,1037.94,64.8665,13337.4,0.104065,0.901415,0.00887953,9974,0.000426741,0.0524077,13.1853,24.4937,124.712,102.153,1.26483,11.7325,10.9548,121.283,134.629,3.42905,-32.476 
173,47.1609,1.33,173,13338.4,0.0250952,26.9161,10.6585,121.805,0.000175508,7.43419,389.42,-3.52266,-4.67206,-7.18798,-3.78936,-4.86198,21.1067,242.738,35.9711,12703.5,9339.08,-3.65556,-4.80496,-7.45379,-3.92226,-4.99488,0.699825,219.945,35.0408,12680.7,0.0252346,0.781981,0.00506452,8716.04,0.000378409,-0.020425,8.90039,3.35486,125.259,85.6342,1.34823,10.929,10.7787,121.54,134.759,3.71877,-49.1253 
174,47.2909,1.8,174,12247.3,0.0666119,23.5896,10.9572,121.262,-0.0551796,50.044,1.77274,-1.98492,-5.15533,-3.52089,-0.432869,0.819297,2.96259,799.42,50.0745,10834.4,8504.11,-2.00357,-5.17399,-3.5582,-0.451524,0.800642,0.657425,796.22,49.9439,10831.2,0.0988709,0.901087,0.00842261,8053.13,0.000308158,0.0453599,11.1565,28.5157,124.905,106.663,1.10084,11.1184,10.7343,120.792,134.598,4.1132,-27.935 
175,47.2009,1.33,175,13216.4,0.00272298,27.3331,-10.4793,121.899,-0.0102168,2.45812,500,0.549518,-1.04799,-4.48823,0.191497,0.703244,29.7859,387.898,24.6195,12577.4,9325.15,0.361964,-1.23555,-4.86334,0.00394308,0.51569,0.0678414,355.732,23.3067,12545.2,0.0406039,0.897138,0.00341061,8761.03,-0.000110435,0.0505002,-9.84514,13.2867,126.528,108,1.3774,10.7133,10.6323,121.601,134.745,4.92752,-26.7452 
176,47.2709,1.8,176,13339.3,0.0070967,25.7465,11.0274,121.804,-0.0236089,-11.5485,493.83,2.17084,3.85094,-0.853928,-1.37597,-1.59364,25.9899,1008.48,53.9959,11697.7,9251.32,2.00719,3.68729,-1.18123,-1.53962,-1.75729,1.97114,980.419,52.8503,11669.7,0.111423,0.913797,0.00827362,8799.09,0.000207105,0.0616568,11.1313,25.6097,124.571,99.8753,1.18396,11.1954,10.79,121.322,134.786,3.24863,-34.9106 
177,47.3059,1.8,177,13324.2,-0.0874338,26.2919,-10.9947,121.776,0.0108427,32.2933,0.256286,0.57867,0.0978367,0.174019,-2.24137,-1.11157,-16.2442,699.127,52.0605,12232.3,9421.66,0.680956,0.200122,0.378589,-2.13909,-1.00928,1.20045,716.669,52.7765,12249.8,0.0803075,0.88584,0.00787393,8924.06,5.21977e-05,0.0580218,10.3044,21.5399,125.787,108,1.25534,11.0614,10.7797,121.308,134.955,4.47876,-26.9551 
178,47.1509,1.33,178,11661.6,0.0780791,23.4446,10.4269,121.684,0.0184786,-62.4942,0.939158,-5.3105,-2.03975,-0.179039,0.821218,-2.52151,54.3071,274.135,25.4604,10753.7,7995.39,-5.65246,-2.38171,-0.862954,0.47926,-2.86347,0.923506,215.489,23.0667,10695,0.0291944,0.842228,0.00395727,7381.16,0.000627879,-0.011856,-3.76777,23.1115,121.209,60.0118,1.20156,10.6771,10.5407,121.403,134.384,-0.194745,-74.3719 
179,47.4009,3,179,12342.5,0.0393489,22.3016,11.7742,121.62,0.0103045,-52.9694,500,1.05798,3.69662,-3.5017,-2.31543,-1.41268,58.5456,933.643,55.2545,10826.6,8565.74,0.68933,3.32798,-4.239,-2.68408,-1.78133,0.0956023,870.421,52.674,10763.3,0.1077,0.904239,0.00893441,8081.86,0.000354135,0.0427153,11.9146,32.2006,125.29,107.459,1.01644,11.6696,10.956,120.998,135.535,4.29156,-28.0759 
180,47.4359,3,180,11634.5,-0.0020006,21.591,11.8119,121.791,-0.0171464,-8.12596,500,-1.26273,3.17672,-7.57538,-2.21819,-2.67099,73.2285,678.822,24.9614,10751.8,8306.65,-1.72383,2.71562,-8.49758,-2.67929,-3.13209,0.361908,599.743,21.7337,10672.7,0.0773818,0.940365,0.00373723,7750.44,3.62536e-05,0.0288728,13.6569,21.5503,128.297,102.508,1.02937,11.7263,11.0661,121.425,135.288,6.87276,-32.78 
181,47.2209,1.33,181,13414,0.0398082,27.2577,10.5239,121.483,-0.00743591,-20.2459,361.921,-0.870297,-1.30718,-4.41797,-3.05132,-0.545005,-36.801,653.101,39.0637,12246.5,9343.09,-0.638571,-1.07545,-3.95452,-2.8196,-0.313279,0.550695,692.842,40.6857,12286.2,0.0776329,0.906811,0.00606314,8924.6,0.00017003,0.0459059,9.95521,27.8455,124.882,107.637,1.33378,10.7406,10.4221,121.119,135.023,3.76206,-27.3867 
182,47.3409,2.34,182,14354.4,-0.00184965,26.3244,11.7859,121.857,0.0013583,-2.33012,2.85407e-11,1.40724,-2.76644,-6.63631,-4.24589,1.3668,-15.3615,1126.49,40.8469,12705.1,10100,1.50397,-2.66971,-6.44286,-4.14916,1.46352,0.37413,1143.07,41.524,12721.7,0.11825,0.940228,0.00597674,9666.63,0.000168172,0.0504133,13.532,24.8128,125.549,99.3972,1.20325,11.7886,11.0438,121.412,135.582,4.13685,-36.1852 
183,47.2309,1.33,183,13161.8,-0.122678,26.2687,-10.6937,121.799,0.0253543,128.666,1.60108e-11,3.02557,2.00935,-3.68991,-2.24989,1.61705,-11.0754,412.527,19.862,12143.2,9250.69,3.09531,2.07909,-3.55043,-2.18016,1.68679,4.14031,424.487,20.3501,12155.2,0.0495407,0.922598,0.00307456,8568.46,0.000179468,0.0526437,9.52377,-16.4738,125.721,108,1.32719,10.8318,10.4723,121.413,134.312,4.30754,-26.3124 
184,47.2109,1.33,184,13188.8,-0.0125194,26.1452,10.681,121.885,-0.0224255,34.1583,500,-2.32641,-3.38592,-8.2847,1.37126,-1.43076,-41.2085,1687.06,35.4981,10929.6,9115.7,-2.06693,-3.12644,-7.76574,1.63074,-1.17128,0.378723,1731.56,37.3144,10974.1,0.190613,0.963659,0.00622459,9084.21,0.000340311,0.143556,11.1036,12.8854,123.194,87.2112,1.15146,10.9028,10.8622,121.381,134.215,1.81355,-47.0034 
185,47.4109,3,185,12976.6,-0.0234559,23.2725,-11.8104,121.954,0.0168219,20.7703,2.15523e-11,1.89333,-0.586706,7.86002,2.93744,6.3833,22.9832,901.534,36.7662,11351.3,8958.91,1.74861,-0.731425,7.57058,2.79272,6.23858,0.570319,876.715,35.7531,11326.4,0.103564,0.933388,0.00578118,8465.43,0.000572073,0.0452919,10.1284,32.6523,126.352,108,1.05633,11.769,10.9482,121.252,134.383,5.10048,-26.3833 
186,47.4409,3,186,12425.5,-0.0392726,22.9477,11.4756,121.811,-0.00337587,18.9977,500,0.562601,-1.23866,-1.0653,2.16395,0.982591,-21.3391,618.896,28.4111,11149.6,8574.67,0.696968,-1.10429,-0.796565,2.29832,1.11696,1.36021,641.94,29.3517,11172.7,0.0789826,0.925912,0.00481608,8127.62,0.000488707,0.0446119,10.7065,20.6654,125.959,108,1.07172,11.563,10.9439,121.268,135.417,4.69125,-27.4173 
187,47.3309,2.34,187,13766.7,0.0386916,24.9564,11.6633,121.821,-0.0160496,-5.96381,500,1.21253,-0.779535,5.16426,-7.27441,2.74336,-18.0134,1114.45,24.1819,12004.2,9478.57,1.32595,-0.666109,5.39111,-7.16099,2.85678,-2.08636,1133.9,24.9759,12023.6,0.123388,0.962884,0.00381189,9189.75,0.000291591,0.0455715,15.4407,21.598,126.296,92.7152,1.16843,11.6523,10.9781,121.229,134.971,5.06649,-42.2563 
188,47.2659,1.75,188,14969.4,-0.00474486,28.9559,11.0245,121.773,0.00503029,-8.95014,1.34725e-11,-1.15418,1.97689,2.8185,-4.63784,1.42425,-15.6668,1042.76,45.7647,13291.6,10393.3,-1.05553,2.07554,3.0158,-4.53919,1.5229,-1.95805,1059.68,46.4553,13308.5,0.106218,0.928748,0.00638905,9976.39,0.000234754,0.0637363,11.2205,25.3044,124.695,98.5581,1.3519,11.1847,10.7201,121.247,134.027,3.44806,-35.4693 
189,47.4209,3,189,12664.5,0.0336419,23.0286,11.7795,121.622,-0.0227729,9.94104,35.6284,1.71195,-0.20428,-0.00140737,2.29745,1.47564,17.6391,894.314,56.1866,11268.6,8837.98,1.60088,-0.315349,-0.223544,2.18638,1.36457,1.04846,875.266,55.4091,11249.6,0.104044,0.900265,0.00899158,8412.49,0.000403493,0.0474586,11.8022,26.5219,125.402,108,1.03458,11.6338,11.1951,121.116,134.875,4.2854,-26.875 
190,47.4459,3,190,12280.2,0.103909,22.3149,11.4254,121.747,0.0120174,-136.578,450.991,0.706817,-2.08246,5.98733,-1.71117,0.218082,16.4164,591.188,31.223,11028,8353.08,0.603447,-2.18583,5.78059,-1.81454,0.114712,-1.31374,573.46,30.4994,11010.2,0.0721304,0.914851,0.0050769,7950.32,0.000494925,0.0365883,11.0271,22.7574,126.695,108,1.07195,11.5875,10.8235,121.293,134.695,5.40175,-26.6946 
191,47.2059,1.33,191,13301.6,-0.0395666,27.2882,-10.4931,121.991,0.000694237,29.9379,2.51158e-12,-0.144059,-4.16607,1.36111,1.05811,-2.25097,-46.4255,503.29,56.3596,12339.6,9321.9,0.148269,-3.87374,1.94577,1.35044,-1.95864,1.81484,553.424,58.4059,12389.7,0.0625018,0.844105,0.00860904,8854.54,0.000602432,-0.0280619,0.791553,-0.103552,118.919,81.3269,1.3322,10.7254,10.8233,121.605,134.621,-2.68653,-53.2942 
192,47.2459,1.5,192,12113.6,0.00418052,24.8805,10.5566,121.79,-0.0195406,-0.901177,169.179,-4.81257,3.75607,-4.34704,1.44629,1.17833,12.8042,495.468,33.5326,11348.1,8550.77,-4.8932,3.67544,-4.50829,1.36566,1.09771,-0.381776,481.641,32.9682,11334.3,0.0596413,0.893027,0.00532959,8075.63,-7.47474e-05,0.0489826,8.74982,27.1972,125.687,108,1.21384,10.8598,10.4562,121.289,134.702,4.39814,-26.7019 
193,47.1559,1.33,193,12097.9,0.000183035,24.6637,10.5109,121.873,-0.00977188,-22.1615,500,3.61484,1.42879,8.88752,1.44648,0.330076,7.63805,315.545,44.383,11300.4,8446.14,3.56675,1.38069,8.79133,1.39839,0.281981,0.429843,307.297,44.0464,11292.2,0.0390314,0.799465,0.00713406,7873.07,0.000498467,-0.0142347,-3.57848,10.4057,119.487,77.7452,1.24247,10.7587,10.6131,121.546,134.405,-2.05918,-56.6598 
194,47.4309,3,194,12346.1,0.0715157,22.9807,11.3168,121.826,-0.266137,242.206,12.1877,0.86268,3.0594,-5.25356,3.14892,0.436974,-47.3655,688.542,41.4837,11086.5,10564.4,1.16093,3.35765,-4.65706,3.44717,0.735222,2.15162,739.691,43.5715,11137.6,0.0901855,0.90655,0.00715495,8201.89,0.00046456,0.0399934,10.8053,27.125,125.648,108,1.06562,11.54,10.8261,121.368,134.453,4.27949,-26.4527 
195,47.2609,1.75,195,13793.5,0.0529307,26.3217,11.1381,122.103,-0.0255669,-17.0794,500,2.36728,3.21511,2.08398,5.74413,2.19161,-64.0556,1214.07,37.5713,12012.7,9557.97,2.77062,3.61845,2.89066,6.14747,2.59495,0.839605,1283.24,40.3947,12081.9,0.136834,0.947789,0.00612123,9378.08,0.000146157,0.0689323,12.2154,21.5294,125.075,93.0734,1.21867,11.3417,10.7715,121.597,134.782,3.47848,-41.7088 
196,47.1809,1.33,196,12863.9,-0.0858004,25.9303,10.5707,121.588,0.0767859,-38.8057,500,-0.937817,4.46842,-3.76611,2.45712,-1.4273,23.7137,288.334,45.5238,11944.3,9019.9,-1.08714,4.3191,-4.06475,2.3078,-1.57662,-39.0078,262.726,44.4786,11918.7,0.0318523,0.771445,0.00682748,8248.27,0.0006651,-0.0118622,8.11661,-9.62869,119.716,76.284,1.27427,10.7699,10.882,121.268,134.674,-1.55205,-58.3896 
197,47.2359,1.33,197,12075.5,-0.0185663,24.5531,-10.6115,121.557,-0.0207693,52.499,500,-2.41306,0.479334,-2.38878,0.443278,-2.03032,51.1115,344.745,32.076,11269.1,8517.13,-2.7349,0.157498,-3.03245,0.121442,-2.35215,0.613236,289.551,29.8232,11213.9,0.0371081,0.84728,0.00487515,7802.9,4.19859e-05,0.0529353,9.58248,-13.6919,126.086,108,1.24384,10.7892,10.4663,121.169,134.344,4.91648,-26.3441 
198,47.2359,1.33,198,13832.1,0.0644245,27.4652,10.6733,121.818,0.0012372,0.0483666,160.529,0.705617,0.0576586,5.80357,2.60579,1.78039,-11.1639,357.117,34.2227,12932.1,9542.79,0.775913,0.127955,5.94416,2.67608,1.85069,0.477427,369.173,34.7147,12944.1,0.0408298,0.858694,0.00491603,9041.75,0.00012611,0.0517037,-9.64216,-14.2691,126.778,108,1.38018,10.9033,10.6753,121.459,135.278,5.31968,-27.2784 
199,47.2359,1.33,199,14533.2,-0.00377403,28.8839,10.7849,121.82,-0.0117738,-1.42834,9.61573e-11,0.519126,-0.526504,2.74706,-1.67695,-0.544032,-78.4104,523.421,59.1459,13436.5,10141.3,1.01286,-0.0327752,3.73452,-1.18322,-0.050303,-0.0728069,608.096,62.602,13521.2,0.0629026,0.847344,0.00845669,9667.27,0.000188707,0.0720687,10.3433,14.0881,124.863,108,1.41178,10.9426,10.6795,121.509,134.343,3.35372,-26.343 
200,47.2359,1.33,200,14280.8,0.0861443,28.3744,10.5881,121.628,-0.0339078,-52.7618,408.874,2.21062,-0.513279,0.813722,0.931821,3.89387,42.7367,385.978,39.4616,13204.7,9838.28,1.94152,-0.782381,0.275518,0.662719,3.62477,0.951851,339.828,37.5779,13158.5,0.0371152,0.837862,0.00523313,9156.03,0.000275437,0.056968,9.59632,-14.3537,125.509,108,1.44086,10.81,10.4869,121.281,134.879,4.22739,-26.8785 
201,47.2359,1.33,201,12465.1,0.00324654,24.9448,10.6388,121.533,0.00202332,-15.6072,500,-1.92627,2.48054,0.764492,-1.75223,2.10418,-1.7158,411.794,30.8762,11498.1,8640.11,-1.91547,2.49134,0.7861,-1.74142,2.11498,0.547055,413.647,30.9518,11500,0.0509504,0.884215,0.00493352,8118.62,0.000425278,0.0154844,-11.9409,13.7186,98.7239,79.6223,1.25339,10.7264,10.7344,121.348,134.536,-22.6241,-54.9134 
202,47.2359,1.33,202,12881,0.0343693,26.2213,10.5258,121.727,-0.0123206,-6.12479,12.7879,-1.54378,1.04232,-1.78461,-2.44199,-2.30825,25.5854,388.561,43.2875,12013,8987.17,-1.70489,0.881221,-2.10681,-2.6031,-2.46936,0.736745,360.931,42.1598,11985.4,0.0430134,0.830279,0.00643807,8391.14,1.73564e-05,0.0587434,9.98952,-14.4578,125.701,108,1.31068,10.745,10.5893,121.362,134.916,4.33967,-26.916 
203,47.2359,1.33,203,12624.6,0.0699507,25.526,10.4322,121.711,-0.0188507,-52.227,38.7729,-2.13563,4.95176,-6.29341,3.56914,0.806736,-29.6588,426.331,31.4995,11665,8700.74,-1.94888,5.13851,-5.9199,3.75589,0.993489,3.93193,458.359,32.8068,11697,0.055255,0.888687,0.00514003,8295.34,0.000158898,0.0537116,9.69837,15.5254,125.9,108,1.26512,10.7929,10.5769,121.408,134.393,4.49164,-26.3926 
204,47.2359,1.33,204,13838.5,0.00306791,27.7807,10.6419,121.813,0.00452903,-0.161327,14.273,3.36242,0.641214,3.50826,1.3216,-0.561682,34.4434,494.845,49.1031,12827.5,9624.09,3.14554,0.424333,3.0745,1.10472,-0.778563,0.558929,457.65,47.585,12790.3,0.0506969,0.846053,0.00680669,9027.18,7.6932e-05,0.0612746,-10.8865,-15.0591,124.624,108,1.36615,10.9103,10.6324,121.559,135.518,3.06441,-27.5183 
205,47.2359,1.33,205,12479,0.00304362,25.1623,-10.5657,121.779,-0.00649005,3.11861,8.91293e-11,-2.62309,-2.52173,3.6132,-0.507587,2.14702,-20.5782,317.146,19.7375,11716.8,8655.21,-2.49351,-2.39216,3.87235,-0.378011,2.2766,-3.37422,339.369,20.6446,11739,0.0413636,0.903786,0.00322911,8204.52,9.61541e-05,0.0438412,-9.9025,-12.8301,126.098,107.815,1.26479,10.858,10.6332,121.505,134.247,4.59328,-26.432 
206,47.2359,1.33,206,13778.8,5.92024e-05,27.0392,-10.6707,121.498,-0.00874302,-0.151332,500,-0.654941,2.6668,0.322558,3.95604,5.07818,35.5147,436.88,53.5219,12494.8,9392.54,-0.878568,2.44317,-0.124696,3.73242,4.85455,1.01244,398.528,51.9565,12456.4,0.0455755,0.814233,0.00762494,8744.33,0.000927323,-0.00231218,8.3545,0.649345,116.056,82.4997,1.34829,10.7671,10.7406,121.201,134.639,-5.1443,-52.1392 
207,47.2359,1.33,207,12762.5,0.0768988,25.793,10.4098,121.86,-0.0511727,-42.9485,16.2553,-0.258166,4.70733,0.129366,-4.69934,0.468352,22.661,309.226,31.6922,11784.6,8812.1,-0.400856,4.56464,-0.156014,-4.84203,0.325662,0.693242,284.755,30.6934,11760.1,0.0348792,0.841304,0.00478481,8164.04,0.000642802,0.126713,-1.15259,0.0114185,130.156,93.502,1.28499,10.8242,10.6033,121.507,134.565,8.64846,-41.0632 
208,47.2359,1.33,208,13560.6,0.00642654,27.362,10.7385,121.395,-0.0103454,19.606,82.2207,1.2985,0.134789,2.25949,3.15765,-2.06833,8.34315,411.849,45.2456,12792.7,9571.64,1.24597,0.0822543,2.15442,3.10511,-2.12086,0.517692,402.839,44.8779,12783.7,0.0449199,0.83685,0.00642524,8967.94,-1.84748e-05,0.0603332,-10.3046,-14.138,124.506,108,1.3528,10.9857,10.6081,121.147,134.548,3.35829,-26.5477 
209,47.2359,1.33,209,13550.9,0.108798,26.7201,10.5541,121.713,-0.254329,3.1062,1.50585,-2.11575,2.78498,6.20383,0.730564,2.33367,-21.7628,437.267,50.2496,12334.8,9206,-1.97871,2.92202,6.4779,0.867598,2.47071,0.397937,460.769,51.2088,12358.3,0.0527143,0.837177,0.00757524,8740.86,0.000909528,-0.00348369,-0.000992037,3.23061,132.294,88.1515,1.33928,10.7751,10.6327,121.366,134.008,10.9285,-45.8567 
210,47.2359,1.33,210,12576.5,0.0403307,25.1259,-10.4997,121.485,-0.0238499,-10.637,500,2.98343,0.944247,-2.18986,3.18535,-4.66802,36.386,315.113,41.8136,11663.2,8596.3,2.75432,0.715134,-2.64808,2.95623,-4.89713,-1.36536,275.82,40.2098,11623.9,0.0342046,0.796736,0.00633195,8063.81,0.000639317,-0.237928,-1.3376,0.32857,134.744,87.5363,1.263,10.7127,10.7382,121.24,134.205,13.5038,-46.6689 
211,47.2359,1.33,211,11452.6,0.129395,22.7414,10.2938,121.674,-0.0402737,7.30528,47.1033,3.38472,-4.44791,0.167173,0.292637,-0.725377,28.9627,337.133,28.3923,10488.7,7630.14,3.20235,-4.63028,-0.197568,0.110267,-0.907747,0.91846,305.856,27.1157,10457.4,0.0418275,0.865691,0.00475382,7312.32,0.000306961,0.0517345,9.89181,-12.784,126.068,108,1.15514,10.6673,10.5134,121.34,134.444,4.72759,-26.4435 
212,47.2359,1.33,212,10536.8,0.0773381,21.8258,10.085,121.732,-0.0228884,-15.611,471.782,2.77169,4.31407,-0.173221,2.42821,1.22495,79.6209,312.577,16.1728,9752.45,7177.07,2.27034,3.81272,-1.17592,1.92686,0.723601,1.1556,226.595,12.6634,9666.47,0.0338043,0.910913,0.0024074,6703.13,0.000115106,0.0473452,8.91749,15.0958,125.5,108,1.11569,10.4725,10.3694,121.39,134.119,4.1099,-26.1195 
213,47.2359,1.33,213,13423.4,0.00614513,26.9678,10.7528,121.503,-0.0059682,-3.24105,500,-0.269177,5.17571,-0.524168,0.149898,-0.219518,67.0692,422.157,38.3161,12632.8,9440.4,-0.691493,4.75339,-1.3688,-0.272419,-0.641835,1.76949,349.73,35.3599,12560.3,0.0399,0.849664,0.00515915,8765.16,0.000102772,0.0591914,10.1808,-13.0564,124.856,108,1.35237,10.8679,10.5603,121.221,133.68,3.63557,-25.6797 
214,47.2359,1.33,214,13027.9,0.0578687,26.2345,10.5366,121.489,0.0247329,21.3996,6.64306,1.48169,-1.57763,1.38807,0.797365,-1.4132,-29.82,349.08,31.7676,12178.7,9015.68,1.66946,-1.38986,1.76361,0.985133,-1.22543,0.0217966,381.282,33.0819,12210.9,0.0445287,0.868177,0.00496586,8562.61,0.000495631,-0.0265446,8.02598,0.178441,123.85,85.0156,1.30683,10.8246,10.8084,121.245,134.304,2.60534,-49.2879 
