cyc,time,#2,cyc,ROIsum,fBg,fA1,fWidth1,fCtr1,fA2,fWidth2,fCtr2,box1,box2,box3,box4,box5,box6,box7,box8,box9,Nfit,BZ-2,BZ-1,BZ0,BZ1,BZ2,Excited,c5,c7,c9,fraction95,fraction75,fraction97,sum95,two2D_bg,two2D_a1,two2D_sh1,two2D_sv1,two2D_ch1,two2D_cv1,two2D_a2,two2D_sh2,two2D_sv2,two2D_ch2,two2D_cv2,two2D_chd,two2D_cvd
1,0.11,3.89,1,17801.2,0.0843176,29.0227,12.9936,121.698,-0.257849,111.938,65.9923,-0.602904,-4.33581,-6.82231,-3.27405,4.15792,-97.5913,1973.67,117.416,14730.1,13215.8,0.0116025,-3.72131,-5.5933,-2.65954,4.77242,0.222086,2079.06,121.717,14835.5,0.212289,0.907068,0.0148884,9793.54,0.000522076,0.078605,14.4388,37.9026,124.92,108,1.1099,12.7072,11.904,120.896,137.811,4.02403,-29.8113 
2,0.07,3.93,2,17041.3,0.0206454,26.8136,13.3634,121.67,-0.0871921,-41.9966,500,0.461108,-2.16644,-10.6379,-4.45451,-9.61074,-85.459,1906.37,80.2731,13959.1,11783.7,0.99922,-1.62833,-9.56165,-3.9164,-9.07263,0.587501,1998.65,84.0399,14051.4,0.214785,0.931459,0.0108974,9305.36,0.000728701,0.0647928,17.1467,26.7169,125.583,96.3806,1.04583,13.1643,12.2784,120.969,137.003,4.61403,-40.6221 
3,0.13,3.87,3,17665.7,0.000979005,28.846,13.1748,121.697,-0.00451093,-16.9472,2.08372e-11,2.02253,-4.77059,-12.2028,-3.27356,-1.77793,-136.341,1933.14,106.122,14954.7,12374.1,2.88104,-3.91209,-10.4858,-2.41506,-0.919425,0.29395,2080.37,112.132,15101.9,0.209433,0.913806,0.0134931,9933.38,0.00015936,0.0745844,14.6633,40.4337,125.058,108,1.11821,12.9798,11.7174,120.855,137.425,4.20271,-29.4249 
4,0.09,3.91,4,17768.6,0.00759837,28.8517,13.2425,121.838,-0.0149568,-5.23365,8.53684e-11,0.0610234,-4.70796,-13.8986,0.192369,-2.83535,-97.5229,2026.29,126.255,14840.8,12440.1,0.675099,-4.09388,-12.6704,0.806445,-2.22128,0.276143,2131.6,130.554,14946.1,0.215236,0.903194,0.0158359,9903.58,0.000363482,0.0805542,14.3311,38.3982,124.913,108,1.08857,13.0364,11.8655,120.949,137.71,3.96371,-29.7098 
5,0.17,3.83,5,18521.1,0.00243475,30.6404,13.1209,121.626,0.0863041,-77.3144,238.238,-3.7253,-2.12958,-9.80585,-7.75793,-3.3214,-118.071,2062.84,112.567,15775.4,13304.6,-2.98183,-1.38612,-8.31892,-7.01447,-2.57794,0.626607,2190.34,117.772,15902.9,0.209405,0.913997,0.0134585,10459.8,8.93418e-05,0.0828386,14.7688,38.0772,124.809,108,1.18555,12.8302,11.7781,120.791,137.438,4.01762,-29.438 
6,0.41,3.59,6,17667.5,-0.0125201,28.7992,13.3749,121.498,-0.0221654,-5.44156,466.216,-2.85112,-7.04627,-5.2641,-2.04063,-1.75299,-54.0899,2109.99,124.949,14949.6,12543,-2.51053,-6.70568,-4.58292,-1.70004,-1.4124,0.729007,2168.4,127.333,15008,0.217437,0.906812,0.0153886,9972.55,-6.27911e-05,0.0805998,15.4096,39.4066,124.381,108,1.08526,13.0582,11.8865,120.711,137.191,3.66953,-29.1913 
7,0.23,3.77,7,17906.6,-0.0180991,29.4073,13.3287,121.677,0.000746397,-13.5791,500,0.378082,-0.782299,-12.3336,-2.94118,-3.15805,-13.95,1992.32,127.411,15396.5,12759.9,0.465921,-0.694459,-12.1579,-2.85334,-3.07021,0.335995,2007.38,128.026,15411.5,0.20031,0.899595,0.015072,10021.4,1.52304e-05,0.0803912,14.5528,35.7176,124.612,108,1.1282,13.1437,11.9666,120.92,137.841,3.69131,-29.8412 
8,0.15,3.85,8,17271.7,-0.0104608,28.6745,-13.125,121.731,0.00348466,7.42998,135.887,-4.73072,-5.23501,-9.43898,-5.96342,-0.488111,-73.4331,1828.06,95.7246,14820.7,12252.4,-4.26833,-4.77262,-8.5142,-5.50103,-0.0257225,0.631131,1907.36,98.9614,14900,0.197545,0.916761,0.0120869,9655.33,7.12903e-06,0.0709301,14.1735,39.8016,125.634,108,1.14992,12.8752,11.5875,120.859,137.781,4.77522,-29.7815 
9,0.21,3.79,9,15378.2,-0.034084,26.009,12.9918,121.698,0.0188402,-12.5391,14.2945,3.51966,0.653907,-7.9819,3.32226,2.49164,-13.9082,1646.24,76.4703,13390.7,11007.6,3.60724,0.741484,-7.80675,3.40983,2.57922,4.08441,1661.26,77.0834,13405.7,0.192449,0.924898,0.0104812,8632.23,-5.7393e-05,0.0578607,16.4414,29.015,125.993,97.49,1.05549,12.7241,12.0368,121.08,136.459,4.91259,-38.9687 
10,0.03,3.97,10,16644.7,-0.0687691,28.3913,13.0091,121.463,0.0053882,-10.9198,135.13,0.14736,0.120393,-11.6954,-3.09261,-2.65183,-42.815,1816.16,98.5451,14551.3,12025.4,0.416955,0.389988,-11.1562,-2.82301,-2.38223,0.282767,1862.4,100.432,14597.6,0.197013,0.913767,0.0125152,9453.14,-9.80567e-05,0.0691821,15.751,28.4912,125.039,100.539,1.13308,12.8541,11.967,120.896,136.907,4.14304,-36.3673 
11,0.31,3.69,11,15823,-0.10455,26.9746,13.1811,121.591,0.048914,-54.9379,14.3873,-2.96784,-1.45113,-7.47761,3.90984,3.64295,-11.1083,1926.42,106.77,13707.3,11662,-2.89789,-1.38118,-7.33772,3.97978,3.71289,-0.869902,1938.41,107.259,13719.3,0.213659,0.911715,0.0141974,9072.45,-0.000270281,0.0814027,14.4493,35.4648,124.931,108,1.02553,12.8862,11.8009,120.815,136.591,4.11614,-28.5905 
12,0.35,3.65,12,15919.3,-0.0446637,27.2183,12.8905,121.724,-0.00498566,13.6215,500,3.62548,-1.22101,6.12121,-1.70061,-2.78148,-2.26802,1650.41,78.2616,13933.1,11423.8,3.63976,-1.20672,6.14977,-1.68633,-2.7672,-0.489308,1652.86,78.3615,13935.6,0.185728,0.923389,0.0102522,8899.35,-0.000104225,0.0639488,16.1599,25.4704,125.954,98.4304,1.1214,12.7888,11.869,121.15,137.879,4.80481,-39.4481 
13,0.37,3.63,13,19268.2,-0.0850829,32.3542,13.2342,121.486,-0.0366889,2.07398,104.558,0.912756,-4.81685,-6.90238,2.30991,5.15804,31.5261,2084.16,125.033,16766.3,13941.2,0.714244,-5.01536,-7.2994,2.11139,4.95953,-0.611489,2050.11,123.644,16732.3,0.190692,0.904532,0.0134295,10750.9,-0.000177601,0.0881617,14.0118,37.3785,125.021,108,1.2474,13.012,11.8553,120.584,137.904,4.4367,-29.9036 
14,0.29,3.71,14,16478.3,-0.0329502,27.2001,13.2967,121.612,-0.0151962,22.8196,365.588,0.451926,-3.54586,-1.78983,-1.8006,4.82669,41.6785,1679.57,73.7582,14276.7,11784.9,0.189488,-3.8083,-2.3147,-2.06304,4.56425,0.325613,1634.57,71.9211,14231.7,0.180914,0.928505,0.00922339,9035.03,2.16744e-06,0.056761,17.2073,29.0891,125.558,96.7773,1.10581,13.0901,11.9861,121.032,137.139,4.52584,-40.362 
15,0.19,3.81,15,16680.3,-0.0290187,28.3912,12.8776,121.484,-0.0148978,17.636,36.9715,1.91205,-2.25036,-6.6499,-1.05914,-1.97568,23.3583,1613.95,57.84,14638.6,11910.4,1.76497,-2.39744,-6.94406,-1.20623,-2.12276,0.363252,1588.72,56.8104,14613.4,0.172919,0.941108,0.00711037,9187.69,-1.89466e-05,0.0598245,15.7538,27.1972,126.086,96.7032,1.17811,12.7546,11.9156,120.869,136.903,5.21735,-40.1997 
16,0.39,3.61,16,18839.5,0.000449251,31.719,-13.1898,121.709,-0.0256314,-70.3107,500,1.32622,-1.54971,2.45091,-0.899765,0.813121,76.9883,1979.31,101.533,16439.1,13677.9,0.841443,-2.03448,1.48136,-1.38454,0.328347,2.92918,1896.17,98.1395,16355.9,0.182302,0.916948,0.0109322,10401.3,-0.000312769,0.0800103,14.2673,40.4472,125.003,108,1.22107,13.0308,11.8818,120.882,137.338,4.12019,-29.3385 
17,0.25,3.75,17,17034.6,-0.00683022,29.2194,12.9602,121.594,0.00106152,-20.0576,500,1.90716,-3.4832,2.66513,0.409011,2.45188,7.10582,1773.95,67.1311,14878.4,12328.3,1.86242,-3.52795,2.57564,0.364267,2.40713,0.300386,1766.28,66.8179,14870.7,0.185943,0.937908,0.00820912,9499.03,-0.000128346,0.0658412,16.1756,26.1535,126.195,96.225,1.15847,12.9061,12.2187,120.951,137.488,5.24384,-41.2635 
18,0.27,3.73,18,17789.2,-0.0187778,29.6431,-13.1283,121.704,0.0141978,0.974467,500,3.21814,-3.31202,0.60952,1.5544,-0.670785,27.8554,2062.06,128.828,15092.1,12669,3.04274,-3.48742,0.258723,1.379,-0.846184,0.254108,2031.98,127.6,15062,0.205995,0.900988,0.0153658,9864.24,7.30602e-05,0.0908317,13.9466,36.068,124.66,108,1.12527,12.9694,11.7379,120.83,136.838,3.83036,-28.8382 
19,0.33,3.67,19,18399.6,-0.0983646,31.2745,13.136,121.928,-0.0503487,136.254,316.184,-3.03559,-2.59355,-6.81312,-0.0171058,-3.11323,40.1811,1876.9,95.6615,16023.6,13596.9,-3.2886,-2.84656,-7.31914,-0.270115,-3.36624,0.571746,1833.51,93.8905,15980.2,0.180763,0.917756,0.0107073,10143.2,-0.00021049,0.0781046,13.4666,42.1515,125.024,108,1.20092,13.0766,11.7224,121.212,137.367,3.81194,-29.3666 
20,0.05,3.95,20,15073.7,-0.113821,26.574,12.8069,121.623,-0.0119288,-9.0691,282.471,-3.62301,-3.52082,0.553511,-2.48198,4.31776,8.15889,1810.95,87.958,13098.3,11082.4,-3.67439,-3.57219,0.450762,-2.53336,4.26639,1.08903,1802.14,87.5983,13089.5,0.20934,0.921605,0.0121777,8608.68,-0.000299238,0.0755032,13.6487,38.0243,124.726,108,1.03556,12.5206,11.5457,120.863,136.809,3.86339,-28.8088 
21,0.01,3.99,21,17019.6,-0.0952547,29.6384,-12.8379,121.588,0.0103761,62.4862,170.961,-0.844404,-0.448159,-8.16071,-0.0611146,-0.490508,0.367838,1878.74,81.811,14892.7,12407.4,-0.84672,-0.450475,-8.16534,-0.0634308,-0.492824,0.184997,1878.35,81.7948,14892.3,0.195207,0.92919,0.0100163,9622.33,-0.000291558,0.0769986,13.6693,39.5165,125.031,108,1.16842,12.6411,11.58,120.78,137.066,4.25084,-29.0663 
22,0.11,3.89,22,18090.8,-0.020535,30.2226,13.2884,121.907,0.00353002,-20.9255,500,-4.92162,1.97964,2.57049,0.574484,0.624873,10.9706,1864.07,99.3552,15780.6,13076.2,-4.99069,1.91057,2.43233,0.505405,0.555794,-4.88374,1852.22,98.8717,15768.7,0.184265,0.914566,0.0114183,10052,-0.00033409,0.0716995,14.0445,45.0493,125.632,108,1.16609,13.0338,11.9096,120.984,136.892,4.64834,-28.892 
23,0.07,3.93,23,18141.3,-0.018952,30.0404,13.2682,121.817,-0.0197921,44.9226,132.369,-0.830139,3.61884,1.41103,1.18322,-1.59524,0.726186,2108.13,111.833,15462.5,13004.1,-0.834712,3.61426,1.40188,1.17865,-1.59982,0.627185,2107.34,111.801,15461.7,0.207673,0.915045,0.0131449,10147.4,-0.000145975,0.0820599,14.1384,42.5794,124.858,108,1.13318,13.1377,11.7525,120.985,137.265,3.87307,-29.2647 
24,0.13,3.87,24,16381.5,-0.0713617,28.0873,13.0668,121.626,0.0297584,7.62219,499.988,-1.61432,-1.76739,-4.60997,-0.677862,0.197765,67.0946,1916.96,134.947,14081.1,11954.8,-2.03679,-2.18987,-5.45492,-1.10034,-0.224712,0.504397,1844.5,131.989,14008.7,0.202048,0.888709,0.0170602,9129.01,-6.61622e-05,0.0933207,13.6788,32.1501,124.421,108,1.05989,12.844,11.7999,120.848,136.872,3.57246,-28.8723 
25,0.09,3.91,25,15643.3,-0.0933303,26.8636,13.0429,121.611,0.148205,51.8389,127.264,2.90509,0.272888,-3.61246,1.4426,0.273108,90.3316,1881.64,112.209,13460.9,11656.2,2.33629,-0.295906,-4.75005,0.873808,-0.295685,-1.22846,1784.09,108.228,13363.4,0.204292,0.904029,0.0146996,8733.06,-0.000185087,0.08353,14.0195,35.6161,124.198,108,1.02771,12.7833,11.6135,120.874,137.288,3.32431,-29.2882 
26,0.17,3.83,26,17301.8,-0.0870725,29.8086,12.939,121.731,0.0208395,10.158,6.48395,2.74812,-2.96337,3.18178,2.00955,1.08579,-29.693,1917.96,143.273,14942.9,12562.5,2.93509,-2.7764,3.55572,2.19652,1.27276,0.505029,1950.03,144.582,14975,0.20027,0.885151,0.0174745,9737.03,-8.1432e-05,0.0953406,13.4398,32.5305,124.411,108,1.14157,12.9052,11.64,120.965,137.111,3.44589,-29.1113 
27,0.41,3.59,27,16159.6,-0.115657,27.5022,13.2399,121.788,0.0360533,50.6026,335.992,0.183906,0.097094,0.129294,-0.378552,-1.43593,33.4354,1920.45,115.675,13968.3,11912.9,-0.0266284,-0.11344,-0.291774,-0.589086,-1.64646,0.890614,1884.34,114.201,13932.2,0.206411,0.90411,0.0148751,9129.06,-0.000227421,0.0838471,14.1856,34.8995,124.69,108,1.03514,12.9684,11.8954,121.02,137.604,3.66973,-29.6038 
28,0.23,3.77,28,16127,0.036925,27.048,13.1938,121.712,-0.079184,-2.40604,500,-1.43142,-3.42945,-2.24036,-1.43714,0.457086,29.8361,1818.98,126.835,13817.7,11623.4,-1.61929,-3.61732,-2.6161,-1.62501,0.269216,0.715904,1786.76,125.52,13785.5,0.199522,0.890521,0.0164962,8955.2,-7.57008e-05,0.0803033,13.958,35.3532,124.632,108,1.00523,13.1029,12.0763,120.912,137.554,3.72079,-29.554 
29,0.15,3.85,29,15678.9,-0.0912077,26.6789,13.1532,121.708,-0.0209667,39.2885,144.921,-2.80325,-1.65283,-2.23195,-1.88204,-0.0492781,44.1227,1863.93,112.536,13540,11450.2,-3.08108,-1.93066,-2.78761,-2.15987,-0.327107,0.728998,1816.28,110.591,13492.4,0.20564,0.903705,0.0148744,8832.33,-0.000116543,0.0825195,14.0653,33.9745,124.201,108,1.02635,12.8635,11.6895,121.019,136.955,3.18174,-28.9548 
30,0.21,3.79,30,16931,-0.075232,28.9997,12.9759,121.647,0.0370238,20.3783,497.739,-4.04048,1.73588,-3.12509,0.327842,1.77378,45.5692,1839.93,104.925,14745.1,12274.3,-4.32742,1.44895,-3.69897,0.0409052,1.48685,0.267486,1790.72,102.916,14695.8,0.189845,0.908615,0.0127361,9432.56,-0.000167805,0.0803215,13.8099,35.9308,124.596,108,1.11295,12.8533,11.8815,120.94,137.704,3.65666,-29.7043 
31,0.03,3.97,31,17009.7,-0.104795,28.9071,-13.1927,121.662,0.0335733,53.0607,37.0746,-0.947728,-1.03637,-1.79013,2.88336,-2.36285,37.6324,1811.34,103.315,14860.3,12472.6,-1.18469,-1.27333,-2.26405,2.6464,-2.59981,0.51576,1770.7,101.656,14819.7,0.186843,0.908704,0.0124783,9476.95,-0.000208987,0.0790914,13.8911,37.2478,124.602,108,1.10441,12.9882,11.8817,120.932,136.495,3.66961,-28.4947 
32,0.31,3.69,32,16985.2,-0.0670107,28.6207,-13.1563,121.875,0.0255633,-14.1759,348.636,0.0554149,1.59373,-6.81863,-5.41602,2.0002,49.2076,2014.45,108.555,14553,12269.5,-0.254432,1.28389,-7.43832,-5.72587,1.69035,0.287816,1961.31,106.386,14499.9,0.206427,0.913305,0.0133354,9501.25,-0.000145366,0.0834622,14.0834,38.6956,124.729,108,1.10202,12.9306,11.5575,121.033,136.653,3.69642,-28.6529 
33,0.35,3.65,33,15642.2,-0.0545021,26.8749,12.9853,121.647,-0.0251119,31.7467,7.33471e-12,-0.071714,-1.75277,-2.22364,1.003,-3.11821,18.9181,1812.17,95.6843,13573.8,11386.3,-0.190836,-1.87189,-2.46189,0.883882,-3.23733,0.642067,1791.74,94.8504,13553.4,0.202696,0.915214,0.0127275,8839.5,-0.00017951,0.0748587,15.3081,28.6779,125.385,102.366,1.07199,12.7214,11.8297,120.926,137.417,4.45897,-35.0511 
34,0.37,3.63,34,16012.8,-0.0633396,27.2027,13.0504,121.644,0.0471338,19.3034,2.47274,-0.901154,-5.41942,0.643301,0.950077,0.0923806,22.7395,1704.42,87.4569,13959.9,11586.2,-1.04434,-5.5626,0.356932,0.806892,-0.0508037,1.06497,1679.86,86.4546,13935.3,0.188194,0.917377,0.0112993,8926.21,-7.6848e-05,0.06642,14.8748,30.3621,125.506,99.2493,1.06987,12.8941,12.1281,120.932,136.059,4.57432,-36.8096 
35,0.29,3.71,35,16183.1,-0.0782855,27.3206,13.1915,121.806,0.303937,100.258,173.281,0.846013,2.75119,-2.06871,1.54933,-1.18178,46.3648,1838.48,115.86,13884.8,12724.2,0.554066,2.45924,-2.65261,1.25738,-1.47372,19.375,1788.42,113.817,13834.7,0.1991,0.899789,0.0149285,8982.48,-0.000127354,0.0771517,14.312,37.8233,124.775,108,1.04473,12.9601,11.6937,121,136.559,3.77548,-28.5585 
36,0.19,3.81,36,18149.1,-0.0199785,30.6949,13.0443,121.919,0.0023184,-8.3686,500,-0.252681,1.453,0.0750943,0.642915,-1.85417,5.33476,1949.5,127.248,15698.5,13034.7,-0.286272,1.41941,0.0079112,0.609324,-1.88776,1.05758,1943.73,127.012,15692.7,0.192374,0.897382,0.0146904,10104,1.53142e-05,0.0950694,13.4853,32.8775,124.776,108,1.18723,12.9864,11.6784,121.105,137.25,3.67082,-29.2496 
37,0.39,3.61,37,16909.3,-0.0632282,28.81,13.0779,121.963,-0.0158523,27.5248,500,-0.694899,0.369566,-3.58972,1.72962,2.74118,52.1908,1810.78,113.947,14707.3,12279.5,-1.02353,0.0409347,-4.24698,1.40099,2.41255,-1.99919,1754.42,111.647,14650.9,0.18718,0.899794,0.0138434,9372.89,-0.000212092,0.0794276,14.0114,37.5066,125.482,108,1.10852,12.9,11.7784,121.048,137.188,4.43367,-29.1876 
38,0.25,3.75,38,17198.4,-0.0337533,29.5328,-12.9376,121.897,0.00731809,-29.0287,500,-1.16069,2.13244,-10.1251,-3.19556,-1.02518,84.8163,2063.36,160.752,14636.9,12445,-1.69476,1.59837,-11.1933,-3.72962,-1.55924,0.324833,1971.77,157.013,14545.3,0.206786,0.877691,0.0194974,9535.32,-2.80968e-05,0.105579,13.292,34.0113,124.602,108,1.07492,12.828,11.852,121.048,136.039,3.55325,-28.0389 
39,0.27,3.73,39,17659.3,-0.095185,30.1826,13.0665,121.769,-0.0837675,114.397,281.745,0.68408,1.03935,-2.60149,-2.38767,-3.60198,32.2045,1924.44,108.945,15362.1,13150.4,0.481297,0.836563,-3.00705,-2.59045,-3.80477,0.628043,1889.66,107.525,15327.3,0.191652,0.90944,0.012758,9859.86,-0.00021112,0.0847185,13.6487,37.7595,124.7,108,1.13343,13.0058,11.9182,120.966,137.008,3.7337,-29.0076 
40,0.33,3.67,40,16967.6,-0.00875984,29.3872,12.8265,121.86,0.00828026,-1.73106,3.27005e-11,-2.88827,-0.690389,1.02428,-0.130054,3.03939,14.2374,1825.75,95.0442,14883.6,12271,-2.97792,-0.780038,0.844987,-0.219703,2.94974,5.61893,1810.38,94.4166,14868.3,0.18973,0.916365,0.0115625,9541.87,-0.000241235,0.0787035,13.4941,38.0411,124.786,108,1.15262,12.7154,11.66,121.048,136.941,3.73812,-28.941 
41,0.05,3.95,41,16057.9,-0.125492,27.5416,13.1968,121.656,-0.0367313,41.6469,165.354,-1.2282,-1.9548,-1.20122,0.789367,-0.59136,12.3968,1729.16,88.3959,14030.7,11881.7,-1.30626,-2.03286,-1.35733,0.711308,-0.669419,0.708387,1715.77,87.8495,14017.3,0.19054,0.917766,0.0114131,9004.77,-0.000278746,0.0751661,13.3895,38.2551,125.2,108,1.07676,12.9919,11.5919,120.764,136.952,4.43642,-28.9522 
42,0.01,3.99,42,17649,-0.0313191,29.7935,13.1549,122.177,-0.0313144,38.3252,500,-0.952016,-2.10272,-5.74266,-1.00257,-1.49317,53.9581,2041.93,119.013,15155.8,12797.7,-1.29178,-2.44248,-6.42218,-1.34233,-1.83293,0.518277,1983.66,116.635,15097.6,0.201707,0.906704,0.0140314,9834.4,-0.000158619,0.0877583,13.7647,36.8692,124.995,108,1.15835,13.0288,11.5265,121.289,137.542,3.70637,-29.5425 
43,0.11,3.89,43,15936,-0.0518698,27.4705,13.0466,121.65,-0.0462827,35.7939,500,0.643306,-0.135922,-1.01739,-3.96559,-2.9942,29.9542,1832.34,94.2757,13799.6,11720.9,0.454693,-0.324535,-1.39462,-4.1542,-3.18282,0.837863,1799.99,92.9554,13767.2,0.200916,0.917117,0.012285,8958.94,-0.000246395,0.0811396,13.5622,37.0703,125.186,108,1.02858,12.8788,11.9218,120.732,136.601,4.45404,-28.6014 
44,0.07,3.93,44,15194.2,-0.107932,25.8145,13.2592,121.737,-0.067152,85.4441,102.303,4.14605,4.08526,-4.35478,0.0706768,-1.6427,65.7244,1836.47,106.763,12984.4,11329.1,3.7322,3.67141,-5.18248,-0.343172,-2.05655,-28.0185,1765.49,103.866,12913.5,0.208183,0.906656,0.0146002,8480.49,-0.000252882,0.0771928,13.6644,40.212,125.249,108,0.974432,12.9969,11.6313,120.723,136.514,4.52526,-28.5139 
45,0.13,3.87,45,17607,-0.0785216,30.0819,13.0096,122.053,0.0385546,20.2638,420.997,5.93362,6.48296,-1.75481,3.70162,-1.12559,3.19652,1963.99,117.592,15146,12765.3,5.9135,6.46283,-1.79507,3.68149,-1.14572,1.13685,1960.54,117.451,15142.6,0.19935,0.90511,0.0140868,9834.67,-0.000185451,0.0855491,13.3241,41.0468,124.858,108,1.13159,13.0039,11.6595,121.163,136.969,3.69497,-28.9685 
46,0.09,3.91,46,15594.8,-0.132183,26.9135,-13.1433,122.013,-0.164527,218.612,35.5725,2.73915,-4.87035,-1.17054,0.538852,2.81896,73.1926,1661.66,91.8308,13712.6,12686,2.27828,-5.33122,-2.09229,0.0779774,2.35808,0.227702,1582.62,88.6047,13633.6,0.182496,0.910767,0.0118302,8672.09,-0.000324111,0.0721933,13.5389,39.1898,124.815,108,1.03834,12.9423,11.7062,121.127,136.972,3.68813,-28.9716 
47,0.17,3.83,47,17649.6,0.00715183,30.5079,12.8897,121.878,0.00165622,-26.5286,1.20947e-10,2.64612,2.33952,-5.47676,-0.202902,-1.75456,30.8873,1971.59,110.085,15332.7,12802.6,2.45163,2.14503,-5.86574,-0.397392,-1.94905,-0.622379,1938.23,108.723,15299.4,0.195902,0.91061,0.0129216,9893.9,-0.000260055,0.0890214,13.1192,39.1454,125.006,108,1.17031,12.7985,11.6297,120.979,135.649,4.02687,-27.6487 
48,0.41,3.59,48,16183.9,-0.0608088,27.5295,13.0542,121.7,0.00350357,26.617,500,-2.33803,-1.73097,1.3099,-4.79731,-0.245461,81.4976,1804.15,85.0436,13956.9,11701.9,-2.8512,-2.24414,0.283566,-5.31048,-0.75863,1.02606,1716.14,81.4514,13868.9,0.19222,0.923311,0.0107028,8927.96,-3.31692e-05,0.0745009,14.3508,36.6816,124.895,108,1.06772,12.7867,11.6884,120.913,136.7,3.98128,-28.7001 
49,0.23,3.77,49,15929.6,-0.0804123,26.7345,13.2837,121.957,0.0446602,-3.37023,491.165,1.23899,-0.963028,-2.87696,-3.01642,1.47427,50.8847,1616.79,90.7515,13909.9,11565.6,0.918586,-1.28344,-3.51778,-3.33683,1.15387,0.420043,1561.84,88.5087,13854.9,0.178162,0.909776,0.011631,8766.39,-0.000119527,0.0634484,14.0244,40.8689,125.763,108,1.04769,12.9598,11.8219,121.095,136.774,4.66748,-28.7742 
50,0.15,3.85,50,15925.6,-0.0350602,27.4727,12.7364,122.086,-0.0422164,256.711,479,2.53862,-0.520664,2.03534,-0.128292,2.79667,25.3315,1856.98,132.321,13527.3,11743.3,2.37911,-0.68017,1.71632,-0.287797,2.63716,0.702267,1829.63,131.205,13499.9,0.206747,0.888498,0.0175883,8849.6,9.53877e-05,0.0913402,13.1245,33.3406,125.019,108,1.05274,12.614,11.5877,121.19,136.82,3.82861,-28.8204 
51,0.21,3.79,51,17944.9,-0.0985406,30.8818,12.9839,122.124,0.0579131,27.6181,35.5688,-1.20099,0.771649,2.1911,0.996245,-1.96354,26.512,1957.16,117.24,15521.9,13104.8,-1.36793,0.60471,1.85723,0.829306,-2.13048,9.96516,1928.53,116.072,15493.3,0.193141,0.90471,0.0136127,9985.05,-0.000226491,0.0859199,13.4861,41.0927,125.1,108,1.16656,12.7645,11.7829,121.217,136.282,3.88285,-28.2818 
52,0.03,3.97,52,16106.3,-0.0810443,27.8359,12.988,121.698,-0.0401749,-365.665,500,3.44662,-2.52324,-2.52567,-5.05891,-3.87868,33.9396,1791.95,108.004,13998.6,12247.3,3.23291,-2.73695,-2.95309,-5.27262,-4.09239,0.750207,1755.3,106.508,13962,0.194697,0.904007,0.0138576,9015.52,-0.000217799,0.0830441,13.5968,34.9979,124.834,108,1.08093,12.8677,11.5673,120.953,137.323,3.8807,-29.3229 
53,0.31,3.69,53,16114.7,-0.0866964,27.5654,13.055,121.881,0.0196772,41.0343,161.1,-0.513628,1.52811,-2.50391,-3.0201,-2.78815,-23.9201,1773.95,103.772,13931.3,11741.1,-0.36301,1.67873,-2.20267,-2.86948,-2.63753,0.655508,1799.78,104.826,13957.1,0.198707,0.907501,0.0136465,9057.48,-6.45843e-05,0.077287,14.0334,34.3336,125.049,108,1.08408,12.7314,11.6756,121.083,137.824,3.96619,-29.8244 
54,0.35,3.65,54,17147.3,-0.0654622,29.0938,13.0574,121.844,0.0165915,34.8363,62.7326,-0.793029,-0.61658,2.03955,-0.94467,-0.644746,43.9014,1934.97,103.896,14741.8,12385.4,-1.06946,-0.893015,1.48668,-1.2211,-0.921181,1.56785,1887.56,101.961,14694.4,0.198093,0.913634,0.0126206,9528.65,-5.82809e-05,0.0869791,13.8647,35.7389,125.003,108,1.10457,12.9045,11.7758,121.056,136.61,3.9466,-28.6103 
55,0.37,3.63,55,16017.5,-0.0126567,27.7121,12.7424,121.915,-0.0548244,16.5297,500,1.33903,-0.74433,2.49656,-6.14638,3.39423,36.8182,1580.94,64.5795,13933.7,11524.7,1.1072,-0.976164,2.03289,-6.37822,3.1624,2.9326,1541.18,62.9566,13893.9,0.175813,0.933283,0.0082779,8766.03,5.75577e-05,0.0598208,15.2636,30.0062,125.709,98.2596,1.12966,12.6521,11.7612,121.326,136.286,4.38294,-38.0263 
56,0.29,3.71,56,17491.2,-0.0263208,29.9167,12.9673,121.711,-0.0261828,-0.497206,500,-2.43598,-2.63626,-3.22805,-2.11569,-0.0596754,17.784,1916.89,94.6603,15233.6,12629.1,-2.54796,-2.74824,-3.45201,-2.22767,-0.171657,0.690335,1897.68,93.8764,15214.4,0.193461,0.920327,0.0112385,9809.15,-0.000324526,0.0746741,14.2408,41.9026,125.235,108,1.16565,12.7691,11.7112,120.868,136.746,4.36662,-28.7465 
57,0.19,3.81,57,17545.6,-0.0169425,29.6558,13.018,122.396,-0.0223866,-1.12476,500,1.56598,-1.75857,1.14966,-2.8122,-0.0497234,21.7178,1924.04,121.482,15026.4,12568.3,1.42923,-1.89532,0.876157,-2.94895,-0.186475,1.32148,1900.58,120.525,15003,0.195893,0.90011,0.0145825,9702.14,-2.22706e-05,0.087494,13.5459,38.1106,125.623,108,1.1346,12.8702,11.6531,121.38,136.286,4.24268,-28.2858 
58,0.39,3.61,58,16747.4,-0.103222,28.5608,-13.1468,121.803,0.0479613,37.3798,183.791,-0.156592,-3.04992,-2.66078,-2.43884,0.846039,30.0983,1786.68,90.7489,14602,12281.6,-0.346113,-3.23944,-3.03982,-2.62836,0.656518,0.646417,1754.18,89.4223,14569.5,0.188009,0.918097,0.0111798,9330.33,-0.000204049,0.0755132,14.4469,37.6945,124.764,108,1.09347,12.9196,11.8178,121.052,136.831,3.71269,-28.831 
59,0.25,3.75,59,16356.9,-0.089745,27.7599,13.1655,121.992,0.0506809,-4.89258,284.119,-2.10971,-1.33883,-5.80712,2.28088,-0.128273,28.5504,1803.76,101.547,14096,11905.4,-2.28949,-1.51861,-6.16667,2.1011,-0.308047,0.246286,1772.93,100.288,14065.1,0.195111,0.909925,0.0129644,9086.81,-0.000153557,0.0775599,13.6402,39.4279,125.141,108,1.06184,12.9909,11.6626,121.055,136.915,4.08576,-28.9146 
60,0.27,3.73,60,17967.4,-0.000143307,30.0132,13.1424,121.994,-0.00201632,-17.3307,499.996,6.48105,-2.83339,-6.6367,-1.22838,0.846798,67.4128,1923.27,98.8975,15508.8,12841.7,6.05657,-3.25787,-7.48566,-1.65286,0.422318,-0.265003,1850.48,95.9261,15436,0.187348,0.916828,0.0113181,9877.21,-0.000160228,0.0735131,13.8505,43.5676,125.772,108,1.1569,12.9619,11.875,121.019,137.546,4.75356,-29.5456 
61,0.33,3.67,61,16642.4,-0.112265,28.8814,12.9574,121.975,0.0355865,22.956,475.305,-0.861981,-2.84936,-4.31934,-3.29928,-4.77234,3.84301,1696.23,75.9111,14733,12209,-0.886179,-2.87356,-4.36774,-3.32348,-4.79654,0.731175,1692.08,75.7417,14728.8,0.180951,0.927356,0.00938397,9351.08,-0.000327198,0.0777209,13.1816,38.7708,126.125,108,1.12993,12.7167,11.7461,120.965,136.4,5.16059,-28.4004 
62,0.05,3.95,62,15173.5,-0.0937739,26.3217,12.9256,121.764,-0.0676298,-48.8699,490.064,3.25556,-1.71853,-0.464213,4.73179,-1.91582,51.401,1840.46,105.12,13089.7,11183,2.93191,-2.04219,-1.11153,4.40813,-2.23948,1.57094,1784.95,102.855,13034.2,0.208456,0.908396,0.0143281,8562.73,-0.00024438,0.0852121,13.6727,35.6617,124.768,108,1.0036,12.7422,11.5574,120.931,136.086,3.83673,-28.0855 
63,0.01,3.99,63,15714.2,0.0228628,27.2752,12.7749,121.724,0.0255272,-5.39787,500,1.5971,0.294494,-0.205317,-1.229,-2.72048,41.1211,1791.57,106.209,13565.1,11347.3,1.33817,0.0355653,-0.723175,-1.48793,-2.9794,0.810527,1747.16,104.396,13520.7,0.199041,0.905333,0.0140238,8777.91,-0.000148463,0.0768799,14.0015,35.8593,124.944,108,1.06951,12.5526,11.623,121.04,137.588,3.90318,-29.5877 
64,0.11,3.89,64,17629.5,-0.117632,29.8829,13.2595,121.745,-0.0728024,86.145,496.299,-5.01249,0.697845,-6.24029,-2.79071,2.64916,59.2864,2081.38,128.045,15201,13102.8,-5.3858,0.324535,-6.98691,-3.16402,2.27585,0.459901,2017.36,125.432,15136.9,0.204009,0.901869,0.0150351,9888.56,-0.000366816,0.086831,14.5345,39.4946,124.804,108,1.12066,12.9708,11.7849,120.924,136.442,3.88022,-28.4418 
65,0.07,3.93,65,16454.1,-0.0396015,27.7004,13.0648,121.937,-0.0199932,13.8079,336.726,1.96249,-2.84163,-1.43871,-3.06027,-3.20327,45.8623,1921.67,115.257,13865.6,11790,1.6737,-3.13042,-2.01628,-3.34905,-3.49206,0.804513,1872.14,113.236,13816.1,0.206718,0.904283,0.0148733,9056.5,2.95549e-05,0.0825847,13.5549,38.595,125.079,108,1.04328,12.9306,11.7147,121.038,137.524,4.04071,-29.5241 
66,0.13,3.87,66,17723.3,-0.11266,30.0787,13.2237,122.035,-0.144167,196.492,250.03,-2.15564,1.58481,-3.75017,-2.47959,-1.83208,43.4468,2055.86,125.901,15166.9,13870.3,-2.42921,1.31124,-4.29732,-2.75317,-2.10565,0.581733,2008.94,123.986,15120,0.203512,0.902523,0.0148807,9871.34,-0.000176927,0.0911036,14.4772,37.5422,125.042,108,1.13801,12.7606,11.7165,121.194,136.392,3.84829,-28.3921 
67,0.09,3.91,67,14518.6,-0.0105789,25.2353,12.8102,121.672,-0.00591203,15.1519,5.09146e-11,-0.0390068,-2.88451,-0.165198,0.215294,0.374052,-18.7484,1864.01,90.9857,12371.6,10526.4,0.0790468,-2.76646,0.0709092,0.333348,0.492106,1.03959,1884.26,91.8121,12391.8,0.226256,0.921429,0.0134646,8327.99,-0.000175414,0.0870493,13.3207,34.6924,124.755,108,0.943538,12.7534,11.6455,120.803,136.558,3.95148,-28.558 
68,0.17,3.83,68,16202.7,0.00393797,27.5936,12.8746,121.847,-0.0422919,-1.15817,500,-1.63566,1.74597,-1.78579,-0.0246437,1.99265,15.3293,1875.5,135.504,13824.8,11566.3,-1.73219,1.64944,-1.97884,-0.121168,1.89613,-5.90404,1858.95,134.828,13808.2,0.205653,0.887369,0.0176691,9039.23,0.000109483,0.0977609,13.1635,31.2407,124.651,108,1.02872,12.8444,11.87,121.018,136.632,3.63324,-28.6324 
69,0.41,3.59,69,16053.9,-0.0671485,27.387,13.0099,121.981,-0.0213593,3.43766,2.87014,0.721764,-4.13791,-5.89597,-2.22056,-1.80335,-17.6571,1997.18,126.504,13630.3,11601.2,0.832946,-4.02673,-5.67361,-2.10938,-1.69216,0.552164,2016.24,127.282,13649.3,0.221227,0.900516,0.0168879,9113.89,-3.56768e-05,0.0974506,13.5703,33.9708,124.48,108,1.0008,12.9295,11.7709,121.102,137.006,3.37736,-29.0061 
70,0.23,3.77,70,14338.5,-0.0628199,24.4704,13.0188,121.745,0.0555442,39.1796,271.468,-1.90622,-1.18686,-3.40645,-1.69677,-1.7629,15.4633,1623.72,79.9018,12303.6,10441.6,-2.00359,-1.28423,-3.60119,-1.79413,-1.86027,0.658442,1607.02,79.2202,12286.9,0.200972,0.920583,0.0117376,7996.23,-0.000146667,0.0657087,14.0869,40.9044,125.257,108,0.966277,12.7308,11.3726,120.835,136.529,4.42268,-28.5288 
71,0.15,3.85,71,16835,-0.0570837,28.9565,12.8522,121.76,0.0607432,-6.07794,258.29,-1.23458,5.01315,-0.621974,-5.55054,1.46672,12.1526,1892.5,108.682,14533.2,12126.9,-1.3111,4.93663,-0.775017,-5.62706,1.3902,0.44097,1879.38,108.146,14520,0.199302,0.908512,0.0135344,9429.79,-0.000138416,0.0883849,13.0566,36.5443,124.861,108,1.10609,12.8669,11.6684,120.909,136.597,3.95224,-28.597 
72,0.21,3.79,72,16245.4,-0.00950224,28.2887,12.9321,121.646,-0.0366829,-15.1232,0.319529,4.13679,-0.323976,-2.28185,-0.260974,1.09963,26.055,1804.36,104.281,14388.2,11927.1,3.97273,-0.488038,-2.60998,-0.425035,0.935571,2.88412,1776.22,103.133,14360,0.19216,0.907762,0.0130571,9243.45,-0.000436386,0.0813741,13.3764,36.2703,124.909,108,1.12398,12.839,11.4801,120.827,136.55,4.08242,-28.5498 
73,0.03,3.97,73,17514,-0.0512978,29.8152,13.094,121.658,-0.0167646,23.5657,500,-4.05544,-1.7461,-8.61656,-5.26411,-2.41759,41.5052,2043.45,137.355,15085.4,12721.7,-4.31679,-2.00744,-9.13926,-5.52546,-2.67894,0.613854,1998.63,135.525,15040.6,0.203531,0.893922,0.0163275,9819.75,-0.000234182,0.0973401,13.7124,35.7734,124.701,108,1.10527,12.9996,11.8414,120.771,137.156,3.93035,-29.1562 
74,0.31,3.69,74,17717.5,-0.145019,30.2935,13.2469,121.664,-0.123437,165.587,496.895,-1.48247,-0.555394,-0.755195,-2.03576,-0.641068,84.7263,2122.98,130.34,15354.5,13728.9,-2.01597,-1.08889,-1.82219,-2.56925,-1.17457,0.789849,2031.49,126.605,15263,0.203796,0.901662,0.0150501,9968.24,-0.000425107,0.0984665,14.1275,37.1013,124.664,108,1.11684,12.9853,11.8201,120.713,136.4,3.95156,-28.3998 
75,0.35,3.65,75,13768.1,0.0496639,24.3759,12.8973,121.337,-0.0182463,-17.2218,500,0.449711,-5.83198,-5.24714,-4.5264,1.00903,105.405,1580.59,82.0502,12289.4,10244.4,-0.213998,-6.49568,-6.57455,-5.19011,0.345325,0.637346,1466.77,77.4042,12175.5,0.188094,0.915457,0.0115754,7798.05,-0.000586987,0.0692617,13.7038,39.2464,124.308,108,0.940106,12.8085,11.5959,120.591,136.208,3.71655,-28.2084 
76,0.37,3.63,76,17242.3,-0.0868238,30.0479,13.0596,121.477,1.58041,505.232,294.984,-1.67007,-5.1156,-2.95705,-2.09047,1.73635,71.9888,1941.58,122.286,15167.6,38767.3,-2.12336,-5.56889,-3.86364,-2.54376,1.28306,0.698544,1863.84,119.113,15089.9,0.191939,0.899412,0.0143324,9710.59,-0.000468796,0.0858094,14.0949,37.807,124.54,108,1.14749,12.7578,11.7552,120.639,136.04,3.90105,-28.0396 
77,0.29,3.71,77,16960.9,-0.162296,29.4406,13.139,121.762,-0.0990644,56.2081,23.6089,-2.96647,-3.27636,-5.76619,-0.735018,-2.67085,55.232,2087.1,143.009,14672.2,12773.5,-3.31426,-3.62414,-6.46175,-1.0828,-3.01863,0.63079,2027.46,140.575,14612.5,0.210624,0.891793,0.0174128,9625.97,-0.000306422,0.100925,13.5966,35.2652,124.796,108,1.05302,12.882,12.0691,120.843,136.11,3.95347,-28.1103 
78,0.19,3.81,78,16804.1,-0.0148187,29.131,12.9039,121.72,0.0105845,-14.3032,500,-4.78156,2.51834,-1.94891,1.26033,3.37549,75.438,1883.52,91.4571,14783.7,12241.9,-5.25657,2.04333,-2.89893,0.78532,2.90047,-0.194756,1802.05,88.132,14702.2,0.19075,0.921161,0.0109218,9447.2,-0.00022542,0.0745057,15.0346,28.649,125.197,99.045,1.16715,12.7805,11.8641,121.071,136.156,4.12634,-37.1108 
79,0.39,3.61,79,17410.5,-0.025297,29.3894,13.1203,121.501,0.00554864,12.4407,499.963,-7.42562,-0.326858,-1.08138,-0.213475,-0.131452,59.2179,1888.38,122.614,15029.9,12554.7,-7.7985,-0.699737,-1.82714,-0.586354,-0.504331,0.83995,1824.43,120.004,14966,0.189912,0.896774,0.0145558,9606.74,7.88107e-06,0.0854445,13.7236,36.1423,124.674,108,1.10147,12.9691,11.962,120.577,135.793,4.09689,-27.7929 
80,0.25,3.75,80,14889.9,-0.0685273,25.5723,12.9562,121.511,0.081237,73.6436,64.4732,-0.352623,0.578206,-5.87724,-5.46796,-0.535774,30.7175,1850.28,128.371,12696.8,10980.3,-0.546043,0.384787,-6.26408,-5.66138,-0.729193,0.511226,1817.11,127.017,12663.6,0.216266,0.891007,0.0181412,8402.19,4.09947e-05,0.0919931,13.5673,31.3577,123.756,108,0.949889,12.74,11.7975,120.858,136.127,2.89772,-28.1268 
81,0.27,3.73,81,15607.6,-0.0424727,26.4605,13.1484,121.274,-0.00474668,24.3251,500,-3.94404,-0.437014,-2.77805,-5.61518,-1.08957,14.9303,1860.22,131.395,13333.4,11329.5,-4.03805,-0.531026,-2.96608,-5.70919,-1.18358,0.794421,1844.09,130.737,13317.3,0.210295,0.889628,0.0177628,8769.1,1.09953e-05,0.0932181,14.0881,31.7777,123.898,108,0.995048,12.7336,11.79,120.526,136.266,3.37166,-28.2657 
82,0.33,3.67,82,17445,-0.055597,30.1507,-12.8463,121.768,0.0601961,29.0239,500,-0.477387,-2.45477,-5.13461,0.780992,-5.23262,-11.2923,1759.32,119.576,15295.7,12665.6,-0.406283,-2.38366,-4.9924,0.852097,-5.16152,0.587124,1771.52,120.073,15307.9,0.182037,0.893963,0.0142434,9731.63,-0.00016288,0.0764255,13.5167,38.6753,125.284,108,1.17628,12.7097,11.7793,120.907,136.733,4.37739,-28.733 
83,0.05,3.95,83,18510.2,-0.0926252,31.3234,-13.1714,121.782,0.006107,27.7543,499.998,-3.90912,-2.18365,1.2996,0.791185,-3.46361,40.2821,2199.75,145.949,15851.6,13436.1,-4.16277,-2.4373,0.792306,0.537539,-3.71726,1.08816,2156.25,144.174,15808.1,0.207802,0.895247,0.0165228,10376.5,-0.000134476,0.101402,14.0187,35.5574,124.306,108,1.16007,12.9584,11.8519,120.987,136.444,3.31935,-28.4441 
84,0.01,3.99,84,16570.9,0.0116608,28.4123,-12.89,121.55,0.00237417,-17.9233,500,-4.16747,-5.37935,-1.07373,-2.96215,-1.79965,-23.0224,1990.77,136.411,14134.3,11923.5,-4.02251,-5.23438,-0.783801,-2.81718,-1.65468,0.945992,2015.63,137.426,14159.1,0.214923,0.893403,0.017565,9378.39,3.12151e-05,0.0979289,13.8427,32.4773,124.218,108,1.06328,12.7014,11.7448,120.822,136.461,3.39548,-28.4611 
85,0.11,3.89,85,15689.5,-0.0842806,26.4961,13.223,121.52,0.0302066,10.5693,305.282,-5.36864,-1.94078,-1.44835,-3.88131,0.260104,23.832,1790.12,105.778,13470.9,11415.7,-5.5187,-2.09084,-1.74848,-4.03137,0.11004,0.868331,1764.38,104.728,13445.2,0.201508,0.9059,0.0141456,8755.89,-7.82152e-06,0.0788851,13.9396,36.4466,124.811,108,1.01616,12.8383,11.6749,120.718,135.991,4.09312,-27.9909 
86,0.07,3.93,86,15843.6,-0.0289349,26.6226,13.0502,121.69,0.053255,1.60876,470.761,1.72705,1.76916,-1.52081,-2.2424,-0.365474,-18.6244,1856.83,94.9275,13437.6,11312.7,1.84433,1.88644,-1.28626,-2.12512,-0.248202,19.072,1876.94,95.7484,13457.7,0.211488,0.918044,0.0129366,8874.94,4.44421e-05,0.0766311,14.049,39.3653,124.738,108,1.02792,12.7377,11.5457,120.838,136.353,3.89971,-28.353 
87,0.13,3.87,87,15493.6,-0.0379653,26.2146,13.0023,121.713,-0.00471231,15.6864,0.004896,0.618779,-2.1106,-5.62373,1.36427,-3.06562,-6.04445,1659.74,73.343,13438.5,11098.2,0.656839,-2.07254,-5.54761,1.40233,-3.02756,0.354068,1666.27,73.6094,13445,0.192462,0.928239,0.00998457,8657.66,4.93254e-05,0.0638897,15.8735,25.5212,125.999,97.3305,1.04703,12.8363,12.1509,121.071,136.203,4.92826,-38.8726 
88,0.09,3.91,88,15602.5,-0.0576012,26.522,13.0247,121.45,-0.084905,108.303,37.1629,-3.71035,2.69265,-0.657398,-0.85902,1.66306,32.5636,1772.98,99.7947,13323.5,11544.6,-3.9154,2.48761,-1.06749,-1.06406,1.45802,0.491993,1737.81,98.3594,13288.3,0.200956,0.909877,0.0134517,8647.74,-2.73196e-05,0.0782304,13.4262,38.7988,124.184,108,0.997702,12.836,11.7784,120.678,135.731,3.50566,-27.7308 
89,0.17,3.83,89,16199.2,-0.100209,28.0356,12.9562,121.81,0.0511612,-6.63112,378.179,-6.18648,0.903368,-8.75232,0.165177,-0.762327,19.5712,1680.03,108.25,14152.2,11835.5,-6.30972,0.780134,-8.99879,0.0419418,-0.885562,0.414598,1658.9,107.388,14131.1,0.184177,0.898243,0.0138056,9007.06,-0.000195412,0.0765823,13.5919,38.1898,124.751,108,1.07553,12.6735,11.8471,120.946,136.335,3.80533,-28.3346 
90,0.41,3.59,90,15858.6,-0.0732587,26.6788,13.2233,121.59,0.0456186,-70.1487,20.6347,-0.141111,0.0187204,-5.6351,2.14909,1.21404,58.9287,1755.15,93.8444,13653.4,11588.3,-0.512169,-0.352338,-6.37721,1.77804,0.842981,-0.380139,1691.52,91.2469,13589.7,0.193136,0.913741,0.0122175,8758.18,-0.000116761,0.0749796,14.0495,38.6555,125.011,108,1.01802,13.0028,11.7285,120.741,136.121,4.26953,-28.121 
91,0.23,3.77,91,16647.5,-0.139027,28.4733,13.2536,121.657,0.030121,-19.8958,467.286,-4.81508,-0.589604,1.04106,0.152562,3.05765,21.7036,1914.61,113.412,14392,12304.3,-4.95174,-0.726266,0.767733,0.0159003,2.92099,1.38904,1891.17,112.456,14368.5,0.201987,0.905747,0.0142124,9362.81,-0.000282056,0.0869863,13.8271,38.8156,124.877,108,1.03917,13.0042,11.9324,120.657,135.865,4.21973,-27.8646 
92,0.15,3.85,92,16434.8,-0.0649638,28.3581,12.88,121.684,0.00694951,7.47395,500,-1.49164,-3.50815,1.4626,-2.04104,-1.28626,37.0456,1881.08,103.773,14139.1,11891.9,-1.7249,-3.74142,0.996068,-2.27431,-1.51952,1.12053,1841.07,102.14,14099.1,0.200715,0.911504,0.0131693,9172.6,-0.000107329,0.0865962,13.5628,35.1337,124.411,108,1.08907,12.7794,11.6138,120.908,136.634,3.50339,-28.6344 
93,0.21,3.79,93,15052.8,-0.0886977,26.0938,12.916,121.978,0.0103905,-5.42109,453.852,-1.91574,0.38685,-5.40667,-0.196995,-6.74055,7.64284,1693.05,108.316,13026.4,10973.2,-1.96387,0.338725,-5.50292,-0.24512,-6.78868,0.611427,1684.79,107.979,13018.2,0.199284,0.899153,0.0150494,8454.23,8.01806e-06,0.0852638,13.0766,31.5949,125.019,108,0.98864,12.7351,11.8451,121.149,137.126,3.86967,-29.1259 
94,0.03,3.97,94,16095.2,-0.00748592,27.7385,12.8223,122.055,0.00437898,-19.1712,500,-1.39686,-2.0738,-3.89939,-0.642027,0.548937,39.7086,1819.66,116.331,13822.8,11581,-1.6469,-2.32383,-4.39945,-0.892061,0.298903,0.509173,1776.78,114.581,13780,0.198692,0.898591,0.0150861,8942.36,-1.04739e-05,0.092533,12.7663,34.3071,124.922,108,1.0657,12.7975,11.5019,121.154,136.434,3.76771,-28.4343 
95,0.31,3.69,95,17113.6,-0.0743503,29.2531,12.9957,121.791,0.0256592,-8.82983,483.177,-0.0889703,1.25174,-0.135274,7.82597,-5.22285,28.4372,2041.68,123.272,14571.4,12383,-0.268031,1.07268,-0.493396,7.64691,-5.40191,1.19302,2010.97,122.018,14540.6,0.210087,0.904009,0.0152228,9572.11,-2.34707e-05,0.0931932,13.7422,34.6647,124.642,108,1.09211,12.787,11.8626,120.998,136.588,3.64349,-28.5876 
96,0.35,3.65,96,16893.5,-0.00568454,28.5883,-13.0082,121.662,-0.00282941,-2.57301,5.09566e-11,-3.75878,0.566331,-3.73065,-0.268299,2.61667,66.878,1954.49,115.1,14375.5,12106.2,-4.17989,0.145218,-4.57288,-0.689412,2.19556,0.35606,1882.27,112.152,14303.2,0.201961,0.905575,0.0142384,9319.95,4.51416e-05,0.0907795,13.894,36.0263,124.408,108,1.0887,12.7294,11.6149,120.801,135.487,3.60693,-27.4869 
97,0.37,3.63,97,16061.2,0.0491911,27.8064,12.7892,121.564,-0.0613298,-17.1439,438.684,4.60036,-0.136774,1.27994,2.43297,0.097138,14.4005,1802.2,102.637,13888.8,11610.8,4.50968,-0.227451,1.09859,2.34229,0.00646178,0.857872,1786.65,102.002,13873.3,0.198499,0.909165,0.0133629,9000.76,-0.000124488,0.0854159,13.673,35.2562,124.134,108,1.07592,12.7127,11.5065,120.873,136.167,3.26113,-28.1674 
98,0.29,3.71,98,14677.4,-0.108534,25.1215,13.181,121.709,-0.00103675,-402.927,7.90785,-0.99664,-1.69083,3.71453,-1.90536,4.84309,3.12398,1764.07,115.967,12602.7,10792.9,-1.01631,-1.7105,3.67519,-1.92503,4.82341,0.0446009,1760.69,115.829,12599.3,0.211816,0.89676,0.016653,8312.35,-9.77544e-05,0.0895689,13.0612,33.7407,124.733,108,0.928197,12.9718,11.7735,120.753,136.274,3.98019,-28.2744 
99,0.19,3.81,99,16748.4,-0.0265796,28.8371,-12.9522,121.609,0.0620322,-56.8267,0.917724,-0.305815,2.54575,-3.82154,-2.40737,2.37213,14.1718,1783.34,102.318,14614.5,12273.5,-0.395051,2.45652,-4.00002,-2.4966,2.28289,-0.858521,1768.04,101.693,14599.2,0.188901,0.908549,0.012669,9359.6,-7.60482e-05,0.0886531,13.19,33.2,124.665,108,1.12681,12.8357,11.58,120.728,136.19,3.93741,-28.1897 
100,0.39,3.61,100,16202.4,-0.0842746,27.8698,12.9709,121.812,0.0333366,24.7329,77.3589,-4.24408,2.62633,2.49008,-3.33407,2.91895,-2.91,1726.01,118.322,14009.8,11794.8,-4.22575,2.64466,2.52673,-3.31575,2.93727,-3.45511,1729.15,118.451,14012.9,0.19179,0.892954,0.0153325,9015.87,-1.51498e-05,0.0856791,13.1918,34.1921,124.686,108,1.05352,12.9128,11.7705,120.955,136.056,3.73047,-28.0555 
101,0.25,3.75,101,17573.9,0.00669604,29.9647,-13.1411,121.795,-0.00400804,-12.3118,1.1107e-11,-2.95983,-1.40599,0.131429,-0.0183642,-1.67013,31.3314,1924.11,114.478,15152.7,12820,-3.15712,-1.60328,-0.263141,-0.215649,-1.86742,0.962972,1890.27,113.097,15118.9,0.193833,0.90522,0.0135926,9752.08,-0.000272925,0.08857,13.3442,39.9474,125.085,108,1.1183,13.024,11.8059,120.792,135.804,4.29368,-27.8037 
102,0.27,3.73,102,16006.1,-0.0647791,26.8357,13.1683,121.946,0.00697425,0.096946,7.86819e-11,0.0153009,-1.49456,0.10145,-1.39544,2.99759,37.5072,1659.87,86.7172,13855.4,11503.8,-0.220872,-1.73073,-0.370895,-1.63162,2.76142,0.689029,1619.37,85.064,13814.9,0.183954,0.915813,0.0112154,8803.11,7.76784e-05,0.0682511,14.7769,26.3448,126.262,97.4209,1.06426,13.0148,12.1656,121.204,135.609,5.05817,-38.1885 
103,0.33,3.67,103,17415,-0.0948138,29.3666,13.2474,121.794,-0.108996,57.356,92.1378,-0.25997,-2.74504,-1.8463,0.112179,-0.909704,52.8107,1949.92,112.563,14953.7,12867.8,-0.592505,-3.07757,-2.51137,-0.220355,-1.24224,0.671461,1892.89,110.235,14896.6,0.196375,0.907512,0.0134483,9639.13,-0.000134952,0.0896207,13.8827,37.9057,125.061,108,1.10991,12.9124,11.7319,120.801,135.035,4.25978,-27.035 
104,0.05,3.95,104,15947.5,-0.0349974,27.4162,12.7798,121.798,-0.0303998,53.6119,297.621,-2.07701,1.04907,3.29063,2.08034,-0.673424,51.2003,1747.77,101.827,13616.1,11458.8,-2.3994,0.726674,2.64584,1.75795,-0.995819,-0.524771,1692.48,99.5701,13560.9,0.193556,0.906656,0.0133451,8744.13,-2.06593e-05,0.0816017,12.8126,38.9823,124.834,108,1.02701,12.7992,11.7894,120.915,135.997,3.91862,-27.9968 
105,0.01,3.99,105,17187.4,-0.115695,29.7068,13.0276,121.81,0.0849104,-73.9569,7.14942e-11,0.58194,-3.8532,-2.46829,-0.993003,-3.5542,10.5323,1984.47,129.079,14845.5,12802.8,0.515621,-3.91952,-2.60093,-1.05932,-3.62052,0.756573,1973.09,128.615,14834.2,0.203688,0.897608,0.0157203,9686.86,-0.000298908,0.0875974,13.7592,39.3911,125.081,108,1.10442,12.7768,11.8567,120.849,135.717,4.23155,-27.7167 
106,0.11,3.89,106,15759.9,-0.10143,27.2356,12.9915,121.602,0.0262308,46.8444,44.5954,-1.73873,-0.542277,-0.638717,-3.1186,5.51019,41.5411,1742.09,102.228,13590.8,11558.4,-2.0003,-0.803851,-1.16186,-3.38017,5.24861,0.446092,1697.23,100.397,13546,0.194166,0.906193,0.013469,8741.14,-0.000161096,0.0821061,13.1032,37.726,124.069,108,1.03123,12.9197,11.6181,120.82,135.692,3.24885,-27.6921 
107,0.07,3.93,107,17623.4,-0.126791,29.8345,-13.3131,121.934,0.02534,198.652,179.333,-1.64213,2.79083,-6.30794,-1.20665,0.42815,35.0481,2028.73,87.5844,15218,13093.7,-1.86282,2.57014,-6.74932,-1.42734,0.207462,0.0705825,1990.88,86.0396,15180.2,0.201413,0.929688,0.010333,9884.57,-0.00010089,0.0762088,15.4524,28.916,125.317,96.7875,1.16464,13.0707,12.0429,121.22,135.84,4.09697,-39.0525 
108,0.13,3.87,108,16931.5,-0.0017335,28.9514,13.0865,122.037,-0.00105573,-2.19638,1.92456e-11,3.50593,-0.334975,3.63966,0.685898,-4.08391,27.3587,1893.98,88.3059,14838.4,12333.6,3.33366,-0.507245,3.29512,0.513628,-4.25618,-0.385096,1864.44,87.1,14808.9,0.194922,0.924425,0.0107184,9565.05,-0.000444748,0.0753011,13.7176,43.3989,125.544,108,1.1181,12.8584,11.7452,121.109,136.001,4.43464,-28.0009 
109,0.09,3.91,109,16115.7,-0.06809,27.8795,13.0061,121.902,0.0113432,24.5593,1.79218e-11,-1.38189,-2.62857,-3.41972,1.22348,1.65362,53.2753,1729.93,73.8603,14054.5,11813,-1.71735,-2.96403,-4.09064,0.888018,1.31816,0.376982,1672.4,71.5121,13997,0.186843,0.93038,0.00932374,8950.85,-0.000353524,0.0699757,13.5732,43.931,125.784,108,1.10548,12.6413,11.4996,120.948,135.843,4.83568,-27.8432 
110,0.17,3.83,110,17289.2,-0.0583654,29.5608,12.965,121.77,-0.00362618,78.5115,499.998,-2.02621,2.06968,-4.85054,-2.29483,3.90187,49.0729,1776.9,87.5344,15009.8,12485.5,-2.33521,1.76068,-5.46854,-2.60383,3.59287,-0.0820164,1723.91,85.3714,14956.8,0.181436,0.920248,0.0104051,9501.43,-0.00019535,0.0747385,13.0965,43.4454,125.277,108,1.14906,12.8524,11.6524,120.894,135.578,4.38303,-27.5782 
111,0.41,3.59,111,14923,-0.0591544,25.9033,12.7728,121.775,0.00926515,-23.6566,88.33,-2.42472,0.43455,-3.36824,4.99096,-0.377498,22.6439,1726.56,96.4007,12801.8,10777.6,-2.5673,0.291967,-3.65341,4.84838,-0.52008,-1.28276,1702.11,95.4026,12777.3,0.203935,0.910675,0.0135676,8346.31,-3.59826e-05,0.0855616,12.6461,35.9764,124.616,108,0.962626,12.8048,11.7193,120.886,136.449,3.7297,-28.4486 
112,0.23,3.77,112,17294.1,-0.0725615,29.4455,13.0371,121.666,0.0399692,-4.34464,311.058,-5.53225,-0.643018,-5.64514,-0.530189,0.686242,4.32408,1931.43,119.598,14844.9,12502.3,-5.55948,-0.670245,-5.69959,-0.557416,0.659015,0.518116,1926.76,119.408,14840.2,0.199795,0.902158,0.0146055,9643.66,-0.000159675,0.084539,13.4965,40.4562,124.864,108,1.11359,12.8343,11.755,120.772,135.585,4.0911,-27.5848 
113,0.15,3.85,113,16475.8,-0.137793,29.1886,12.794,121.931,-0.0675939,81.4597,36.4729,-1.4372,0.0231488,-7.05327,-0.583849,2.76203,87.4067,1859.23,110.583,14445.7,12336,-1.98758,-0.527228,-8.15402,-1.13423,2.21165,0.149861,1764.84,106.73,14351.3,0.191258,0.904296,0.0135145,9227.52,-0.000338669,0.0863598,13.6292,35.6786,124.823,108,1.13253,12.5645,11.5689,121.121,135.853,3.7018,-27.8528 
114,0.21,3.79,114,15270.1,-0.0365582,26.8098,12.9213,122.079,-0.00081469,-5.90277,500,-2.44311,-0.792511,2.69775,-2.53572,-1.79701,36.1358,1502.81,70.1535,13679.5,11277.2,-2.67064,-1.02005,2.24267,-2.76326,-2.02455,1.35964,1463.79,68.5608,13640.4,0.171067,0.924243,0.00917401,8556.82,-0.000298196,0.0615009,14.6898,29.1554,125.698,99.7154,1.0873,12.7045,11.9401,121.428,136.233,4.27013,-36.5179 
115,0.03,3.97,115,15692.1,-0.0304435,27.1605,12.8032,121.747,-0.00185423,6.98096,246.834,-0.786114,0.258627,-3.42003,1.76356,-1.07464,23.1254,1839.51,102.693,13375.7,11320.5,-0.931728,0.113012,-3.71126,1.61794,-1.22026,0.101887,1814.54,101.674,13350.8,0.207211,0.910699,0.0138346,8756.94,-4.2335e-05,0.0843146,13.2841,36.2118,124.768,108,1.05608,12.658,11.3958,120.821,135.82,3.94629,-27.8202 
116,0.31,3.69,116,15590.7,-0.0860993,26.8981,12.9532,121.832,0.0344091,39.5064,50.8256,2.58559,-4.30964,0.177421,-6.62374,1.20085,35.9461,1847.6,94.0024,13405.3,11386.4,2.35924,-4.53599,-0.275265,-6.85008,0.974503,0.966945,1808.79,92.418,13366.5,0.206498,0.917924,0.0125764,8759.35,-4.22504e-05,0.0797796,14.362,27.339,125.051,98.7447,1.05238,12.802,11.9002,121.045,134.641,4.00632,-35.8958 
117,0.35,3.65,117,17161,-0.0107401,28.954,13.049,121.796,0.0113652,-30.0483,500,2.22773,-2.41828,0.444099,-1.42402,-0.130498,13.6772,1920.42,112.234,14661.8,12310.5,2.14161,-2.50441,0.271855,-1.51014,-0.21662,1.14956,1905.65,111.632,14647.1,0.200129,0.907018,0.0138451,9522.12,2.46864e-05,0.0876743,13.8606,36.5765,124.887,108,1.09935,12.8001,11.7624,120.873,136.311,4.0142,-28.3106 
118,0.37,3.63,118,15407.1,-0.0572376,26.539,-12.8549,121.717,-0.0105147,21.1844,485.093,-4.1444,2.10636,2.30799,0.684348,2.71121,9.08905,1914.18,123.135,13105.8,11113,-4.20163,2.04913,2.19353,0.627117,2.65398,0.33972,1904.36,122.734,13096,0.218534,0.898645,0.016971,8714.27,-2.03167e-05,0.0971941,13.056,32.8227,124.415,108,0.986251,12.7254,11.7482,120.922,135.889,3.49379,-27.8889 
119,0.29,3.71,119,15411.3,-0.149741,26.5033,13.3019,121.669,-0.106134,-108.591,1.07584e-08,-2.43164,0.567345,0.742187,1.96369,-2.3422,48.821,1869.44,102.784,13337.7,11851.7,-2.73905,0.259932,0.127362,1.65627,-2.64961,1.03807,1816.72,100.632,13284.9,0.208223,0.91163,0.0137617,8724.89,-0.000276649,0.0876087,13.3926,36.9906,124.782,108,0.992084,12.9602,11.6123,120.683,135.293,4.09918,-27.2925 
120,0.19,3.81,120,16314.1,-0.0254016,28.8021,12.8428,121.856,-0.028979,-3.39653,2.02174e-11,-3.1791,1.94505,-1.095,0.0902317,4.74147,-0.451524,1738.35,82.5618,14462,12044.7,-3.17625,1.94789,-1.08931,0.0930748,4.74432,1.43232,1738.83,82.5817,14462.5,0.187793,0.923266,0.010409,9259.33,-0.000525453,0.0738694,13.4311,43.8254,125.001,108,1.11552,12.681,11.5768,121.008,135.242,3.99252,-27.2424 
121,0.39,3.61,121,15911.6,-0.015492,27.2466,-12.9232,122.203,-0.00608389,1.67916,499.454,-0.0909067,-2.7098,-2.14837,-2.01994,-2.83923,14.0015,1748.94,88.1604,13767.3,11462.8,-0.179071,-2.79796,-2.3247,-2.1081,-2.92739,0.775114,1733.82,87.5433,13752.2,0.195141,0.918813,0.0115905,8884.95,-7.05739e-05,0.0813099,12.8479,37.4791,125.261,108,1.056,12.9265,11.4887,121.275,135.778,3.98545,-27.7781 
122,0.25,3.75,122,15966.6,-0.0398573,27.4886,12.987,122.049,0.0305915,-14.5102,1.58187e-12,-1.53435,-2.54531,-5.18992,-1.45342,-1.24909,46.569,1702.6,103.956,13890.7,11635.8,-1.82758,-2.83855,-5.77638,-1.74665,-1.54232,0.579333,1652.31,101.903,13840.4,0.186716,0.902586,0.0133814,8849.33,-0.000150902,0.0762266,13.6479,37.6454,125.098,108,1.07439,12.7876,11.5442,121.146,136.334,3.95191,-28.3336 
123,0.27,3.73,123,16934.9,-0.124281,28.92,13.2002,121.775,-0.292001,263.354,486.307,4.13084,1.64972,-3.49938,2.83358,2.38913,54.541,2008.36,124.92,14469.3,14930.6,3.78741,1.30629,-4.18624,2.49015,2.0457,1.76906,1949.46,122.516,14410.4,0.206448,0.900917,0.0154199,9442.87,-8.22566e-05,0.0928672,13.9504,34.9429,124.429,108,1.07743,12.776,11.8712,120.967,137.481,3.4616,-29.4808 
124,0.33,3.67,124,15939.4,0.00208625,27.2676,13.0173,121.946,0.0153965,-13.9503,5.7833e-12,1.48259,2.23147,-2.94676,-0.653814,0.199933,37.8191,1666.36,107.263,13851.3,11561.8,1.24445,1.99334,-3.42303,-0.891951,-0.0382045,-2.06889,1625.52,105.596,13810.4,0.184573,0.897922,0.0138893,8806.94,-8.00263e-05,0.0832371,13.0088,34.9572,124.9,108,1.04384,12.9879,11.6983,120.955,136.286,3.94435,-28.2865 
125,0.05,3.95,125,14608.6,-0.0508205,25.7634,12.7517,121.657,0.00762996,18.026,500,1.1939,-1.81526,4.23665,-0.683066,3.41788,-15.2796,1606.71,89.4307,12833.2,10699.1,1.29011,-1.71904,4.42907,-0.586854,3.51409,0.360642,1623.21,90.1041,12849.7,0.195448,0.911459,0.0127524,8305.07,-0.000209719,0.0773914,13.4761,33.849,124.715,108,0.998139,12.5881,11.6708,120.849,136.229,3.86688,-28.2287 
126,0.01,3.99,126,15468.3,-0.06076,26.9409,12.9699,122.025,0.0851024,-120.233,499.994,-3.66784,2.71917,-1.06646,-3.80981,0.508872,47.9341,1858.4,127.391,13299.2,11707.9,-3.96967,2.41735,-1.67012,-4.11163,0.207043,0.765664,1806.64,125.278,13247.5,0.207772,0.891782,0.0171221,8695.31,-0.000115894,0.0934176,13.1912,33.0443,125.083,108,1.01585,12.7898,11.58,121.081,136.038,4.00164,-28.0383 
127,0.11,3.89,127,15673.8,-0.123947,27.0791,13.0918,121.851,0.0560981,0.961025,304.819,4.51105,-3.47617,-0.934007,-0.252648,-0.694654,37.5024,1912.1,125.999,13457.3,11542.4,4.27491,-3.71231,-1.40629,-0.48879,-0.930797,0.378648,1871.6,124.346,13416.8,0.211521,0.895843,0.016786,8848.32,-0.000177031,0.0893659,13.5209,36.524,124.419,108,1.00256,12.9115,11.6195,121.011,135.932,3.40797,-27.9317 
128,0.07,3.93,128,15533,-0.0189004,26.9384,13.0024,122.088,-0.0793027,-49.7102,500,-2.28836,-0.211142,0.390532,-0.30672,-0.37256,50.2538,1853.46,103.531,13410.1,11530.6,-2.6048,-0.527577,-0.242338,-0.623155,-0.688995,0.948294,1799.19,101.316,13355.9,0.205757,0.910294,0.0137815,8744.24,-0.00040761,0.0819647,13.1392,40.7203,125.096,108,0.991454,13.0811,11.7332,121.119,136.851,3.97644,-28.8508 
129,0.13,3.87,129,15047.1,-0.107757,26.4726,12.8082,121.666,0.0448015,134.927,328.054,0.862991,0.968297,-0.880883,-6.66597,-0.0118263,66.1087,1629.79,102.081,13108.7,11234.5,0.446722,0.552028,-1.71342,-7.08224,-0.428095,0.791682,1558.4,99.1675,13037.4,0.186907,0.899799,0.0138182,8337.82,-0.000158621,0.0772307,13.4449,36.357,124.768,108,1.01198,12.6965,11.5852,120.77,136.113,3.99737,-28.1134 
130,0.09,3.91,130,15055.8,-0.109416,25.761,13.1766,121.907,0.243395,-366.817,372.882,-4.72421,1.11066,3.11525,0.991864,1.95983,15.2499,1811.54,103.188,12889.7,13956.4,-4.82023,1.01464,2.9232,0.89584,1.8638,-0.557174,1795.07,102.516,12873.2,0.211454,0.909139,0.0144575,8489.15,-0.000233025,0.0777747,13.8169,39.31,125.067,108,0.98104,12.9051,11.4929,120.982,136.256,4.0847,-28.2557 
131,0.17,3.83,131,16075,0.0109688,27.5146,-12.8817,121.991,-0.0316788,-0.977873,500,0.442703,1.38597,-3.30767,-1.50704,2.49102,78.7032,1851.3,130.104,13681.1,11539,-0.0528705,0.890401,-4.29882,-2.00261,1.99545,-0.239405,1766.31,126.635,13596.1,0.199892,0.888521,0.016868,8836.3,5.76733e-05,0.0915205,13.484,35.0013,124.473,108,1.04369,12.755,11.4935,121.146,135.496,3.32679,-27.4963 
132,0.41,3.59,132,14989.2,-0.0897779,25.8746,12.9768,121.909,0.0406432,69.9789,22.2815,-1.00742,1.56645,-5.04234,-0.974403,1.11192,33.7964,1741.95,105.126,12800.8,11022.9,-1.22023,1.35364,-5.46795,-1.18721,0.899115,0.0275111,1705.45,103.637,12764.3,0.20442,0.903878,0.0147362,8342.87,-0.000186876,0.0777591,13.4096,40.0682,125.257,108,0.972866,12.765,11.6368,120.86,135.631,4.39698,-27.6308 
133,0.23,3.77,133,15545.7,-0.103609,26.4193,13.2261,122.085,-0.0496313,-52.5281,342.471,0.475636,-3.87466,-1.10897,-1.92086,3.72597,75.9787,1821.8,96.0172,13425.6,11459.8,-0.00278192,-4.35307,-2.0658,-2.39927,3.24755,0.629345,1739.75,92.6683,13343.5,0.200469,0.914734,0.0126315,8678.4,-0.000271142,0.0766886,14.2335,38.6282,125.771,108,1.00519,12.91,11.7219,121.061,135.977,4.70953,-27.9773 
134,0.15,3.85,134,14745,-0.133797,26.5626,12.6289,121.736,0.0105177,-50.6744,12.3935,-3.02451,0.251759,-3.65958,3.14032,2.92678,52.5943,1766.93,124.212,12798.4,10937.6,-3.35568,-0.0794127,-4.32193,2.80915,2.59561,-0.837348,1710.14,121.894,12741.6,0.205156,0.889098,0.0173175,8335.79,-0.000236053,0.0920527,13.0986,32.9898,124.514,108,0.993103,12.4869,11.6283,120.951,136.025,3.56315,-28.0251 
135,0.21,3.79,135,15785.6,-0.0332548,27.8502,12.7282,121.844,0.00497813,4.27442,499.999,-3.17216,-4.02948,-0.974,2.74498,0.399956,35.7228,1693.18,108.049,13743.2,11540.3,-3.39709,-4.25442,-1.42387,2.52004,0.17502,0.776834,1654.6,106.474,13704.6,0.188429,0.898785,0.0141098,8781,-0.000111248,0.0893138,12.4034,33.6263,125.452,108,1.06964,12.6539,11.6546,120.919,135.657,4.5325,-27.6572 
136,0.03,3.97,136,15964.7,-0.0105081,27.8077,-12.8518,121.765,0.0164078,11.2789,1.27555e-12,-3.18049,1.24394,-3.8518,-2.08482,-0.912751,94.9172,1915.72,144.617,13719.8,11639.9,-3.77816,0.646272,-5.04714,-2.68249,-1.51042,0.59205,1813.22,140.434,13617.3,0.203866,0.880641,0.0186433,8894.2,-8.0591e-05,0.0996161,13.2809,31.8951,124.165,108,1.0607,12.6954,11.4786,120.976,136.462,3.18895,-28.4616 
137,0.31,3.69,137,15634,-0.133689,27.4247,12.9356,121.855,0.0586118,1.171,1.95753,1.87729,2.24553,-2.62057,3.28518,-0.167468,46.5054,1735.77,89.7327,13695.6,11550.7,1.58446,1.9527,-3.20623,2.99234,-0.4603,2.1199,1685.55,87.6829,13645.4,0.191951,0.91656,0.0116986,8781.13,-0.000345996,0.0776971,13.093,38.5342,124.883,108,1.05549,12.8376,11.6016,121.032,136.594,3.85107,-28.5936 
138,0.35,3.65,138,15494.1,0.00692091,26.7501,12.9087,121.796,-0.152323,20.9171,0.314096,-0.969422,1.73313,-2.28379,1.89103,-0.9754,34.0488,1661.93,96.7758,13540.1,11344.7,-1.18382,1.51874,-2.71258,1.67663,-1.1898,-0.434599,1625.16,95.2751,13503.3,0.187947,0.906952,0.0128305,8646.89,-0.000208269,0.0753552,13.7876,36.9583,125.267,108,1.0424,12.7057,11.6559,120.937,136.207,4.32999,-28.2073 
139,0.37,3.63,139,15231,-0.0381372,26.7135,12.7487,121.894,-0.0083417,13.9032,500,0.415019,0.234098,-0.686635,-1.18517,5.4674,40.7843,1621.98,100.868,13303.3,11090.2,0.158211,-0.0227103,-1.20025,-1.44198,5.2106,1.4439,1577.94,99.0705,13259.2,0.186237,0.901004,0.013577,8472.75,-0.000189494,0.0770485,13.2455,35.2729,125.452,108,1.05149,12.6558,11.5191,121.053,137.108,4.39933,-29.1081 
140,0.29,3.71,140,15222.2,-0.0662295,26.4407,12.7894,121.657,0.0284424,-14.8699,423.825,-2.72551,2.03897,-5.40613,-2.13437,4.37103,47.2264,1699.01,87.6879,13073.8,11022,-3.02288,1.7416,-6.00088,-2.43174,4.07366,-0.0639391,1648.02,85.6063,13022.8,0.195729,0.916671,0.0119643,8419.86,-9.42916e-05,0.0756393,13.0435,39.6797,125.092,108,1.00231,12.7442,11.6423,120.786,136.153,4.30556,-28.1527 
141,0.19,3.81,141,15239.9,-0.0127074,26.792,12.6771,121.93,-0.0148327,10.0141,499.986,-4.85547,1.03917,-2.59901,4.13303,-0.179319,62.1533,1729.67,127.008,13188.6,11061.4,-5.24683,0.647803,-3.38173,3.74167,-0.570682,0.296904,1662.55,124.269,13121.5,0.195923,0.884325,0.0171468,8485.73,-8.51974e-05,0.0926142,12.9948,31.1038,124.709,108,1.02199,12.6763,11.6182,121.19,136.373,3.5186,-28.3735 
142,0.39,3.61,142,16678.5,-0.0485172,28.1977,13.0357,121.836,0.00853128,2.9872,374.707,-2.55197,-5.1995,1.6986,-0.139461,-2.27311,99.124,1828.83,107.223,14182.4,11966.7,-3.17613,-5.82366,0.450281,-0.763618,-2.89727,1.03688,1721.78,102.854,14075.3,0.190442,0.905355,0.0132821,9040.96,3.30584e-05,0.0841327,13.422,38.8543,125.101,108,1.05587,12.825,11.8203,120.849,135.781,4.25238,-27.7814 
143,0.25,3.75,143,15632.7,-0.0994927,26.8939,13.0457,121.935,-0.072731,216.236,451.353,3.596,5.32019,-1.98631,-0.612542,0.569488,-15.6233,1632.77,90.6387,13617.7,11933.3,3.69438,5.41857,-1.78956,-0.514166,0.667864,1.23934,1649.64,91.3273,13634.6,0.188754,0.911674,0.0121884,8739.62,-0.000233289,0.0660932,13.5638,42.6874,125.419,108,1.05886,12.827,11.5273,121.181,136.352,4.23726,-28.3522 
144,0.27,3.73,144,16785.9,-0.0971903,28.9417,12.9791,121.868,0.146901,17.0172,453.92,-3.18194,-7.00626,-5.77581,0.428777,-0.156485,28.0005,1881.36,96.7425,14451.8,12309.6,-3.35825,-7.18257,-6.12844,0.252465,-0.332797,0.634114,1851.12,95.5083,14421.6,0.197973,0.917186,0.0120525,9350.36,-0.000243831,0.0776724,13.7516,42.8782,125.067,108,1.08916,12.6959,11.8106,120.99,135.676,4.07696,-27.6759 
145,0.33,3.67,145,14594.9,-0.0386401,25.4837,12.8507,121.826,-0.00423284,20.0869,498.765,0.664294,-3.22795,1.42369,-5.24351,1.38199,29.6757,1613.95,92.0319,12729.5,10663.4,0.477433,-3.41481,1.04997,-5.43037,1.19513,1.17149,1581.9,90.7239,12697.4,0.193279,0.90879,0.012991,8184.56,-0.000145195,0.0719096,13.8689,36.87,125.24,108,1.00124,12.49,11.5236,121.062,136.237,4.17811,-28.237 
146,0.05,3.95,146,15673,-0.0924748,27.1903,12.9064,121.844,-0.0574712,37.8028,424.188,4.47286,2.1984,-3.25476,-1.42183,0.849797,-4.74231,1631.77,92.7529,13698.3,11494.6,4.50272,2.22826,-3.19504,-1.39197,0.879658,2.05669,1636.89,92.9619,13703.5,0.186802,0.909599,0.0123423,8762.69,-0.000141453,0.0763114,13.5256,36.1321,124.698,108,1.05299,12.7053,11.7161,120.985,136.452,3.71315,-28.452 
147,0.01,3.99,147,16373.6,-0.0564017,28.2063,12.9403,121.807,-0.0134293,-15.7964,0.00296034,0.0270574,0.731768,2.60979,-6.14703,0.169802,-7.01792,1877.6,102.534,14185.9,11888.8,0.0712474,0.775958,2.69817,-6.10284,0.213992,2.15136,1885.17,102.844,14193.5,0.203456,0.912851,0.0131718,9265.77,-0.000213937,0.0780995,14.3457,38.0904,124.905,108,1.06702,12.6215,11.9515,121.07,136.575,3.8345,-28.5752 
148,0.11,3.89,148,17832.2,-0.0704932,30.2966,13.1812,122.174,-0.0270284,50.0538,500,2.84376,3.54647,-3.87723,-2.95673,-3.81995,43.8686,1825.93,92.1164,15558.5,13044.1,2.56754,3.27024,-4.42968,-3.23296,-4.09618,0.251875,1778.55,90.1828,15511.2,0.180667,0.918497,0.0105966,9844.36,-0.000215551,0.0763829,13.3525,41.9819,125.518,108,1.17893,12.9281,11.7261,121.279,136.678,4.23875,-28.6776 
149,0.07,3.93,149,16786.9,-0.0276133,27.9658,13.2975,122.1,-0.0802071,71.2256,500,1.01541,-5.24158,3.46667,-3.42047,-3.65043,-37.6599,1915.6,106.966,14295.8,12291.7,1.25255,-5.00445,3.94094,-3.18334,-3.41329,1.61504,1956.27,108.626,14336.4,0.207866,0.911434,0.0137653,9411.21,2.06841e-05,0.0848016,13.7193,38.5096,125.094,108,1.04996,12.9868,11.7807,121.203,135.977,3.89053,-27.9772 
150,0.13,3.87,150,17723.9,-0.0374288,29.8251,13.1189,121.918,-0.392656,319.392,483.065,-1.66444,2.4788,-9.00908,0.192497,-1.42329,25.4652,2262.84,172.895,14890.8,16819.8,-1.82478,2.31845,-9.32977,0.0321496,-1.58364,0.101835,2235.34,171.773,14863.3,0.224336,0.881463,0.0208452,9964.23,0.000219275,0.120322,13.4481,29.5065,124.003,108,1.08513,12.9323,11.8588,121.092,136.584,2.91078,-28.5836 
