cyc,freq,amplitude,time,waittime,cyc2,T,TF,EF,EFkHz,ToTF,wx,wy,wz,bx,by,bz,q,mu0,offs,fermi3,fermi4,N,Npix,ENoEF,EkHz,ENoEF2,EkHz2,SNkB,tof,AR,beta_visc,alpha_visc,smomE,smomEkHz,smomEoEFEst,smomEoEF
0,6,0.9,10,0.01,0,3.72803e-07,5.86029e-07,8.09101e-30,12.2109,0.636152,950.317,2545.79,2478.35,4.47839,19.0301,18.2821,-0.584999,-3.01105e-30,1.74265e-13,0.647391,0.605911,25107.5,38718.6,1.78617,21.8107,1.61445,19.7138,1.8329,0.0066,1.30691,4.5,3.98874,1.61193e-29,24.3271,1.52045,1.99225 
1,6,0.9,0.01,10,1,3.72225e-07,5.92778e-07,8.18419e-30,12.3515,0.627933,950.317,2545.79,2478.35,4.47718,19.0306,18.2825,-0.549967,-2.82635e-30,1.1764e-13,0.673145,0.629033,25985,39104.7,1.76035,21.743,1.59524,19.7035,1.79593,0.0066,1.34684,4.5,3.9151,1.59048e-29,24.0033,1.50021,1.94335 
2,6,0.9,10,0.01,2,4.36032e-07,5.04079e-07,6.95957e-30,10.5033,0.865007,950.317,2545.79,2478.35,4.49032,19.0261,18.2784,-1.43332,-8.6287e-30,2.31431e-13,0.257507,0.248419,15978.7,26414.1,2.50343,26.2944,2.20378,23.147,2.7196,0.0066,1.25155,4.5,4.71802,1.80762e-29,27.2804,1.70502,2.59731 
3,6,0.9,0.01,10,3,4.25453e-07,5.37245e-07,7.41748e-30,11.1944,0.791917,950.317,2545.79,2478.35,4.48986,19.0263,18.2785,-1.18555,-6.96396e-30,2.29947e-13,0.335591,0.321447,19344.8,31009.9,2.27562,25.4741,2.00453,22.4395,2.46269,0.0066,1.29721,4.5,4.68937,1.80053e-29,27.1735,1.69834,2.42742 
4,6,0.9,10,0.01,4,4.46658e-07,4.76496e-07,6.57874e-30,9.92858,0.93738,950.317,2545.79,2478.35,4.50803,19.0201,18.2728,-1.6609,-1.02424e-29,2.11651e-13,0.202349,0.19635,13496.6,22382.4,2.72877,27.0928,2.41075,23.9353,2.95471,0.0066,1.2321,4.5,5.80502,2.04324e-29,30.8364,1.92728,3.10583 
5,6,0.9,10,0.01,5,4.15207e-07,5.07365e-07,7.00493e-30,10.5718,0.818359,950.317,2545.79,2478.35,4.49149,19.0257,18.278,-1.27736,-7.32252e-30,3.93931e-13,0.3041,0.292108,16293.2,26901.7,2.35826,24.931,2.07546,21.9413,2.55811,0.0066,1.32957,4.5,4.78959,1.82509e-29,27.5441,1.72151,2.60544 
6,6,0.9,10,0.01,6,4.07001e-07,5.23992e-07,7.2345e-30,10.9182,0.776731,950.317,2545.79,2478.35,4.4879,19.0269,18.2791,-1.13164,-6.35895e-30,-4.49132e-14,0.355662,0.340078,17948.2,27471.6,2.22809,24.3269,1.9644,21.4478,2.40655,0.0066,1.27517,4.5,4.5698,1.77044e-29,26.7193,1.66996,2.44722 
7,6,0.9,0.01,10,7,4.12516e-07,5.17979e-07,7.15147e-30,10.7929,0.796396,950.317,2545.79,2478.35,4.49287,19.0253,18.2775,-1.20128,-6.84179e-30,4.17323e-13,0.329961,0.316214,17337.3,28754.9,2.28965,24.712,2.01645,21.7634,2.47907,0.0066,1.28731,4.5,4.87416,1.84536e-29,27.8499,1.74062,2.58039 
8,6,0.9,10,0.01,8,4.18011e-07,5.34462e-07,7.37905e-30,11.1364,0.782116,950.317,2545.79,2478.35,4.48805,19.0269,18.2791,-1.15085,-6.64188e-30,1.56946e-13,0.348365,0.333314,19045.7,30661.5,2.24497,25.0009,1.97858,22.0342,2.42658,0.0066,1.25188,4.5,4.57864,1.7727e-29,26.7534,1.67209,2.40234 
9,6,0.9,10,0.01,9,4.12096e-07,5.05175e-07,6.97471e-30,10.5262,0.815748,950.317,2545.79,2478.35,4.49154,19.0257,18.278,-1.26843,-7.21686e-30,6.69287e-13,0.30703,0.294838,16083.2,28337.4,2.35007,24.7372,2.0684,21.7723,2.54882,0.0066,-1.28748,4.5,4.79229,1.82575e-29,27.554,1.72213,2.61767 
10,6,0.9,0.01,10,10,3.98443e-07,5.47271e-07,7.5559e-30,11.4033,0.728054,950.317,2545.79,2478.35,4.48879,19.0266,18.2788,-0.952575,-5.24021e-30,3.3166e-14,0.431875,0.410355,20448.2,31528.5,2.07533,23.6656,1.83876,20.9679,2.21947,0.0066,1.27139,4.5,4.62427,1.78426e-29,26.9278,1.68299,2.36141 
11,6,0.9,0.01,10,11,4.11292e-07,5.24889e-07,7.24689e-30,10.9369,0.783579,950.317,2545.79,2478.35,4.49017,19.0262,18.2784,-1.15606,-6.56469e-30,2.1822e-13,0.346418,0.331505,18040.6,29046.5,2.24954,24.6031,1.98244,21.6818,2.43199,0.0066,1.24582,4.5,4.70866,1.80531e-29,27.2455,1.70285,2.49115 
12,6,0.9,0.01,10,12,3.97729e-07,5.42182e-07,7.48563e-30,11.2972,0.733571,950.317,2545.79,2478.35,4.48796,19.0269,18.2791,-0.973366,-5.34499e-30,2.05242e-13,0.422204,0.401476,19883,31290.4,2.09267,23.6414,1.85277,20.9312,2.24124,0.0066,1.2739,4.5,4.57315,1.7713e-29,26.7322,1.67077,2.36626 
13,6,0.9,10,0.01,13,3.88433e-07,5.23649e-07,7.22976e-30,10.9111,0.741781,950.317,2545.79,2478.35,4.48555,19.0277,18.2799,-1.00407,-5.38473e-30,1.39065e-13,0.408339,0.388729,17912.9,28335,2.11848,23.1149,1.87372,20.4443,2.27337,0.0066,1.27715,4.5,4.42624,1.73316e-29,26.1567,1.63479,2.39726 
14,6,0.9,0.01,10,14,4.63615e-07,4.99406e-07,6.89505e-30,10.4059,0.928332,950.317,2545.79,2478.35,4.5095,19.0196,18.2723,-1.63335,-1.04549e-29,-5.98716e-14,0.208323,0.202007,15538.5,24052.1,2.70055,28.1018,2.38436,24.8115,2.92626,0.0066,1.30234,4.5,5.89561,2.06034e-29,31.0945,1.9434,2.98814 
15,6,0.9,0.01,10,15,4.26497e-07,4.95436e-07,6.84023e-30,10.3232,0.860852,950.317,2545.79,2478.35,4.49123,19.0258,18.2781,-1.41974,-8.36003e-30,2.32029e-13,0.261254,0.251942,15170.8,25210,2.4905,25.71,2.19219,22.6304,2.70555,0.0066,1.23263,4.5,4.7735,1.82119e-29,27.4852,1.71783,2.66247 
16,6,0.9,10,0.01,16,4.0365e-07,5.38424e-07,7.43375e-30,11.2189,0.749688,950.317,2545.79,2478.35,4.4877,19.027,18.2792,-1.03342,-5.75923e-30,2.32335e-13,0.395555,0.376932,19472.4,30707.7,2.14318,24.0442,1.89403,21.249,2.30398,0.0066,1.35005,4.5,4.55733,1.76725e-29,26.6712,1.66695,2.37734 
17,6,0.9,0.01,10,17,4.7855e-07,4.82701e-07,6.66442e-30,10.0579,0.991399,950.317,2545.79,2478.35,4.50558,19.021,18.2735,-1.82064,-1.20291e-29,2.01641e-13,0.171042,0.166601,14030.8,23685.4,2.89697,29.1374,2.57129,25.8617,3.11935,0.0066,-1.25158,4.5,5.65412,2.014e-29,30.3951,1.89969,3.02202 
18,6,0.9,10,0.01,18,4.04914e-07,5.41072e-07,7.47031e-30,11.2741,0.748356,950.317,2545.79,2478.35,4.48572,19.0277,18.2798,-1.02845,-5.74948e-30,4.62674e-13,0.397671,0.378903,19761.1,32362.4,2.13911,24.1166,1.8906,21.3148,2.29885,0.0066,1.33783,4.5,4.43657,1.73589e-29,26.1978,1.63736,2.32371 
19,6,0.9,0.01,10,19,4.26966e-07,5.12893e-07,7.08126e-30,10.687,0.832466,950.317,2545.79,2478.35,4.49166,19.0257,18.2779,-1.3254,-7.81309e-30,6.78931e-14,0.288901,0.27787,16831.7,26590.2,2.40205,25.6706,2.11384,22.5906,2.60782,0.0066,1.30104,4.5,4.79979,1.82756e-29,27.5814,1.72384,2.58084 
20,8,0.9,10,0.01,20,3.85066e-07,5.3275e-07,7.35542e-30,11.1007,0.722788,950.317,2545.79,2478.35,4.48341,19.0285,18.2805,-0.932598,-4.95807e-30,2.29195e-13,0.441383,0.419076,18863.3,29323.8,2.05878,22.8539,1.82545,20.2638,2.19855,0.0066,1.35651,4.5,4.29496,1.69797e-29,25.6256,1.6016,2.30846 
21,8,0.9,0.01,10,21,4.56095e-07,5.05273e-07,6.97605e-30,10.5282,0.902672,950.317,2545.79,2478.35,4.49876,19.0233,18.2757,-1.55388,-9.7849e-30,-6.42978e-14,0.226599,0.219279,16092.5,24998.8,2.62053,27.5894,2.31031,24.3234,2.84414,0.0066,1.29112,4.5,5.23532,1.92734e-29,29.0873,1.81796,2.7628 
22,8,0.9,10,0.01,22,4.29181e-07,4.89023e-07,6.7517e-30,10.1896,0.877629,950.317,2545.79,2478.35,4.49688,19.0239,18.2763,-1.47423,-8.73556e-30,-7.58986e-14,0.246556,0.238109,14589.3,22371.8,2.54269,25.909,2.23919,22.8165,2.76189,0.0066,1.2926,4.5,5.11948,1.90183e-29,28.7022,1.79389,2.81681 
23,8,0.9,0.01,10,23,4.52696e-07,5.13337e-07,7.0874e-30,10.6962,0.881868,950.317,2545.79,2478.35,4.49817,19.0235,18.2759,-1.48786,-9.29936e-30,4.9544e-13,0.243018,0.234773,16875.5,29359,2.55585,27.3379,2.25115,24.0788,2.77596,0.0066,-1.22568,4.5,5.19875,1.91937e-29,28.9669,1.81043,2.70814 
24,8,0.9,10,0.01,24,4.5155e-07,4.98939e-07,6.8886e-30,10.3962,0.905021,950.317,2545.79,2478.35,4.50655,19.0206,18.2732,-1.56125,-9.73335e-30,5.687e-14,0.224839,0.217614,15494.9,24530.8,2.62782,27.3194,2.31704,24.0885,2.85174,0.0066,1.28533,4.5,5.71392,2.02571e-29,30.5718,1.91074,2.94067 
25,8,0.9,10,0.01,25,5.00397e-07,4.81978e-07,6.65444e-30,10.0428,1.03821,950.317,2545.79,2478.35,4.50756,19.0203,18.2729,-1.95289,-1.3492e-29,1.79008e-13,0.148932,0.145478,13967.8,23228,3.0424,30.5543,2.71451,27.2614,3.2553,0.0066,1.27311,4.5,5.77584,2.03767e-29,30.7523,1.92202,3.06212 
26,8,0.9,10,0.01,26,4.06826e-07,5.22003e-07,7.20704e-30,10.8768,0.779356,950.317,2545.79,2478.35,4.48816,19.0269,18.279,-1.14102,-6.40893e-30,3.65666e-13,0.35208,0.336758,17744.6,28990.7,2.23631,24.3239,1.9713,21.4414,2.41633,0.0066,1.28957,4.5,4.58553,1.77445e-29,26.7798,1.67374,2.46211 
27,8,0.9,0.01,10,27,4.57315e-07,4.94325e-07,6.82489e-30,10.3001,0.925131,950.317,2545.79,2478.35,4.51067,19.0193,18.2719,-1.62354,-1.02509e-29,6.39801e-14,0.210494,0.204061,15069,24163.8,2.69057,27.713,2.37505,24.4632,2.91613,0.0066,1.23121,4.5,5.96741,2.07365e-29,31.2954,1.95596,3.03837 
28,8,0.9,10,0.01,28,4.51537e-07,4.91171e-07,6.78136e-30,10.2344,0.919307,950.317,2545.79,2478.35,4.50212,19.0221,18.2746,-1.60563,-1.00097e-29,-4.28954e-14,0.214519,0.207868,14782.4,23310.9,2.67241,27.3504,2.35818,24.1345,2.89762,0.0066,1.26954,4.5,5.44149,1.97106e-29,29.747,1.85919,2.90659 
29,8,0.9,10,0.01,29,4.0371e-07,5.4765e-07,7.56113e-30,11.4112,0.737168,950.317,2545.79,2478.35,4.48355,19.0284,18.2805,-0.986861,-5.50059e-30,1.77958e-13,0.416054,0.395822,20490.7,32189.4,2.10396,24.0087,1.86193,21.2468,2.25535,0.0066,1.28494,4.5,4.30347,1.70028e-29,25.6605,1.60378,2.24871 
30,8,0.9,0.01,10,30,4.44205e-07,4.97963e-07,6.87513e-30,10.3759,0.892044,950.317,2545.79,2478.35,4.50394,19.0215,18.2741,-1.52034,-9.32409e-30,-1.61287e-13,0.234796,0.227016,15404.1,23985.1,2.58746,26.8472,2.27999,23.6569,2.80949,0.0066,1.24504,4.5,5.55319,1.99388e-29,30.0914,1.88071,2.90013 
31,8,0.9,0.01,10,31,4.33114e-07,5.3437e-07,7.37778e-30,11.1345,0.810514,950.317,2545.79,2478.35,4.49191,19.0256,18.2779,-1.25041,-7.47718e-30,2.93396e-14,0.313017,0.300425,19035.8,29946,2.33373,25.9849,2.05428,22.8733,2.53011,0.0066,1.27106,4.5,4.81491,1.8312e-29,27.6364,1.72727,2.48206 
32,8,0.9,0.01,10,32,4.18585e-07,5.23779e-07,7.23156e-30,10.9138,0.799162,950.317,2545.79,2478.35,4.49205,19.0255,18.2778,-1.21096,-6.99836e-30,7.1775e-14,0.326545,0.313037,17926.3,28191.6,2.29831,25.0833,2.02383,22.0877,2.48914,0.0066,1.25517,4.5,4.82373,1.83332e-29,27.6684,1.72927,2.53517 
33,8,0.9,10,0.01,33,4.32862e-07,5.04494e-07,6.9653e-30,10.512,0.858012,950.317,2545.79,2478.35,4.49211,19.0255,18.2778,-1.41047,-8.4294e-30,1.73671e-13,0.263857,0.254376,16018.2,26027.7,2.48155,26.086,2.18428,22.9611,2.69589,0.0066,1.27352,4.5,4.82753,1.83424e-29,27.6821,1.73013,2.63339 
34,8,0.9,0.01,10,34,4.43855e-07,5.20568e-07,7.18722e-30,10.8469,0.852637,950.317,2545.79,2478.35,4.50415,19.0215,18.274,-1.3927,-8.53459e-30,1.16636e-13,0.268879,0.259109,17598.6,27760.1,2.46496,26.7372,2.16936,23.5308,2.67759,0.0066,1.28173,4.5,5.56593,1.99644e-29,30.1301,1.88313,2.77777 
35,8,0.9,0.01,10,35,4.2096e-07,5.25305e-07,7.25263e-30,10.9456,0.801363,950.317,2545.79,2478.35,4.49289,19.0253,18.2775,-1.21865,-7.08276e-30,2.91534e-13,0.323863,0.310537,18083.5,29164.8,2.30517,25.2315,2.02972,22.2165,2.49712,0.0066,1.279,4.5,4.87517,1.8456e-29,27.8536,1.74085,2.54473 
36,8,0.9,10,0.01,36,4.31823e-07,5.25597e-07,7.25666e-30,10.9517,0.821585,950.317,2545.79,2478.35,4.48987,19.0263,18.2785,-1.28841,-7.68146e-30,1.13631e-13,0.300532,0.288769,18113.6,28656.9,2.36828,25.9367,2.0842,22.8256,2.56956,0.0066,1.29465,4.5,4.69006,1.80071e-29,27.1761,1.6985,2.48145 
37,8,0.9,0.01,10,37,4.2314e-07,5.3527e-07,7.39021e-30,11.1532,0.790517,950.317,2545.79,2478.35,4.49487,19.0246,18.2769,-1.18062,-6.89729e-30,-8.52881e-14,0.337376,0.323107,19132.2,29177.5,2.27125,25.3318,2.00081,22.3155,2.45756,0.0066,1.33345,4.5,4.99637,1.87391e-29,28.2808,1.76755,2.53566 
38,8,0.9,10,0.01,38,4.10808e-07,5.00427e-07,6.90915e-30,10.4272,0.820914,950.317,2545.79,2478.35,4.48483,19.028,18.2801,-1.28611,-7.29461e-30,-1.21206e-13,0.30127,0.28946,15634,23712.4,2.3662,24.6729,2.08238,21.7135,2.56718,0.0066,1.27897,4.5,4.38192,1.7214e-29,25.9792,1.6237,2.49147 
39,8,0.9,0.01,10,39,4.12271e-07,5.12425e-07,7.0748e-30,10.6772,0.804549,950.317,2545.79,2478.35,4.49067,19.026,18.2782,-1.22974,-6.99969e-30,-7.87076e-14,0.32003,0.306967,16785.7,25841.6,2.31513,24.7192,2.03825,21.7629,2.50865,0.0066,1.20497,4.5,4.73932,1.81285e-29,27.3593,1.70996,2.5624 
40,12,0.8,10,0.01,40,4.40723e-07,5.00342e-07,6.90798e-30,10.4255,0.880844,950.317,2545.79,2478.35,4.49573,19.0243,18.2767,-1.48458,-9.03346e-30,-9.48373e-14,0.243867,0.235572,15626,23930.7,2.55265,26.6125,2.24826,23.4391,2.77256,0.0066,1.27334,4.5,5.04905,1.88596e-29,28.4627,1.77892,2.73011 
41,12,0.8,0.01,10,41,4.69422e-07,5.11058e-07,7.05592e-30,10.6487,0.918529,950.317,2545.79,2478.35,4.50401,19.0215,18.274,-1.60323,-1.03906e-29,-1.29039e-13,0.215065,0.208384,16651.6,26053.9,2.66998,28.4319,2.35593,25.0877,2.89514,0.0066,1.19992,4.5,5.55785,1.99482e-29,30.1056,1.8816,2.82715 
42,12,0.8,10,0.01,42,4.54422e-07,4.76393e-07,6.57733e-30,9.92644,0.953879,950.317,2545.79,2478.35,4.5058,19.0209,18.2735,-1.71054,-1.07319e-29,-5.91633e-13,0.19203,0.186564,13487.9,18719.6,2.78018,27.5973,2.45924,24.4115,3.00592,0.0066,1.21483,4.5,5.66758,2.01665e-29,30.4351,1.90219,3.06606 
43,12,0.8,0.01,10,43,5.17847e-07,4.98298e-07,6.87976e-30,10.3829,1.03923,950.317,2545.79,2478.35,4.52563,19.0142,18.2672,-1.9557,-1.39826e-29,-4.3981e-13,0.148495,0.145059,15435.3,22823,3.04556,31.6216,2.71767,28.2172,3.25818,0.0066,1.27502,4.5,6.89145,2.22888e-29,33.6381,2.10238,3.23977 
44,12,0.8,10,0.01,44,4.21638e-07,4.91113e-07,6.78055e-30,10.2331,0.858537,950.317,2545.79,2478.35,4.49493,19.0246,18.2769,-1.41219,-8.22084e-30,3.25234e-13,0.263373,0.253923,14777.1,24359.5,2.48319,25.4108,2.18574,22.367,2.69768,0.0066,-1.2544,4.5,4.9999,1.87472e-29,28.2931,1.76832,2.76485 
45,12,0.8,10,0.01,45,4.62679e-07,4.6948e-07,6.48188e-30,9.78239,0.985515,950.317,2545.79,2478.35,4.499,19.0232,18.2756,-1.80362,-1.15215e-29,1.52482e-13,0.174124,0.169538,12909.2,21320.4,2.87867,28.1602,2.55355,24.9798,3.10183,0.0066,1.22695,4.5,5.24986,1.9305e-29,29.1349,1.82093,2.9783 
46,12,0.8,10,0.01,46,4.80827e-07,4.75911e-07,6.57067e-30,9.91639,1.01033,950.317,2545.79,2478.35,4.51521,19.0177,18.2705,-1.87477,-1.24458e-29,6.70878e-15,0.161607,0.157599,13447,21535.7,2.95582,29.3111,2.62875,26.0677,3.17504,0.0066,-1.22959,4.5,6.24747,2.12371e-29,32.0509,2.00318,3.23211 
47,12,0.8,0.01,10,47,4.36318e-07,5.20213e-07,7.18232e-30,10.8395,0.83873,950.317,2545.79,2478.35,4.50171,19.0223,18.2748,-1.34641,-8.11079e-30,-1.02388e-13,0.282476,0.271867,17562.6,26981.6,2.42169,26.2499,2.131,23.099,2.62966,0.0066,1.24059,4.5,5.41597,1.96576e-29,29.6671,1.85419,2.73695 
48,12,0.8,10,0.01,48,4.65191e-07,4.78615e-07,6.608e-30,9.97273,0.971952,950.317,2545.79,2478.35,4.50371,19.0216,18.2741,-1.76405,-1.13299e-29,-8.14686e-14,0.181516,0.176574,13677.5,21347.6,2.83646,28.2873,2.5129,25.0605,3.06108,0.0066,1.24235,4.5,5.53899,1.99101e-29,30.0481,1.87801,3.01303 
49,12,0.8,10,0.01,49,4.63568e-07,4.69758e-07,6.48572e-30,9.78819,0.986821,950.317,2545.79,2478.35,4.5061,19.0208,18.2734,-1.80741,-1.15678e-29,1.19082e-13,0.173434,0.16888,12932.1,21024.8,2.88273,28.2167,2.55749,25.0332,3.10573,0.0066,1.22096,4.5,5.6862,2.0203e-29,30.4901,1.90563,3.11499 
50,12,0.8,0.01,10,50,4.42253e-07,4.67377e-07,6.45284e-30,9.73856,0.946245,950.317,2545.79,2478.35,4.50247,19.022,18.2745,-1.68767,-1.03049e-29,2.53288e-13,0.196715,0.191009,12736.4,21119.3,2.7564,26.8433,2.43674,23.7303,2.98233,0.0066,-1.21126,4.5,5.46298,1.97549e-29,29.814,1.86337,3.06144 
51,12,0.8,0.01,10,51,4.48901e-07,5.01608e-07,6.92545e-30,10.4518,0.894923,950.317,2545.79,2478.35,4.50512,19.0211,18.2737,-1.52946,-9.47919e-30,9.25929e-14,0.232537,0.224885,15744.9,24689.1,2.59642,27.1374,2.28819,23.9157,2.81892,0.0066,1.30138,4.5,5.62593,2.00842e-29,30.3109,1.89443,2.90006 
52,12,0.8,0.01,10,52,4.26415e-07,5.27744e-07,7.2863e-30,10.9964,0.807995,950.317,2545.79,2478.35,4.4918,19.0256,18.2779,-1.24168,-7.31016e-30,-1.40732e-13,0.315953,0.303168,18336.5,27912.7,2.32589,25.5765,2.0475,22.5152,2.52106,0.0066,1.25377,4.5,4.80839,1.82963e-29,27.6127,1.72579,2.51106 
53,12,0.8,10,0.01,53,4.476e-07,4.7919e-07,6.61594e-30,9.98471,0.934077,950.317,2545.79,2478.35,4.50352,19.0217,18.2742,-1.65087,-1.0202e-29,2.88378e-13,0.204503,0.19839,13726.8,23075.5,2.71847,27.1431,2.40109,23.9742,2.94435,0.0066,-1.23776,4.5,5.52718,1.98862e-29,30.012,1.87575,3.0058 
54,12,0.8,0.01,10,54,4.4039e-07,5.42922e-07,7.49586e-30,11.3127,0.811148,950.317,2545.79,2478.35,4.50282,19.0219,18.2744,-1.25259,-7.61607e-30,6.91173e-14,0.312283,0.299743,19964.6,31198.5,2.33572,26.4233,2.05599,23.2587,2.53238,0.0066,1.28294,4.5,5.48451,1.97992e-29,29.8807,1.86755,2.64135 
55,12,0.8,0.01,10,55,4.39034e-07,5.12599e-07,7.07719e-30,10.6808,0.856487,950.317,2545.79,2478.35,4.50805,19.0201,18.2728,-1.4054,-8.51889e-30,2.88347e-13,0.265269,0.255716,16802.7,27658.1,2.47693,26.4557,2.18004,23.2847,2.69072,0.0066,1.23468,4.5,5.80599,2.04343e-29,30.8392,1.92745,2.88734 
56,12,0.8,10,0.01,56,4.00932e-07,5.04455e-07,6.96476e-30,10.5111,0.794783,950.317,2545.79,2478.35,4.48991,19.0263,18.2785,-1.19562,-6.61835e-30,1.08126e-13,0.331973,0.318088,16014.5,24836.1,2.28462,24.014,2.01216,21.1501,2.47319,0.0066,1.31648,4.5,4.69288,1.8014e-29,27.1866,1.69916,2.58646 
57,12,0.8,0.01,10,57,4.61054e-07,5.02956e-07,6.94406e-30,10.4799,0.916689,950.317,2545.79,2478.35,4.5128,19.0185,18.2713,-1.59754,-1.01692e-29,-1.31348e-14,0.216363,0.209611,15872.2,25169.8,2.66424,27.921,2.35061,24.6342,2.88926,0.0066,1.1997,4.5,6.09857,2.09746e-29,31.6547,1.97842,3.02051 
58,12,0.8,10,0.01,58,4.25845e-07,4.92665e-07,6.80199e-30,10.2655,0.86437,950.317,2545.79,2478.35,4.50258,19.022,18.2745,-1.43125,-8.41491e-30,6.22368e-13,0.258078,0.248954,14917.7,25524,2.50144,25.6785,2.202,22.6046,2.71744,0.0066,-1.22902,4.5,5.46971,1.97688e-29,29.8349,1.86468,2.90633 
59,12,0.8,0.01,10,59,4.32057e-07,5.15525e-07,7.1176e-30,10.7418,0.838091,950.317,2545.79,2478.35,4.51525,19.0177,18.2705,-1.34427,-8.01883e-30,5.08965e-13,0.283123,0.272472,17092.2,28154.2,2.41969,25.9919,2.12925,22.872,2.62744,0.0066,1.2139,4.5,6.24978,2.12411e-29,32.0569,2.00356,2.98431 
60,14,0.8,10,0.01,60,4.65782e-07,5.03012e-07,6.94484e-30,10.4811,0.925985,950.317,2545.79,2478.35,4.50698,19.0205,18.2731,-1.62616,-1.04576e-29,4.96543e-14,0.209912,0.20351,15877.5,25126.7,2.69324,28.228,2.37754,24.9191,2.91883,0.0066,-1.23342,4.5,5.74056,2.03087e-29,30.6497,1.91561,2.92429 
61,14,0.8,0.01,10,61,4.63321e-07,5.18586e-07,7.15986e-30,10.8056,0.893431,950.317,2545.79,2478.35,4.52077,19.0158,18.2687,-1.52473,-9.75345e-30,1.17721e-13,0.233704,0.225987,17398.4,27501.1,2.59179,28.0058,2.28394,24.6793,2.81404,0.0066,1.22373,4.5,6.59072,2.18135e-29,32.9208,2.05755,3.04664 
62,14,0.8,10,0.01,62,5.28495e-07,4.87482e-07,6.73042e-30,10.1575,1.08413,950.317,2545.79,2478.35,4.53946,19.0095,18.2628,-2.07748,-1.51587e-29,2.56436e-13,0.130798,0.128076,14451.8,23976.9,3.18471,32.3486,2.85861,29.0363,3.38307,0.0066,1.18785,4.5,7.74949,2.35184e-29,35.4938,2.21836,3.49435 
63,14,0.8,0.01,10,63,4.84647e-07,5.25748e-07,7.25874e-30,10.9548,0.921824,950.317,2545.79,2478.35,4.51555,19.0176,18.2704,-1.61338,-1.07956e-29,2.89991e-13,0.212767,0.206211,18129.2,29355.8,2.68025,29.3617,2.36546,25.9132,2.90563,0.0066,-1.25745,4.5,6.26859,2.12737e-29,32.1061,2.00663,2.93078 
64,14,0.8,10,0.01,64,4.69925e-07,5.0253e-07,6.93818e-30,10.471,0.93512,950.317,2545.79,2478.35,4.51315,19.0184,18.2712,-1.65404,-1.07315e-29,4.15682e-13,0.20382,0.197743,15831.9,26061.2,2.72172,28.4992,2.40414,25.1738,2.94762,0.0066,1.23628,4.5,6.12018,2.10132e-29,31.7129,1.98206,3.02864 
65,14,0.8,10,0.01,65,4.3444e-07,5.08186e-07,7.01627e-30,10.5889,0.854885,950.317,2545.79,2478.35,4.51036,19.0194,18.272,-1.40012,-8.39808e-30,6.83705e-13,0.266763,0.25712,16372.5,27615.5,2.47195,26.1752,2.1756,23.0371,2.68526,0.0066,1.23855,4.5,5.94869,2.0702e-29,31.2433,1.95271,2.95058 
66,14,0.8,10,0.01,66,4.46843e-07,5.1763e-07,7.14666e-30,10.7857,0.863248,950.317,2545.79,2478.35,4.51211,19.0188,18.2715,-1.42758,-8.80725e-30,2.07925e-13,0.259084,0.249901,17302.3,27304,2.49795,26.942,2.19887,23.7163,2.71366,0.0066,1.26671,4.5,6.05614,2.08983e-29,31.5395,1.97122,2.92421 
67,14,0.8,0.01,10,67,5.2069e-07,4.7912e-07,6.61497e-30,9.98324,1.08676,950.317,2545.79,2478.35,4.53312,19.0116,18.2648,-2.08448,-1.49852e-29,1.6965e-13,0.12985,0.127164,13720.8,23059.6,3.19286,31.8751,2.86697,28.6217,3.39024,0.0066,1.13437,4.5,7.35591,2.29755e-29,34.6744,2.16715,3.47326 
68,14,0.8,10,0.01,68,4.08477e-07,5.52948e-07,7.63428e-30,11.5216,0.738726,950.317,2545.79,2478.35,4.48993,19.0263,18.2785,-0.992685,-5.59839e-30,6.42117e-13,0.413427,0.393406,21091.2,34086,2.10885,24.2974,1.86591,21.4982,2.26145,0.0066,1.3177,4.5,4.69357,1.80157e-29,27.1892,1.69932,2.35985 
69,14,0.8,10,0.01,69,4.23586e-07,4.93194e-07,6.80929e-30,10.2765,0.858863,950.317,2545.79,2478.35,4.50055,19.0227,18.2751,-1.41326,-8.26507e-30,1.07719e-13,0.263073,0.253642,14965.8,22651.7,2.48421,25.5291,2.18665,22.4712,2.69879,0.0066,1.32381,4.5,5.34526,1.95092e-29,29.4431,1.84019,2.86509 
70,14,0.8,0.01,10,70,4.65956e-07,5.48313e-07,7.57028e-30,11.425,0.849799,950.317,2545.79,2478.35,4.51454,19.0179,18.2707,-1.38331,-8.89917e-30,6.42028e-13,0.271581,0.261645,20565.2,34625.7,2.45612,28.0612,2.1615,24.6952,2.66787,0.0066,1.26643,4.5,6.20613,2.11651e-29,31.9421,1.99638,2.79581 
71,14,0.8,0.01,10,71,4.91184e-07,4.98807e-07,6.88678e-30,10.3935,0.984717,950.317,2545.79,2478.35,4.51984,19.0161,18.269,-1.80131,-1.22156e-29,2.39561e-13,0.174548,0.169941,15482.6,25056.2,2.87619,29.8935,2.55116,26.5153,3.09945,0.0066,1.23262,4.5,6.53315,2.17195e-29,32.7789,2.04868,3.1538 
72,14,0.8,0.01,10,72,5.18509e-07,5.09315e-07,7.03186e-30,10.6124,1.01805,950.317,2545.79,2478.35,4.52772,19.0135,18.2665,-1.8966,-1.35773e-29,1.32768e-13,0.157957,0.154112,16481.9,27031.4,2.97981,31.623,2.65237,28.148,3.19747,0.0066,1.21963,4.5,7.0211,2.2486e-29,33.9356,2.12098,3.19773 
73,14,0.8,10,0.01,73,4.48725e-07,5.1725e-07,7.14142e-30,10.7778,0.86752,950.317,2545.79,2478.35,4.5058,19.0209,18.2735,-1.44151,-8.93062e-30,1.97271e-13,0.255276,0.24632,17264.3,26925.2,2.51125,27.0656,2.21081,23.8276,2.72806,0.0066,-1.28288,4.5,5.66791,2.01671e-29,30.436,1.90225,2.82397 
74,14,0.8,0.01,10,74,5.10597e-07,5.39042e-07,7.44228e-30,11.2318,0.947232,950.317,2545.79,2478.35,4.52226,19.0153,18.2683,-1.69064,-1.19182e-29,5.43494e-13,0.196101,0.190427,19539.5,33114,2.75947,30.9939,2.43964,27.4016,2.98539,0.0066,-1.26619,4.5,6.68286,2.19619e-29,33.1448,2.07155,2.95097 
75,14,0.8,0.01,10,75,4.8923e-07,5.15947e-07,7.12343e-30,10.7506,0.948217,950.317,2545.79,2478.35,4.55374,19.0046,18.2583,-1.6936,-1.14395e-29,3.16556e-13,0.19549,0.189847,17134.2,27267.3,2.76254,29.699,2.44254,26.2588,2.98844,0.0066,-1.23006,4.5,8.63974,2.46384e-29,37.184,2.324,3.45878 
76,14,0.8,10,0.01,76,4.33092e-07,5.28153e-07,7.29195e-30,11.0049,0.820013,950.317,2545.79,2478.35,4.50168,19.0223,18.2748,-1.28304,-7.67192e-30,4.73838e-13,0.302264,0.290389,18379.2,29710.3,2.36339,26.009,2.07994,22.8896,2.56399,0.0066,1.29171,4.5,5.4147,1.9655e-29,29.6631,1.85394,2.69544 
77,14,0.8,0.01,10,77,5.00322e-07,4.91827e-07,6.79041e-30,10.248,1.01727,950.317,2545.79,2478.35,4.52917,19.013,18.2661,-1.89441,-1.3086e-29,5.25766e-13,0.15832,0.154459,14841.7,25621.8,2.97739,30.5124,2.64999,27.1571,3.19522,0.0066,-1.22902,4.5,7.11104,2.26202e-29,34.1382,2.13364,3.3312 
78,14,0.8,10,0.01,78,4.54812e-07,4.95827e-07,6.84563e-30,10.3314,0.917281,950.317,2545.79,2478.35,4.50733,19.0204,18.273,-1.59937,-1.0043e-29,3.3807e-13,0.215944,0.209215,15206.7,24679.8,2.66609,27.5443,2.35232,24.3027,2.89115,0.0066,1.2439,4.5,5.76175,2.03496e-29,30.7114,1.91946,2.97264 
79,14,0.8,0.01,10,79,5.47221e-07,4.8378e-07,6.67931e-30,10.0804,1.13114,950.317,2545.79,2478.35,4.55074,19.0057,18.2592,-2.20016,-1.66226e-29,-1.08467e-13,0.115161,0.113011,14125.1,21181.6,3.33005,33.5681,3.00974,30.3392,3.5086,0.0066,1.27536,4.5,8.45238,2.44137e-29,36.8449,2.30281,3.65512 
80,16,0.7,10,0.01,80,4.26746e-07,5.12313e-07,7.07326e-30,10.6749,0.832978,950.317,2545.79,2478.35,4.49629,19.0241,18.2765,-1.32712,-7.81919e-30,1.48393e-13,0.288369,0.277375,16774.7,25813.2,2.40366,25.6589,2.11524,22.5799,2.60962,0.0066,1.32209,4.5,5.08364,1.89379e-29,28.5808,1.7863,2.67739 
81,16,0.7,0.01,10,81,4.72158e-07,5.09241e-07,7.03084e-30,10.6109,0.927179,950.317,2545.79,2478.35,4.52915,19.013,18.2661,-1.62982,-1.06246e-29,4.75026e-13,0.209102,0.202743,16474.7,27655.3,2.69696,28.6171,2.381,25.2645,2.92261,0.0066,1.18666,4.5,7.10938,2.26177e-29,34.1345,2.1334,3.21693 
82,16,0.7,10,0.01,82,4.95667e-07,4.75608e-07,6.56648e-30,9.91007,1.04218,950.317,2545.79,2478.35,4.53519,19.0109,18.2642,-1.96383,-1.34393e-29,6.4677e-13,0.14724,0.143857,13421.3,24073.1,3.05469,30.2722,2.7268,27.0228,3.26653,0.0066,-1.17498,4.5,7.48418,2.31561e-29,34.947,2.18419,3.52641 
83,16,0.7,0.01,10,83,5.07036e-07,4.91045e-07,6.77961e-30,10.2317,1.03257,950.317,2545.79,2478.35,4.53314,19.0116,18.2648,-1.93722,-1.35613e-29,2.74184e-13,0.15139,0.147831,14771,24610.8,3.02487,30.9497,2.69703,27.5953,3.2392,0.0066,1.1653,4.5,7.35714,2.29773e-29,34.6771,2.16732,3.38917 
84,16,0.7,10,0.01,84,4.408e-07,5.0901e-07,7.02765e-30,10.6061,0.865994,950.317,2545.79,2478.35,4.49424,19.0248,18.2771,-1.43655,-8.74271e-30,6.28167e-13,0.256628,0.247589,16452.3,27769.7,2.50647,26.5838,2.20654,23.4027,2.72292,0.0066,1.2816,4.5,4.95798,1.86503e-29,28.1469,1.75918,2.65385 
85,16,0.7,10,0.01,85,5.59396e-07,4.69325e-07,6.47973e-30,9.77915,1.19192,950.317,2545.79,2478.35,4.52658,19.0139,18.2669,-2.35205,-1.81656e-29,-1.874e-13,0.0984262,0.0968236,12896.3,20340.1,3.51753,34.3985,3.21052,31.3961,3.66368,0.0066,-1.18344,4.5,6.95042,2.23791e-29,33.7742,2.11089,3.4537 
86,16,0.7,10,0.01,86,4.53655e-07,5.31469e-07,7.33773e-30,11.074,0.853587,950.317,2545.79,2478.35,4.49604,19.0242,18.2766,-1.39584,-8.7427e-30,1.71636e-13,0.267982,0.258265,18727.5,29490.7,2.46792,27.3298,2.172,24.0528,2.68083,0.0066,1.25484,4.5,5.06833,1.89033e-29,28.5287,1.78304,2.57618 
87,16,0.7,0.01,10,87,5.32668e-07,4.75071e-07,6.55906e-30,9.89888,1.12124,950.317,2545.79,2478.35,4.54155,19.0088,18.2622,-2.17472,-1.59935e-29,3.27634e-13,0.118237,0.115979,13375.8,22677.1,3.29948,32.6612,2.97762,29.4751,3.48259,0.0066,-1.19771,4.5,7.87993,2.36914e-29,35.7548,2.23467,3.612 
88,16,0.7,10,0.01,88,4.23617e-07,5.2208e-07,7.2081e-30,10.8784,0.811403,950.317,2545.79,2478.35,4.49031,19.0261,18.2784,-1.25347,-7.33112e-30,6.15746e-14,0.311989,0.299469,17752.4,27620.6,2.33652,25.4176,2.05667,22.3733,2.53329,0.0066,1.26689,4.5,4.71733,1.80745e-29,27.2778,1.70486,2.50752 
89,16,0.7,10,0.01,89,4.63798e-07,4.83887e-07,6.68078e-30,10.0826,0.958484,950.317,2545.79,2478.35,4.50844,19.02,18.2726,-1.72426,-1.10412e-29,7.73241e-14,0.189276,0.183949,14134.4,22883.7,2.79453,28.176,2.47286,24.9328,3.02007,0.0066,1.24827,4.5,5.83,2.04799e-29,30.9081,1.93176,3.0655 
91,16,0.7,0.01,10,91,4.84385e-07,4.98819e-07,6.88695e-30,10.3937,0.971063,950.317,2545.79,2478.35,4.50564,19.021,18.2735,-1.76144,-1.17799e-29,-1.53187e-13,0.182015,0.177048,15483.7,24130,2.8337,29.4526,2.51025,26.0908,3.05839,0.0066,1.21172,4.5,5.65811,2.01479e-29,30.4069,1.90043,2.92551 
92,16,0.7,0.01,10,92,4.40713e-07,5.21635e-07,7.20196e-30,10.8691,0.844868,950.317,2545.79,2478.35,4.49713,19.0238,18.2762,-1.36691,-8.31725e-30,-9.07772e-14,0.276365,0.266138,17707.1,27331.6,2.44081,26.5295,2.14789,23.3456,2.65091,0.0066,1.23842,4.5,5.1349,1.90526e-29,28.7541,1.79713,2.64548 
93,16,0.7,10,0.01,93,4.38806e-07,4.95943e-07,6.84724e-30,10.3338,0.884792,950.317,2545.79,2478.35,4.49456,19.0247,18.277,-1.49725,-9.07089e-30,2.0591e-13,0.240617,0.232504,15217.5,24690.5,2.56488,26.505,2.25942,23.3484,2.78563,0.0066,1.23807,4.5,4.97728,1.8695e-29,28.2144,1.7634,2.7303 
94,16,0.7,0.01,10,94,5.02202e-07,4.75892e-07,6.57041e-30,9.916,1.05529,950.317,2545.79,2478.35,4.51751,19.0169,18.2698,-1.99978,-1.38658e-29,-2.76634e-13,0.14182,0.138662,13445.4,20775.8,3.09535,30.6935,2.76767,27.4442,3.30342,0.0066,1.22572,4.5,6.38958,2.14805e-29,32.4181,2.02613,3.26927 
95,16,0.7,0.01,10,95,4.28121e-07,5.04303e-07,6.96266e-30,10.508,0.848936,950.317,2545.79,2478.35,4.50238,19.0221,18.2746,-1.38046,-8.15969e-30,-6.43527e-14,0.27241,0.262422,16000,24795.2,2.45342,25.7805,2.15912,22.688,2.6649,0.0066,1.19853,4.5,5.45718,1.9743e-29,29.7959,1.86225,2.83556 
96,16,0.7,10,0.01,96,3.94474e-07,5.19101e-07,7.16697e-30,10.8163,0.759918,950.317,2545.79,2478.35,4.48472,19.028,18.2801,-1.07089,-5.83241e-30,5.3408e-13,0.379795,0.362407,17450.3,28497.2,2.17538,23.5297,1.92048,20.7726,2.34318,0.0066,1.29704,4.5,4.37512,1.71958e-29,25.9518,1.62199,2.39931 
98,16,0.7,10,0.01,98,4.09808e-07,5.1007e-07,7.04228e-30,10.6281,0.803435,950.317,2545.79,2478.35,4.48596,19.0276,18.2797,-1.22587,-6.93599e-30,2.3185e-13,0.321363,0.308208,16555.2,26941.6,2.31164,24.5684,2.03527,21.6311,2.50462,0.0066,1.26619,4.5,4.45096,1.73967e-29,26.2549,1.64093,2.47032 
99,16,0.7,0.01,10,99,4.69113e-07,5.13889e-07,7.09501e-30,10.7077,0.912869,950.317,2545.79,2478.35,4.51638,19.0173,18.2701,-1.5857,-1.02703e-29,1.56351e-13,0.21909,0.212188,16929.9,27209.8,2.65232,28.4003,2.3396,25.0517,2.87703,0.0066,1.27793,4.5,6.31951,2.13614e-29,32.2383,2.0149,3.01076 
100,18,0.7,10,0.01,100,4.3556e-07,5.11595e-07,7.06334e-30,10.6599,0.851375,950.317,2545.79,2478.35,4.49039,19.0261,18.2783,-1.38852,-8.34994e-30,2.52976e-13,0.270076,0.260235,16704.2,27104.1,2.46106,26.2347,2.16587,23.088,2.67327,0.0066,1.2889,4.5,4.72185,1.80856e-29,27.2946,1.70591,2.56049 
101,18,0.7,0.01,10,101,4.98591e-07,5.31436e-07,7.33727e-30,11.0733,0.938196,950.317,2545.79,2478.35,4.51313,19.0184,18.2712,-1.66338,-1.14503e-29,-7.07299e-14,0.201822,0.19585,18724,29731.7,2.73131,30.2447,2.41313,26.7214,2.95726,0.0066,1.23733,4.5,6.11938,2.10118e-29,31.7108,1.98192,2.86371 
102,18,0.7,10,0.01,102,4.73215e-07,4.79862e-07,6.62522e-30,9.99871,0.986147,950.317,2545.79,2478.35,4.50493,19.0212,18.2737,-1.80545,-1.17958e-29,1.49772e-13,0.173789,0.169219,13784.6,22843,2.88064,28.8027,2.55546,25.5513,3.10372,0.0066,1.22364,4.5,5.61391,2.00604e-29,30.2749,1.89218,3.02788 
103,18,0.7,0.01,10,103,4.55046e-07,5.38274e-07,7.43168e-30,11.2158,0.84538,950.317,2545.79,2478.35,4.50397,19.0215,18.274,-1.36863,-8.59852e-30,4.2101e-13,0.275863,0.265665,19456.2,32096.1,2.44239,27.3934,2.1493,24.1062,2.65267,0.0066,1.26951,4.5,5.5553,1.9943e-29,30.0978,1.88111,2.68351 
104,18,0.7,10,0.01,104,4.05221e-07,5.14534e-07,7.10392e-30,10.7212,0.787549,950.317,2545.79,2478.35,4.48839,19.0268,18.279,-1.17014,-6.54655e-30,2.85114e-13,0.341205,0.326665,16993.8,27555.7,2.26196,24.2509,1.99294,21.3667,2.44665,0.0066,1.26051,4.5,4.59949,1.778e-29,26.8333,1.67708,2.50284 
105,18,0.7,10,0.01,105,4.43849e-07,4.88373e-07,6.74272e-30,10.176,0.908833,950.317,2545.79,2478.35,4.49658,19.024,18.2764,-1.57315,-9.64026e-30,1.86056e-13,0.222022,0.214956,14531.2,23949,2.63973,26.862,2.32798,23.6897,2.86405,0.0066,1.2373,4.5,5.10158,1.89782e-29,28.6417,1.79011,2.81462 
106,18,0.7,10,0.01,106,4.38938e-07,4.92598e-07,6.80105e-30,10.2641,0.891068,950.317,2545.79,2478.35,4.50073,19.0226,18.2751,-1.51723,-9.19473e-30,6.43624e-14,0.235568,0.227746,14911.6,23944.6,2.58443,26.5268,2.27722,23.3735,2.80629,0.0066,1.26039,4.5,5.35587,1.95316e-29,29.4769,1.84231,2.87185 
107,18,0.7,0.01,10,107,4.69576e-07,5.52137e-07,7.62308e-30,11.5047,0.850472,950.317,2545.79,2478.35,4.50263,19.022,18.2745,-1.38554,-8.98271e-30,2.73604e-13,0.270938,0.261042,20998.4,34631.1,2.45823,28.2811,2.16336,24.8888,2.67017,0.0066,1.23639,4.5,5.47278,1.97751e-29,29.8444,1.86527,2.59411 
108,18,0.7,10,0.01,108,4.60384e-07,4.85067e-07,6.69709e-30,10.1072,0.949114,950.317,2545.79,2478.35,4.50944,19.0197,18.2723,-1.69628,-1.07821e-29,-4.99858e-14,0.194937,0.189322,14238.1,21771.3,2.76534,27.9497,2.44518,24.7139,2.99122,0.0066,1.31798,4.5,5.89162,2.0596e-29,31.0832,1.9427,3.07536 
109,18,0.7,10,0.01,109,4.31977e-07,5.15789e-07,7.12125e-30,10.7473,0.837507,950.317,2545.79,2478.35,4.48744,19.0271,18.2793,-1.34231,-8.00568e-30,4.14791e-13,0.283716,0.273026,17118.4,29007,2.41786,25.9855,2.12764,22.8665,2.62541,0.0066,-1.25979,4.5,4.54147,1.76318e-29,26.6098,1.66311,2.47595 
110,18,0.7,0.01,10,110,4.55128e-07,5.10561e-07,7.04906e-30,10.6384,0.891427,950.317,2545.79,2478.35,4.51,19.0195,18.2721,-1.51838,-9.5411e-30,4.50169e-13,0.235283,0.227475,16603.1,27986.4,2.58553,27.5059,2.27824,24.2368,2.80747,0.0066,1.28134,4.5,5.92605,2.06601e-29,31.18,1.94875,2.9309 
111,18,0.7,0.01,10,111,4.79592e-07,5.00036e-07,6.90375e-30,10.4191,0.959114,950.317,2545.79,2478.35,4.50915,19.0198,18.2724,-1.72613,-1.14295e-29,2.15249e-13,0.188903,0.183595,15597.4,26053.3,2.79649,29.1368,2.47472,25.7843,3.022,0.0066,-1.235,4.5,5.87413,2.05632e-29,31.0337,1.93961,2.97855 
112,18,0.7,0.01,10,112,4.93565e-07,5.02072e-07,6.93186e-30,10.4615,0.983056,950.317,2545.79,2478.35,4.52538,19.0143,18.2673,-1.79648,-1.2242e-29,2.63823e-13,0.175434,0.170785,15788.6,26390.2,2.87102,30.0352,2.54616,26.6366,3.09448,0.0066,1.21976,4.5,6.87581,2.22647e-29,33.6017,2.10011,3.21194 
113,18,0.7,10,0.01,113,4.15977e-07,5.35312e-07,7.39079e-30,11.1541,0.777073,950.317,2545.79,2478.35,4.48503,19.0279,18.28,-1.13286,-6.5062e-30,3.89454e-13,0.355192,0.339644,19136.7,31823.3,2.22917,24.8644,1.9653,21.9211,2.40782,0.0066,1.26849,4.5,4.39416,1.72466e-29,26.0284,1.62677,2.33352 
114,18,0.7,0.01,10,114,4.69467e-07,5.39904e-07,7.45418e-30,11.2498,0.869538,950.317,2545.79,2478.35,4.50946,19.0197,18.2723,-1.44807,-9.38598e-30,1.82566e-13,0.253503,0.24465,19633.4,31554.2,2.51752,28.3216,2.21646,24.9347,2.73485,0.0066,1.28268,4.5,5.89269,2.05979e-29,31.0862,1.94289,2.76327 
115,18,0.7,0.01,10,115,4.45372e-07,5.1889e-07,7.16406e-30,10.8119,0.858315,950.317,2545.79,2478.35,4.50994,19.0195,18.2722,-1.41146,-8.67911e-30,1.21215e-13,0.263577,0.254114,17429,27817,2.4825,26.8406,2.18513,23.6254,2.69692,0.0066,1.26404,4.5,5.92255,2.06536e-29,31.1702,1.94814,2.88295 
116,18,0.7,10,0.01,116,3.89201e-07,5.56494e-07,7.68324e-30,11.5955,0.69938,950.317,2545.79,2478.35,4.48458,19.0281,18.2802,-0.842303,-4.52612e-30,2.49275e-13,0.487202,0.460965,21499.5,33840.1,1.98515,23.0188,1.76694,20.4885,2.10383,0.0066,1.30478,4.5,4.36639,1.71725e-29,25.9165,1.61978,2.23505 
117,18,0.7,0.01,10,117,4.36162e-07,5.68122e-07,7.84378e-30,11.8378,0.767727,950.317,2545.79,2478.35,4.50091,19.0226,18.275,-1.09924,-6.61949e-30,1.7661e-13,0.368323,0.351804,22875.6,36233.7,2.19988,26.0417,1.94081,22.9748,2.37277,0.0066,1.2696,4.5,5.36696,1.9555e-29,29.5122,1.84451,2.49306 
118,18,0.7,10,0.01,118,4.00072e-07,5.41415e-07,7.47505e-30,11.2813,0.738937,950.317,2545.79,2478.35,4.48041,19.0295,18.2815,-0.993472,-5.48753e-30,8.50324e-14,0.413072,0.39308,19798.7,30602.6,2.10952,23.7981,1.86645,21.0559,2.26227,0.0066,1.3074,4.5,4.112,1.64721e-29,24.8595,1.55372,2.20361 
119,18,0.7,0.01,10,119,4.30856e-07,5.37607e-07,7.42248e-30,11.2019,0.801433,950.317,2545.79,2478.35,4.49555,19.0244,18.2767,-1.21889,-7.25073e-30,1.76311e-13,0.323778,0.310458,19383.9,31119.5,2.30539,25.8248,2.02991,22.7389,2.49738,0.0066,1.26717,4.5,5.03786,1.88341e-29,28.4243,1.77652,2.53744 
120,18,0.7,0.01,10,119,4.59836e-07,5.62092e-07,7.76053e-30,11.7121,0.818079,950.317,2545.79,2478.35,4.49853,19.0234,18.2758,-1.2764,-8.10354e-30,-1.14895e-14,0.304412,0.292399,22154.9,34831.3,2.35739,27.61,2.0747,24.2992,2.55712,0.0066,1.24538,4.5,5.22093,1.92421e-29,29.0401,1.815,2.47949 
121,18,0.7,0.01,10,119,4.40556e-07,5.57921e-07,7.70294e-30,11.6252,0.789638,950.317,2545.79,2478.35,4.50684,19.0205,18.2731,-1.17752,-7.16231e-30,-8.92445e-14,0.338504,0.324157,21665.3,33061.3,2.26851,26.3719,1.99848,23.2328,2.45434,0.0066,1.30541,4.5,5.73153,2.02912e-29,30.6233,1.91396,2.63422 
122,18,0.7,0.01,10,119,4.95496e-07,5.1481e-07,7.10773e-30,10.7269,0.962483,950.317,2545.79,2478.35,4.52537,19.0143,18.2673,-1.73613,-1.1877e-29,3.13929e-13,0.186926,0.181717,17021.1,28221.9,2.80698,30.1103,2.48471,26.6533,3.0323,0.0066,1.23978,4.5,6.87568,2.22645e-29,33.6014,2.10009,3.13244 
123,18,0.7,0.01,10,119,4.68445e-07,5.38076e-07,7.42895e-30,11.2117,0.870593,950.317,2545.79,2478.35,4.50314,19.0218,18.2743,-1.4515,-9.38772e-30,2.78549e-13,0.252583,0.243783,19434.7,31986,2.52079,28.2623,2.21942,24.8835,2.73838,0.0066,-1.26419,4.5,5.50409,1.98392e-29,29.9411,1.87132,2.67052 
