cyc,delaytime,windowsamples,freq,cyc,ROIsum,fBg,fA1,fWidth1,fCtr1,fA2,fWidth2,fCtr2,box1,box2,box3,box4,box5,box6,box7,box8,box9,Nfit,BZ-2,BZ-1,BZ0,BZ1,BZ2,Excited,c5,c7,c9,fraction95,fraction75,fraction97,sum95
21,3.3,4,44.2,21,33629.4,-0.390207,66.7296,11.7952,114.787,0.582988,-251.977,499.999,3.2611,1.87995,1.70962,1.18598,0.0984637,35.6688,434.546,33.3373,34751,30404.4,3.0365,1.65535,1.26043,0.961382,-0.126133,0.814303,384.517,31.4844,34700.9,0.0109594,0.874668,0.00166857,35085.4 
22,3.3,4,45.34,22,34450.8,-0.163364,67.4426,11.8265,114.983,0.0396873,36.0103,11.1493,4.35233,3.41844,5.85697,-0.216638,-3.91248,9.16375,616.338,43.8143,35249.5,26011.4,4.29463,3.36074,5.74156,-0.274339,-3.97018,0.372672,603.485,43.3383,35236.6,0.0168383,0.888357,0.00226053,35840.1 
23,3.3,4,45.22,23,33645.8,-0.456856,66.4828,11.7722,114.765,0.575517,-327.856,417.172,3.61195,1.8594,0.343375,0.024903,-0.371033,32.8165,874.111,55.1954,34114.5,31620.1,3.40532,1.65276,-0.0698989,-0.181734,-0.57767,1.01653,828.083,53.4906,34068.5,0.0237296,0.898438,0.00288393,34896.6 
24,3.3,4,44.5,24,32110.8,-0.0787103,65.0215,11.3714,115.051,0.637704,379.714,0.488416,2.35089,2.19045,-0.042911,-1.79999,-1.03136,42.493,875.274,42.4418,32614.9,31952,2.08333,1.92289,-0.578045,-2.06756,-1.29892,10.3707,815.674,40.2343,32555.3,0.0244426,0.920538,0.00227145,33370.9 
25,3.3,4,44.56,25,33312.1,-0.493325,66.634,11.6987,114.804,0.186918,31.6161,86.5196,4.22118,1.40673,-1.62163,-0.394168,0.480973,99.4231,1191.31,45.4571,33477,25568.7,3.59513,0.780693,-2.87371,-1.02021,-0.145068,9.53145,1051.86,40.2922,33337.6,0.0305868,0.937177,0.00222145,34389.4 
26,3.3,4,44.26,26,33785.4,-0.179765,66.1354,11.7795,114.369,0.194994,54.109,0.0026828,1.67817,1.65374,3.87504,1.05824,2.78781,56.8339,608.662,53.9977,34480.5,25703.8,1.3203,1.29587,3.1593,0.700374,2.42994,0.645253,528.946,51.0453,34400.8,0.0151432,0.855519,0.00272594,34929.7 
27,3.3,4,44.74,27,33422.5,-0.468767,67.6832,11.5082,114.208,-1.00482,408.959,2.09824,0.598394,2.17783,6.45959,-1.2471,-1.04909,38.9252,1252.47,36.8004,33613.5,38733.2,0.353292,1.93273,5.96938,-1.4922,-1.29419,-0.0914923,1197.88,34.7783,33558.9,0.0344646,0.951648,0.0019054,34756.7 
28,3.3,4,44.44,28,33046.9,-0.201573,65.7893,11.6187,114.657,0.630511,-620.383,0.00815212,2.75171,0.0515919,4.93141,-1.08717,-1.27858,60.6706,898.286,42.0847,33583.4,37616.8,2.36968,-0.330435,4.16736,-1.4692,-1.66061,-0.354446,813.19,38.933,33498.4,0.0237002,0.922693,0.00213639,34311.5 
29,3.3,4,45.4,29,33086.2,-0.291217,65.8577,11.6161,115.05,-0.451578,1371.95,431.427,1.55533,0.665047,2.75063,-1.15742,-0.2296,-2.84239,473.548,44.8254,33988.5,45071.7,1.57323,0.682945,2.78642,-1.13952,-0.211702,0.245153,477.535,44.973,33992.5,0.0138536,0.858509,0.00243123,34470 
30,3.3,4,45.28,30,34228.9,0.0419353,66.8633,11.7774,115.006,-0.0971992,-61.8412,500,3.05302,2.92611,1.36133,-1.3299,0.279318,34.4308,775.813,45.74,34846.7,25830.6,2.83622,2.70931,0.927725,-1.54671,0.0625167,0.814048,727.52,43.9513,34798.4,0.0204786,0.904386,0.00232123,35525.9 
31,3.3,4,44.62,31,32189.5,-0.480746,64.9806,11.5992,115.201,0.868464,-434.388,32.2328,4.57648,1.82227,4.73947,1.63377,2.4735,55.7677,1104.46,41.8954,32561.4,36816.9,4.22532,1.47112,4.03716,1.28262,2.12234,0.692724,1026.24,38.9984,32483.2,0.0306255,0.937645,0.00220669,33509.5 
32,3.3,4,44.38,32,32062.5,-0.0178643,64.9454,11.3942,115.079,-0.0753761,126.26,500,2.91302,0.395574,4.39987,1.64275,0.635764,63.2634,748.914,47.8812,32806,24399.3,2.51467,-0.0027788,3.60317,1.24439,0.237411,0.525703,660.181,44.5948,32717.3,0.0197792,0.894285,0.00250457,33377.4 
33,3.3,4,44.32,33,31675.6,-0.0228163,64.3579,11.4392,114.618,-0.0332049,42.6865,500,4.76976,3.75769,3.24596,0.368775,-1.06653,-0.368579,606.474,30.8878,32594.5,24012,4.77208,3.76001,3.25061,0.371096,-1.06421,0.706878,606.991,30.907,32595,0.0182818,0.918183,0.00174366,33202 
34,3.3,4,45.1,34,34097.3,-0.0167479,68.1451,11.519,114.977,0.0741496,-27.9912,500,3.76785,2.29484,4.62953,-1.82366,-0.437562,55.583,1102.53,40.8777,34369.8,25620.8,3.41786,1.94485,3.92954,-2.17366,-0.787554,0.379321,1024.57,37.9903,34291.9,0.0290111,0.939065,0.00203662,35316.4 
35,3.3,4,44.86,35,32420.1,-0.0249762,64.5902,11.4141,114.57,-0.0259622,-102.452,6.40903e-11,2.53305,5.69505,2.52574,-2.15053,-0.779014,46.2709,1309.38,41.7577,32270.7,24086.2,2.2417,5.40369,1.94303,-2.44188,-1.07037,0.680221,1244.48,39.354,32205.8,0.0372038,0.947562,0.00224591,33450.3 
36,3.3,4,44.8,36,31287.5,-0.0374484,63.1061,11.3598,114.524,0.039933,93.832,500,2.73453,3.12188,1.15151,5.22332,1.54989,72.3146,1337.38,49.6148,31234.2,23458.5,2.27918,2.66653,0.240819,4.76798,1.09455,0.978205,1235.96,45.8582,31132.8,0.0381836,0.939028,0.00270605,32368.8 
37,3.3,4,45.04,37,32018.6,-0.462692,65.4089,11.4352,114.765,-1.07014,1592.09,495.646,4.41981,-1.8882,3.40416,-0.555518,-0.805235,62.068,1130.9,45.5379,32357.4,79811.7,4.02899,-2.27903,2.6225,-0.946343,-1.19606,-0.175979,1043.85,42.3136,32270.3,0.0313334,0.933761,0.00240959,33314.2 
38,3.3,4,44.98,38,30596.6,0.0315781,62.1978,11.291,114.555,-0.108185,62.8231,500,4.22779,1.87502,5.12403,-3.07924,1.03923,125.764,1220.71,50.0878,30763.2,23082.7,3.43589,1.08312,3.54023,-3.87114,0.247327,0.201828,1044.32,43.5547,30586.8,0.0330154,0.931978,0.00261624,31631.1 
39,3.3,4,44.68,39,32213,-0.519126,65.1858,11.6373,114.567,-0.0309371,1598.77,212.364,-0.220522,2.77068,6.75394,3.52888,-0.584068,69.9537,1298.89,47.3387,32477.3,26304.6,-0.661002,2.3302,5.87298,3.0884,-1.02455,0.388615,1200.78,43.7047,32379.2,0.0357588,0.940119,0.00248027,33579.9 
40,3.3,4,45.16,40,34075.6,-0.0249264,67.2619,11.7129,114.793,0.04222,-40.1073,499.903,4.80489,4.18985,-2.94874,-1.52553,-1.42946,64.1173,915.587,42.3359,34693.5,25701.6,4.40116,3.78612,-3.7562,-1.92926,-1.83319,6.61781,825.656,39.0051,34603.6,0.0233044,0.92364,0.00207212,35429.2 
41,3.3,4,44.92,41,33467.9,-0.0348267,67.1492,11.5672,114.733,-0.0830337,88.9666,500,1.83634,3.04137,5.61074,1.3291,-0.764712,42.4099,1288.09,34.9013,33781.4,25525.5,1.5693,2.77433,5.07666,1.06206,-1.03176,0.462821,1228.61,32.6982,33721.9,0.0351528,0.955498,0.001783,34950.5 
