cyc,freq (MHz),cyc,ROIsum,fBg,fA1,fWidth1,fCtr1,fA2,fWidth2,fCtr2,box1,box2,box3,box4,box5,box6,box7,box8,box9,Nfit,BZ-2,BZ-1,BZ0,BZ1,BZ2,Excited,c5,c7,c9,fraction95,fraction75,fraction97,sum95
0,44,0,5417.08,0.00449301,12.9122,11.7143,119.325,0.0674391,-57.8984,500,-1.98367,-2.23809,-8.93471,-4.57913,-0.932668,-4.9668,3846.37,-1.81439,3282.48,5051.05,-1.95239,-2.20681,-8.87216,-4.54785,-0.901393,0.519921,3851.51,-1.59546,3287.63,0.562819,1.00073,-0.000894762,6843.25 
1,44.9,1,5044.32,-0.100379,12.2534,11.797,119.964,-0.0989767,26.196,500,-2.14199,-3.83134,-3.08474,-3.97225,-1.60222,-3.98352,3745.17,-4.1434,2948.35,4790.09,-2.11691,-3.80626,-3.03458,-3.94717,-1.57713,0.79046,3749.3,-3.96782,2952.48,0.582546,1.00186,-0.00248174,6436.05 
2,44.321,2,4710.88,-0.0983571,11.5854,11.9552,119.655,0.0435242,-125.796,500,-0.31785,-3.05774,-5.56535,-1.20844,-3.65449,21.3478,3411.71,-3.71859,3049.08,4687.07,-0.452271,-3.19216,-5.83419,-1.34286,-3.78891,0.600682,3389.6,-4.65954,3026.97,0.55168,1.00241,-0.0028437,6144.14 
3,44.386,3,3591.92,0.0172081,-9.52238,11.7864,119.54,0.0171151,22.6702,4.0657e-13,0.0221952,1.67854,-6.29243,-4.09488,-4.98046,-9.85227,2553.17,-12.8459,2882.48,3666.25,0.0842323,1.74058,-6.16836,-4.03285,-4.91843,0.536033,2563.37,-12.4116,2892.68,0.493363,1.00855,-0.00796689,5195.72 
4,44.442,4,3230.91,-0.377988,-9.40409,12.0208,119.649,-0.0620853,243.729,499.98,-0.512952,0.0502746,-1.92316,0.876596,-2.73796,7.39014,3587.94,8.0469,1382.19,4172.58,-0.559486,0.00374086,-2.01623,0.830063,-2.78449,0.554562,3580.29,7.72116,1374.54,0.741089,0.99624,0.0102416,4831.11 
5,44.324,5,3764.15,-0.00719545,10.2945,11.4912,119.496,0.0401999,-12.1337,499.992,-0.222571,0.557543,-4.54096,-3.26837,1.59997,-18.0004,2952.2,-10.0621,2730.88,3866.83,-0.109227,0.670886,-4.31427,-3.15502,1.71331,0.169425,2970.84,-9.2687,2749.53,0.542827,1.00549,-0.00624857,5472.91 
6,44.37,6,4034.8,-0.108064,10.4817,11.8069,119.89,-0.005753,50.088,500,0.359096,-0.510727,-2.29754,-1.86907,-3.11082,-7.73635,2970.25,-5.10897,2748.49,4038.06,0.40781,-0.462013,-2.20012,-1.82036,-3.0621,0.691722,2978.26,-4.76798,2756.5,0.542817,1.00281,-0.00319652,5486.68 
7,44.2,7,4570.04,-0.152167,11.4607,-11.8936,119.109,0.14128,-965.794,499.067,-1.75937,-0.851797,-1.11912,-4.61937,-4.10189,-19.8032,3326.73,-5.7888,2966.87,8879.14,-1.63467,-0.727102,-0.869732,-4.49468,-3.97719,0.925685,3347.24,-4.91593,2987.38,0.551826,1.00258,-0.00304052,6065.75 
8,44.392,8,3236.62,-0.0707143,-9.19301,-11.4606,119.158,-0.00460494,21.2997,500,-1.40985,-0.732742,-3.15196,-1.65063,-3.14248,23.5367,2364.68,-7.82071,2584.77,3432.91,-1.55806,-0.880946,-3.44837,-1.79884,-3.29069,0.685852,2340.3,-8.85814,2560.39,0.501107,1.00667,-0.00641398,4670.25 
9,44.364,9,4520.27,-0.396837,11.8018,12.1329,119.119,0.50948,-55.9118,145.211,-0.689862,-1.33326,-5.29522,-3.98279,-1.49636,-16.2058,3013.89,-1.58343,3283.4,5588.59,-0.587818,-1.23122,-5.09114,-3.88074,-1.39432,0.582188,3030.68,-0.86913,3300.19,0.502279,1.0005,-0.000485368,6033.85 
10,44.306,10,4643.84,-0.00950771,11.7095,11.7469,119.756,-0.000196202,10.4387,1.73218e-11,0.0949812,-1.81355,-0.243023,-0.493711,-2.42311,30.2632,3296.55,-7.01795,3162.64,4477.78,-0.0955783,-2.00411,-0.624142,-0.68427,-2.61367,0.896352,3265.2,-8.35187,3131.29,0.533994,1.0045,-0.00493757,6114.68 
11,44.15,11,4097,-0.101947,10.6155,11.7252,119.537,0.0382526,108.425,499.8,0.111882,-0.24783,0.48811,0.937176,-0.722283,27.7791,3243.78,-4.26742,2548.32,4186.89,-0.063036,-0.422747,0.138275,0.762258,-0.8972,1.28661,3215.01,-5.49185,2519.54,0.58372,1.003,-0.00403142,5507.79 
12,44.315,12,4461.54,-0.00323704,11.5732,-11.6108,119.373,-0.0715279,66.4532,2.46675e-13,-1.76723,-1.00385,-2.39369,1.59136,0.158863,-19.242,3320.3,-5.77212,3097.74,4529.04,-1.64606,-0.882693,-2.15136,1.71252,0.280024,0.199515,3340.23,-4.92399,3117.67,0.540726,1.00259,-0.00291787,6177.31 
13,44.6,13,5020.68,-0.00366541,11.9967,11.8972,119.564,0.00262938,1.63196,7.0589e-12,-1.02384,-1.71515,-1.01912,-1.3213,-1.93191,-28.4373,3754.62,-7.37806,3011.55,4646.4,-0.844776,-1.53609,-0.660995,-1.14223,-1.75285,0.888664,3784.08,-6.12463,3041,0.577599,1.00284,-0.00372385,6551.39 
14,44.3,14,4318.72,0.000481522,10.7713,11.5918,119.275,-0.00772602,7.49993,8.30638e-12,-0.458575,-3.24478,-6.51186,-1.765,-2.45064,-11.4279,3163.72,-6.57622,2727.66,4066.46,-0.386617,-3.17282,-6.36795,-1.69304,-2.37868,0.545117,3175.56,-6.07251,2739.49,0.560212,1.00336,-0.00410005,5668.5 
15,44.406,15,2823.25,-0.0198113,-8.2685,11.4788,119.307,0.036669,42.1349,3.06272,-1.10378,1.63933,-1.87664,-0.992084,1.32946,-7.2355,1819.58,-11.1609,2691.17,3140.01,-1.05822,1.68489,-1.78552,-0.946524,1.37502,-1.44475,1827.08,-10.842,2698.66,0.426602,1.01049,-0.00745592,4282.86 
16,44.4,16,3131.22,-0.224436,-8.96522,11.8706,119.2,1.10156,2012.24,500,-1.7183,-0.881716,-1.81961,-0.0597719,0.158823,-36.6545,1990.57,-12.6253,2820.54,75622.1,-1.4875,-0.650912,-1.358,0.171032,0.389627,0.537426,2028.54,-11.0097,2858.51,0.43815,1.00959,-0.00714566,4629.79 
17,44.4,17,3315.71,-0.313378,-9.14139,11.7663,119.041,-0.78507,331.019,2.48474,-0.217293,2.9211,-1.84023,-3.32233,-2.55782,4.37789,2263.81,-9.28579,2522.76,11961.2,-0.244859,2.89353,-1.89536,-3.34989,-2.58538,0.634239,2259.28,-9.47876,2518.22,0.49645,1.0074,-0.00698222,4550.86 
18,44.404,18,3257.1,-0.100825,-9.24354,11.5372,118.981,-1.7602,454.816,0.00129373,-2.46393,-2.96643,-3.78705,-1.56815,1.18692,1.80138,1998.77,-10.2488,2955.44,29532.7,-2.47527,-2.97777,-3.80974,-1.57949,1.17558,0.60589,1996.9,-10.3282,2953.57,0.426265,1.00913,-0.00648334,4684.65 
19,44.388,19,3741.19,-0.0480932,9.94358,11.4112,119.14,0.173589,-1.34363,500,-4.54504,-0.499772,-2.00008,-3.6672,1.29669,2.26734,2180.36,-2.00903,3176,3701.34,-4.55932,-0.514049,-2.02863,-3.68148,1.28242,0.786483,2178.02,-2.10897,3173.65,0.429925,1.0017,-0.00122562,5066.04 
20,44.362,20,3961.72,-0.339014,10.6064,11.8057,119.048,0.660904,-125.533,290.518,-0.448456,2.75758,-0.950739,-3.05122,-2.3419,-56.396,2691.94,-8.64579,2856.64,6776.99,-0.0933454,3.11269,-0.240518,-2.69611,-1.98679,0.873682,2750.35,-6.16001,2915.06,0.509037,1.00393,-0.0039079,5403.05 
21,44.25,21,5027.88,-0.345858,12.308,12.0604,119.632,0.124742,0.0717463,30.9323,-8.03482,-2.32244,4.89336,-3.70931,0.0771046,-54.1091,3543.92,-4.01113,3010.27,4832.48,-7.69411,-1.98173,5.57478,-3.3686,0.417815,1.79054,3599.97,-1.62616,3066.32,0.563347,1.00079,-0.000977878,6390.31 
22,44.402,22,3183.79,-0.00671816,-8.50645,11.5084,119.409,0.00119696,4.71897,2.62816e-12,-0.245343,1.76544,2.70725,-1.2152,-1.58892,-23.0659,2069.15,-1.9605,2583.18,3187,-0.100103,1.91068,2.99773,-1.06996,-1.44368,-0.306393,2093.04,-0.943817,2607.08,0.468716,1.00079,-0.000667326,4465.48 
23,44.394,23,3580.06,-0.131036,-9.80411,11.4734,119.4,0.249658,-439.178,500,-4.67917,-0.447853,-1.5428,-2.34435,-2.71236,7.34105,2249.45,-5.99824,2945.84,7231.07,-4.7254,-0.494078,-1.63525,-2.39058,-2.75858,0.863774,2241.85,-6.32181,2938.23,0.456064,1.00496,-0.00397919,4915.64 
24,44.55,24,4164.38,0.000228725,10.1451,11.7988,119.82,0.0108504,6.48953,1.55967e-12,-4.56795,-3.81567,-6.06192,-1.17814,-0.82872,20.464,3294.62,-1.24767,2251.64,3898.89,-4.69681,-3.94453,-6.31963,-1.30699,-0.957577,0.633124,3273.42,-2.14967,2230.45,0.617263,1.00115,-0.00177855,5303.13 
25,44.398,25,3106.72,-0.00869256,-8.66599,11.2174,119.812,0.0015717,6.45532,1.077e-11,-0.336759,-0.439252,0.0503385,-1.07233,-1.7127,-25.5019,1969.52,-11.4223,2670.11,3164.85,-0.17618,-0.278673,0.371496,-0.911751,-1.55212,1.14584,1995.93,-10.2982,2696.53,0.448547,1.00911,-0.00708497,4449.77 
26,44.39,26,3324.47,-0.0575939,-9.30233,11.3916,119.136,0.0435915,4.36503,500,-2.40771,-0.335596,-3.25134,-0.619668,0.641829,30.1312,2277.95,-5.48766,2666.13,3455.82,-2.59743,-0.525324,-3.63079,-0.809396,0.452101,0.489401,2246.74,-6.81575,2634.92,0.483741,1.00534,-0.0047878,4644.51 
27,44.41,27,2993.92,-0.316396,-8.56195,11.7862,119.078,0.366505,-335.768,483.84,-1.9982,1.17132,4.61225,0.119696,-3.34018,-7.57353,1785.78,-14.7507,2716.04,7291.07,-1.95051,1.21901,4.70763,0.167385,-3.29249,-4.53173,1793.63,-14.4169,2723.89,0.419821,1.01427,-0.00984582,4272.37 
28,44.374,28,4874.95,-0.341871,12.1919,11.8653,119.225,0.0300129,-130.36,6.35947,1.18632,-0.8184,-0.146928,0.534887,-3.96584,2.80921,2968.82,-15.4464,3431.79,4836.53,1.16863,-0.836089,-0.182306,0.517199,-3.98353,0.945024,2965.91,-15.5703,3428.88,0.487318,1.00927,-0.0084354,6086.2 
29,44.7,29,5852.07,-0.355685,13.5579,12.3508,119.216,0.0573767,497.15,41.5077,-0.794543,0.129959,-3.86342,-0.744174,-1.91876,-13.6553,4078.38,-8.55652,3272.16,6379.67,-0.708559,0.215943,-3.69145,-0.65819,-1.83278,0.446977,4092.52,-7.95463,3286.31,0.57779,1.00341,-0.00447886,7083.06 
30,44.309,30,4848.52,-0.360123,12.1554,12.024,119.633,0.238054,106.206,11.2677,-2.36624,-2.64101,-5.11675,-3.67718,-3.81561,-6.05685,3327.51,-1.98543,3120.19,5580.9,-2.32811,-2.60287,-5.04047,-3.63904,-3.77748,0.710117,3333.78,-1.71847,3126.46,0.539546,1.0009,-0.00101354,6178.86 
31,44.318,31,4399.76,-0.0102782,10.7005,-11.7952,119.414,0.0316778,-4.48218,499.998,-3.43675,0.660276,-1.43684,-2.06725,0.579863,-49.2204,2966.28,-6.4555,2951.8,4113.32,-3.12683,0.970204,-0.816982,-1.75732,0.889791,0.787307,3017.26,-4.286,3002.78,0.52476,1.00249,-0.00263625,5749.79 
32,44.5,32,3773.88,-0.0170896,9.21905,12.0149,119.699,0.211658,-74.1789,499.998,-1.81065,-3.32416,-3.4689,-1.18291,-1.85661,-56.8469,3468.57,4.67668,1696.32,4116.91,-1.4527,-2.96621,-2.753,-0.824963,-1.49866,0.710074,3527.45,7.18233,1755.21,0.688325,0.996449,0.00748153,5124.69 
33,44.303,33,3826.36,-0.0367208,10.2309,11.5014,119.503,0.196646,-84.5873,500,-2.60872,-1.04916,-3.83053,-1.29937,1.47408,-53.6458,2980.89,3.00705,2494.25,4372.01,-2.27093,-0.711371,-3.15494,-0.961577,1.81188,0.403258,3036.46,5.3716,2549.81,0.566843,0.996914,0.00386569,5356.79 
34,44.312,34,5516.74,-0.323978,13.2665,11.8194,119.524,1.20102,-501.909,257.481,-1.12133,-0.427866,-4.07435,-0.647037,-2.19938,-30.3081,3476.8,-7.8801,3497.15,24727.6,-0.930486,-0.237024,-3.69267,-0.456195,-2.00854,0.495876,3508.19,-6.5442,3528.54,0.522117,1.00328,-0.00342817,6719.16 
35,44.38,35,4017.67,-0.0210836,10.4969,11.4795,119.444,0.0350392,-4.67852,500,0.60725,-2.80279,-1.75474,-1.7763,-2.72321,-44.2592,2763.67,-1.54121,2872.07,3927.99,0.885938,-2.5241,-1.19736,-1.49761,-2.44452,0.823337,2809.51,0.409611,2917.92,0.514109,0.999745,0.000258524,5464.82 
36,44.368,36,4598.58,-0.0806016,11.2784,11.5417,119.542,0.0669276,1.24215,500,-4.95755,-2.90455,-3.08078,-1.97656,-1.33013,1.40468,2679.78,3.62135,3298.9,4240.24,-4.96639,-2.91339,-3.09847,-1.98541,-1.33897,0.783364,2678.32,3.55944,3297.45,0.471619,0.99768,0.00198452,5679 
37,44.384,37,4062.23,-0.125821,9.91686,11.4451,119.397,0.0994065,-5.36634,245.809,-3.83215,-0.472469,-3.86829,-1.04515,-3.4049,-16.1161,2546.42,2.15371,3036.83,3712.16,-3.73067,-0.37099,-3.66533,-0.943672,-3.30342,0.694914,2563.11,2.86406,3053.52,0.47982,0.998048,0.00172483,5341.81 
38,44.372,38,4208.61,-0.337713,10.6755,-12.1507,119.447,0.341235,251.154,453.004,-2.49499,-1.4352,-3.40111,0.456086,0.608083,-73.5968,2512.51,-4.65954,3181.34,7012.55,-2.03157,-0.971779,-2.47427,0.919506,1.0715,0.290351,2588.74,-1.41561,3257.58,0.466176,1.00096,-0.000801144,5553.14 
39,44.8,39,5791.1,0.00429546,13.6075,11.5323,119.516,-0.00869468,5.80743,3.98997e-11,-1.93016,-1.86658,-3.30084,-2.702,1.41617,-48.1462,3741.44,6.09457,3588.34,5110.09,-1.627,-1.56341,-2.69451,-2.39883,1.71934,0.589528,3791.31,8.21672,3638.21,0.533831,0.996222,0.00414307,7102.08 
40,44.75,40,6025.44,-0.307711,14.2167,11.9643,119.284,0.0147263,429.991,3.51409,-2.19303,-0.231665,-1.76718,-0.806072,-3.66809,-27.77,4168.22,-7.57656,3414.98,5743.24,-2.01817,-0.0568048,-1.41746,-0.631212,-3.49323,0.813906,4196.99,-6.35253,3443.75,0.572514,1.00266,-0.00340964,7330.8 
41,44.412,41,2856.2,-0.0141121,-8.44531,10.7822,119.087,0.0267098,10.3389,2.91023e-11,-2.80542,-2.81433,0.73499,-1.23968,-3.01425,-20.942,1901.02,-5.5475,2459.08,2973.27,-2.67355,-2.68246,0.998723,-1.10781,-2.88239,1.11964,1922.71,-4.62443,2480.78,0.459955,1.00423,-0.00344571,4180.22 
42,44.45,42,3607.91,-0.092029,-9.8917,11.5177,119.728,0.233694,-18.2983,53.5759,-2.67346,-3.05482,-5.07303,-3.80264,-4.38673,-26.7288,3747.74,3.52255,1403.43,3848,-2.50515,-2.88652,-4.73642,-3.63434,-4.21842,0.736585,3775.42,4.70068,1431.11,0.743525,0.997826,0.00601424,5077.74 
43,44.438,43,3090.64,-0.0686046,-8.95791,-11.4477,118.272,0.118135,-23.4382,5.94734e-13,-0.620205,-0.797074,-2.22261,-2.95981,-2.65021,9.844,1848.08,-16.261,2876.65,3428.38,-0.68219,-0.859059,-2.34658,-3.02179,-2.7122,0.756119,1837.89,-16.6949,2866.45,0.413346,1.01615,-0.0108452,4446.36 
44,44.3,44,4574.04,-0.345318,11.4777,-12.0682,119.432,-0.484936,587.014,65.8037,-1.90078,-3.43784,0.362735,-0.764917,-2.76808,-66.8313,3075.39,1.61295,3026.24,13775.9,-1.47996,-3.01702,1.20437,-0.344099,-2.34726,1.20127,3144.62,4.55868,3095.47,0.527488,0.997469,0.00270552,5961.49 
45,44.05,45,4710.64,-0.0160359,11.6922,11.4027,119.802,0.000956269,8.77412,4.09147,-1.80308,-2.31339,-4.95792,-2.13128,-0.68669,-18.2031,3454.08,-4.6194,2751.21,4340.35,-1.68846,-2.19877,-4.72868,-2.01666,-0.57207,0.577971,3472.93,-3.81706,2770.07,0.579431,1.00193,-0.00254482,5993.69 
46,44.408,46,2772.45,-0.322005,-8.45632,-11.4397,119.163,0.132053,-307.085,51.4682,-4.54663,-2.91425,-3.18485,-1.25397,-0.145225,-0.976949,1879.22,-2.18431,2388,4469.22,-4.54048,-2.9081,-3.17255,-1.24782,-0.139074,0.735798,1880.23,-2.14125,2389.01,0.46377,1.002,-0.0016538,4054.23 
47,44.44,47,4488.63,-0.0103226,11.3665,11.612,119.252,0.0360348,-9.49717,9.08073e-13,-2.78789,-1.55805,-7.52806,-2.76891,-1.85915,-57.1411,2450.7,-8.46816,3721.26,4307.76,-2.42809,-1.19825,-6.80846,-2.40911,-1.49935,0.52532,2509.89,-5.94955,3780.45,0.421823,1.00417,-0.00290748,5950.1 
48,44.65,48,4499.37,-0.380105,11.7937,11.9418,119.773,2.71906,22.6987,257.903,-6.77732,-1.04013,-4.22521,2.40172,1.79403,-33.1105,3325.63,-3.78197,2878.37,6593.9,-6.56883,-0.831641,-3.80823,2.61021,2.00251,0.422644,3359.93,-2.32256,2912.67,0.559014,1.00121,-0.00147105,6010.46 
49,44.85,49,5066.47,-0.0173916,12.1434,11.6917,119.195,0.126759,-44.6992,458.125,-3.51249,-6.39199,-4.09836,-0.832979,-0.656413,12.1597,3621.22,-2.038,2952.76,4806.26,-3.58905,-6.46855,-4.25149,-0.909545,-0.73298,0.733476,3608.62,-2.57396,2940.16,0.57424,1.00125,-0.00161528,6284.17 
50,44.376,50,5217.06,-0.0122151,12.2258,11.4988,119.037,-0.010132,8.78896,51.8851,-0.760019,2.51748,0.468782,0.893472,0.0026014,-15.6815,2837.71,1.33677,3622.22,4579.32,-0.661277,2.61623,0.666266,0.992214,0.101343,0.820644,2853.95,2.02796,3638.46,0.462932,0.998758,0.00102568,6164.95 
51,44.327,51,5604.38,-0.387951,13.8389,11.9757,119.375,0.740239,-658.147,5.45184,-1.2571,-1.52582,-5.5148,2.74743,-0.526075,1.30572,3565.3,-15.0991,3741.47,21254.6,-1.26532,-1.53404,-5.53124,2.73921,-0.534297,0.0970427,3563.94,-15.1566,3740.11,0.511514,1.0075,-0.00752119,6967.45 
52,44.378,52,4101.95,-0.0671103,10.372,-11.8136,119.062,0.12346,91.9341,500,-1.90466,-0.691182,-0.215855,0.403932,0.836821,-29.5558,2560.11,-0.133096,3117.46,4358.24,-1.71855,-0.505077,0.156355,0.590037,1.02293,1.34416,2590.72,1.16964,3148.08,0.474885,0.999211,0.000683947,5455.47 
53,44.36,53,4778.69,-1.56355e-05,11.7751,11.3805,119.482,-0.00158717,3.18404,5.84964e-05,-5.37794,-3.38486,-5.83386,-1.36798,-0.917416,10.1663,2950.8,-9.79744,3326.37,4362.5,-5.44196,-3.44888,-5.96189,-1.43199,-0.98143,0.654706,2940.26,-10.2455,3315.84,0.493525,1.00614,-0.00572446,5957.68 
54,44.1,54,4857.39,-0.345596,12.3202,11.7451,119.103,-0.119567,-594.514,286.409,-1.00181,-0.809405,-5.26204,-1.75123,-1.37159,54.1513,3424.32,-4.82806,2879.18,7024.53,-1.34278,-1.15038,-5.944,-2.09221,-1.71257,0.514456,3368.23,-7.21489,2823.09,0.567306,1.00376,-0.00473008,5937.25 
55,44.33,55,4982.98,-0.313957,12.0633,12.0056,119.28,-0.232806,396.57,405.462,0.986958,-2.23096,-5.35156,-2.3595,-2.58472,-15.8767,3151.59,-7.64473,3193.36,7720.02,1.08693,-2.13099,-5.15162,-2.25953,-2.48475,0.529101,3168.03,-6.94493,3209.8,0.520292,1.00385,-0.00400164,6088.95 
56,44.366,56,3847.8,0.0144089,9.83634,-11.4978,119.379,-0.0108145,-1.87178,3.24903e-12,-4.2377,-0.403727,-3.05396,-0.165445,-1.21623,-10.9862,2575.69,2.71456,2796.04,3682.33,-4.16852,-0.33455,-2.91561,-0.096268,-1.14705,0.663402,2587.07,3.1988,2807.42,0.503142,0.997841,0.00209452,5141.81 
57,44.444,57,3184.19,-0.342133,-9.11466,-11.8451,119.836,0.122194,188.52,1.43724,-2.803,-1.75315,-6.68811,-2.22938,-1.36151,-10.0337,3495.02,-5.99431,1190.72,4264.48,-2.73982,-1.68997,-6.56175,-2.1662,-1.29833,0.54609,3505.42,-5.55205,1201.11,0.762308,1.00278,-0.00858813,4598.43 
58,44.382,58,4605.67,-0.324935,11.4382,-12.4295,119.47,0.975392,-571.765,357.862,-2.32485,-2.43612,-1.00981,0.174396,-3.80784,-32.5377,2669.32,-4.43673,3408.45,22782.9,-2.11996,-2.23124,-0.600051,0.379278,-3.60296,0.926599,2703.02,-3.00256,3442.15,0.463212,1.00195,-0.00160944,5835.38 
59,44.36,59,3463.92,-0.312846,-9.44405,11.7236,119.686,0.0218238,-36.6887,29.7596,-2.8017,-0.245677,-3.70413,-0.672417,-2.96477,-14.8815,2606.61,-5.16689,2267.26,3630.32,-2.70799,-0.151973,-3.51672,-0.578712,-2.87106,0.642117,2622.02,-4.51095,2282.67,0.557966,1.00302,-0.00365362,4699.26 
60,44.396,60,3339.56,-0.230034,-8.92865,11.5288,119.136,0.305158,-351.215,500,-1.13507,-1.97447,2.62975,1.08512,-0.611672,21.712,1995.8,-12.3237,2736.2,6839.86,-1.27178,-2.11118,2.35632,0.948404,-0.748386,3.85054,1973.31,-13.2807,2713.71,0.44416,1.01192,-0.00909716,4442.79 
61,44.35,61,4607.21,-0.10696,11.2636,11.5375,119.164,0.327158,-220.389,500,-3.98742,0.743761,-1.53134,2.99024,-1.04782,-66.1676,2907.01,-8.18345,3091.64,6577.6,-3.57078,1.1604,-0.698058,3.40688,-0.631183,-1.0979,2975.54,-5.26697,3160.18,0.508526,1.00311,-0.00307964,5851.3 
62,44.29,62,5010.82,-0.00771163,11.6674,11.817,119.374,0.022857,37.1761,497.573,-2.01347,-1.55161,-0.208034,-1.26019,-5.22445,-19.6849,3463.41,-0.467565,2978.58,4515.9,-1.88952,-1.42766,0.039867,-1.13624,-5.1005,1.00419,3483.8,0.400088,2998.97,0.56074,0.999799,0.000245692,6212.87 
63,44.28,63,4200.36,-0.017543,10.5854,11.4601,119.534,-0.0566158,-9.58553,500,-7.97521,-2.68088,-2.32363,-1.88901,-4.23775,-57.3288,3104.49,5.93603,2519.54,3966.7,-7.61423,-2.31989,-1.60166,-1.52802,-3.87676,0.905454,3163.87,8.46292,2578.92,0.574134,0.995341,0.00600869,5510.68 
64,44.34,64,5739.35,-0.00272846,12.9996,-11.6527,119.111,-0.0345349,45.0294,2.49568e-12,-2.45123,-2.36779,-2.51978,1.17168,0.355356,-2.57287,3665.72,-8.08116,3400.94,4981.79,-2.43503,-2.35159,-2.48737,1.18789,0.371556,0.564729,3668.39,-7.96776,3403.61,0.542206,1.00382,-0.004331,6765.67 
65,44.36,65,3558.18,-0.120436,-9.91882,11.6654,119.246,-0.372207,394.747,498.598,-3.45683,-2.46332,-1.8652,-3.28409,-2.26202,-5.36851,2608.53,-4.48222,2514.17,8549.62,-3.42302,-2.42952,-1.79759,-3.25029,-2.22821,0.863079,2614.09,-4.24559,2519.73,0.532722,1.00285,-0.0031135,4907.04 
66,44,66,5153.16,-0.00630379,11.9867,11.7483,119.245,-0.00553358,-7.3574,1.39631e-12,-3.00319,-0.570125,-3.09258,-2.61674,-1.40226,-4.03948,3524.52,-7.85202,3047.29,4585.56,-2.97776,-0.54469,-3.04171,-2.59131,-1.37682,0.711202,3528.7,-7.67398,3051.47,0.55962,1.00382,-0.00465417,6305.54 
67,44.9,67,5183.77,-0.053738,12.5808,11.4445,119.324,-0.062189,-47.2491,499.995,-2.36873,-1.63691,-4.35951,-2.56407,-3.59922,-18.1116,3707.11,-5.1112,2930.22,4782.71,-2.25469,-1.52287,-4.13142,-2.45002,-3.48517,0.701577,3725.87,-4.3129,2948.98,0.58131,1.00203,-0.00270137,6409.44 
68,44.321,68,4588.7,-0.014133,11.5662,11.211,118.993,-0.000653009,-24.558,500,-2.08095,-2.84712,-2.31108,2.2794,0.379677,-8.46731,2945.48,1.43297,3078.1,4221.68,-2.02764,-2.7938,-2.20445,2.33272,0.432994,0.482545,2954.25,1.80619,3086.87,0.512597,0.998931,0.00107669,5763.3 
69,44.386,69,3917.62,-0.0228169,10.0475,11.4129,119.202,0.108902,-76.0592,500,-3.80819,-1.36238,-0.724676,-2.10954,-0.570857,9.38402,2312.03,-8.22145,3174.86,4002.56,-3.86728,-1.42147,-0.842853,-2.16863,-0.629946,0.905617,2302.31,-8.63507,3165.14,0.44424,1.00661,-0.00505098,5182.59 
70,44.442,70,3103.06,0.000536947,-8.21908,-11.6933,119.515,-0.000182373,22.4734,1.4616e-11,-3.0382,-0.25921,0.176175,-1.78018,0.160003,4.74223,3337.78,-3.26942,1179.55,3128.78,-3.06806,-0.28907,0.116454,-1.81004,0.130143,1.02367,3332.86,-3.47845,1174.64,0.757161,1.00183,-0.00548491,4401.79 
71,44.324,71,4427.81,-0.0436276,11.361,11.3534,119.076,-0.0334322,55.0239,500,-2.83427,-3.87531,-3.80194,-2.02018,1.55061,-55.4157,3072.29,-2.47341,2975.45,4258.8,-2.48533,-3.52637,-3.10406,-1.67125,1.89955,0.650737,3129.69,-0.0308404,3032.85,0.531394,1.00002,-1.87323e-05,5889.58 
72,44.37,72,4697.49,-0.013143,11.6599,11.509,119.264,-0.0162374,5.69027,500,-4.89927,-4.42428,-7.66112,-2.67571,-4.91136,-12.1532,2951.1,-4.03985,3268.93,4371.45,-4.82274,-4.34775,-7.50807,-2.59918,-4.83483,0.688624,2963.69,-3.50417,3281.52,0.49811,1.00207,-0.00197097,5949.87 
73,44.2,73,5210.33,-0.260092,12.2856,12.1944,118.909,0.0203808,-102.183,500,3.34229,-1.75217,-2.54702,-0.571135,0.518016,36.596,3707.83,-1.99954,3033.97,4944.79,3.11186,-1.9826,-3.00789,-0.80157,0.28758,-0.25715,3669.93,-3.61258,2996.06,0.573754,1.00173,-0.00222611,6396.34 
74,44.392,74,3170.71,-0.158557,-8.9563,11.3626,119.053,0.071005,165.149,500,-2.12874,-2.38889,-7.67714,-3.02329,-2.49611,-41.7789,2102.34,-2.3112,2557.49,3694.57,-1.86567,-2.12582,-7.15099,-2.76022,-2.23304,0.556823,2145.62,-0.469705,2600.77,0.475502,1.00038,-0.000332799,4512.32 
75,44.364,75,4990.5,-0.259692,11.4233,12.1324,119.044,-0.625119,747.398,461.991,-2.49262,-4.79713,-1.06348,-0.353459,-0.353719,-20.0884,2861.8,3.57619,3339.1,19721,-2.36613,-4.67064,-0.810494,-0.226968,-0.227227,0.902367,2882.61,4.46163,3359.91,0.485277,0.997299,0.00244017,5940.13 
76,44.306,76,4769.58,-0.0347809,11.5156,11.2176,119.407,-0.172659,118.744,500,-2.90462,-1.33055,-6.90562,-0.85231,-0.31502,11.6893,3270.1,0.593935,2757.24,4872.59,-2.97823,-1.40415,-7.05283,-0.925914,-0.388624,0.446826,3257.99,0.0787059,2745.13,0.566011,0.999958,5.28124e-05,5756.06 
77,44.15,77,5265.11,-0.311631,12.7343,11.7564,119.034,0.400979,-344.28,491.58,-2.49053,-3.96908,-9.33545,0.898447,-0.583117,-55.1539,3546.92,8.55277,3088.08,9367.48,-2.14324,-3.62179,-8.64087,1.24574,-0.235828,0.354966,3604.05,10.9838,3145.21,0.557369,0.994695,0.00639194,6466.19 
78,44.315,78,6732.97,-0.0136789,14.9422,11.8607,119.121,0.00348788,44.2747,0.000220773,-5.1856,-3.62556,-1.9152,-1.47098,-1.73383,-44.9058,4013.18,-2.86145,4196,5774.31,-4.90284,-3.3428,-1.34968,-1.18822,-1.45107,0.889683,4059.69,-0.882129,4242.52,0.512563,1.00038,-0.000383168,7920.38 
79,44.6,79,5759.86,-0.0169299,12.6893,-11.8371,119.226,0.0269223,-12.3322,500,0.963684,0.758372,-4.01555,0.892076,-1.54272,9.80515,3897.17,7.31481,3162.79,4900.5,0.901944,0.696632,-4.13903,0.830336,-1.60446,-0.248735,3887.01,6.88262,3152.63,0.57535,0.996911,0.00400546,6755.9 
80,44.3,80,5312.29,-0.0193621,12.2526,11.6889,119.177,0.00571859,-80.641,486.609,-5.56052,-4.40367,-2.06495,-3.31977,-0.611038,-46.646,3322.89,1.73936,3320.26,4677.27,-5.2668,-4.10995,-1.47751,-3.02606,-0.317321,0.895933,3371.21,3.79538,3368.58,0.523755,0.998034,0.00207121,6436.61 
81,44.406,81,3085.74,-0.00737389,-8.66962,11.16,119.108,0.0207997,-7.83152,500,-0.340312,-2.6047,-5.78068,-1.03969,-3.629,-56.3011,1906.95,-6.72175,2720.37,3154.93,0.0142007,-2.25019,-5.07165,-0.685177,-3.27448,0.549879,1965.27,-4.24016,2778.69,0.437321,1.00379,-0.0028189,4493.87 
82,44.4,82,3757.49,-0.32427,10.2041,11.6024,119.187,-0.0400097,96.9136,3.38877,-2.94009,-0.549789,-2.04115,-1.5547,-0.414127,-2.19182,2257.37,-7.06549,2979.07,3980.25,-2.92628,-0.535988,-2.01355,-1.5409,-0.400326,0.728524,2259.64,-6.96888,2981.34,0.454413,1.00543,-0.00432455,4972.66 
83,44.4,83,3022.05,-0.0297004,-8.53226,11.3884,119.517,0.0583785,-46.2235,499.659,-2.33508,-3.46461,-4.38028,-0.430291,-1.1331,-21.8974,1968.98,1.42891,2571.86,3251,-2.1972,-3.32673,-4.10452,-0.292409,-0.995214,0.623993,1991.66,2.39408,2594.54,0.45757,0.997901,0.0016969,4352.69 
84,44.404,84,2989.64,-0.366105,-9.09225,11.7085,119.434,0.465585,-362.806,178.114,-2.02509,-3.24795,-3.88753,-1.68637,-1.43089,-52.2095,2024.05,-8.56218,2674.15,8964.33,-1.69634,-2.9192,-3.23004,-1.35762,-1.10214,0.686567,2078.13,-6.26094,2728.23,0.455648,1.0053,-0.00424534,4560.82 
85,44.388,85,3367.11,-0.0095993,-9.52592,-10.9227,119.178,0.00703567,13.1655,5.50999e-12,-4.52663,-1.62451,-2.00968,2.62185,-2.66551,-6.59572,2305.37,-8.48695,2712.65,3390.15,-4.4851,-1.58298,-1.92661,2.66338,-2.62398,0.75782,2312.2,-8.19623,2719.48,0.483024,1.00624,-0.00558291,4786.93 
86,44.362,86,4332.45,-0.0306764,11.3095,11.6272,118.528,0.0884628,-24.0152,500,-3.05078,-3.04937,-3.23132,-0.640501,-0.35341,-29.8999,2944.99,-1.67441,3242.51,4349.87,-2.86251,-2.8611,-2.85478,-0.452229,-0.165138,0.689555,2975.96,-0.356505,3273.48,0.499756,1.00021,-0.000200658,5954.83 
87,44.25,87,5311.4,-0.0157471,12.8025,11.6616,119.24,0.00886463,-6.03528,500,-2.70353,-0.989197,-4.4386,-2.44886,-1.58151,37.3394,3651.73,-3.10687,3335.88,4861.87,-2.93864,-1.22431,-4.90883,-2.68398,-1.81663,0.638323,3613.06,-4.75268,3297.2,0.546315,1.00231,-0.00266233,6613.51 
88,44.402,88,3189.99,-0.208287,-9.52361,10.7669,118.718,-0.344427,272.989,0.655609,-4.11949,-1.70551,-3.57967,0.459001,-1.07922,-35.5926,2091.46,-7.43371,2811.1,6398.83,-3.89537,-1.48139,-3.13143,0.683118,-0.8551,0.639243,2128.33,-5.86489,2847.97,0.450919,1.00485,-0.00380793,4719.99 
89,44.394,89,3384.84,0.00389543,-9.27012,11.0575,118.615,0.00267894,14.6123,6.12963e-12,-6.99805,-5.52752,-6.76172,-3.54664,-1.73547,-11.8973,2124.35,-11.2209,2773.86,3338.12,-6.92314,-5.45261,-6.61189,-3.47172,-1.66055,0.725874,2136.67,-10.6965,2786.19,0.457325,1.00884,-0.00712241,4672.1 
90,44.55,90,4529.74,-0.15542,11.5872,11.6668,119.348,-1.12414,947.104,500,-2.13794,-4.20867,-4.73638,-0.375963,-2.35752,-18.9463,3668.89,-10.1776,2541.56,39059.6,-2.01864,-4.08937,-4.49778,-0.256664,-2.23822,0.656675,3688.51,-9.3425,2561.19,0.612792,1.00445,-0.00676494,6019.2 
91,44.398,91,3415.35,-0.337045,-9.48848,11.8468,118.847,-0.132604,206.315,487.851,-2.24624,-0.345901,-8.97946,-1.69523,0.428598,-41.0983,2142.75,-15.1202,2791.79,4549.85,-1.98745,-0.0871156,-8.46189,-1.43644,0.687384,0.250199,2185.32,-13.3087,2834.36,0.458659,1.01077,-0.00872502,4764.59 
92,44.39,92,4130.47,0.00633779,10.1328,11.3602,118.785,0.053998,28.8574,2.79741e-12,-4.82658,-2.71474,-2.44089,-3.08906,0.898984,27.4994,2270.52,-4.59729,3187.06,3797.96,-4.99974,-2.8879,-2.7872,-3.26222,0.725827,0.789028,2242.03,-5.80939,3158.58,0.43821,1.00456,-0.00339959,5116.34 
93,44.41,93,3627.59,-0.313869,9.96848,11.4752,118.986,-1.22126,804.485,203.781,0.414633,-3.38109,2.37927,-0.868515,-0.961251,3.77019,1958.09,-8.79902,3108.7,35707,0.390894,-3.40483,2.33179,-0.892255,-0.98499,1.91107,1954.18,-8.9652,3104.8,0.408863,1.00809,-0.00534758,4779.55 
94,44.374,94,5602.72,-0.00523886,13.3635,11.6303,118.832,-0.00101892,2.83073,7.04083e-12,-3.89992,-2.25794,-0.0753225,-2.2656,-1.43704,-6.72293,3215.49,-11.2324,4002.53,5059.59,-3.85759,-2.21561,0.00934246,-2.22327,-1.3947,1.00096,3222.45,-10.9361,4009.49,0.468987,1.00597,-0.0050498,6871.09 
95,44.7,95,4849.3,-0.0693585,11.7113,11.4957,119.07,-0.0185659,73.6749,4.26774e-09,-6.15345,-3.16428,-2.75763,0.602077,-2.17616,13.5573,3350.92,1.91965,2936.85,4427.17,-6.23881,-3.24965,-2.92836,0.51671,-2.26153,0.793219,3336.87,1.32208,2922.81,0.556458,0.999307,0.000832549,5996.63 
96,44.309,96,5745.93,-0.385369,14.1072,11.9495,118.985,1.47038,-334.587,498.265,-0.290612,-4.15211,-1.46861,-0.777931,-1.45464,-38.0186,3480.9,-3.83348,3888.76,21502.9,-0.0512187,-3.91272,-0.989824,-0.538538,-1.21524,0.852431,3520.28,-2.15773,3928.14,0.496171,1.00107,-0.0010129,7094.89 
97,44.318,97,5586.67,-0.355899,13.3627,12.1017,119.033,-11.7209,7841.28,447.675,-2.26835,-1.90637,0.863888,0.154781,-4.30113,28.489,3425.77,-3.46019,3723.21,2.99715e+06,-2.44774,-2.08576,0.505113,-0.0246068,-4.48051,1.05919,3396.26,-4.7159,3693.7,0.502589,1.00244,-0.00235744,6757.53 
98,44.5,98,3272.25,-0.00332027,-9.02511,-11.5897,119.319,-0.00542954,11.1545,500,-2.59968,-4.14078,-1.59549,1.48897,-1.18876,-9.44801,3398.43,4.82581,1573.04,3406.99,-2.54019,-4.08129,-1.47651,1.54846,-1.12927,0.807716,3408.22,5.24225,1582.82,0.70293,0.997316,0.00606399,4848.59 
99,44.303,99,5265.09,0.000453481,12.9887,11.4631,119.17,0.0211027,-16.1139,4.81807e-13,-2.95326,-2.59977,-4.89682,-0.717908,-1.52207,-56.2747,3365.17,2.53705,3578.96,4857.94,-2.59891,-2.24542,-4.18813,-0.363562,-1.16772,0.603537,3423.46,5.01748,3637.25,0.508433,0.997442,0.00253469,6733.35 
100,44.312,100,6208.52,-0.0310035,14.2419,12.1224,119.255,-0.0826199,29.4173,280.707,1.08604,-1.69765,-4.49837,1.69873,-2.13966,-32.9898,3602.86,2.40707,4238.19,5699.31,1.29377,-1.48992,-4.08291,1.90646,-1.93194,0.0514877,3637.04,3.86117,4272.36,0.483334,0.998146,0.00166204,7524.88 
101,44.38,101,5466.25,-0.00632097,12.9581,11.7562,119.151,-0.00245369,10.822,2.42122e-11,-2.89816,-1.67461,-3.17145,-1.44655,-4.38967,-36.9104,3253.43,1.88671,3852.02,4959.98,-2.66575,-1.44219,-2.70662,-1.21414,-4.15726,0.77789,3291.66,3.51362,3890.25,0.481815,0.998135,0.001661,6831.8 
102,44.368,102,4509.27,0.00951278,11.0798,11.4197,119.152,-0.0210499,1.96139,6.43052e-12,-0.785543,-1.0182,-2.30305,-0.898822,-2.19626,8.31978,2812.48,-11.6372,3107.44,4120.24,-0.83793,-1.07058,-2.40783,-0.95121,-2.24864,0.679648,2803.86,-12.0039,3098.82,0.498572,1.00755,-0.00718705,5623.79 
103,44.384,103,4588.41,-0.127391,11.6473,11.4103,119.103,0.0901267,60.1391,496.702,0.622975,-4.59977,-3.64414,-1.67639,-4.29143,-1.31296,2627.24,2.26115,3471.91,4502.77,0.631242,-4.5915,-3.62761,-1.66812,-4.28317,0.732065,2628.6,2.31902,3473.27,0.454047,0.998458,0.00122842,5789.28 
104,44.372,104,4009.84,0.0203014,10.4806,11.4568,118.93,-0.0348968,7.19307,7.99855e-07,-3.95578,-1.25044,-0.811669,0.842614,-5.02761,-37.2718,2590.5,-5.25649,3130.15,3916.98,-3.72109,-1.01575,-0.342288,1.0773,-4.79292,0.96108,2629.11,-3.61365,3168.75,0.47692,1.00241,-0.00210516,5512.67 
105,44.8,105,5419.93,0.0293525,12.8777,11.5106,118.982,0.149838,-94.7559,2.20516e-05,0.00497447,-0.0634523,-2.53866,-0.998427,-4.60482,-17.0698,3729.7,2.67684,3180.98,5287.59,0.112458,0.0440315,-2.3237,-0.890943,-4.49733,0.692449,3747.38,3.42922,3198.66,0.562825,0.998401,0.001971,6658.15 
106,44.75,106,5740.62,-0.00649624,13.3455,-11.4481,119.155,-0.0633365,27.2782,500,0.336512,-2.16849,1.08622,1.50178,-2.31285,-31.2797,3901.43,0.542917,3207.94,5029.76,0.533472,-1.97153,1.48014,1.69874,-2.11589,4.94629,3933.83,1.92164,3240.34,0.571566,0.999146,0.00109124,6882.53 
107,44.412,107,4465.62,-0.346,11.2379,12.0628,118.918,-0.590484,450.361,28.4797,-1.69073,1.26917,-0.936638,-0.318121,-4.40175,8.80708,2231.46,5.40716,3759.92,13069.9,-1.74619,1.21372,-1.04755,-0.373577,-4.45721,0.836596,2222.34,5.01897,3750.8,0.394342,0.996063,0.00245887,5635.56 
108,44.45,108,3938.21,-0.0157326,9.73788,11.776,119.457,0.00793194,-33.9912,500,-1.3385,0.408594,-6.27221,-0.892969,-0.522384,-24.263,3860.29,14.1623,1567.55,3741.76,-1.18572,0.561372,-5.96666,-0.740191,-0.369606,0.225191,3885.42,15.2318,1592.68,0.728322,0.993186,0.0173122,5334.76 
109,44.438,109,3603.97,-0.0221344,-9.72623,11.4086,118.668,0.00343939,10.8751,9.56992e-13,0.259423,-2.66757,0.272305,-0.777544,-2.74629,-58.2894,1935.56,-1.58837,3233.15,3613.43,0.626455,-2.30053,1.00637,-0.410512,-2.37926,1.29107,1995.94,0.980861,3293.52,0.399744,0.999141,0.000548305,4993.05 
110,44.3,110,4773,-0.31107,11.9299,11.6475,118.897,0.138536,892.473,135,-2.52665,-3.66583,-6.83822,-0.135483,-3.05612,-41.6659,3070,6.17481,3067.53,8548.26,-2.2643,-3.40347,-6.3135,0.126876,-2.79376,0.56899,3113.16,8.01132,3110.69,0.523759,0.995517,0.00472179,5943.88 
111,44.05,111,7155.55,-0.342724,16.257,11.9348,119.123,-1.32282,1522.15,305.752,-5.08886,-2.56351,-4.23792,-1.61931,1.5461,-40.2785,4589.11,-5.09385,3981.5,71863.2,-4.83524,-2.30989,-3.73068,-1.36569,1.79973,0.642716,4630.83,-3.31849,4023.23,0.558472,1.00126,-0.00152174,8291.96 
112,44.408,112,3481.11,0.00218276,-9.25801,11.1628,119.163,0.0267023,4.03918,1.24904e-10,-0.0461257,2.63294,-1.48534,-2.30118,-1.5426,-28.2989,1999.49,-0.778348,2844.2,3367.75,0.132065,2.81113,-1.12896,-2.12299,-1.36441,0.325258,2028.8,0.468984,2873.52,0.436894,0.999596,0.000300558,4643.7 
113,44.44,113,3746.78,-0.0634975,9.69965,11.0842,119.074,0.0604091,-17.8663,197.12,-2.50361,-2.80308,-4.10749,-1.35119,-1.49793,-31.7213,3416.8,4.78932,1725.45,3535.02,-2.30386,-2.60333,-3.70801,-1.15145,-1.29818,0.664883,3449.66,6.1875,1758.3,0.683139,0.996871,0.00644066,5049.71 
114,44.65,114,4958.99,-0.0845718,11.7895,-11.7747,119.184,0.134202,-94.5056,3.18499e-06,-5.26576,-5.23325,-4.81389,-0.986425,-3.97936,-40.7859,3656.9,-4.75841,2716.4,4931.87,-5.00894,-4.97643,-4.30026,-0.729607,-3.72254,0.770503,3699.14,-2.96068,2758.65,0.595722,1.0014,-0.00198093,6209.52 
115,44.85,115,6048.62,-0.00984211,13.5077,11.7533,119.123,0.0326488,-31.7735,3.698e-07,-6.68916,-6.69158,0.47193,-1.05449,-0.955408,-32.7249,3785.96,-5.20442,3570.78,5201.94,-6.4831,-6.48552,0.884051,-0.848426,-0.749348,1.06461,3819.86,-3.762,3604.68,0.538,1.00173,-0.0019262,7100.12 
116,44.376,116,4495.5,-0.275734,11.0955,11.8929,118.816,1.61612,-131.678,500,-1.46285,-2.61574,-3.76859,-1.51585,-4.30165,3.83989,2632.9,-4.52449,3295.62,11223.3,-1.48703,-2.63992,-3.81694,-1.54003,-4.32582,0.723605,2628.93,-4.69374,3291.64,0.467421,1.00313,-0.00263368,5624.32 
117,44.327,117,5571.56,-0.00810475,12.8968,11.7067,118.968,0.00920013,3.17921,0.000378175,-1.46208,0.31223,-2.73569,1.12886,-2.25907,-31.6293,3667.01,-2.1749,3350.72,4915.79,-1.26292,0.511391,-2.33736,1.32802,-2.0599,0.388248,3699.77,-0.780773,3383.48,0.545791,1.00037,-0.000425266,6778.74 
118,44.378,118,5295.03,-0.0184428,12.2697,11.7372,118.896,0.00700871,-25.829,500,-0.0594309,-2.67383,-5.01078,1.90446,-1.24524,-85.2181,2849.06,4.5838,3881.91,4693.96,0.477164,-2.13724,-3.93758,2.44105,-0.708645,-0.0187137,2937.33,8.33997,3970.18,0.448434,0.995056,0.00385471,6550.19 
119,44.36,119,4475.7,-0.311013,10.8535,12.207,118.994,-0.173352,680.367,499.837,0.883904,0.604889,-3.09242,-1.60144,-1.41481,-7.0872,2785.43,-4.35521,3123.67,8152.37,0.92853,0.649515,-3.00317,-1.55681,-1.37019,0.309953,2792.78,-4.04282,3131.01,0.494998,1.00254,-0.00238423,5642 
120,44.1,120,4794.51,-0.299146,11.7016,11.7991,119.176,0.445045,-183.927,0.00066038,-1.4029,-0.362528,-2.31557,-0.938067,-0.652433,-21.4842,3372.1,-1.92129,2889.81,7159.25,-1.26762,-0.227247,-2.04501,-0.802786,-0.517152,0.5792,3394.36,-0.974328,2912.07,0.561576,1.0005,-0.000616717,6044.34 
121,44.33,121,6013.02,-0.0111656,13.2619,11.707,118.906,-0.0231701,-10.106,500,-1.39384,-1.32242,-2.54592,0.877473,-0.133706,-29.7057,3534.99,-7.48346,3691.82,5061.75,-1.20679,-1.13537,-2.17182,1.06452,0.0533426,0.360499,3565.76,-6.17411,3722.59,0.512814,1.00304,-0.00306459,6953.32 
122,44.366,122,4588.6,-0.0173613,10.9899,11.7036,119.469,-0.0664359,1.17525,500,-1.76082,-3.05615,-6.44379,2.60859,-0.486615,-13.2774,3036.81,-1.37593,2922.29,4189.6,-1.67722,-2.97255,-6.27658,2.6922,-0.403011,0.273305,3050.56,-0.7907,2936.04,0.533095,1.00045,-0.00049634,5722.36 
123,44.444,123,4884.37,-0.0346602,11.1401,11.9905,119.793,0.00266355,8.54359,498.984,-3.54935,-2.42831,-3.03952,-0.482954,-1.19251,-7.91665,4748.33,3.0731,1451.05,4349.07,-3.4995,-2.37846,-2.93983,-0.433105,-1.14266,0.717149,4756.53,3.42204,1459.25,0.781752,0.998743,0.00430128,6084.45 
124,44.382,124,5045.47,-0.311899,12.2562,11.8279,118.934,0.0757868,-37.9598,3.55789,-4.48061,-1.05552,-2.94146,-1.53726,-0.899725,-4.67433,2825.1,3.00355,3619.54,4812.75,-4.45117,-1.02609,-2.88259,-1.50783,-0.870292,0.731552,2829.94,3.20958,3624.38,0.461796,0.998019,0.00162863,6128.12 
125,44.36,125,5437.99,0.0185416,12.8272,11.4072,119.153,-0.00644341,-45.9837,500,-3.25772,-0.0709291,-1.45824,0.0340237,-0.895998,-40.0827,3268.95,-2.55002,3536.95,4772.95,-3.00533,0.181461,-0.953456,0.286414,-0.643607,0.769391,3310.47,-0.783286,3578.47,0.504116,1.00041,-0.000403379,6566.87 
126,44.396,126,4068.34,-0.313637,10.4244,11.8885,119.044,0.447732,206.176,8.01461,-4.0879,-2.6009,-1.05194,-0.245018,-0.719152,-60.3034,2461.62,-4.4836,2992.1,7039.38,-3.70819,-2.22119,-0.292509,0.134697,-0.339437,0.954485,2524.08,-1.8256,3054.57,0.475906,1.00127,-0.00110217,5303.74 
127,44.35,127,4767.82,-0.134862,11.258,12.1874,119.021,-0.338609,706.808,498.78,-3.16306,-4.32357,0.0649775,1.32073,-3.16477,-24.8847,2898.42,-15.1616,3332.33,12257.5,-3.00637,-4.16687,0.378363,1.47742,-3.00808,1.04545,2924.19,-14.0647,3358.11,0.48899,1.00849,-0.00777525,5980.07 
128,44.29,128,5850.34,-0.315702,13.6315,-11.9488,118.966,0.661599,18.237,363.654,-0.577869,1.723,-4.95141,0.0150255,1.14523,-28.3405,3724.64,-9.36645,3509.61,5695.06,-0.399417,1.90145,-4.5945,0.193478,1.32368,-1.91657,3754,-8.11728,3538.96,0.53825,1.0038,-0.00424315,6974.45 
129,44.28,129,4583.58,-0.195941,11.3988,11.4433,119.247,0.156473,187.024,500,0.202275,-0.552224,-5.76778,4.28801,-3.50788,-28.1193,3092.11,2.79601,2856.07,5198.92,0.379335,-0.375164,-5.41366,4.46507,-3.33082,-0.266284,3121.24,4.03543,2885.2,0.543129,0.997743,0.00256987,5746.77 
130,44.34,130,4861.98,-0.0010665,11.7432,-11.2314,118.853,0.00323606,5.71503,2.8497e-12,2.74652,-2.58471,-3.10206,-0.62765,-0.0202381,12.6952,2925.01,-6.08964,3239.31,4294.13,2.66658,-2.66465,-3.26193,-0.707588,-0.100177,0.198102,2911.86,-6.6492,3226.16,0.497953,1.00401,-0.0038111,5847.66 
131,44.36,131,5446.05,-0.0498078,12.854,11.6725,119.017,0.0392662,35.3857,10.0363,0.441823,-2.68209,0.753943,0.209544,-1.44366,-29.6185,3063.28,-7.77125,3788.72,4929.47,0.628323,-2.49559,1.12694,0.396044,-1.25716,1.7037,3093.96,-6.46576,3819.4,0.47095,1.00367,-0.00312821,6569.61 
132,44.33,132,5194.37,-0.00220283,11.5312,11.9344,119.021,0.0118595,-1.09434,9.58789e-13,-4.25985,-0.514083,-0.780481,2.10966,-4.13836,-49.2614,3108.48,-4.29282,3354.19,4480.32,-3.94966,-0.203897,-0.160109,2.41985,-3.82817,0.972019,3159.51,-2.12152,3405.22,0.504854,1.00118,-0.00114899,6258.26 
133,44.335,133,5581.59,0.013984,12.5265,11.563,119.094,-0.0326613,3.25701,0.0152021,-2.36862,1.25502,1.91437,1.65694,1.10711,-33.4283,3355.87,2.47591,3450.56,4718.62,-2.15813,1.46551,2.33535,1.86743,1.3176,0.516266,3390.49,3.94933,3485.19,0.516685,0.997966,0.00208308,6562.01 
134,44.345,134,6912.31,-0.0241254,14.825,12.0395,119.47,-0.00157196,40.5986,500,-2.3709,-3.01932,-3.18218,-2.23105,1.12248,-48.3756,4167.61,7.86494,4026.65,5812.34,-2.06629,-2.71471,-2.57297,-1.92644,1.42709,0.672372,4217.72,9.9972,4076.76,0.532032,0.995869,0.00449697,7927.58 
135,44.35,135,5031.48,-0.304533,11.5551,12.447,118.727,0.08588,-112.43,0.000121834,-0.718113,-1.24328,-2.49465,-0.766607,-0.72022,25.605,3059.29,-5.14541,3296.6,4996.33,-0.879341,-1.4045,-2.81711,-0.927835,-0.881448,0.592328,3032.77,-6.27401,3270.08,0.504743,1.00363,-0.00354682,6008.54 
136,44.355,136,4858.78,-0.286028,11.9749,11.5221,118.878,0.151666,-154.314,248.149,-5.09796,-3.4223,-7.95339,0.302477,-0.581044,-41.4517,2871.05,-4.44138,3272.78,5253.46,-4.83695,-3.16129,-7.43137,0.563488,-0.320033,0.510648,2913.99,-2.61431,3315.71,0.491291,1.00157,-0.00145454,5931.29 
137,44.365,137,5524.4,-0.234019,12.6574,12.1245,119.171,0.384012,-192.255,500,-2.94873,-2.68526,-1.69902,-0.0731394,-1.08239,7.03004,3068.6,1.67407,3893.96,7399.17,-2.99299,-2.72953,-1.78755,-0.117406,-1.12666,0.795805,3061.32,1.36421,3886.68,0.463963,0.999221,0.000646153,6598.2 
