cyc,freq (MHz),cyc,ROIsum,fBg,fA1,fWidth1,fCtr1,fA2,fWidth2,fCtr2,box1,box2,box3,box4,box5,box6,box7,box8,box9,Nfit,BZ-2,BZ-1,BZ0,BZ1,BZ2,Excited,c5,c7,c9,fraction95,fraction75,fraction97,sum95
0,44.3,0,12988.8,-0.285013,21.1639,14.9018,115.721,0.0933296,37.6454,379.872,-2.38075,-3.18756,-8.75781,-2.22764,-4.79619,-66.4069,5831.94,45.8403,7663.64,10381.1,-1.9626,-2.76941,-7.92152,-1.80949,-4.37804,0.579561,5903.66,48.7673,7735.35,0.456134,0.98575,0.0114802,12942.8 
1,44.395,1,11288.6,-0.173468,18.8855,-14.7201,117.375,-0.18552,475.394,500,-5.23356,-3.41711,-7.16788,-2.92933,-4.35015,-36.0667,4990.08,42.7537,6988.77,11920.7,-5.00645,-3.19001,-6.71367,-2.70223,-4.12304,0.691118,5029.03,44.3434,7027.72,0.440206,0.984804,0.0114897,11424.2 
2,44.405,2,10649.8,-0.31721,17.4977,15.2764,117.724,0.103029,-93.8988,445.286,-1.96672,-4.95678,-0.918076,-2.00391,2.12859,50.2242,4428.93,40.8005,6789.54,9016.47,-2.28297,-5.27303,-1.55057,-2.32016,1.81235,0.838724,4374.69,38.5867,6735.31,0.416486,0.984799,0.0104433,10503.8 
3,44.37,3,12746.9,-0.045047,21.2267,14.5358,117.988,0.0477105,-10.7015,499.843,-1.95076,-7.31446,-6.50659,-2.63014,0.589494,45.4151,5824.7,41.0432,7705.86,10060.8,-2.23673,-7.60043,-7.07852,-2.9161,0.303527,0.637524,5775.66,39.0414,7656.82,0.453229,0.988309,0.00930532,12743.4 
4,44.6,4,11424.3,-0.0329344,19.214,14.7946,118.033,0.00346571,-6.04418,500,-2.51648,-5.73893,-7.63883,0.159696,0.0595368,97.0864,5212.7,39.1171,7124.4,9254.39,-3.1278,-6.35026,-8.86148,-0.451632,-0.55179,0.541876,5107.86,34.8379,7019.56,0.444329,0.988205,0.00905949,11495.7 
5,44.415,5,12169.7,-0.104395,20.0883,14.8141,117.115,0.0917933,-26.2076,500,-2.12868,-1.4178,-2.22013,-1.00206,0.0685553,59.8781,5379.18,46.8404,7515.42,9765.88,-2.50572,-1.79484,-2.9742,-1.3791,-0.308481,0.668144,5314.52,44.2011,7450.76,0.439408,0.985654,0.01081,12094.7 
6,44.4275,6,9140.13,-0.407007,15.8328,15.4548,117.586,0.107856,818.171,493.72,-2.0154,-2.40071,-2.20566,-0.842829,1.38128,85.7013,4287.27,34.8738,5823.69,10838.2,-2.55504,-2.94035,-3.28494,-1.38247,0.841638,0.647583,4194.73,31.0964,5731.15,0.44577,0.987193,0.00989609,9410.07 
7,44.4375,7,11306.8,-0.00252691,18.0881,-15.4508,117.349,0.0131831,-7.22248,6.5537e-12,-2.01063,-0.797687,-4.26238,0.987944,1.49383,62.0642,4886.89,51.2278,7165.16,9100.94,-2.40143,-1.18849,-5.04398,0.597142,1.10303,0.272544,4819.87,48.4921,7098.14,0.427324,0.982698,0.0124283,11279.2 
8,44.5,8,12939.9,-0.320855,20.6652,15.3621,117.217,0.0797738,402.577,161.312,-2.95632,-2.59856,-3.27233,-1.74857,-1.31005,106.387,7084.97,58.1362,6387.86,11379.8,-3.62621,-3.26845,-4.61211,-2.41846,-1.97994,0.710025,6970.08,53.4469,6272.97,0.549757,0.986759,0.0154526,12678.5 
9,44.36,9,12810,-0.359755,20.9263,15.2464,116.699,0.881421,-1469.99,485.72,-0.144317,-1.98409,-1.39926,-0.0130966,-0.507654,46.5492,5554.2,54.7792,7902.76,52564.7,-0.437425,-2.27719,-1.98548,-0.306204,-0.800762,0.658092,5503.93,52.7274,7852.49,0.435104,0.983511,0.0122181,12649.7 
10,44.425,10,9821.63,-0.0705278,16.7723,14.4862,117.331,0.0740287,28.419,0.0890692,-0.0308123,-1.0242,-4.78454,-3.12766,-1.03743,72.5652,4483.73,35.7022,6097,7977.83,-0.487736,-1.48113,-5.69839,-3.58458,-1.49435,0.552934,4405.37,32.5037,6018.64,0.445783,0.987253,0.00985031,9882.33 
11,44.49,11,11111.3,-0.382737,18.3006,15.5456,117.075,0.176587,-384.623,218.747,-3.09884,-3.15865,-2.48214,0.466998,1.83684,106.803,6370.68,43.6968,5660.49,11472.2,-3.77134,-3.83116,-3.82716,-0.205509,1.16433,0.634494,6255.34,38.9892,5545.15,0.5535,0.98921,0.0127866,11301.4 
12,44.48,12,13083.7,-0.429985,21.9785,15.1493,116.475,0.313416,36.12,300.037,-0.543149,-4.05533,-6.51992,-3.192,0.660659,96.3228,5266.29,47.2266,8529.17,11207.5,-1.14967,-4.66185,-7.73296,-3.79852,0.0541395,0.55272,5162.27,42.981,8425.15,0.402386,0.985639,0.00931002,12829.2 
13,44.4025,13,12913.9,-0.0115248,21.0778,14.7764,116.292,0.00359868,2.61573,2.76696e-11,-5.45259,-3.26844,-1.92711,0.217106,-1.24026,93.061,5745.01,50.3702,7876.71,10139.2,-6.03857,-3.85442,-3.09907,-0.368874,-1.82624,0.795941,5644.51,46.2683,7776.21,0.443721,0.985858,0.0108417,12720.9 
14,44.54,14,12019,-0.339219,19.7334,15.1793,116.535,-0.36507,554.053,33.2975,-3.00995,-4.07931,-6.78362,1.28816,4.10953,91.7008,5605.04,54.4922,7130.6,16335.5,-3.58737,-4.65673,-7.93845,0.710743,3.53212,0.335121,5506.01,50.4503,7031.58,0.462506,0.984218,0.0130444,11904.8 
15,44.39,15,11086,-0.383693,18.6175,15.2715,116.657,0.0835566,13.1052,60.5479,-0.0782642,-2.69984,-0.252969,-2.13745,1.49673,60.3517,5016.5,38.8117,7055.8,9291.08,-0.458283,-3.07986,-1.01301,-2.51747,1.11671,0.829801,4951.32,36.1516,6990.62,0.437675,0.987384,0.00943644,11312.8 
16,44.4125,16,11775.7,-0.0760829,19.6344,14.8847,117.25,0.00297041,4.36786,500,-1.85254,-5.11442,-1.69478,-0.324419,1.45767,103.569,5016.48,42.9338,7599.57,9514.2,-2.50468,-5.76656,-2.99908,-0.976565,0.805526,0.737874,4904.64,38.3687,7487.73,0.418539,0.986495,0.00935108,11718.5 
17,44.47,17,12491.5,-0.299911,20.1444,15.4548,115.872,-5.33927,5673.34,0.127554,-1.81323,-1.05561,-5.37624,-0.183366,0.0640702,115.662,5344.4,46.5579,7720.73,996224,-2.54152,-1.7839,-6.83283,-0.911659,-0.664223,0.463424,5219.5,41.4599,7595.82,0.430237,0.98629,0.00995458,12131.7 
18,44.31,18,12274.8,-0.115911,20.8172,14.7868,117.092,0.0543266,-120.566,499.816,-1.51901,-1.83061,1.99665,0.00414286,0.334987,134.296,5696.09,47.0638,7646.21,10233.8,-2.36463,-2.67623,0.305395,-0.841483,-0.510639,1.05017,5551.07,41.1444,7501.18,0.448493,0.987195,0.010003,12377.1 
19,44.32,19,14130.3,-0.0472899,23.0164,14.9243,116.57,0.0590045,17.1218,500,-2.79361,-1.64927,-2.40851,0.637769,2.58375,149.824,6085.75,56.3266,8897.79,11215,-3.73702,-2.59267,-4.29532,-0.305636,1.64035,0.537655,5923.95,49.7228,8736,0.426991,0.985524,0.0103759,13873.7 
20,44.38,20,12390.7,-0.153011,20.962,-14.5063,116.332,-0.180896,14.8709,500,-4.06096,-1.372,-3.93015,0.22794,-0.101944,90.3444,5529.37,49.5359,7681.42,9986.45,-4.62983,-1.94087,-5.0679,-0.340935,-0.670819,0.599387,5431.81,45.5538,7583.86,0.440424,0.985536,0.0109438,12333.1 
21,44.3925,21,11694.5,-0.137714,19.9314,14.8816,117.029,-0.10325,-75.1337,7.24421,0.979459,-2.25003,-3.63153,-2.99987,-0.633128,61.8043,5384.5,43.877,7300.14,9908.2,0.590294,-2.6392,-4.40986,-3.38903,-1.02229,0.594312,5317.76,41.1529,7233.4,0.446865,0.986638,0.0103716,11900.2 
22,44.57,22,10968.5,-0.189308,19.0553,14.7839,117.203,0.0369564,-4.04188,500,0.750758,-4.4795,-2.84546,-0.838529,2.25984,91.8075,5023.07,26.5443,7025.66,9175.47,0.17267,-5.05759,-4.00164,-1.41662,1.68175,0.535849,4923.93,22.4977,6926.52,0.438577,0.992068,0.00594767,11227.1 
23,44.34,23,11897.1,-0.144551,19.6527,15.0737,115.288,0.0152782,144.121,2.93703e-09,-2.68733,-2.99654,-1.27661,-1.84166,-0.128969,76.385,5340.08,48.6167,7464.81,9715.24,-3.1683,-3.47751,-2.23856,-2.32263,-0.609945,0.810564,5257.6,45.2498,7382.32,0.439029,0.985162,0.0111651,11975.5 
24,44.4325,24,11329.2,-0.143622,17.8845,16.3197,115.509,-0.0209634,143.929,0.000130508,-1.65972,-4.13378,-2.56573,-1.70951,-2.38777,114.201,5256.79,45.9787,7197.14,9599.57,-2.37882,-4.85288,-4.00392,-2.4286,-3.10687,0.761261,5133.47,40.9451,7073.81,0.443663,0.986234,0.0105501,11570.6 
25,44.35,25,12346.7,-0.137462,20.5833,14.8268,116.884,0.0577826,3.32338,3.9735e-06,-1.1908,-2.71937,-3.27855,-1.67347,1.25872,52.8011,5403.08,47.3032,7729.9,9940.99,-1.52327,-3.05184,-3.9435,-2.00595,0.926246,0.589147,5346.06,44.9759,7672.88,0.433639,0.985491,0.0106825,12328.4 
26,44.43,26,10018.4,-0.330163,16.234,16.2218,115.813,0.305141,-176.733,3.34924e-09,-0.712671,-4.65798,-2.32292,-1.68626,0.326999,57.9251,4679.2,41.2069,6399.21,10328.3,-1.07741,-5.02272,-3.0524,-2.051,-0.0377403,0.728465,4616.64,38.6538,6336.66,0.444635,0.985559,0.011112,10383 
27,44.59,27,13627.5,-0.420149,22.639,15.1797,116.611,-0.0602778,226.626,466.76,-3.16431,-1.58507,-0.353866,-1.19843,-1.94182,83.4543,6058.46,48.6644,8269.95,11631.8,-3.6898,-2.11056,-1.40484,-1.72392,-2.46731,0.876729,5968.33,44.986,8179.82,0.445,0.986981,0.0100293,13412 
28,44.58,28,13105.1,-0.413215,21.6939,15.2819,117.193,0.185459,244.19,361.753,-2.63873,-3.93366,-5.08062,-1.53064,-3.02882,79.3212,6000.55,41.5881,7868.53,12266.4,-3.1382,-4.43312,-6.07955,-2.0301,-3.52828,0.683509,5914.89,38.0919,7782.87,0.455086,0.988856,0.0089353,12997.3 
29,44.55,29,12018.2,-0.354378,20.0481,15.0259,115.986,-0.396677,1650.7,1.1475,-1.19161,-3.6183,-0.877075,-0.0162042,0.45969,85.8853,5793.49,47.7819,6911.74,31122.1,-1.7324,-4.1591,-1.95867,-0.557001,-0.0811072,0.76925,5700.74,43.9963,6818.99,0.478812,0.986674,0.0117457,11906 
30,44.56,30,10482.5,-0.0509351,17.9043,14.4958,115.71,0.158805,97.2154,500,-0.131334,-1.09316,-1.70225,-2.50812,-1.19779,94.9769,5200.8,45.3505,6325.03,8951.38,-0.729378,-1.6912,-2.89834,-3.10616,-1.79583,0.716431,5098.24,41.1642,6222.47,0.473784,0.986067,0.0120396,10760.7 
31,44.33,31,13558.2,-0.390294,23.2891,14.5461,116.475,0.362872,41.2207,1.35744,0.491946,-2.05684,0.100811,-2.04713,-1.30518,64.6803,5939.59,50.7831,8439.36,11514.8,0.0846711,-2.46411,-0.713739,-2.4544,-1.71246,0.901689,5869.75,47.9321,8369.51,0.435247,0.985911,0.0104396,13486 
32,44.4225,32,12112.7,-0.353054,19.4916,15.5574,116.662,0.589149,-364.43,83.8419,0.0745588,-5.5795,-4.19933,-3.61648,0.123241,115.809,5372.04,50.0137,7369.41,16860.7,-0.654662,-6.30872,-5.65777,-4.3457,-0.60598,0.678039,5246.98,44.9092,7244.34,0.443182,0.985243,0.0112906,11839.3 
33,44.3975,33,12049.2,-0.397942,20.3113,15.1076,118.07,0.0288961,34.3537,67.3951,-1.16993,-1.56168,-2.76556,-1.02834,2.01179,89.3084,5412.16,46.0431,7518.53,10021.5,-1.73228,-2.12403,-3.89026,-1.59069,1.44943,0.506802,5315.72,42.1067,7422.09,0.440414,0.986327,0.0103425,12069.8 
34,44.4,34,12656.9,-0.00713783,20.7548,-14.7033,116.834,-0.0311143,11.5979,500,-0.359707,-3.34596,-1.48761,-2.62448,1.47538,100.773,5653.92,49.7178,7734.69,9945.87,-0.994248,-3.9805,-2.75669,-3.25902,0.840842,0.728395,5545.09,45.276,7625.86,0.444154,0.985912,0.0108186,12484.6 
35,44.52,35,11452.5,-0.03683,19.3706,14.741,116.548,0.00981391,-26.9273,500,-0.322979,-0.59901,-1.87188,-2.78276,-0.599755,119.983,6031.06,37.3408,6512.72,9303.97,-1.07848,-1.35451,-3.38289,-3.53826,-1.35526,0.68412,5901.49,32.0523,6383.15,0.503963,0.990585,0.00916515,11710.2 
36,44.435,36,10203.7,-0.417206,17.4722,15.3932,116.738,0.149254,85.7512,4.64158,-1.56236,-3.64962,-1.77229,-2.19996,2.3778,83.9219,4440.09,28.0502,6806.26,9171.94,-2.09079,-4.17805,-2.82916,-2.72839,1.84936,0.716433,4349.46,24.3512,6715.63,0.415791,0.990297,0.00663524,10460.7 
37,44.4175,37,11029.1,-0.405267,18.3825,15.5325,116.695,0.156922,-57.0657,79.2291,-1.54277,-1.52214,-0.189322,-2.66711,-0.78951,83.3781,4868.04,41.2542,7116.85,9586.34,-2.06778,-2.04715,-1.23934,-3.19212,-1.31452,0.874318,4778.01,37.5791,7026.81,0.427662,0.986423,0.0097554,11172.4 
38,44.445,38,11393.5,-0.154067,19.1892,15.0222,116.429,-0.0588403,120.813,500,-1.65751,-0.809241,0.68254,-0.0499635,-0.0346883,119.628,5102.39,46.3093,7350.49,9615.33,-2.41078,-1.56251,-0.823989,-0.803228,-0.787953,0.871019,4973.2,41.0365,7221.3,0.430782,0.985765,0.0103597,11544.6 
39,44.45,39,10356,-0.421611,17.7462,15.37,116.603,0.159127,-8.56703,384.608,0.992108,-3.23934,-1.14331,0.65737,2.51789,88.6307,4610.89,40.2698,6726.34,8923.58,0.434023,-3.79742,-2.25948,0.0992857,1.95981,0.36599,4515.18,36.3632,6630.63,0.428017,0.986102,0.0100013,10549.1 
40,44.4075,40,10506.3,-0.438634,18.3598,15.1396,117.426,0.497324,3091.44,5.99187,-3.69751,-5.47472,-1.4407,-2.6315,2.0195,96.0924,4739.71,39.0191,6937.6,59097.6,-4.30258,-6.07979,-2.65084,-3.23657,1.41443,0.821557,4635.94,34.7836,6833.83,0.427089,0.98704,0.00928906,10854.7 
41,44.4425,41,11512.1,-0.0668209,19.4879,14.8839,117.026,-0.0539642,-39.9293,500,2.00974,-2.26494,0.988922,-3.21805,1.23047,128.238,5003.71,37.0981,7606.56,9512.4,1.20226,-3.07242,-0.62604,-4.02553,0.422991,0.897349,4865.22,31.4457,7468.08,0.417216,0.988816,0.00769683,11661.2 
42,44.53,42,11427.4,-0.0160974,18.2475,15.469,115.955,0.00177039,10.5937,500,-1.85161,-2.0439,-0.385039,0.00524326,-0.253663,128.181,5441.99,48.6334,6814.05,9189.48,-2.65872,-2.85102,-1.99928,-0.801876,-1.06078,0.786668,5303.57,42.9836,6675.63,0.466109,0.986015,0.0117221,11378.4 
43,44.51,43,9947.88,-0.329309,16.3739,16.0237,116.317,1.67841,-452.692,3.32435e-05,-0.152611,-1.37341,-2.09314,-0.0912189,0.469772,99.047,5376.73,39.0162,5628.47,33275.1,-0.776283,-1.99708,-3.34049,-0.714891,-0.1539,0.521601,5269.77,34.6505,5521.52,0.511909,0.988624,0.0114281,10294.4 
44,44.41,44,12444.7,-0.5206,20.885,15.7701,117.806,0.0204515,216.319,495.306,-1.30082,-1.31517,-3.16028,-1.55575,0.133672,107.21,5647.81,46.3857,7895.73,10865.7,-1.97589,-1.99024,-4.51043,-2.23082,-0.541402,0.59903,5532.04,41.6602,7779.95,0.43864,0.986993,0.00976778,12611.8 
45,44.44,45,11821.9,-0.372988,19.7099,15.1885,115.359,0.0124846,162.72,1.11692e-09,-1.35516,0.00819127,-7.88836,-1.37544,1.06768,104.219,5083.96,59.5254,7447.49,9811.42,-2.0114,-0.648046,-9.20083,-2.03167,0.411446,0.317471,4971.42,54.9317,7334.94,0.42687,0.98103,0.0136079,11646.2 
46,44.42,46,10408.1,-0.0651859,16.9545,15.441,115.382,-0.114955,-78.3616,6.33249e-11,-2.85153,-1.35354,-3.10197,-0.993247,-0.543148,130.732,4564.52,39.9219,6842.16,8815.52,-3.67471,-2.17673,-4.74834,-1.81643,-1.36633,0.655482,4423.34,34.1596,6700.98,0.42042,0.986666,0.00930314,10521.2 
47,44.4475,47,13008.6,-0.360788,20.5863,15.7133,115.341,0.468602,36.7548,429.961,-4.65506,-2.71512,-0.6706,-1.50552,-2.56491,88.9514,5404.13,46.2199,8221.11,11091,-5.21517,-3.27522,-1.79081,-2.06562,-3.12501,0.884254,5308.08,42.2992,8125.05,0.417897,0.986246,0.00949895,12701.9 
48,44.46,48,11689.3,-0.435402,19.7178,15.3813,117.314,0.115459,-28.819,455.788,-4.44262,-2.54545,-3.25646,-0.0100623,-1.20544,85.3634,5401.88,40.5746,7159.83,9981.23,-4.98013,-3.08296,-4.33148,-0.547573,-1.74295,0.705042,5309.7,36.812,7067.65,0.452226,0.988013,0.00950347,11741.3 
49,44.3,49,13800.7,-0.429959,23.194,-15.0297,116.853,0.130712,162.624,54.935,-1.94352,-0.518701,-1.4542,-0.524729,0.862784,86.5869,5942.05,56.3372,8594.67,12040,-2.48873,-1.06392,-2.54463,-1.06994,0.31757,0.628503,5848.55,52.5207,8501.17,0.430527,0.984528,0.0112526,13584.6 
50,44.395,50,11628.9,-0.379559,19.9014,14.8552,115.051,-0.263346,272.547,296.138,-2.22334,-3.46609,-3.76206,0.471336,-2.13875,97.3787,5274,45.6758,7370.19,11960.5,-2.83651,-4.07926,-4.9884,-0.141832,-2.75192,0.662899,5168.85,41.3836,7265.03,0.438781,0.986182,0.0103842,11780 
51,44.405,51,11111.4,-0.161283,18.3307,15.3602,118.747,0.0052963,160.084,3.67861e-10,-1.07226,-4.04381,-0.1133,-1.78598,-1.81791,112.969,5045.03,35.7858,7026.93,9193.45,-1.7836,-4.75515,-1.53598,-2.49732,-2.52925,0.882761,4923.04,30.8065,6904.94,0.439301,0.989168,0.00815158,11206.5 
52,44.37,52,13080,-0.41548,21.005,15.7692,118.35,0.0732828,103.786,488.398,0.499491,-2.62212,-2.74526,1.53735,-0.186536,84.7873,5869.71,52.621,7926.12,11030.3,-0.0343918,-3.156,-3.81303,1.00346,-0.720419,0.432617,5778.15,48.8839,7834.56,0.447655,0.985411,0.0113632,12907.6 
53,44.6,53,11366.3,-0.392009,19.7144,14.7803,117.259,0.127317,188.473,346.017,-0.779873,-2.01636,0.695823,-0.510973,-1.44442,69.4588,5566.46,50.0296,6751.33,10266.7,-1.21724,-2.45372,-0.178904,-0.948336,-1.88178,0.973218,5491.45,46.9681,6676.33,0.474755,0.985253,0.0127935,11566.9 
54,44.415,54,10420,-0.417988,17.8973,15.295,116.585,0.262869,96.6424,0.736853,-4.65765,-4.20007,-6.4883,-0.631745,-0.645501,87.4172,4601.11,37.4581,6914.3,9738.1,-5.20809,-4.75052,-7.58919,-1.18219,-1.19594,0.61913,4506.71,33.605,6819.9,0.420684,0.987119,0.0089953,10712.8 
55,44.4275,55,9699.71,-0.0265509,16.8138,14.6456,117.802,0.0213863,-25.7207,500,-2.60409,-2.35617,-3.08397,-1.22278,-1.16259,133.48,4665.69,27.3602,6137,8034.06,-3.44458,-3.19666,-4.76495,-2.06327,-2.00308,0.692038,4521.55,21.4768,5992.86,0.453286,0.991756,0.00655832,9975.04 
56,44.4375,56,11828.4,-0.238772,19.1641,15.4243,118.074,0.0481446,115.888,500,0.421136,-1.30562,-5.23952,1.79798,0.45271,34.3503,5418.13,46.0637,7134.78,9804.15,0.204841,-1.52192,-5.67211,1.58169,0.236416,-0.0968909,5381.04,44.5496,7097.69,0.454482,0.985719,0.0114301,11839.9 
57,44.5,57,12535.3,-0.0401429,20.2907,15.2418,118.514,0.0219713,8.99467,2.24637e-09,-5.18852,-3.61659,-5.62368,-1.46188,-0.866187,42.7003,6875.32,51.5264,6561.08,10074.1,-5.4574,-3.88546,-6.16142,-1.73076,-1.13506,0.664595,6829.21,49.6443,6514.97,0.535295,0.987438,0.0138426,12757.8 
58,44.36,58,12111.2,-0.369171,20.0011,15.2463,117.559,0.128337,-176.938,485.862,-1.95518,1.4024,0.832612,-3.41857,-0.107895,54.7557,5031.79,39.2719,7876.14,10666.1,-2.29996,1.05761,0.143048,-3.76335,-0.452677,1.02691,4972.66,36.8585,7817.01,0.411435,0.987195,0.00861103,12086.1 
59,44.425,59,9890.36,-0.0117143,16.8904,14.4229,117.075,-0.0043077,1.7865,500,-2.75906,-4.9346,-5.08074,-1.15727,-1.61893,49.5458,4611.67,42.5629,6183.75,7930.55,-3.07104,-5.24658,-5.70469,-1.46924,-1.93091,0.672567,4558.16,40.3791,6130.24,0.44967,0.984734,0.0119882,10136.7 
60,44.49,60,10300.9,-0.00657794,16.9107,15.0028,117.901,0.00193576,7.10795,1.54622e-11,-4.0644,-2.77497,-2.1783,-1.17191,-0.145232,59.6788,5825.02,47.3701,5258.59,8259.5,-4.44018,-3.15075,-2.92986,-1.54769,-0.521014,0.767277,5760.57,44.7397,5194.15,0.549293,0.986591,0.0156191,10487.2 
61,44.48,61,11251.6,-0.0414849,17.9859,-15.3749,118.098,0.000118704,-28.511,500,-4.69752,-2.39427,-1.94865,-2.89009,-0.252369,58.2268,4725.18,43.9591,7250.9,9002.11,-5.06416,-2.7609,-2.68193,-3.25673,-0.619008,0.813531,4662.3,41.3926,7188.02,0.416151,0.984701,0.0104965,11203.4 
62,44.4025,62,11152.8,-0.374988,19.2508,14.7932,116.51,0.0962328,39.9484,62.5132,-1.44578,-1.09735,-2.38558,-2.22533,1.22754,61.4125,4996.81,40.4654,7025.66,9395.69,-1.83247,-1.48405,-3.15898,-2.61203,0.84084,0.61694,4930.49,37.7585,6959.34,0.437741,0.986775,0.00989559,11263.5 
63,44.54,63,11004.7,-0.0920708,17.5962,15.8652,117.302,0.183766,535.397,499.954,-3.91374,-1.46789,-0.840353,-1.17935,-1.00468,115.08,5331.71,48.934,6516.93,12290.7,-4.63836,-2.19252,-2.2896,-1.90397,-1.7293,0.820476,5207.44,43.8616,6392.66,0.47234,0.985474,0.0124814,11024.8 
64,44.39,64,12051.7,-0.202342,19.8359,15.0628,117.986,-0.00322915,46.3767,497.54,-0.581775,-1.13814,-3.0486,-0.950229,-0.250065,86.0587,5374.67,42.8042,7536.23,9731.27,-1.12366,-1.68003,-4.13238,-1.49212,-0.791953,0.55181,5281.73,39.011,7443.3,0.438131,0.987239,0.00956232,12055.1 
65,44.4125,65,12049.7,-0.396873,20.0107,15.329,116.683,0.0709672,-599.433,3.47214,-1.82645,-2.49426,-2.19842,-1.96796,0.970742,81.0793,5357.96,49.8256,7633.23,11370.3,-2.33699,-3.0048,-3.21949,-2.47849,0.460207,0.695688,5270.4,46.2519,7545.68,0.434244,0.984875,0.0111653,12137 
66,44.47,66,10900.4,-0.35754,18.2216,15.239,116.305,0.249251,0.501386,289.293,-3.5134,0.0128081,-1.7461,-3.34008,-0.67647,93.8173,4894.92,42.3097,6828.45,9043.46,-4.10414,-0.577935,-2.92758,-3.93083,-1.26721,0.77142,4793.61,38.1745,6727.14,0.439164,0.986255,0.0103452,10915.3 
67,44.31,67,11765.3,-0.373334,19.6281,15.1771,116.065,0.411749,-212.157,146.335,-1.02267,-2.62049,-2.35176,-2.05523,2.40493,91.4551,5173.14,41.9123,7377.48,12541.3,-1.59854,-3.19636,-3.5035,-2.6311,1.82906,0.615019,5074.37,37.8813,7278.72,0.433781,0.987104,0.00949599,11698 
68,44.32,68,12575.7,-0.341853,21.3266,14.6976,116.484,0.448241,-248.202,2.70702e-07,-3.90884,-2.57782,-1.74448,-0.529358,0.227507,102.867,5592.78,48.958,7825.9,13825.5,-4.55657,-3.22555,-3.03993,-1.17709,-0.42022,0.755226,5481.69,44.4239,7714.81,0.438459,0.986016,0.010496,12502.2 
69,44.38,69,11315.6,-0.456884,19.7127,15.097,117.14,0.0668671,164.018,132.053,-1.53062,-1.53801,-0.348727,-0.591651,-2.0067,99.0654,5205.78,58.0004,7228.4,10045,-2.15441,-2.1618,-1.5963,-1.21544,-2.63049,0.836418,5098.8,53.6338,7121.42,0.440338,0.981925,0.0136837,11579.3 
70,44.3925,70,12953.8,-0.0606086,21.7668,14.3537,115.807,-0.0143336,45.2544,500,-1.73087,-3.55374,-2.1707,-0.455993,-1.68743,64.4734,5601.85,45.3001,8117.39,10191.9,-2.13684,-3.95971,-2.98265,-0.861965,-2.0934,0.75216,5532.22,42.4583,8047.77,0.430333,0.986747,0.00962501,12855.7 
71,44.57,71,13393.4,-0.114314,21.5291,15.0408,117.436,0.372481,-266.973,461.624,-4.85392,-0.26567,0.137278,-2.89296,-2.04914,61.2241,6333.62,58.4618,7823.52,13778.4,-5.23944,-0.651181,-0.633746,-3.27847,-2.43465,0.948213,6267.5,55.7632,7757.41,0.470295,0.984669,0.0130687,13326.7 
72,44.34,72,13981.5,-0.181082,22.3809,14.9013,117.598,0.27662,53.1806,475.957,-2.1138,-4.08194,-2.08448,-2.70012,0.140979,86.0985,6021.94,56.2639,8579.79,11335.5,-2.65594,-4.62408,-3.16876,-3.24226,-0.401161,0.775141,5928.96,52.4689,8486.82,0.434294,0.984749,0.0112604,13652 
73,44.4325,73,12511,-0.357282,20.4869,-15.2687,115.792,0.0515293,74.8083,134.489,-4.34658,-2.59303,-4.01531,-0.748238,-0.397118,22.6773,5312.77,38.0116,7954.17,10308.4,-4.48937,-2.73582,-4.30089,-0.891031,-0.539911,0.668065,5288.29,37.0121,7929.69,0.422917,0.9879,0.0085248,12504.3 
74,44.35,74,14313.6,-0.392376,22.9894,15.4668,116.62,0.188318,-366.314,266.466,-3.55461,-2.63157,-2.48402,-1.24835,0.848081,84.4584,5988.65,60.544,8909.02,13820.7,-4.08642,-3.16339,-3.54765,-1.78016,0.316269,0.710664,5897.45,56.8213,8817.82,0.423617,0.983419,0.0117311,13921.7 
75,44.43,75,10601.4,-0.282865,18.2049,15.0146,116.541,0.00735137,-232.454,0.986815,-3.93772,-0.288015,-1.3356,0.419382,0.382214,112.404,4825.04,42.1218,6817.56,8953.75,-4.6455,-0.995792,-2.75116,-0.288396,-0.325564,0.694533,4703.65,37.1673,6696.18,0.435637,0.98636,0.0101212,10797.2 
76,44.59,76,12100,-0.028526,20.3793,14.5669,117.499,0.000802625,25.1528,1.6553e-05,-1.63769,-2.11815,-5.66568,-2.81893,-1.14199,84.4567,5495.16,42.6514,7400.33,9664.55,-2.16949,-2.64995,-6.72928,-3.35073,-1.67379,0.593967,5403.96,38.9288,7309.13,0.448265,0.98755,0.00971582,12055.3 
77,44.58,77,13303.4,0.0194092,22.3737,14.192,116.704,-0.0104806,-18.1183,1.75423e-11,-4.32841,-4.74752,-0.937078,-1.89957,-1.43281,108.977,6062.91,51.264,7859.21,10342.8,-5.01461,-5.43372,-2.30947,-2.58577,-2.11901,0.867747,5945.23,46.4607,7741.52,0.457677,0.986509,0.0109345,12990 
78,44.55,78,12751.7,-0.150762,21.2534,14.8227,117.481,0.112926,144.436,500,-2.70675,-4.34024,-0.989349,-1.50198,-1.06346,105.602,6061.83,45.06,7467.27,10786.4,-3.3717,-5.00519,-2.31925,-2.16693,-1.72841,0.841055,5947.79,40.4054,7353.23,0.470582,0.988251,0.0100208,12639.2 
79,44.56,79,14287.2,-0.462833,23.2325,15.6407,117.491,0.0317617,19.51,115.691,-0.410473,-4.81963,-3.88566,-1.53178,1.44161,104.474,6432.51,63.784,8667.38,11849.1,-1.06832,-5.47747,-5.20134,-2.18962,0.783767,0.60455,6319.69,59.1791,8554.56,0.448067,0.983877,0.012583,14104.3 
80,44.33,80,12477,-0.339064,21.1003,14.7381,116.564,0.127856,-47.9074,500,-1.71899,-2.66994,-3.50627,-0.524662,0.379201,101.189,5414.29,49.4268,7759.71,10322.8,-2.35615,-3.3071,-4.78059,-1.16182,-0.25796,0.597038,5305.01,44.9667,7650.44,0.432465,0.985383,0.0107113,12266.9 
81,44.4225,81,11047.2,-0.202218,18.3238,15.1225,116.847,-0.217202,-64.9137,1.50866e-12,-0.471264,-2.59099,-3.91616,-1.48396,0.319551,84.6558,5013.69,49.9014,6895.89,9479.57,-1.00432,-3.12404,-4.98227,-2.01702,-0.213505,0.560691,4922.27,46.17,6804.47,0.442876,0.98385,0.0123448,11114.3 
82,44.3975,82,12597.3,-0.353901,20.998,14.9426,116.478,0.00432862,543.366,153.595,-2.74071,-4.49539,-4.96526,-2.23333,-0.332859,88.1613,5462.26,44.3128,7820.04,10290.7,-3.29584,-5.05052,-6.07552,-2.78846,-0.887987,0.664305,5367.06,40.4269,7724.84,0.432944,0.98699,0.00954835,12396.7 
83,44.4,83,12704.8,-0.0421564,20.896,14.6604,115.379,-0.0154609,45.3382,500,-3.64466,-2.01275,-5.0035,-1.08093,-1.53085,50.3697,5494.51,45.1458,7957.26,9995.27,-3.96182,-2.32992,-5.63783,-1.39809,-1.84802,0.628496,5440.11,42.9256,7902.87,0.430671,0.98638,0.00990655,12631.7 
84,44.52,84,13176.5,-0.0575674,20.6939,15.262,115.797,0.0187967,89.5144,7.00937e-12,-1.28696,-2.90038,-4.47472,-2.17777,-4.09194,116.631,6285.67,47.142,7461.96,10336.1,-2.02136,-3.63477,-5.9435,-2.91217,-4.82633,0.692654,6159.72,42.0013,7336.01,0.479897,0.988208,0.0104366,12835.5 
85,44.435,85,11356.4,-0.0831019,18.5203,15.0058,116.621,0.00334478,27.8615,0.43919,-3.9365,-2.82369,-6.02076,-2.12611,1.69735,52.5308,4867.8,45.0283,7199.44,9049.99,-4.26727,-3.15446,-6.68231,-2.45688,1.36658,0.560211,4811.07,42.7129,7142.71,0.425347,0.984701,0.0108956,11310.9 
86,44.4175,86,10862,-0.374713,18.8927,14.7375,117.403,0.17195,-747.963,449.742,-2.68959,-0.832564,-3.72292,-2.75916,-3.72585,58.9308,4904.79,40.6259,6891.75,13250.6,-3.06066,-1.20364,-4.46506,-3.13023,-4.09692,0.720173,4841.15,38.0284,6828.11,0.437926,0.98644,0.0101552,11054.7 
87,44.445,87,13315.6,0.00387769,21.2494,15.1758,115.871,-0.00841474,7.85859,500,-4.23308,-1.67543,-0.433911,-0.624275,0.881044,75.4404,5587.75,53.6774,8434.2,10499.8,-4.7081,-2.15046,-1.38397,-1.0993,0.406016,0.845121,5506.28,50.3522,8352.73,0.420094,0.984249,0.0109827,13107.3 
88,44.45,88,11757.8,-0.374139,19.2088,15.5045,116.793,0.0325191,302.268,124.403,-1.87476,-0.166291,-5.16825,-0.705707,-0.687706,35.0974,5153.57,45.2494,7252.29,10015.1,-2.09576,-0.38729,-5.61024,-0.926706,-0.908704,0.434947,5115.66,43.7024,7214.39,0.437957,0.98527,0.0110357,11680.8 
89,44.4075,89,12204.9,0.012511,19.5781,15.0513,118.153,-0.0189168,9.4589,0.000127504,-2.56532,-0.265552,-2.03694,1.0599,1.05634,51.8246,5261.37,43.2351,7600.29,9598.52,-2.89165,-0.591878,-2.68959,0.733577,0.730019,0.428904,5205.4,40.9509,7544.32,0.431242,0.98642,0.00990003,12070.7 
90,44.4425,90,11234.1,-0.383963,19.1919,14.9836,117.915,0.16026,-939.145,414.39,-3.52708,-1.74177,-6.24784,-2.32072,-0.660738,95.8058,4682.69,37.7493,7401.37,14260.7,-4.13034,-2.34503,-7.45436,-2.92398,-1.264,0.58856,4579.23,33.5264,7297.91,0.408119,0.98735,0.00839158,11220.3 
91,44.53,91,12812.2,-0.413231,21.0538,15.4443,117.088,-0.131379,108.232,121.142,-3.69289,-4.29702,-0.964321,0.647671,1.2766,122.131,6202.11,43.711,7320.44,11048,-4.46192,-5.06605,-2.50237,-0.121355,0.507571,0.785096,6070.22,38.3278,7188.55,0.481313,0.989071,0.00972618,12611.8 
92,44.51,92,13530.4,-0.400373,21.9568,15.4527,117.595,0.396693,-867.103,28.8882,-3.00497,-2.33803,-2.85961,-2.24822,0.113112,75.6863,6842.41,46.6102,7407.13,22242.5,-3.48155,-2.81461,-3.81276,-2.7248,-0.363464,0.711093,6760.67,43.2742,7325.4,0.503521,0.988923,0.0107649,13426.8 
93,44.41,93,11755.3,-0.0223221,20.14,14.1901,118.193,0.00671486,-21.8661,1.03768e-11,-4.02239,-3.3495,-2.2106,-1.37144,-2.37214,109.903,5034.86,36.9391,7595.78,9308.11,-4.71442,-4.04153,-3.59466,-2.06347,-3.06417,0.794335,4916.18,32.0949,7477.1,0.419457,0.988704,0.00784506,11720.3 
94,44.44,94,12437.8,-0.360469,19.8245,15.69,115.647,-0.0881739,217.923,443.424,-2.40723,-3.36946,-1.5704,-2.67949,-1.60488,53.1259,5467.87,48.2201,7704.37,10751.1,-2.74175,-3.70398,-2.23944,-3.01401,-1.9394,0.835801,5410.5,45.8785,7647,0.437415,0.985378,0.010931,12369.3 
95,44.42,95,11315.7,-0.377539,18.4582,15.6358,116.902,0.175153,26.9733,346.782,-5.53179,-1.6434,-1.43075,-0.970409,1.3818,75.6452,5042.76,39.537,7082.23,9548.95,-6.00811,-2.11972,-2.38338,-1.44673,0.905485,0.784357,4961.07,36.2028,7000.54,0.43781,0.987391,0.00943642,11331.6 
96,44.4475,96,12169.9,-0.405234,19.0299,16.3061,116.659,-0.0496525,209.505,90.3657,-1.70884,-3.20715,-0.272332,-1.89767,-0.946386,56.3296,5208.74,49.518,7698.86,10440,-2.06354,-3.56184,-0.981717,-2.25236,-1.30108,0.903379,5147.91,47.0352,7638.03,0.425499,0.984262,0.0112165,12098.5 
97,44.46,97,10595.8,-0.0235023,17.7055,14.8401,116.691,0.00748596,-4.68723,28.803,-1.1005,-3.04399,-3.80146,-0.187052,-0.723675,71.4661,4907.2,39.8925,6710.75,8554.58,-1.55051,-3.49399,-4.70147,-0.637055,-1.17368,0.593182,4830.02,36.7424,6633.57,0.444484,0.986862,0.0101001,10866.6 
98,44.46,98,11983.7,-0.136738,20.0685,14.824,117.489,-0.0377302,-138.027,500,1.19186,-1.78899,1.7218,0.129483,1.16798,109.915,5352.48,45.0043,7595.47,9854.02,0.499754,-2.4811,0.337588,-0.562621,0.475872,1.19508,5233.79,40.1596,7476.77,0.434785,0.98675,0.00979745,12037.7 
99,44.46,99,10970.5,-0.336488,18.3268,15.0846,117.251,0.0151759,-82.5522,489.141,-2.84031,-2.27279,0.563783,1.47501,-0.626826,101.084,5139.07,38.145,6577.97,9040.25,-3.47681,-2.90929,-0.709215,0.838511,-1.26332,0.905691,5029.91,33.6895,6468.81,0.460761,0.988415,0.00950251,10916.5 
100,44.46,100,13447.3,-0.435271,21.8479,15.6288,117.148,0.101728,-68.7163,258.07,-3.01916,-2.55082,-2.04252,-0.242902,-2.95862,122.66,5891.48,47.3755,8269.61,11343.1,-3.79151,-3.32318,-3.58723,-1.01526,-3.73098,0.767789,5759.02,41.969,8137.15,0.437488,0.987407,0.0094116,13163.8 
101,44.46,101,13997.1,-0.347071,22.6961,15.1302,116.423,-0.165187,446.357,196.176,-0.958101,-2.40598,-1.89326,-2.68935,-0.548957,39.1249,6000.99,54.1191,8580.93,13578.9,-1.20446,-2.65233,-2.38597,-2.93571,-0.795316,0.760776,5958.74,52.3946,8538.68,0.434027,0.984846,0.0111771,13728.9 
102,44.46,102,10110.6,-0.317144,17.0848,15.0544,116.61,0.329048,369.651,2.83775e-05,-2.63994,-3.99431,-0.0108627,-1.53292,-2.3715,105.627,4739.45,33.5252,6235.16,12332.3,-3.30504,-4.65941,-1.34107,-2.19803,-3.03661,0.907768,4625.38,28.8695,6121.1,0.453665,0.989195,0.00861325,10195.6 
103,44.46,103,11701.3,-0.382297,19.08,15.5934,117.354,0.0564203,-159.591,495.139,-1.35784,-0.792651,-0.257392,0.0109442,0.978171,77.2255,5336.53,42.9473,7168.72,9978.48,-1.84411,-1.27892,-1.22993,-0.475324,0.491902,0.71637,5253.13,39.5434,7085.33,0.448956,0.986998,0.0101762,11700.8 
104,44.46,104,11251.5,-0.386866,19.2504,14.9748,116.418,-0.0132345,22.6352,464.35,-2.04737,-0.459306,-1.58428,2.07948,0.0230103,120.154,5005.38,35.2988,7153.51,9393.92,-2.80395,-1.21589,-3.09744,1.3229,-0.73357,0.525511,4875.63,30.0028,7023.75,0.432726,0.989346,0.00780733,11267.2 
105,44.46,105,13649.3,-0.0557571,22.1463,14.97,118.439,0.013524,29.3046,498.892,-2.14076,-2.6234,-1.9055,-1.38886,-1.41169,73.4354,6118.32,56.0553,8308.66,10805.3,-2.60316,-3.0858,-2.83031,-1.85126,-1.8741,0.768853,6039.02,52.8185,8229.36,0.446418,0.984925,0.011685,13527.7 
106,44.3925,106,10932.3,-0.352076,19.2018,14.4461,116.247,0.104705,-130.343,489.867,-2.1418,-0.320868,-3.648,-0.97387,-1.79688,66.9908,4837.44,42.8761,6938.88,9474.28,-2.56362,-0.742691,-4.49164,-1.39569,-2.21871,0.606423,4765.09,39.9234,6866.54,0.432654,0.98555,0.0105969,11013.6 
107,44.395,107,11807,-0.2958,19.8439,15.2622,117.016,0.200305,-249.689,5.25238e-06,-3.19431,-3.95742,-2.48953,-2.20211,-2.19099,88.0442,5411.42,43.9672,7348.19,11487.3,-3.7487,-4.51182,-3.59831,-2.7565,-2.74538,0.792733,5316.35,40.0865,7253.12,0.446126,0.986976,0.0100783,11916.7 
108,44.3975,108,11739.5,-0.179461,19.3706,15.2623,117.001,-0.0434604,96.7599,4.49965e-09,-0.207751,-3.42059,-1.94707,0.713852,0.646484,126.68,5307.91,41.698,7516.54,9760.91,-1.00542,-4.21826,-3.54241,-0.0838166,-0.151184,0.606447,5171.11,36.1143,7379.74,0.435034,0.987926,0.00893419,11886.7 
109,44.4,109,11145,-0.0263002,18.4567,15.1487,116.339,0.0117098,10.7133,499.998,-2.23225,-1.81666,-2.75959,-1.11264,2.54662,110.08,5016.89,43.5783,7158.82,9105.84,-2.92539,-2.5098,-4.14587,-1.80578,1.85347,0.56512,4898.02,38.7263,7039.95,0.433285,0.986352,0.0100316,11304.4 
110,44.4025,110,11024.9,-0.497387,18.8056,15.7337,117.497,-0.22897,875.747,97.1673,-1.30536,-0.543872,0.812185,-2.32675,0.275737,121.69,4796.1,41.3656,7423.25,16159.5,-2.07161,-1.31012,-0.720309,-3.09299,-0.49051,0.906277,4664.69,36.0019,7291.84,0.412795,0.986674,0.00901303,11300.3 
111,44.405,111,11352.9,-0.318229,19.1655,15.2806,117.113,0.643152,-1225.25,4.66674e-07,-1.00653,-0.816301,-2.15533,0.852065,1.27083,133.251,5189.65,41.4718,7253.89,35186.3,-1.84557,-1.65535,-3.83342,0.0130202,0.431783,0.443588,5045.76,35.5984,7109.99,0.438157,0.987804,0.0091388,11515.9 
112,44.4075,112,10872.4,-0.0997687,19.0599,14.2804,117.635,0.0398897,-39.1841,0.00366253,-4.18426,-4.02691,-0.715736,1.14082,-0.791968,137.138,5075.75,40.4194,6891.11,8911.33,-5.04778,-4.89043,-2.44278,0.277296,-1.65549,0.822462,4927.66,34.3748,6743.02,0.445385,0.987939,0.00930338,11063.8 
113,44.41,113,10846.8,-0.457185,18.833,15.2634,116.885,-0.970234,2842.73,408.341,-3.3865,-1.66501,-3.37236,-1.26282,-0.395474,117.652,5074.15,34.3293,6998.83,99143.3,-4.12733,-2.40584,-4.85401,-2.00365,-1.1363,0.665866,4947.1,29.1436,6871.78,0.441689,0.989796,0.0077519,11200.4 
114,44.4125,114,10628.4,-0.122221,17.8536,14.8906,116.721,-0.0315895,-65.272,500,-4.00638,-1.94735,-4.06847,-1.05966,-1.25978,71.18,4755.64,43.2405,6837.31,8721.46,-4.45458,-2.39555,-4.96487,-1.50786,-1.70798,0.669688,4678.78,40.1031,6760.44,0.431989,0.985222,0.0108093,10830.8 
115,44.415,115,9845.16,-0.0173614,16.567,14.8599,116.807,0.0120669,18.7821,500,-0.712431,-3.12604,-2.78018,-3.41173,-0.00276173,135.372,4631.65,34.3807,6216.8,8021.44,-1.56483,-3.97844,-4.48499,-4.26413,-0.855164,0.703913,4485.46,28.4139,6070.61,0.448111,0.989036,0.0085484,10009.7 
116,44.4175,116,10594.9,-0.399402,18.075,15.2382,115.793,0.210047,318.221,98.7237,-2.82954,-2.81558,-2.23242,-1.19139,1.62921,150.219,4918.04,45.1236,6750.91,11142.1,-3.77543,-3.76146,-4.12419,-2.13728,0.683322,0.685537,4755.82,38.5024,6588.69,0.442339,0.98603,0.0106501,10751.5 
117,44.42,117,11631.4,-0.0169713,18.8532,15.1039,116.52,0.0118457,12.2596,2.91051e-11,0.0891041,-0.663468,-3.24098,-2.16126,-1.24834,105.236,5056.7,50.8887,7573.91,9274.5,-0.573537,-1.32611,-4.56626,-2.8239,-1.91098,0.592327,4943.05,46.2502,7460.27,0.421335,0.98389,0.0112912,11731.9 
118,44.4225,118,11617.7,-0.45857,19.9103,15.2864,117.4,0.87436,571.182,420.032,1.19195,-2.79803,-1.42336,-3.821,-0.589291,96.5531,5396.92,41.1264,7525.51,26165.5,0.583979,-3.406,-2.6393,-4.42897,-1.19726,0.761958,5292.65,36.8706,7421.24,0.439371,0.987956,0.00906904,12046 
119,44.425,119,9578.4,-0.384691,16.7675,15.0101,117.065,0.0313336,826.97,487.637,-2.40384,-1.13316,2.64086,-1.10061,0.0206598,133.475,4449.62,29.2475,6338.23,9036.61,-3.2443,-1.97362,0.959937,-1.94107,-0.8198,1.13677,4305.48,23.3643,6194.1,0.433055,0.990593,0.00690052,9942.1 
120,44.4275,120,12293,-0.0702107,19.8323,15.1999,117.958,5.2563,-3335.81,500,-2.03243,-3.77796,-1.10938,0.629106,-0.607493,123.446,5825.75,52.2124,7441.31,580604,-2.80974,-4.55527,-2.664,-0.1482,-1.3848,0.76959,5692.44,46.7713,7308,0.461198,0.985825,0.0116521,12342.7 
121,44.43,121,12573.7,-0.41654,20.4892,15.705,118.109,-0.0659969,463.609,494.428,-1.02332,-2.37993,0.295516,-0.716391,1.01413,120.436,5794.57,50.9159,7838.92,11471.1,-1.78168,-3.13829,-1.22119,-1.47475,0.255774,0.83408,5664.51,45.6074,7708.86,0.446743,0.986106,0.0107808,12679.6 
122,44.4325,122,11711.4,-0.442723,18.617,16.3583,118.528,0.287209,-454.901,391.557,-4.26829,-1.34723,-5.08428,-2.65993,-0.76287,104.872,5524.79,48.3782,7118.7,14167,-4.92864,-2.00758,-6.40498,-3.32028,-1.42322,0.645834,5411.54,43.7558,7005.45,0.45913,0.986048,0.0113748,11786.5 
123,44.435,123,10025.4,-0.00395029,16.3184,15.1953,116.596,0.0021171,8.04729,1.86509e-12,-2.63403,-1.65699,0.0503568,-2.03605,-2.40508,72.0235,4648.38,33.1445,6372.57,8072.55,-3.08754,-2.11051,-0.856669,-2.48957,-2.85859,0.924873,4570.6,29.9699,6294.79,0.443797,0.988655,0.00869413,10298.9 
124,44.4375,124,12125,-0.333516,19.9321,15.111,116.971,-0.0335907,118.301,17.1634,-3.7954,-0.246931,-2.14747,-1.4409,-0.635826,82.7807,5143.54,34.3522,7673.66,9934.22,-4.31664,-0.768179,-3.18997,-1.96215,-1.15707,0.720031,5054.14,30.7035,7584.26,0.422735,0.989481,0.00740222,11955.8 
125,44.44,125,10366.2,-0.25971,15.7338,16.5025,118.904,-0.0354045,283.436,500,-2.61534,0.104126,-2.36189,-2.65556,-0.255024,56.6407,4706.83,46.3246,6303.79,8779.03,-2.97199,-0.252526,-3.07519,-3.01221,-0.611676,0.690113,4645.66,43.8281,6242.62,0.44988,0.983758,0.0127679,10326.4 
126,44.4425,126,11867,-0.285093,18.8309,15.6201,115.225,-1.28214,-294.52,499.966,-1.94546,-1.80541,-5.28535,-0.328583,-3.11557,37.5058,5109.3,47.7482,7397.46,21867.9,-2.18162,-2.04158,-5.75768,-0.564747,-3.35173,0.5857,5068.79,46.0951,7356.96,0.430887,0.984335,0.01141,11763.6 
127,44.445,127,11529.9,-0.347537,18.8653,15.3647,117.803,0.00314056,124.733,481.533,-1.79927,-2.22557,-1.61869,-2.05539,-2.77204,59.6588,5049.2,43.6955,7203.01,9448.62,-2.17492,-2.60122,-2.37,-2.43105,-3.1477,0.813751,4984.77,41.0659,7138.58,0.43418,0.985788,0.0104859,11480.9 
128,44.4475,128,11655.1,-0.3886,19.4713,15.2653,117.368,-0.132369,402.669,8.18182,-0.904554,-3.83494,-6.42237,-4.6118,-0.431043,75.0058,4938.9,35.7799,7636.07,11411.1,-1.37685,-4.30723,-7.36695,-5.08409,-0.903334,0.613049,4857.91,32.4739,7555.07,0.414037,0.988437,0.0078557,11733 
129,44.3925,129,11575.9,-0.108709,18.9813,14.9182,115.232,-0.0710858,-71.3638,499.714,0.632545,-0.0700943,-2.10229,-1.01426,-0.932565,70.7215,5158.17,38.1894,7247.14,9383.16,0.187231,-0.515408,-2.99292,-1.45957,-1.37788,0.514022,5081.8,35.0722,7170.77,0.437814,0.988066,0.00892928,11607.2 
130,44.395,130,11760.9,-0.3601,19.0649,15.5417,117.854,0.117978,423.399,132.223,-2.45557,-1.53819,-2.16513,-0.147601,-0.327102,73.1452,5179.49,40.4468,7322.92,11271.7,-2.91614,-1.99877,-3.08628,-0.608177,-0.787678,0.671569,5100.5,37.2228,7243.93,0.436221,0.98739,0.00937687,11692.5 
131,44.3975,131,13152.5,-0.408302,21.0163,15.7969,117.784,0.152104,716.846,430.639,-4.99789,-0.80549,0.84966,-3.04578,0.0928539,37.385,5551.77,48.8121,8379.01,14356.9,-5.23329,-1.04089,0.378854,-3.28118,-0.142549,1.04065,5511.4,47.1643,8338.63,0.420732,0.985245,0.0103117,13099.6 
132,44.3,132,13501.1,-0.352437,22.1552,14.9896,117.05,-0.0968997,563.24,0.063877,-1.79188,-0.680358,-4.96168,-1.34218,0.489497,84.9077,5965.3,46.0586,8181.17,12587.5,-2.32652,-1.215,-6.03096,-1.87682,-0.0451444,0.475315,5873.61,42.3161,8089.48,0.443793,0.987549,0.0095441,13235 
133,44.31,133,12151.8,-0.369369,20.169,15.164,118.315,-0.0801133,-16.537,358.987,-2.06062,-0.0741371,-3.09273,-0.550414,2.12856,49.1504,5481.62,40.6458,7450.27,9999.34,-2.3701,-0.383624,-3.7117,-0.859901,1.81907,0.325913,5428.54,38.4794,7397.19,0.446427,0.987747,0.00949148,12160 
134,44.32,134,12901.5,-0.0184569,21.3165,14.6193,115.673,0.0308245,7.43909,500,-1.07378,-3.82164,-3.50366,-0.281819,-1.88552,53.2953,5568.93,39.0238,8117.13,10152.1,-1.40936,-4.15723,-4.17484,-0.617406,-2.22111,0.668135,5511.38,36.6747,8059.57,0.429048,0.988489,0.00831272,12845.6 
135,44.33,135,12352.6,-0.0520694,20.0021,14.9551,116.914,-0.0248932,9.72209,500,-3.07278,-2.93454,0.323269,-0.617325,0.222261,82.3717,5294.32,39.4747,7721.19,9745.68,-3.59146,-3.45321,-0.714076,-1.136,-0.296411,0.922308,5205.36,35.844,7632.24,0.4284,0.988093,0.00857706,12150.7 
136,44.34,136,13187.1,-0.407479,21.3316,15.5944,117.608,0.201317,-38.6852,240.208,-0.379475,-4.11402,-3.70972,0.350344,-0.0562725,37.6128,5706.75,43.3592,8190.86,11082.5,-0.616313,-4.35086,-4.1834,0.113507,-0.29311,0.551627,5666.14,41.7013,8150.25,0.433096,0.987284,0.00933725,13082.9 
137,44.35,137,12966.8,-0.231935,21.5985,14.6406,117.038,0.323733,-136.879,500,-3.71034,-4.3833,-3.63372,-0.595238,-0.532448,54.5141,5790.08,46.9536,7839.43,11736.3,-4.0536,-4.72656,-4.32024,-0.938499,-0.875709,0.710335,5731.21,44.5507,7780.56,0.447348,0.986579,0.0104376,12811.5 
138,44.36,138,14026.7,-0.311077,21.6112,15.8206,116.544,-0.141888,210.624,2.18129e-10,-1.12154,-1.12137,-0.00795971,-1.52566,-0.255044,59.8278,6140.07,44.9495,8407.51,12102.9,-1.49826,-1.49809,-0.761399,-1.90238,-0.631763,0.878987,6075.46,42.3125,8342.9,0.444519,0.987959,0.00925608,13667.5 
139,44.37,139,12937.8,-0.0720772,20.3225,15.5886,118.622,0.0964116,-71.6152,500,-2.60916,-1.94344,-2.57569,-0.480766,-0.478688,68.0356,5439.53,50.8561,8187.65,10537.7,-3.03756,-2.37185,-3.4325,-0.909168,-0.90709,0.677947,5366.06,47.8573,8114.18,0.420869,0.984632,0.0107479,12750 
140,44.38,140,11980.3,-0.37882,19.6518,15.4233,117.725,0.846681,-248.06,351.121,-3.51505,-4.46583,-0.104983,-0.953629,-3.5991,53.3285,5292.77,48.8342,7376.22,16703.9,-3.85084,-4.80162,-0.776573,-1.28942,-3.9349,0.947004,5235.18,46.4837,7318.63,0.440111,0.984699,0.0115647,11895.1 
141,44.3,141,13672.4,-0.170822,21.8398,15.0614,116.942,0.08112,164.958,500,-4.84969,-3.50601,0.528345,-1.4017,-1.18733,37.5976,6011.48,64.1165,8251.53,11143.6,-5.08643,-3.74275,0.0548602,-1.63845,-1.42407,1.00463,5970.88,62.4593,8210.93,0.444169,0.982023,0.013819,13442.8 
142,44.31,142,13622.4,-0.374224,21.4013,15.8092,117.186,-0.258149,290.701,32.7989,-4.07083,-2.45374,-1.88563,-2.85559,1.91864,51.5238,5715.22,50.047,8559.93,13456.9,-4.39526,-2.77817,-2.53449,-3.18002,1.59421,0.775584,5659.58,47.7759,8504.29,0.422404,0.985442,0.0102427,13398.5 
143,44.32,143,13878.2,-0.383931,22.6635,15.2224,116.709,0.100168,123.951,68.0525,-3.06456,-2.82044,-2.37747,0.396208,-0.690539,83.5829,6087.04,56.6187,8493.81,11634.9,-3.59086,-3.34674,-3.43007,-0.130091,-1.21684,0.707197,5996.78,52.9346,8403.55,0.439518,0.984787,0.0114705,13644 
144,44.33,144,13994.8,-0.0418013,22.546,14.9058,117.14,0.00590686,35.9598,499.877,-1.81879,-2.43757,-2.87543,-3.69304,-0.230001,59.4533,6071.2,46.0334,8460.05,10946.9,-2.19315,-2.81193,-3.62415,-4.06741,-0.604363,0.727528,6007,43.4129,8395.85,0.440163,0.987511,0.0094352,13647.2 
145,44.34,145,13146.1,-0.00526473,21.4074,14.8016,117.375,-0.00412193,6.86906,6.06511e-12,-2.78197,-0.895488,-5.91167,0.562248,-1.28937,78.9136,6006.2,42.7378,7952.6,10315.9,-3.27887,-1.39239,-6.90547,0.0653496,-1.78627,0.4807,5920.98,39.2595,7867.38,0.452664,0.98853,0.00910867,13080.3 
146,44.35,146,12191.5,-0.365633,19.8522,15.428,117.692,-0.0609006,383.22,6.42142,-2.13116,-2.66169,-6.5659,-2.34585,1.91507,70.9296,5532.89,40.5194,7403.51,10730.2,-2.57778,-3.10832,-7.45915,-2.79247,1.46844,0.484484,5456.29,37.393,7326.91,0.450049,0.988149,0.00931366,12123.8 
147,44.36,147,14445.3,-0.347806,22.9831,15.3684,115.854,0.194534,750.367,270.247,-3.71281,-1.75581,-3.6569,-0.180261,-3.05934,70.4582,6024.72,60.9565,8995.7,16250.2,-4.15647,-2.19947,-4.54421,-0.623917,-3.503,0.697598,5948.64,57.8509,8919.61,0.422925,0.983266,0.0118065,14065.5 
148,44.37,148,12364.9,-0.165899,19.7238,15.1642,116.473,-0.0705824,25.7426,262.96,-0.601786,-1.85953,-0.486981,-1.03634,-1.43942,85.8735,5494.42,41.8835,7667.86,9795.69,-1.14251,-2.40025,-1.56843,-1.57706,-1.98014,0.819064,5401.68,38.0985,7575.13,0.439338,0.987808,0.00917967,12295 
149,45,149,13638,-0.38031,22.846,14.8544,116.255,-0.1226,317.917,1.74762,-4.2712,-3.56792,-2.72465,-1.59942,0.17186,99.551,5662.32,49.0764,8772.18,12316.3,-4.89805,-4.19476,-3.97834,-2.22627,-0.454986,0.747446,5554.81,44.6885,8664.68,0.413315,0.986117,0.00941133,13439.7 
150,45,150,11456.3,-0.364222,19.0231,15.2526,117.392,0.0679499,164.319,447.309,-2.52884,-0.400523,-1.88552,-0.489911,-1.89958,79.3627,5233.11,40.4666,7020.84,9808.86,-3.02857,-0.900249,-2.88497,-0.989637,-2.39931,0.717235,5147.41,36.9685,6935.14,0.449226,0.987588,0.00972406,11458.4 
151,45,151,13414.4,0.00538806,21.6685,15.0022,118.754,0.00909241,-4.35901,0.906881,-1.09341,-3.04973,-1.03197,-0.944035,-3.02437,91.8599,5824.64,49.57,8449.37,10583.5,-1.67183,-3.62814,-2.18881,-1.52245,-3.60278,0.826478,5725.44,45.521,8350.18,0.429706,0.986277,0.00994241,13324.1 
152,45,152,12048.8,-0.266054,19.7384,15.308,117.401,-0.0988373,12.8869,500,-2.14275,-1.5409,-2.80614,-2.34762,-1.15588,114.111,5281.87,35.3667,7639.28,9877.65,-2.86128,-2.25942,-4.24319,-3.06614,-1.8744,0.703365,5158.64,30.3371,7516.05,0.42995,0.989813,0.00738042,11998.2 
153,45,153,14515.4,-0.427491,24.4154,14.8994,116.652,0.0834129,104.974,47.9779,-1.49425,-3.24412,1.96604,1.91407,-0.200823,132.989,6200.3,44.7504,9169.03,12127.1,-2.33165,-4.08152,0.291251,1.07667,-1.03822,1.04788,6056.68,38.8886,9025.42,0.42444,0.988888,0.00787474,14269.8 
154,45,154,13700.3,-0.400835,22.2306,15.4313,117.913,0.231463,97.3692,306.274,-1.94613,-3.21493,-0.346572,-2.79746,-1.92355,114.489,6192.74,54.9427,8311.01,11901,-2.66704,-3.93584,-1.78838,-3.51836,-2.64445,0.877122,6069.1,49.8963,8187.37,0.448911,0.985817,0.0111017,13519.6 
155,45,155,12856,-0.387241,21.1939,15.248,115.381,1.74413,-1275.6,277.563,-4.20061,-2.56011,-1.41575,-1.99689,-1.43798,78.726,5732.67,49.6359,8017.49,82945.4,-4.69632,-3.05582,-2.40719,-2.49261,-1.9337,0.834962,5647.66,46.1658,7932.47,0.438953,0.985897,0.0106071,12866.2 
156,45,156,14372.5,-0.0757224,22.7425,15.308,117.15,-0.00521837,51.5256,500,-3.79566,-4.31494,-2.24856,-1.96137,-3.9911,96.4863,6317.7,54.9748,8745.97,11341.9,-4.40321,-4.92249,-3.46366,-2.56892,-4.59865,0.826443,6213.51,50.722,8641.78,0.441378,0.985916,0.0106964,14077.5 
157,45,157,13394.8,0.0143871,21.6331,15.0124,117.978,-0.00180947,-1.70157,2.92604e-12,-4.72776,-3.79037,-5.6925,-1.18108,-0.476023,64.5119,6086.51,47.0451,8178.42,10572.2,-5.13398,-4.19658,-6.50492,-1.5873,-0.882237,0.644637,6016.84,44.2016,8108.76,0.449158,0.987307,0.00994167,13395.8 
158,45,158,12977.7,-0.441551,21.2161,15.647,118.372,1.07337,-568.39,460.705,-2.42506,-6.02986,-3.19894,-2.7372,0.195065,129.37,5857.6,53.7956,8074.43,30667.2,-3.23968,-6.84447,-4.82816,-3.55181,-0.619545,0.747,5717.9,48.0934,7934.72,0.441929,0.985494,0.011042,12938.5 
159,45,159,13767.2,-0.294005,22.7494,14.9855,116.465,0.0972937,100.519,6.75531e-14,-1.90291,-0.611573,0.796006,-1.08952,-1.2445,87.6091,5993.55,52.7146,8536.12,11416.1,-2.45456,-1.16322,-0.307296,-1.64117,-1.79616,0.958262,5898.94,48.853,8441.52,0.434362,0.985714,0.0105482,13580.7 
160,45,160,12413.7,-0.405004,20.3333,15.5199,117.012,0.0177119,227.738,199.252,-1.37995,-2.73235,-1.53774,-0.585681,-2.60849,134.069,5653.51,45.5564,7565.95,10404.2,-2.22414,-3.57655,-3.22613,-1.42987,-3.45269,0.768061,5508.73,39.647,7421.17,0.449252,0.987562,0.00974539,12262 
161,45,161,14117.6,-0.0206495,23.1468,14.6524,115.975,-0.0185077,-28.6755,399.728,-3.69336,-2.34712,-3.17761,-0.442091,-0.264561,129.473,6021.72,54.4748,8870.19,11057.9,-4.50861,-3.16237,-4.80812,-1.25735,-1.07982,0.675484,5881.9,48.768,8730.38,0.425407,0.985698,0.0101852,13826.5 
162,45,162,13551.4,-0.0329396,21.7429,15.1805,118.051,-0.02278,7.88844,499.51,-2.77969,-1.98968,1.81467,-0.379361,-0.483913,109.882,6070.81,51.756,8370.67,10750.7,-3.47159,-2.68157,0.430883,-1.07126,-1.17581,1.05407,5952.15,46.9127,8252.01,0.442161,0.986395,0.0103638,13461.5 
163,45,163,12201.4,-0.437778,20.7017,15.2006,116.435,-1.32228,1088.24,331.344,-2.19112,0.241233,0.602355,3.58434,-0.110351,138.157,5518.83,38.7627,7731.38,57086.8,-3.06106,-0.628703,-1.13752,2.7144,-0.980287,0.632248,5369.63,32.6732,7582.19,0.437643,0.989464,0.00787549,12269.4 
164,45,164,13246.5,-0.0538377,21.2294,15.2651,115.641,0.149018,124.921,500,-0.945479,-3.03262,-2.93003,-0.2029,-2.25631,135.05,5922.36,43.8565,8262.02,11155.5,-1.79585,-3.883,-4.63078,-1.05328,-3.10668,0.679965,5776.52,37.9038,8116.18,0.438871,0.988647,0.00852954,13162.2 
165,45,165,11987.6,-0.146177,19.2654,15.3876,115.061,-0.402839,595.932,500,-1.85277,-0.538599,-0.123588,0.560334,-0.386009,82.1626,5556.93,40.8497,7463.59,17465.2,-2.37013,-1.05595,-1.1583,0.0429777,-0.903365,0.787264,5468.21,37.2282,7374.87,0.448974,0.988226,0.00921324,12179.3 
166,45,166,11488.9,-0.0140249,19.4329,14.6371,117.313,0.00387634,-6.9646,1.12724e-12,1.05494,-1.91392,-3.09113,-0.16445,-0.627819,156.449,5352.25,32.0683,7199.82,9260.36,0.0698216,-2.89904,-5.06137,-1.14957,-1.61294,0.524892,5183.31,25.1725,7030.87,0.447554,0.991573,0.00655204,11581.4 
167,45,167,13788,-0.4394,22.326,15.6465,116.502,0.233784,14.9261,225.354,0.278011,-1.65454,-3.61504,-2.02137,-1.03388,112.104,5898.78,42.6738,8643.1,11485.3,-0.42788,-2.36043,-5.02682,-2.72726,-1.73978,0.590722,5777.72,37.7326,8522.04,0.426943,0.9887,0.00809021,13532.8 
168,45,168,13664.8,-0.444011,22.8993,15.1608,116.689,0.106894,-18.5846,479.412,-1.51303,-1.17789,-3.68457,-0.347195,-1.21981,129.739,6176.63,51.4243,8468.79,11366.3,-2.32996,-1.99483,-5.31843,-1.16413,-2.03675,0.585924,6036.53,45.7058,8328.69,0.443353,0.986923,0.0100078,13615.6 
