cyc,freq,VVA,time,cyc,ROIsum,fBg,fA1,fWidth1,fCtr1,fA2,fWidth2,fCtr2,box1,box2,box3,box4,box5,box6,box7,box8,box9,Nfit,BZ-2,BZ-1,BZ0,BZ1,BZ2,Excited,c5,c7,c9,fraction95,fraction75,fraction97,sum95,ROIsqsum,c5cwc,c9cwc,two2D_bg,two2D_a1,two2D_sh1,two2D_sv1,two2D_ch1,two2D_cv1,two2D_a2,two2D_sh2,two2D_sv2,two2D_ch2,two2D_cv2,two2D_chd,two2D_cvd
1,47.3227,3,30,1,10812.2,-0.345306,20.6771,13.2522,89.2626,0.0638385,-89.7002,331.698,-0.392867,-0.429936,-2.12882,0.170888,-2.85148,-9.70985,1346.06,26.0155,11327.9,9106.55,-0.331726,-0.368795,-2.00654,0.232029,-2.79034,0.618918,1358.93,26.2677,11340.8,0.119848,0.96728,0.0042486,11338.8,4844.6,1641.33,120339,-0.00228915,0.0714197,15.5857,15.8513,89.4615,78.0842,0.802203,13.624,13.0154,89.1799,127.158,0.28159,-49.0735 
3,47.3227,3,1,3,11161.2,-0.325868,21.0908,13.2471,89.5183,0.187865,347.399,480.806,-0.434515,-0.340418,0.599106,0.942584,-2.39999,-85.5531,1526.72,22.92,11374.3,11219.7,0.10419,0.198287,1.67652,1.48129,-1.86128,-0.0484765,1640.05,25.1421,11487.6,0.139589,0.973873,0.00401548,11749.2,4904.21,2053.75,121509,-0.00192922,0.0865049,14.4252,14.6999,90.4018,75.7252,0.812258,13.4366,12.9668,89.3617,126.254,1.04003,-50.5288 
5,47.3227,0,5,5,11277.2,-0.0168865,21.4858,12.652,89.6822,0.0444392,-23.0795,500,-2.53391,-1.14544,-1.88704,0.338639,0.754632,-60.5022,490.385,27.4988,12538.3,8882.6,-2.15294,-0.764469,-1.12511,0.719605,1.1356,0.485621,570.531,29.0703,12618.4,0.0488689,0.918132,0.00422591,11674.7,6245.36,573.857,158202,-0.00135835,-0.00997983,11.4177,8.12964,91.9435,54.4886,0.960353,12.9897,12.4557,89.5745,126.394,2.36906,-71.9058 
9,47.3227,3,50,9,10400.5,-0.203796,19.5737,13.2541,89.3106,0.123889,-34.3811,500,-1.27058,-0.998209,-0.526771,1.37393,-0.307467,1.48693,1043.66,30.9295,11012.1,8584.05,-1.27994,-1.00757,-0.545497,1.36457,-0.31683,0.694446,1041.69,30.8909,11010.2,0.0970762,0.950665,0.00514177,10730.6,4451.37,979.05,111380,-0.00261868,0.0348982,28.8574,21.8395,82.9524,82.179,0.769032,13.6192,13.061,89.3014,126.017,-6.34898,-43.8383 
11,47.3227,3,20,11,10467.1,-0.328751,20.1095,13.1601,89.3726,0.516349,165.102,454.734,-1.60604,-1.01615,-2.752,0.166885,1.2899,-4.37848,1323.24,26.142,10837.5,11390.2,-1.57847,-0.988582,-2.69686,0.194455,1.31747,0.281219,1329.04,26.2557,10843.3,0.122254,0.966583,0.00444064,10871.1,4463.8,1525.88,111063,-0.00214787,0.0608513,17.5968,17.6128,88.8509,78.7355,0.77854,13.4297,12.9226,89.294,126.765,-0.443071,-48.03 
12,47.3227,3,100,12,9655.06,-0.300361,18.4001,13.249,89.3661,0.308841,160.744,224.721,-1.85679,-3.13027,-3.86945,-2.20527,-0.349446,-25.1032,878.935,37.9201,10428.1,9552.06,-1.69872,-2.9722,-3.55332,-2.0472,-0.191378,0.660387,912.188,38.5721,10461.4,0.0901532,0.931099,0.00674621,10118.2,4031.66,750.609,100491,-0.00270563,0.0290194,30.2048,25.8264,77.8315,88.5879,0.729799,13.4284,13.0673,89.3122,125.528,-11.4807,-36.9401 
13,47.3227,3,10,13,11311,-0.246665,21.5734,12.9454,89.3611,0.624544,-97.9887,0.0236274,-3.4892,0.172692,-2.83912,1.83536,0.25052,6.46538,1487.35,24.126,11559.2,11083.6,-3.52991,0.131981,-2.92054,1.79465,0.209809,0.323011,1478.79,23.9581,11550.6,0.127007,0.97243,0.00380631,11643.4,5085.91,2110.33,126486,-0.00211883,0.0870002,13.4142,16.0332,90.2867,76.9569,0.825187,13.5612,12.9803,89.3388,126.697,0.947872,-49.7399 
16,47.3227,3,200,16,8977.83,-0.0250241,16.7564,13.1811,89.3041,0.000612311,17.2621,500,-0.16293,0.0320502,1.26786,0.49295,-0.121565,-59.9015,616.467,28.3759,9918.32,7190.32,0.214253,0.409234,2.02223,0.870133,0.255619,0.463808,695.817,29.9318,9997.67,0.073292,0.929991,0.00548479,9493.77,3592.22,603.757,89339.3,-0.00237007,0.0289604,29.9515,17.9914,75.9526,90.1827,0.685098,13.6666,13.113,89.1995,125.124,-13.2469,-34.9417 
18,47.3227,3,75,18,10039.3,-0.307253,18.7716,13.4732,89.3305,0.200542,36.2906,17.1462,-2.51105,-1.80887,-3.49667,-1.82581,-0.892031,-41.7244,984.564,26.6204,10665.8,8470.07,-2.24832,-1.54614,-2.97122,-1.56308,-0.629304,0.668319,1039.83,27.7041,10721.1,0.0992739,0.955452,0.00473759,10474.4,4120.95,884.464,102724,-0.00265262,0.0319587,30.61,23.5942,79.642,84.8094,0.733101,13.6644,13.1462,89.3155,126.343,-9.67345,-41.5332 
20,47.3227,3,15,20,10049.5,-0.280458,19.085,13.1042,89.2216,0.382501,-57.4147,186.448,-2.15,-2.9962,-1.77155,-3.19557,-0.342549,-45.531,1394.57,22.5772,10331.8,8856.33,-1.86331,-2.7095,-1.19815,-2.90887,-0.0558523,0.862844,1454.88,23.7598,10392.1,0.137254,0.972215,0.004194,10599.9,4099.52,1663.5,101300,-0.0018727,0.0737688,14.8544,15.5841,89.8742,76.3033,0.745293,13.4292,12.8375,88.9073,126.141,0.966937,-49.8375 
22,47.3227,3,150,22,9241.24,-0.344976,18.0583,13.2822,89.1581,0.0195104,219.096,484.6,-0.912136,0.110612,-2.82712,-1.10924,-0.769838,-25.7779,740.033,30.4195,10313.1,7947.22,-0.749819,0.272929,-2.50249,-0.946927,-0.607521,0.448041,774.18,31.0891,10347.3,0.0783601,0.934339,0.00550427,9879.77,3996.06,678.374,99360.3,-0.00294318,0.0263737,34.1186,22.7523,77.4787,89.9916,0.72922,13.5346,12.9696,89.1043,127.239,-11.6256,-37.2469 
23,47.3227,0,5,23,12651.9,-0.295732,24.5675,12.5513,89.7163,0.325599,-77.882,4.81887,-2.0288,-1.91995,-1.56836,-1.55906,-2.22822,-50.9382,465.935,31.9587,14074.1,10863.4,-1.70806,-1.5992,-0.926874,-1.23831,-1.90748,0.874406,533.411,33.2817,14141.6,0.0411011,0.901559,0.00431661,12978,7905.28,634.308,200808,-0.00155685,-0.00851456,13.4354,-10.4832,90.0782,59.33,1.08421,12.9499,12.455,89.6371,126.834,0.441084,-67.5042 
25,47.3227,3,5,25,11565.5,-0.355214,22.1284,13.1732,89.6125,0.41494,-214.988,24.2902,0.49773,1.11957,-3.78189,-2.15973,-1.62277,-12.7505,1582.92,22.7792,11918.2,12393.3,0.578016,1.19986,-3.62132,-2.07945,-1.54248,0.337407,1599.81,23.1104,11935,0.132187,0.975343,0.00355427,12102.6,5409.94,2021.83,134616,-0.00247563,0.0723057,18.3838,16.6545,89.1273,77.0144,0.855195,13.4828,12.9411,89.4754,125.648,-0.348092,-48.6337 
27,47.3227,3,30,27,10880.3,-0.349829,20.3062,13.5923,89.2145,-0.210269,-324.291,365.667,-1.24398,-1.04491,-3.64309,-0.0593392,-3.27452,-14.8317,1348.7,27.1449,11297,11204.7,-1.15059,-0.951523,-3.45631,0.0340521,-3.18113,0.602974,1368.34,27.5302,11316.6,0.120804,0.965989,0.00446133,11327,4670.61,1482.62,116575,-0.00228729,0.0594982,18.8967,17.1756,88.881,78.404,0.781372,13.7509,13.1596,89.1174,126.619,-0.236402,-48.2152 
29,47.3227,3,1,29,11755.4,-0.00655338,22.3358,12.9577,89.6213,-0.00794216,5.62594,1.25304e-11,-2.07836,-1.05426,-5.38694,-3.08371,-1.04961,-14.9623,1668.63,31.2733,12173.9,9423.06,-1.98415,-0.960046,-5.19851,-2.9895,-0.955397,0.56993,1688.45,31.662,12193.8,0.135957,0.968226,0.00476039,12419,5590.89,2300.38,138859,-0.00251942,0.0865063,15.1914,16.2732,89.9921,76.2491,0.861887,13.6185,13.0198,89.4143,125.781,0.57781,-49.5322 
31,47.3227,0,5,31,11492.7,-0.342118,22.5676,12.7809,89.5025,-0.14792,-216.499,95.1395,-2.11011,-2.26837,-3.89715,-0.575777,-2.07694,-81.5218,436.028,35.5862,13074.7,10432,-1.59678,-1.75505,-2.87051,-0.0624563,-1.56362,0.634257,544.018,37.7036,13182.7,0.0447942,0.891834,0.00524096,12144.8,6644.33,588.359,168214,-0.00173166,-0.0111726,10.2481,10.2185,90.9358,57.7388,0.97664,13.0559,12.7624,89.3724,126.33,1.56339,-68.5909 
35,47.3227,3,50,35,10463.1,0.00188046,20.1536,12.7532,89.6291,-0.000746615,-3.15947,2.92825e-11,-1.46219,-0.886183,-4.34684,-2.25744,0.419183,-67.8875,1054.16,32.1506,11332.8,8367.02,-1.03472,-0.458714,-3.4919,-1.82997,0.846652,0.41496,1144.09,33.914,11422.7,0.102187,0.950683,0.00543945,11196.1,4776.35,1041.23,118943,-0.00334905,0.0319045,32.0983,27.4857,82.065,86.0379,0.792324,13.5872,13.0187,89.5043,127.103,-7.43938,-41.0654 
37,47.3227,3,20,37,11153.4,-0.364765,21.7012,13.0699,89.3328,0.661065,123.382,316.157,-0.541121,-2.02661,0.0726277,-0.422839,-0.227993,-38.2245,1413.35,31.5564,11727.4,11888.4,-0.300432,-1.78592,0.554007,-0.18215,0.0126969,1.32554,1463.98,32.5492,11778,0.123766,0.962549,0.00506498,11828.6,5121.14,1705.04,127550,-0.00252828,0.063024,18.7564,17.2738,88.6509,76.749,0.825641,13.4374,13.2062,89.1625,124.804,-0.511583,-48.0553 
38,47.3227,3,100,38,9796.97,-0.333116,18.7221,13.3842,89.2118,0.3306,238.327,486.866,1.08591,-1.1977,0.345465,-2.40819,-1.24496,-50.8405,760.787,28.0534,10805.8,10722.1,1.40603,-0.877572,0.985724,-2.08807,-0.924828,1.65772,828.134,29.3739,10873.1,0.0796553,0.941555,0.00495184,10396.5,4204.66,746.775,104769,-0.00284679,0.0279777,30.2639,23.997,78.9942,86.9032,0.73538,13.7048,13.2767,89.0953,126.467,-10.1012,-39.5636 
39,47.3227,3,10,39,11166.6,-0.272097,21.0897,13.2414,89.5501,1.05765,1018.14,500,-1.62336,-2.27178,-0.227487,-0.997158,-1.67146,-41.323,1436.78,27.0875,11520.3,44145.5,-1.36316,-2.01158,0.292913,-0.736959,-1.41126,1.05601,1491.52,28.1608,11575,0.127725,0.968016,0.00446165,11677.5,4944.27,1711.38,123065,-0.00227011,0.0651536,17.1685,18.0949,89.5802,78.5099,0.81074,13.6211,13.0186,89.3147,127.314,0.265471,-48.8042 
42,47.3227,3,200,42,9554.25,-0.300796,17.935,13.4733,89.4241,-0.17652,-71.6974,59.9543,-0.329034,0.975521,-2.86074,-2.50312,-0.253465,-47.8943,651.007,31.3969,10492.2,8278.3,-0.0274562,1.2771,-2.25759,-2.20154,0.0481133,0.285884,714.451,32.6409,10555.6,0.071421,0.925967,0.00566404,10003.4,3926.21,680.712,97728.1,-0.00115584,0.0136536,38.8166,0.211551,80.6175,81.0273,0.705834,13.6741,13.5338,89.2776,126.085,-8.66013,-45.0576 
44,47.3227,3,75,44,10837.5,-0.328168,20.316,13.4191,89.4637,-0.0917458,185.566,472.873,-1.89232,1.94012,-0.601319,-0.373788,0.754936,-29.3753,900.971,21.3685,11644.5,9428.96,-1.70735,2.12509,-0.231382,-0.18882,0.939905,1.24682,939.884,22.1314,11683.4,0.0837591,0.960424,0.0034773,11221.3,4915.57,841.489,123196,-0.00282091,0.0313636,30.406,21.8952,80.8858,83.6281,0.798643,13.8872,13.1357,89.4946,126.418,-8.60879,-42.7895 
46,47.3227,3,15,46,11693.6,-0.333006,21.9637,13.284,89.2471,0.414754,-290.6,0.982832,-0.344962,1.2751,-3.73958,-0.951419,-0.0231702,-47.9314,1454.13,30.2695,12061.2,13421.5,-0.0431509,1.57691,-3.13596,-0.649608,0.278641,-0.589305,1517.62,31.5145,12124.7,0.124525,0.964934,0.00476519,12187.3,5448.34,1722.25,135906,-0.00231853,0.0650979,19.1224,16.4904,89.5524,77.1199,0.855828,13.4903,13.037,89.0731,125.046,0.479317,-47.9265 
48,47.3227,3,150,48,8613.4,-0.0388052,16.7214,12.8224,89.337,-0.000641786,35.8008,500,0.833882,0.190281,0.223365,-1.55374,-0.473302,-68.0092,649.399,26.8126,9587.17,6980.46,1.26212,0.618517,1.07984,-1.1255,-0.0450661,0.396707,739.489,28.5791,9677.26,0.0798974,0.936652,0.00541071,9255.48,3488.72,583.847,86685.9,-0.00247988,0.0248287,31.4681,22.0283,75.1253,89.2385,0.688824,13.2737,12.9082,89.0992,124.827,-13.9739,-35.5881 
49,47.3227,0,5,49,11617.8,-0.00823745,22.6275,12.6051,89.4656,-0.00954004,-31.159,500,0.0796996,0.516834,-0.699408,0.121231,-4.0805,-77.2899,525.975,30.8919,13200.5,9294.61,0.566374,1.00351,0.273941,0.607906,-3.59383,1.23986,628.359,32.8994,13302.9,0.0509415,0.916065,0.00453506,12334.9,7011.69,635.13,177308,-0.00304907,0.0333988,31.2854,14.879,73.4289,93.2851,1.02652,13.0422,12.1986,89.2856,126.188,-15.8567,-32.9032 
51,47.3227,3,5,51,12311.6,-0.29512,22.948,13.3124,89.5299,-0.0798253,48.0681,0.000479431,-1.88033,-0.959662,0.837162,-2.56925,-4.1471,-65.3197,1613.82,29.5061,12593.5,10069.7,-1.46903,-0.548361,1.65976,-2.15795,-3.7358,1.2655,1700.34,31.2027,12680,0.132232,0.968885,0.00451254,12858.8,5803.15,2178.98,144997,-0.00236436,0.084536,14.855,16.4423,90.589,77.0701,0.866807,13.8554,13.1989,89.4232,126.972,1.16583,-49.902 
53,47.3227,3,30,53,11378.5,-0.307712,21.6361,13.0362,89.3596,-0.374456,437.359,16.3483,0.104086,0.383452,-1.46466,-3.84417,-1.24429,-44.5765,1314.68,31.1007,11890,14513.1,0.384772,0.664138,-0.90329,-3.56348,-0.963608,0.793839,1373.73,32.2585,11949.1,0.115547,0.960528,0.00494846,11888.9,5313.91,1485.94,132822,-0.00242933,0.0571952,18.5438,18.6575,88.5483,80.2835,0.845595,13.6082,12.9244,89.2932,127.054,-0.744993,-46.7704 
55,47.3227,3,1,55,11984.4,-0.390483,22.9543,13.2699,89.5841,5.78331,8632.79,344.255,-0.512381,-0.723208,-6.25647,-2.98077,-0.786829,-2.75181,1498.38,36.6543,12460.1,1.63517e+06,-0.495054,-0.705881,-6.22181,-2.96344,-0.769502,0.442275,1502.02,36.7258,12463.8,0.120449,0.958967,0.00539865,12470.1,5731.56,1970.76,142980,-0.00232169,0.0817193,14.9736,15.4173,90.6412,76.6709,0.870282,13.5232,13.2366,89.3858,126.32,1.25539,-49.6488 
61,47.3227,3,50,61,10119.6,-0.0935452,19.679,12.883,89.4995,-0.0182871,77.3971,3.15924e-10,-0.126354,-0.647668,-4.16798,-2.19527,-0.932204,-16.8594,964.833,30.7341,11040.4,8299.14,-0.0201952,-0.541509,-3.95566,-2.08911,-0.826044,0.46779,987.167,31.172,11062.7,0.0920664,0.947634,0.00516381,10722.3,4570.25,933.845,114299,-0.0029809,0.033799,30.0548,21.6004,81.2839,88.5432,0.782284,13.4367,13.1039,89.37,128.736,-8.08607,-40.1929 
63,47.3227,3,20,63,11396.7,-0.348971,21.4862,13.3633,89.3584,0.385443,-162.097,4.05096,-0.796067,-1.14285,-2.73195,-1.79968,0.651473,-11.0851,1406.33,24.2366,11891.9,11380.8,-0.726267,-1.07305,-2.59235,-1.72988,0.721273,0.519959,1421.02,24.5245,11906.6,0.119425,0.970683,0.00377991,11898.8,5237.3,1710.18,130609,-0.00236034,0.0692709,16.0636,16.8766,89.4628,78.3141,0.829901,13.7144,13.1025,89.1747,126.736,0.28811,-48.4219 
64,47.3227,3,100,64,10673.2,-0.0567585,19.8627,13.1119,89.4827,0.0535368,954.052,2.16071e-06,-1.94763,-0.260932,0.200184,-0.263088,-2.33553,-36.753,838.084,34.3207,11601.5,10140.8,-1.71621,-0.0295087,0.663031,-0.0316645,-2.1041,1.20601,886.769,35.2753,11650.2,0.0796098,0.934916,0.00554672,11138.9,4834.26,764.416,121156,-0.00284112,0.0276819,31.6454,25.8641,76.405,90.1587,0.795474,13.5773,13.161,89.3829,127.085,-12.9779,-36.9266 
65,47.3227,3,10,65,11016.6,-0.0107065,20.7458,12.9993,89.4629,-0.0769183,-28.5638,500,-1.381,-1.29144,-3.95792,-2.771,-2.21654,-29.4342,1489.13,27.9302,11480.4,8850.54,-1.19566,-1.10611,-3.58725,-2.58566,-2.03121,0.658549,1528.12,28.6947,11519.3,0.130999,0.968184,0.00456773,11665.1,5056.77,1816.05,126057,-0.00236388,0.0730338,16.9928,15.8717,89.9981,76.5534,0.83277,13.4943,12.7779,89.2341,125.795,0.764016,-49.242 
68,47.3227,3,200,68,9098.13,-0.309657,17.7583,13.1061,89.5561,-0.0386343,-254.705,4.25601,-0.5317,-0.895286,-1.58055,-2.47999,-2.15135,-28.0641,560.908,30.7636,10199.8,7896.82,-0.354988,-0.718574,-1.22712,-2.30328,-1.97464,0.813468,598.084,31.4925,10237,0.0622572,0.915627,0.00563501,9606.66,3867.94,571.19,96545.2,-0.00255067,0.0262156,30.9783,19.5527,73.9578,90.5597,0.720927,13.3907,13.0667,89.5761,125.449,-15.6183,-34.8894 
70,47.3227,3,75,70,10789.6,-0.0831584,20.1979,13.1816,89.2086,0.132368,3.18648,2.61545e-07,-0.139726,-0.819843,-2.48568,-2.18918,-0.558474,-4.11617,1060.1,35.1653,11552.1,8680.79,-0.113808,-0.793924,-2.43384,-2.16326,-0.532556,0.596872,1065.55,35.2722,11557.6,0.0948319,0.945243,0.00559044,11236.2,4834.61,994.393,121079,-0.0029132,0.0344675,29.9299,23.7266,80.6617,85.6912,0.79723,13.5868,13.1657,89.152,125.769,-8.49032,-40.0774 
72,47.3227,3,15,72,11389.3,-0.0253989,21.195,13.1089,89.2462,-0.0100116,1.1019,500,-3.63662,-1.82497,-3.14928,-2.485,-2.75673,-9.99842,1469.57,29.5017,11737.1,9045.11,-3.57366,-1.76201,-3.02337,-2.42204,-2.69377,0.775629,1482.82,29.7614,11750.3,0.125417,0.966068,0.00464406,11823.1,5147.52,1781.14,128419,-0.00231798,0.067039,16.8105,18.1939,89.4555,78.3261,0.828786,13.6728,12.9551,89.1281,126.855,0.327385,-48.5293 
74,47.3227,3,150,74,10036.8,-0.256144,18.3416,13.47,89.4048,0.219039,-37.0039,244.108,1.96729,0.363049,-1.30076,-0.0686301,-2.24905,-59.8184,714.582,32.6342,10711.7,8306.52,2.34395,0.739709,-0.54744,0.30803,-1.87239,1.56329,793.822,34.1879,10790.9,0.0771464,0.929914,0.00580233,10289.8,4139.77,637.548,103570,-0.00219084,0.0278775,31.077,20.05,77.0667,90.6453,0.736868,13.6663,13.0927,89.2874,126.14,-12.2207,-35.4943 
75,47.3227,0,5,75,12503.5,-0.33858,24.0334,12.8983,89.8481,0.383474,261.128,37.2485,-2.36101,1.17762,-0.640544,-1.74032,-2.23504,-17.4438,523.968,35.5268,13883.2,13351,-2.25117,1.28746,-0.420866,-1.63048,-2.1252,0.918124,547.076,35.9798,13906.3,0.0427916,0.896786,0.00474347,12784.7,7666.99,673.762,194485,-0.00158426,-0.0112212,-15.4975,-1.9504,93.4701,62.9968,1.06376,13.174,12.311,89.6834,127.177,3.78675,-64.1806 
77,47.3227,3,5,77,11655.4,-0.0208181,21.9627,12.9998,89.6613,-0.00257851,0.881334,500,-2.38965,-0.83808,-0.995036,-2.30884,-1.46987,-32.3497,1596.16,30.1814,12078.6,9294.44,-2.18595,-0.634383,-0.587641,-2.10514,-1.26617,0.913318,1639.01,31.0217,12121.4,0.133189,0.96794,0.00469228,12305.9,5505.07,2055.54,137103,-0.00248622,0.0767054,16.7599,16.5445,89.4844,77.1672,0.858908,13.6302,12.9251,89.4828,126.046,0.00161511,-48.8792 
79,47.3227,3,30,79,10784.5,-0.348354,20.934,13.0773,89.4829,-0.331191,393.684,488.031,-1.58209,-1.77656,-3.02124,-1.69692,-3.09118,-14.1073,1288.59,26.2338,11390.4,13156.3,-1.49326,-1.68773,-2.84358,-1.60809,-3.00235,0.732621,1307.28,26.6002,11409.1,0.115207,0.965616,0.00427649,11347.3,4927.68,1494.58,122772,-0.00238128,0.063777,16.576,16.6612,89.4965,77.6071,0.814042,13.4684,13.0467,89.3744,126.724,0.122107,-49.1173 
81,47.3227,3,1,81,11862.7,-0.371172,22.8629,13.1116,89.6823,-0.114496,-755.728,319.887,0.0483874,1.0261,-0.784028,-3.67826,-0.633426,0.693704,1714.26,26.6111,12122.4,12575.2,0.0440194,1.02173,-0.792764,-3.68263,-0.637794,0.804132,1713.34,26.5931,12121.5,0.138393,0.973556,0.0040251,12380.2,5696.84,2444.67,141696,-0.00239642,0.0919036,15.2867,15.6721,90.6691,75.6566,0.883159,13.3979,12.8487,89.517,125.713,1.15206,-50.0565 
83,47.3227,0,5,83,11250.4,-0.00418747,22.485,12.4493,89.6563,0.0111166,-4.87766,6.00068e-12,-1.20531,-0.781881,-2.44844,0.33119,-1.51671,-43.1504,477.677,28.0902,12882.1,9114.2,-0.933606,-0.510174,-1.90503,0.602896,-1.245,0.522658,534.837,29.211,12939.2,0.0448638,0.912759,0.00414143,11921.4,6806.61,599.991,172385,-0.00189597,-0.00885792,10.8792,7.6785,94.9648,57.1618,1.01066,12.9284,12.3447,89.5209,125.816,5.44392,-68.654 
87,47.3227,3,50,87,10022.4,-0.349265,19.2634,13.3574,89.3938,0.162018,249.421,11.6539,-3.4407,-1.16806,0.29107,-1.5039,-4.19466,-45.9449,1049.12,29.3346,10799.6,9691.74,-3.1514,-0.878762,0.869675,-1.2146,-3.90536,1.10503,1109.99,30.528,10860.5,0.104056,0.95408,0.00515136,10667.2,4254.21,1048.88,105963,-0.00278091,0.0359707,28.1495,22.8833,82.1065,85.1365,0.749281,13.555,13.0878,89.1889,126.062,-7.08238,-40.9254 
89,47.3227,3,20,89,11262.5,-0.0254969,21.1484,13.0582,89.2186,0.00743626,19.5118,500,-0.211427,-0.938454,-4.21593,-0.910477,0.991316,-48.2941,1371.64,22.5934,11749,8994.67,0.0926681,-0.634359,-3.60774,-0.606382,1.29541,-0.0425783,1435.62,23.8478,11813,0.121343,0.971751,0.00370502,11831,5160.82,1593.6,128874,-0.00231173,0.066855,17.2276,15.8581,90.1545,77.235,0.828658,13.6025,13.0783,89.0677,126.224,1.08688,-48.9886 
90,47.3227,3,100,90,9947.51,-0.101214,18.7921,13.1878,89.3339,0.207897,31.4178,8.23858e-06,-1.3404,1.23769,-2.18644,-1.20048,-1.4848,-60.4819,855.674,33.8443,10787.5,8280.22,-0.959564,1.61853,-1.42476,-0.819639,-1.10396,0.470229,935.793,35.4153,10867.7,0.0891288,0.937885,0.00596719,10499.3,4284.78,779.2,107164,-0.00270581,0.0307137,30.1127,22.3767,79.1847,88.5178,0.752796,13.611,13.0375,89.2473,126.625,-10.0626,-38.1072 
91,47.3227,3,10,91,10204.3,-0.353873,20.096,13.1493,89.3882,0.0606031,-75.7043,1.21696,-1.23998,0.477733,-1.15587,-0.809522,-2.4039,-27.3762,1516,28.8934,10683.3,8751.5,-1.0676,0.650113,-0.811112,-0.637142,-2.23152,0.802035,1552.27,29.6044,10719.6,0.141302,0.967702,0.00506163,10985.5,4461.01,1981.73,110267,-0.00241147,0.082303,15.4256,15.5161,90.0894,77.0345,0.779198,13.4877,12.77,89.0813,126.452,1.00817,-49.4175 
94,47.3227,3,200,94,9597.92,-0.0653504,18.6876,13.0992,89.4081,0.0514865,13.8327,499.749,0.274086,-0.265066,1.23261,1.13876,-0.326166,-30.5948,557.958,32.624,10942.7,7991.97,0.466733,-0.072419,1.61791,1.33141,-0.133519,0.495997,598.486,33.4187,10983.3,0.0583106,0.910981,0.00557372,10263.7,4316.34,605.708,107968,-0.00293723,0.028297,29.7561,19.3101,76.1439,93.3154,0.744482,13.7093,13.3748,89.3206,126.943,-13.1767,-33.6275 
96,47.3227,3,75,96,9844.57,-0.396958,19.4715,13.294,89.4544,0.171292,-105.447,321.388,0.0314725,-0.24011,-0.334088,-0.114605,0.345945,-19.8342,932.715,31.6169,10954,9014.57,0.156363,-0.115219,-0.0843065,0.0102859,0.470835,1.1925,958.989,32.1321,10980.3,0.090286,0.944612,0.00536171,10621.7,4581.56,854.668,114557,-0.00311114,0.0319906,29.094,22.7641,80.3278,84.7389,0.791946,13.5471,12.74,89.3725,126.875,-9.04463,-42.1358 
98,47.3227,3,15,98,11788.5,-0.0228557,22.0877,12.9939,89.2039,0.038504,-30.6768,500,-1.34524,1.22444,1.63399,-0.377642,-1.53244,5.97309,1517.88,24.5384,12122.2,9381.44,-1.38285,1.18683,1.55877,-0.415253,-1.57005,3.50377,1509.97,24.3832,12114.3,0.124068,0.972517,0.00369403,12170.5,5504.51,2018.53,137251,-0.00233647,0.0825616,14.7557,16.0153,89.9362,76.7806,0.850799,13.7137,13.1057,89.1604,126.331,0.775769,-49.5502 
100,47.3227,3,150,100,9138.51,-0.327317,18.0847,13.0287,89.759,0.321663,163.559,472.553,2.26597,1.67521,3.82215,1.79213,0.255104,-89.9492,630.13,28.1258,10225.5,9382.89,2.83236,2.24159,4.95492,2.35852,0.82149,0.62488,749.283,30.4622,10344.7,0.0760494,0.933579,0.00539522,9852.59,3917.71,635.043,97464.8,-0.0028457,0.0242533,33.2712,22.8621,73.1049,89.2683,0.718033,13.4593,13.2044,89.6974,125.999,-16.5926,-36.7306 
101,47.3227,0,5,101,11953.3,-0.330208,23.5984,12.5894,89.3426,0.0182061,687.625,105.428,-1.77445,0.944839,-4.69137,-2.17777,-0.140066,-60.8771,449.148,35.1225,13469.4,10078.8,-1.39112,1.32817,-3.92472,-1.79445,0.243261,0.291421,529.791,36.7038,13550,0.0425404,0.89187,0.00496504,12453.8,7295.37,621.964,184983,-0.0016811,-0.0141612,9.6726,9.15651,91.9969,58.2727,1.04034,12.9784,12.432,89.2038,125.929,2.79313,-67.6559 
