cyc,time (ms),#2,cyc,ROIsum,fBg,fA1,fWidth1,fCtr1,fA2,fWidth2,fCtr2,box1,box2,box3,box4,box5,box6,box7,box8,box9,Nfit,BZ-2,BZ-1,BZ0,BZ1,BZ2,Excited,c5,c7,c9,fraction95,fraction75,fraction97,sum95,Tx,Ty,LiToTF,LiNfit,TFcalc,ToTFcalc,G_ctr_x,G_ctr_y,G_sigma_x,G_sigma_y,G_ar,G_Tx,G_Ty,G_ToTFcalc
0,2.49,2.51,0,20220.3,0,5,101,125,0,5,135,-13.4198,-12.817,-26.6892,-15.0112,-10.2733,558.896,-76.5591,37120.8,-59.7994,16439.4,-15.5793,-14.9765,-31.0081,-17.1707,-12.4327,0.659877,-109.221,34671.1,-92.4613,0.496065,-0.00180336,1.00145,-220.174,483.727,539.383,0.52082,49167.2,9.73136e-07,0.524898,111.157,86.2196,24.3906,25.5135,0.955986,540.767,602.773,0.586689 
1,4.99,0.01,1,18068.7,0,5,101,125,0,5,135,-18.6572,-13.5872,-31.5327,-17.0245,-16.4559,635.92,-85.9937,35708.9,-82.3396,16439.4,-21.1142,-16.0442,-36.4468,-19.4816,-18.9129,0.674581,-123.157,32921.7,-119.503,0.462023,-0.00214224,1.00197,-266.56,485.701,523.301,0.60275,47537,9.6226e-07,0.523923,111.325,86.6191,24.0188,24.7013,0.972367,524.404,565.005,0.565675 
2,1.49,3.51,2,18257.8,0,5,101,125,0,5,135,-14.639,-12.989,-31.8747,-12.8724,-17.16,643.4,-53.6513,35547.7,-74.6177,16439.4,-17.125,-15.4749,-36.8467,-15.3584,-19.646,0.647235,-91.2515,32727.7,-112.218,0.403923,-0.0015958,1.00186,-225.913,458.271,509.458,0.52414,46708.7,9.56639e-07,0.505089,111.301,86.1958,23.7172,24.7756,0.95728,511.32,568.41,0.563546 
3,2.99,2.01,3,13502.3,0,5,101,125,0,5,135,-16.5849,-11.4336,-31.3726,-13.0367,-17.9461,551.354,-65.7443,31031.3,-93.5554,16439.4,-18.7152,-13.564,-35.6333,-15.167,-20.0765,0.654569,-97.9654,28614.7,-125.776,0.393598,-0.00196018,1.00239,-248.897,427.274,471.656,0.501209,41662.7,9.20869e-07,0.487492,111.418,86.9105,23.0322,23.9864,0.960221,482.212,532.773,0.550417 
4,4.49,0.51,4,15147.1,0,5,101,125,0,5,135,-12.5101,-17.5874,-22.5335,-6.405,-16.1229,649.967,-47.6766,33654.4,-79.4774,16439.4,-15.0214,-20.0987,-27.5562,-8.91634,-18.6342,0.69459,-85.6607,30805.6,-117.461,0.378002,-0.00159149,1.00207,-226.614,484.834,530.35,0.59158,45321.9,9.47075e-07,0.535419,111.233,86.2521,24.0409,24.9163,0.964865,525.372,574.884,0.580282 
5,3.49,1.51,5,14749.9,0,5,101,125,0,5,135,-10.3908,-11.49,-30.1811,-11.7988,-13.976,614.411,-31.3995,32166.8,-71.0179,16439.4,-12.7648,-13.864,-34.929,-14.1728,-16.35,0.620669,-67.3057,29473.9,-106.924,0.344073,-0.0013066,1.00197,-195.615,440.298,476.461,0.453222,43037.3,9.30887e-07,0.492028,111.124,86.7112,23.7678,24.4991,0.97015,513.505,555.794,0.573895 
6,3.99,1.01,6,21831.7,0,5,101,125,0,5,135,-6.51279,-11.4173,-21.6176,-12.5869,-16.2667,484.073,-54.8558,38573.1,-64.1514,16439.4,-8.38315,-13.2876,-25.3583,-14.4573,-18.137,0.681522,-83.145,36451.4,-92.4406,0.42842,-0.00130512,1.00138,-194.074,482.65,534.407,0.560018,50805.1,9.83824e-07,0.51622,111.146,86.7349,24.1339,25.1619,0.959145,529.446,586.273,0.566295 
7,0.49,4.51,7,18284.9,0,5,101,125,0,5,135,-12.1204,-12.6522,-21.8719,-8.54255,-10.6453,585.234,-46.8368,36377.8,-68.0536,16439.4,-14.3817,-14.9135,-26.3944,-10.8038,-12.9066,0.667576,-81.0379,33812.7,-102.255,0.397745,-0.0013714,1.00164,-203.744,453.101,498.609,0.478861,48207.7,9.66765e-07,0.491651,111.371,86.0737,23.8901,24.8317,0.962077,518.8,570.988,0.562979 
8,0.99,4.01,8,18887.2,0,5,101,125,0,5,135,-10.5253,-7.7767,-17.5973,-14.016,-13.3661,479.146,-61.0336,36169.9,-50.2559,16439.4,-12.3766,-9.62802,-21.3,-15.8674,-15.2174,0.713669,-89.0349,34069.8,-78.2572,0.48668,-0.00149555,1.00125,-182.944,450.847,492.317,0.485962,47996.1,9.65348e-07,0.488037,110.971,86.7328,23.768,24.6076,0.965882,513.513,560.725,0.555862 
9,0.01,4.99,9,20872.2,0,5,101,125,0,5,135,-10.9023,-8.08278,-28.4529,-8.99026,-13.4815,468.054,-53.6371,37575.4,-41.1109,16439.4,-12.7108,-9.89125,-32.0698,-10.7987,-15.29,0.602903,-80.9901,35523.9,-68.4639,0.496425,-0.00130449,1.00105,-163.147,453.719,517.29,0.484333,49141.8,9.72969e-07,0.497923,111.241,86.795,23.8612,25.2417,0.945309,517.549,589.998,0.567939 
10,1.99,3.01,10,15991.4,0,5,101,125,0,5,135,-10.1963,-12.3765,-26.2746,-3.96428,-11.2426,503.004,-52.8848,33876.8,-82.3866,16439.4,-12.1398,-14.32,-30.1616,-5.90779,-13.1861,0.601645,-82.2804,31672.1,-111.782,0.38019,-0.00148671,1.00192,-216.419,451.1,508.954,0.52002,45596.5,9.48984e-07,0.504913,111.205,86.2031,23.5466,24.7821,0.950145,503.991,568.709,0.564154 
11,2.49,2.51,11,20068.7,0,5,101,125,0,5,135,-12.6028,-8.46023,-23.347,-11.0451,-10.3995,497.775,-49.9484,37680.3,-76.7096,16439.4,-14.5261,-10.3835,-27.1936,-12.9684,-12.3228,0.648637,-79.0383,35498.5,-105.8,0.383685,-0.00127392,1.00162,-205.998,460.631,516.836,0.47105,49835.5,9.77525e-07,0.499143,110.989,86.53,24.147,25.3552,0.952352,530.021,595.313,0.574634 
12,4.99,0.01,12,19679.5,0,5,101,125,0,5,135,-10.0067,-10.5346,-20.916,-9.97002,-18.418,506.935,-70.0438,37366.5,-79.6717,16439.4,-11.9654,-12.4933,-24.8334,-11.9287,-20.3767,0.69566,-99.6691,35144.6,-109.297,0.431794,-0.00162319,1.00169,-230.825,468.151,515.824,0.486421,49580.8,9.75857e-07,0.503567,111.402,86.3392,24.2266,25.1963,0.961515,533.519,587.875,0.573894 
13,1.49,3.51,13,16949.2,0,5,101,125,0,5,135,-6.70316,-9.26985,-27.889,-10.5941,-10.9212,494.998,-45.3952,34686.7,-72.0587,16439.4,-8.61573,-11.1824,-31.7142,-12.5066,-12.8337,0.587338,-74.3229,32517.1,-100.986,0.380155,-0.0013078,1.00169,-195.507,425.723,465.574,0.42672,45798.8,9.50385e-07,0.468445,111.184,86.6313,23.6116,24.4767,0.964658,506.777,554.775,0.557914 
14,2.99,2.01,14,14488.1,0,5,101,125,0,5,135,-12.0344,-14.1006,-28.8662,-10.3175,-16.6469,574.239,-67.5446,32975.8,-69.0893,16439.4,-14.2531,-16.3193,-33.3037,-12.5363,-18.8657,0.650458,-101.103,30458.9,-102.648,0.450789,-0.00190037,1.00183,-224.281,441.472,514.843,0.581819,44471.8,9.41117e-07,0.506577,110.985,86.5406,22.9809,24.5869,0.934684,480.067,559.781,0.550829 
15,4.49,0.51,15,17645.6,0,5,101,125,0,5,135,-7.38572,-17.7959,-19.1632,-8.8407,-9.69438,523.106,-56.2947,34932.9,-75.7639,16439.4,-9.4069,-19.8171,-23.2056,-10.8619,-11.7156,0.690621,-86.865,32640.1,-106.334,0.405029,-0.00152306,1.00177,-214.466,442.607,482.244,0.448929,46475.4,9.55043e-07,0.483748,111.196,86.2324,23.8716,24.686,0.967007,517.997,564.305,0.566106 
16,3.49,1.51,16,16402,0,5,101,125,0,5,135,-12.9677,-15.0534,-17.7318,-11.9488,-11.9495,515.458,-53.2006,33888.7,-78.3617,16439.4,-14.9594,-17.045,-21.7151,-13.9404,-13.9412,0.733887,-83.3239,31629.4,-108.485,0.390265,-0.00150763,1.00187,-213.506,460.255,524.249,0.545866,45117.9,9.45652e-07,0.519442,111.371,86.4912,23.65,25.0052,0.945801,508.425,578.995,0.573746 
17,3.99,1.01,17,16548.6,0,5,101,125,0,5,135,-9.3157,-10.6231,-24.9442,-17.3232,-10.4655,503.648,-66.6835,34012.4,-66.679,16439.4,-11.2617,-12.5691,-28.8362,-19.2692,-12.4115,0.658127,-96.1167,31804.9,-96.1122,0.454557,-0.00172989,1.00164,-211.451,454.399,525.432,0.588633,45655.8,9.49395e-07,0.514671,111.519,86.3,23.2873,24.8113,0.938577,492.951,570.047,0.558355 
18,0.49,4.51,18,17408.5,0,5,101,125,0,5,135,-9.27059,-13.9519,-24.6686,-14.4163,-11.1763,538.316,-65.3046,34921.1,-58.01,16439.4,-11.3505,-16.0319,-28.8285,-16.4963,-13.2562,0.664642,-96.7638,32561.7,-89.4692,0.474037,-0.00170101,1.00149,-204.127,437.386,485.592,0.437194,46408.1,9.54581e-07,0.482787,111.29,86.3005,23.834,24.8924,0.957483,516.369,573.78,0.570216 
19,0.99,4.01,19,17034.2,0,5,101,125,0,5,135,-14.7542,-16.9429,-23.9108,-9.13247,-13.1677,542.588,-72.2958,35436.8,-83.2437,16439.4,-16.8507,-19.0394,-28.1037,-11.2289,-15.2642,0.689417,-104.005,33058.6,-114.953,0.429864,-0.00180099,1.00189,-241.948,450.541,503.572,0.477293,47568.1,9.6247e-07,0.494892,110.928,86.8721,23.8322,24.9763,0.954191,516.29,577.656,0.567407 
20,0.01,4.99,20,19817.7,0,5,101,125,0,5,135,-14.5468,-7.83457,-25.3462,-14.6788,-13.7775,531.369,-49.2188,37322.8,-62.5426,16439.4,-16.5999,-9.88767,-29.4524,-16.7319,-15.8306,0.667214,-80.272,34993.8,-93.5958,0.416809,-0.00131252,1.00145,-192.587,461.724,521.261,0.528606,49173.5,9.73178e-07,0.504111,111.448,86.2567,23.7801,25.0368,0.949803,514.034,580.459,0.561293 
21,1.99,3.01,21,19590.4,0,5,101,125,0,5,135,-10.0859,-12.354,-21.7045,-14.5729,-11.7931,511.657,-27.0526,36640.3,-78.0012,16439.4,-12.0628,-14.331,-25.6584,-16.5498,-13.7701,0.688506,-56.9539,34397.7,-107.902,0.305486,-0.000947037,1.00171,-186.437,449.909,502.078,0.472365,48192.9,9.66665e-07,0.491668,111.372,86.1823,23.8708,24.9822,0.955511,517.964,577.93,0.565993 
22,2.49,2.51,22,19283.8,0,5,101,125,0,5,135,-7.21861,-9.57155,-20.8646,-13.9562,-18.5968,556.125,-49.0314,37418.2,-65.4693,16439.4,-9.36736,-11.7203,-25.1621,-16.105,-20.7456,0.697208,-81.5313,34980.7,-97.9692,0.409511,-0.00133364,1.00152,-199.094,444.321,495.969,0.434513,49159.7,9.73087e-07,0.482418,111.134,86.8482,24.0766,25.1956,0.955591,526.935,587.842,0.571949 
23,4.99,0.01,23,17023.9,0,5,101,125,0,5,135,-8.48784,-9.55194,-21.3216,-9.55502,-3.32271,525.851,-53.4637,34314.6,-67.8328,16439.4,-10.5196,-11.5837,-25.3852,-11.5868,-5.35449,0.606003,-84.1944,32009.8,-98.5635,0.415835,-0.00150528,1.00167,-202.471,443.913,498.1,0.468257,45360.8,9.47346e-07,0.496362,111.383,86.2711,23.7374,24.9094,0.952948,512.19,574.565,0.572633 
24,1.49,3.51,24,18627.9,0,5,101,125,0,5,135,-8.33368,-5.90651,-21.0717,-11.738,-12.0459,508.081,-72.4353,36338.7,-71.0221,16439.4,-10.2968,-7.86964,-24.9979,-13.7011,-14.009,0.647293,-102.128,34111.8,-100.714,0.458002,-0.00171373,1.00161,-222.985,437.888,486.14,0.455703,48157.4,9.66428e-07,0.477412,111.338,86.4526,23.6917,24.7283,0.958081,510.222,566.242,0.556174 
25,2.99,2.01,25,22276.3,0,5,101,125,0,5,135,-10.0928,-12.4508,-29.8338,-11.3131,-11.1516,566.17,-58.0358,39443.6,-65.6059,16439.4,-12.2803,-14.6384,-34.2089,-13.5007,-13.3392,0.611118,-91.1227,36962.1,-98.6928,0.434841,-0.00141073,1.00145,-209.554,460.904,524.402,0.45542,51567.9,9.88724e-07,0.497235,111.397,85.9697,24.3064,25.6742,0.946724,537.041,610.39,0.579072 
26,4.49,0.51,26,17673.5,0,5,101,125,0,5,135,-6.04698,-14.535,-27.0484,-12.4152,-11.5289,561.709,-53.9878,35023.2,-83.2161,16439.4,-8.21731,-16.7053,-31.3891,-14.5855,-13.6992,0.628955,-86.8141,32561.3,-116.042,0.384023,-0.00152585,1.00194,-226.065,428.984,497.899,0.462388,46152.6,9.52827e-07,0.48504,110.867,86.3972,23.3903,24.947,0.937596,497.32,576.303,0.561861 
27,3.49,1.51,27,19249.2,0,5,101,125,0,5,135,-13.7809,-9.76599,-38.843,-12.5394,-12.075,571.635,-57.1216,36576,-74.2714,16439.4,-15.9896,-11.9747,-43.2604,-14.7481,-14.2837,0.568503,-90.5279,34070.5,-107.678,0.411975,-0.00152064,1.00172,-219.741,438.678,472.264,0.404844,48325.9,9.67554e-07,0.470425,111.554,85.7524,24.2335,24.9183,0.972519,533.823,574.974,0.572595 
28,3.99,1.01,28,17787.8,0,5,101,125,0,5,135,-8.93615,-9.15038,-23.8679,-15.9695,-7.54882,517.618,-58.3907,34453,-68.4646,16439.4,-10.9361,-11.1504,-27.8678,-17.9695,-9.54879,0.640288,-88.6403,32184.3,-98.7141,0.428013,-0.00157628,1.00167,-207.097,436.603,502.491,0.47773,45609.3,9.49073e-07,0.493523,111.345,86.0687,23.4849,24.9259,0.942191,501.353,575.324,0.565886 
29,0.49,4.51,29,20240.4,0,5,101,125,0,5,135,-14.8784,-10.6792,-16.1679,-20.8158,-13.3535,556.083,-44.1073,37754.7,-73.7558,16439.4,-17.027,-12.8278,-20.4651,-22.9644,-15.5021,0.769502,-76.6048,35317.3,-106.253,0.375314,-0.00124099,1.00164,-204.109,465.141,514.721,0.502507,50087.8,9.79172e-07,0.499712,110.776,86.4503,24.0344,25.0462,0.959604,525.088,580.891,0.564033 
30,0.99,4.01,30,19088.5,0,5,101,125,0,5,135,-13.5215,-8.52219,-29.2435,-15.1775,-11.6878,550.841,-44.6189,36897.3,-78.1837,16439.4,-15.6498,-10.6505,-33.5002,-17.3059,-13.8161,0.631553,-76.81,34482.9,-110.375,0.367056,-0.00127447,1.00174,-209.26,448.116,508.534,0.469291,48247.6,9.67031e-07,0.493645,111.305,86.2733,23.8589,25.1614,0.948233,517.445,586.248,0.569551 
31,0.01,4.99,31,16313.7,0,5,101,125,0,5,135,-7.90213,-12.4287,-20.1929,-12.2291,-14.4646,603.099,-65.0258,34402.1,-88.584,16439.4,-10.2324,-14.759,-24.8534,-14.5593,-16.7949,0.69392,-100.271,31758.7,-123.829,0.402911,-0.00180741,1.00212,-248.866,459.811,515.676,0.600291,45860,9.50809e-07,0.512136,110.745,86.4584,23.3805,24.5279,0.953223,496.906,557.099,0.553363 
32,1.99,3.01,32,17300.9,0,5,101,125,0,5,135,-6.03496,-11.8267,-17.5286,-16.8402,-12.126,511.078,-61.6003,35161.6,-66.9683,16439.4,-8.00966,-13.8014,-21.478,-18.8149,-14.1007,0.718153,-91.4677,32921.6,-96.8357,0.440446,-0.00159015,1.0016,-207.671,432.983,497.284,0.481782,46757.6,9.56972e-07,0.484885,111.333,86.6416,23.34,24.7766,0.942021,495.187,568.453,0.554412 
33,2.49,2.51,33,15869,0,5,101,125,0,5,135,-14.4423,-11.4592,-21.1071,-10.1641,-10.5544,516.789,-58.7401,33474.1,-94.4651,16439.4,-16.4391,-13.456,-25.1006,-12.1608,-12.5512,0.685092,-88.9412,31209,-124.666,0.372856,-0.00163115,1.00217,-238.541,449.06,500.76,0.489759,44640.7,9.42307e-07,0.50324,111.897,86.4488,23.7035,24.8055,0.955571,510.727,569.784,0.572476 
34,4.99,0.01,34,17309.8,0,5,101,125,0,5,135,-10.1844,-8.65366,-23.716,-15.4307,-12.5019,476.386,-80.2976,34747,-92.0316,16439.4,-12.025,-10.4943,-27.3974,-17.2714,-14.3426,0.663962,-108.138,32659,-119.872,0.429146,-0.00189565,1.002,-251.983,448.689,496.585,0.445835,46729.1,9.56777e-07,0.493354,111.342,86.4999,24.0686,25.0868,0.959412,526.582,582.776,0.578993 
35,1.49,3.51,35,18766.2,0,5,101,125,0,5,135,-9.85199,-10.8208,-17.4561,-9.49141,-16.0373,537.699,-59.5948,35557.2,-83.1744,16439.4,-11.9296,-12.8984,-21.6112,-11.569,-18.1149,0.716102,-91.0179,33200.5,-114.597,0.398267,-0.00156901,1.00188,-228.535,464.444,508.43,0.50668,47121.1,9.59445e-07,0.506479,111.127,86.4703,23.987,24.8664,0.964634,523.018,572.584,0.570371 
36,2.99,2.01,36,15842.4,0,5,101,125,0,5,135,-11.4392,-14.2403,-17.8542,-11.1179,-10.3848,527.01,-80.0835,34493.5,-65.4021,16439.4,-13.4755,-16.2766,-21.9267,-13.1542,-12.421,0.716174,-110.882,32183.6,-96.2006,0.489929,-0.00197262,1.00163,-226.323,456.001,512.113,0.535442,46709.7,9.56645e-07,0.505144,110.887,86.507,23.5836,24.7714,0.952049,505.573,568.214,0.56027 
37,4.49,0.51,37,17852.2,0,5,101,125,0,5,135,-10.5122,-15.5943,-27.0816,-17.3949,-6.68742,536.362,-45.1831,35487.6,-87.0441,16439.4,-12.5846,-17.6667,-31.2264,-19.4673,-8.75982,0.651898,-76.5281,33136.8,-118.389,0.350091,-0.00132144,1.00194,-218.595,447.017,498.988,0.464698,47182.4,9.59862e-07,0.492038,111.27,86.3718,23.8529,24.9677,0.955353,517.188,577.255,0.569245 
38,3.49,1.51,38,16132.7,0,5,101,125,0,5,135,-11.6812,-13.3549,-25.3155,-11.3731,-9.13011,498.827,-66.9489,33131.5,-76.5022,16439.4,-13.6086,-15.2823,-29.1702,-13.3005,-11.0575,0.646074,-96.1004,30945.1,-105.654,0.431166,-0.00177773,1.00186,-222.885,442.517,501.92,0.516212,44337.3,9.40166e-07,0.501277,111.251,86.5755,23.3539,24.6347,0.948011,495.776,561.961,0.561424 
39,3.99,1.01,39,15967,0,5,101,125,0,5,135,-4.01272,-9.85606,-16.6552,-12.2152,-14.014,479.756,-57.0969,33543.5,-70.1944,16439.4,-5.8664,-11.7097,-20.3625,-14.0688,-15.8677,0.7,-85.1338,31440.7,-98.2313,0.419355,-0.00154969,1.0017,-203.011,442.415,510.44,0.542967,44786,9.43327e-07,0.503761,110.955,86.2569,23.1886,24.6868,0.939311,488.779,564.34,0.556755 
40,0.49,4.51,40,14803.7,0,5,101,125,0,5,135,-9.56514,-9.07764,-26.2269,-10.5687,-14.117,450.271,-71.2316,32597.2,-85.4373,16439.4,-11.3049,-10.8174,-29.7064,-12.3085,-15.8568,0.628642,-97.5454,30623.6,-111.751,0.421095,-0.00182349,1.00198,-231.647,439.204,493.292,0.471367,44095,9.38451e-07,0.495991,111.694,86.5754,23.5834,24.7768,0.951835,505.566,568.462,0.571252 
41,0.99,4.01,41,15522.8,0,5,101,125,0,5,135,-12.027,-13.9169,-26.7465,-8.05386,-11.2068,454.931,-55.7808,32838.3,-91.0302,16439.4,-13.7847,-15.6746,-30.262,-9.81162,-12.9646,0.633177,-82.367,30844.3,-117.616,0.368521,-0.00152828,1.00207,-223.507,443.425,490.987,0.470804,44325,9.4008e-07,0.496341,111.139,86.5659,23.684,24.7144,0.958308,509.889,565.604,0.571254 
43,1.99,3.01,43,21708.1,0,5,101,125,0,5,135,-11.6715,-11.0087,-18.2998,-10.8142,-15.4716,535.835,-37.3292,39254.6,-65.738,16439.4,-13.7418,-13.079,-22.4406,-12.8846,-17.542,0.718395,-68.6434,36906,-97.0522,0.370833,-0.00106396,1.00143,-185.106,445.228,490.995,0.422577,51303.2,9.87029e-07,0.473696,111.245,86.7991,24.205,25.1918,0.960826,532.568,587.669,0.566792 
44,2.49,2.51,44,19292.7,0,5,101,125,0,5,135,-14.8016,-12.6892,-26.2938,-18.5669,-16.8397,551.924,-14.9005,36591.6,-73.6965,16439.4,-16.9341,-14.8217,-30.5588,-20.6994,-18.9722,0.700363,-47.155,34172.5,-105.951,0.270545,-0.000789141,1.00169,-174.296,468.641,535.694,0.611165,48111.5,9.66121e-07,0.518617,110.818,86.6202,23.5614,24.9611,0.943926,504.624,576.951,0.558498 
45,4.99,0.01,45,16565.3,0,5,101,125,0,5,135,-11.8598,-8.98469,-18.8434,-11.1466,-9.44828,560.022,-45.6372,34228.9,-61.1079,16439.4,-14.0237,-11.1485,-23.1711,-13.3105,-11.6121,0.68374,-78.3649,31774.3,-93.8356,0.410357,-0.0014113,1.00161,-190.968,433.727,484.041,0.447297,45684.4,9.49594e-07,0.482516,110.935,86.6925,23.6469,24.7446,0.955641,508.295,566.986,0.565335 
46,1.49,3.51,46,21555.1,0,5,101,125,0,5,135,-16.8706,-10.35,-19.442,-13.7485,-11.1161,540.915,-66.3935,38461.1,-79.8458,16439.4,-18.9606,-12.44,-23.6219,-15.8384,-13.2061,0.719011,-98.0046,36090.3,-111.457,0.422884,-0.00155415,1.00168,-231.753,463.142,506.64,0.446701,50286.3,9.80464e-07,0.494055,110.943,86.2207,24.4276,25.3327,0.96427,542.407,594.258,0.579053 
47,2.99,2.01,47,19353.6,0,5,101,125,0,5,135,-14.7887,-7.25033,-21.4728,-16.8093,-13.0939,571.868,-55.0073,37626.1,-63.9911,16439.4,-16.9983,-9.45991,-25.892,-19.0189,-15.3035,0.701267,-88.4272,35119.6,-97.411,0.430679,-0.00144087,1.00151,-205.32,459.645,516.486,0.504336,50039.7,9.78859e-07,0.49776,111.238,86.7531,23.874,25.0798,0.951921,518.103,582.453,0.561201 
48,4.49,0.51,48,20356.2,0,5,101,125,0,5,135,-8.11671,-11.0334,-16.8816,-14.5934,-13.5549,520.086,-49.1119,37292.7,-76.5389,16439.4,-10.1262,-13.0429,-20.9007,-16.603,-15.5644,0.725847,-79.5057,35013.1,-106.933,0.382561,-0.00129925,1.00166,-207.825,472.841,524.023,0.542117,49327.1,9.7419e-07,0.510963,111.067,85.5984,23.9894,25.0185,0.958866,523.124,579.61,0.565232 
49,3.49,1.51,49,23281.2,0,5,101,125,0,5,135,-12.2677,-7.49649,-24.9255,-8.08279,-13.2795,539.298,-48.7829,40082.4,-94.6568,16439.4,-14.3515,-9.58022,-29.093,-10.1665,-15.3632,0.629646,-80.2994,37718.6,-126.173,0.346555,-0.001218,1.00182,-231.707,512.433,555.193,0.660629,52947.7,9.97464e-07,0.53474,111.081,86.8811,24.4715,25.2378,0.969638,544.363,589.815,0.568073 
50,3.99,1.01,50,19867.1,0,5,101,125,0,5,135,-9.65213,-11.5191,-21.6139,-9.14095,-10.6041,610.405,-68.5386,37341,-58.6384,16439.4,-12.0106,-13.8776,-26.3308,-11.4994,-12.9626,0.656619,-104.211,34665.6,-94.3105,0.479387,-0.00172077,1.00148,-217.383,464.861,511.062,0.491975,49256,9.73722e-07,0.500568,110.833,86.2646,24.0901,25.0304,0.962431,527.523,580.162,0.568147 
51,0.49,4.51,51,17997.5,0,5,101,125,0,5,135,-12.6971,-10.8753,-23.066,-12.345,-12.8511,561.513,-34.7886,35570.4,-58.0745,16439.4,-14.8666,-13.0448,-27.4052,-14.5146,-15.0207,0.677024,-67.6034,33109.3,-90.8893,0.382652,-0.00116812,1.00149,-176.671,470.259,512.945,0.567476,47418.9,9.61463e-07,0.510824,110.914,87.1621,23.786,24.6165,0.96626,514.29,561.134,0.558733 
52,0.99,4.01,52,18394.4,0,5,101,125,0,5,135,-6.83721,-14.9951,-22.0588,-10.65,-8.84011,451.427,-53.7875,35427.9,-87.0143,16439.4,-8.58143,-16.7393,-25.5472,-12.3942,-10.5843,0.65405,-80.1688,33449.3,-113.396,0.370734,-0.00137144,1.00184,-216.244,439.275,499.89,0.49299,46596.9,9.55874e-07,0.490236,111.094,86.5104,23.4169,24.7688,0.945416,498.451,568.098,0.556702 
54,1.99,3.01,54,20053.1,0,5,101,125,0,5,135,-7.85378,-6.84782,-27.1758,-13.7542,-18.3758,555.17,-45.9598,37050,-71.1538,16439.4,-9.99885,-8.99288,-31.4659,-15.8993,-20.5209,0.637814,-78.4039,34616.7,-103.598,0.386757,-0.00129592,1.00163,-202.721,478.176,540.414,0.620037,48802.8,9.70726e-07,0.523673,110.71,86.7082,23.7684,25.0434,0.94909,513.53,580.762,0.562581 
55,1.99,3.01,55,18559.6,0,5,101,125,0,5,135,-11.9403,-10.7564,-14.1643,-16.5129,-16.8325,502.459,-60.2601,35520.1,-59.367,16439.4,-13.8817,-12.6978,-18.0471,-18.4543,-18.7739,0.779523,-89.6238,33317.8,-88.7307,0.45703,-0.00153949,1.00145,-196.101,464.693,520.241,0.528245,47012.4,9.58707e-07,0.512861,111.09,86.8345,23.8494,25.0063,0.953734,517.035,579.046,0.57073 
56,1.99,3.01,56,20995.5,0,5,101,125,0,5,135,-11.3221,-8.27916,-22.0888,-10.5313,-12.3186,444.662,-53.4756,37506.6,-55.9697,16439.4,-13.0402,-9.99724,-25.525,-12.2494,-14.0367,0.658978,-79.4616,35557.6,-81.9557,0.446895,-0.00127862,1.00125,-177.808,466.573,533.514,0.536598,49127.9,9.72877e-07,0.512832,111.411,86.6989,23.8572,25.275,0.943907,517.376,591.555,0.568647 
57,1.99,3.01,57,19112,0,5,101,125,0,5,135,-7.02176,-7.34639,-19.0354,-15.7182,-10.808,507.134,-43.8789,35554,-99.0367,16439.4,-8.98123,-9.30586,-22.9543,-17.6777,-12.7674,0.679796,-73.5158,33331.3,-128.674,0.322545,-0.00126194,1.0021,-227.924,423.398,478.191,0.443691,46673,9.56395e-07,0.470477,111.196,86.7094,23.3902,24.6319,0.949589,497.317,561.834,0.552692 
58,1.99,3.01,58,20552,0,5,101,125,0,5,135,-10.6163,-11.0687,-21.371,-10.1863,-7.22554,412.528,-53.9238,36987.5,-68.4885,16439.4,-12.2102,-12.6626,-24.5589,-11.7802,-8.81946,0.649316,-78.0319,35179.4,-92.5966,0.412545,-0.0012691,1.00143,-189.148,444.183,502.005,0.487268,48489.5,9.68645e-07,0.487496,110.749,86.1832,23.5879,24.8413,0.949543,505.761,571.429,0.554995 
