cyc,freq,amplitude,time,wait time,cyc2,T,TF,EF,EFkHz,ToTF,wx,wy,wz,bx,by,bz,q,mu0,offs,N,Npix,ENoEF,EkHz,ENoEF2,EkHz2,SNkB,tof,AR,beta_visc
0,20,1.8,0.01,10,0,6.17997e-07,6.7286e-07,9.28985e-30,14.0202,0.918463,1062.49,2846.28,2770.88,5.18941,21.1472,20.3169,-1.60302,-1.36776e-29,-3.30574e-13,27193,40969.9,2.66978,37.4307,2.35574,33.0278,-0.311116,0.0066,1.21622,6.683e-06 
1,20,1.8,10,0.01,1,6.79569e-07,6.89732e-07,9.52279e-30,14.3717,0.985265,1062.49,2846.28,2770.88,5.18941,21.1472,20.3169,-1.80289,-1.69156e-29,8.48029e-14,29290.2,45498.4,2.87789,41.3602,2.5528,36.6881,-0.504702,0.0066,1.23532,6.683e-06 
2,20,1.8,10,0.01,2,7.2327e-07,7.03731e-07,9.71607e-30,14.6634,1.02776,1062.49,2846.28,2770.88,5.18941,21.1472,20.3169,-1.92384,-1.92111e-29,-4.359e-13,31110.1,47904,3.00997,44.1364,2.68222,39.3304,-0.622211,0.0066,1.17246,6.683e-06 
3,20,1.8,10,0.01,3,7.10032e-07,6.88622e-07,9.50746e-30,14.3486,1.03109,1062.49,2846.28,2770.88,5.18941,21.1472,20.3169,-1.93312,-1.89504e-29,-6.57237e-13,29149,43503.2,3.0203,43.337,2.69248,38.6332,-0.631237,0.0066,1.23683,6.683e-06 
4,20,1.8,10,0.01,4,6.84896e-07,6.44685e-07,8.90084e-30,13.4331,1.06237,1062.49,2846.28,2770.88,5.18941,21.1472,20.3169,-2.01905,-1.90921e-29,-5.18224e-13,23917.9,36721,3.11732,41.8752,2.78988,37.4767,-0.714913,0.0066,1.11545,6.683e-06 
5,20,1.8,0.01,10,5,5.83576e-07,6.68902e-07,9.23519e-30,13.9377,0.872439,1062.49,2846.28,2770.88,5.18941,21.1472,20.3169,-1.45748,-1.17431e-29,-8.32697e-13,26715.8,39011.9,2.52653,35.2139,2.2246,31.0057,-0.170396,0.0066,1.17846,6.683e-06 
6,20,1.8,0.01,10,6,5.73378e-07,6.55581e-07,9.05129e-30,13.6601,0.874611,1062.49,2846.28,2770.88,5.18941,21.1472,20.3169,-1.46452,-1.15936e-29,-2.28842e-13,25151.4,38787.1,2.53325,34.6045,2.2307,30.4716,-0.177213,0.0066,1.1644,6.683e-06 
7,20,1.8,10,0.01,7,6.75491e-07,7.06019e-07,9.74766e-30,14.7111,0.95676,1062.49,2846.28,2770.88,5.18941,21.1472,20.3169,-1.71913,-1.60329e-29,-8.07417e-14,31414.6,48827.1,2.78916,41.0315,2.46775,36.3033,-0.423482,0.0066,1.18261,6.683e-06 
8,20,1.8,10,0.01,8,6.61345e-07,6.67447e-07,9.21512e-30,13.9074,0.990857,1062.49,2846.28,2770.88,5.18941,21.1472,20.3169,-1.81907,-1.66097e-29,-1.4752e-13,26542,40808.8,2.89528,40.2658,2.56965,35.7371,-0.520403,0.0066,1.2022,6.683e-06 
9,20,1.8,0.01,10,9,5.69265e-07,7.32642e-07,1.01152e-29,15.2658,0.777003,1062.49,2846.28,2770.88,5.18941,21.1472,20.3169,-1.13261,-8.9018e-30,-4.53575e-13,35104,51492.1,2.22895,34.0267,1.96511,29.999,0.142349,0.0066,1.23333,6.683e-06 
10,20,1.8,0.01,10,10,5.92872e-07,6.90509e-07,9.53352e-30,14.3879,0.858602,1062.49,2846.28,2770.88,5.18941,21.1472,20.3169,-1.4124,-1.15612e-29,1.86314e-13,29389.4,44947,2.4834,35.7308,2.18592,31.4508,-0.126902,0.0066,1.26109,6.683e-06 
11,20,1.8,10,0.01,11,6.90968e-07,7.09011e-07,9.78896e-30,14.7734,0.974552,1062.49,2846.28,2770.88,5.18941,21.1472,20.3169,-1.77167,-1.69015e-29,-5.79321e-13,31815.6,48166.1,2.84456,42.0238,2.52067,37.2389,-0.474412,0.0066,1.16127,6.683e-06 
12,20,1.8,0.01,10,12,6.11053e-07,6.78537e-07,9.36823e-30,14.1384,0.900544,1062.49,2846.28,2770.88,5.18941,21.1472,20.3169,-1.54719,-1.30529e-29,-9.4952e-13,27887.1,39986.2,2.61391,36.9566,2.30423,32.5782,-0.257151,0.0066,1.19867,6.683e-06 
13,20,1.8,0.01,10,13,5.52998e-07,6.964e-07,9.61484e-30,14.5106,0.794081,1062.49,2846.28,2770.88,5.18941,21.1472,20.3169,-1.19317,-9.10979e-30,-5.11825e-14,30147.9,44520.8,2.28241,33.1193,2.01029,29.1705,0.0842925,0.0066,1.24758,6.683e-06 
14,20,1.8,0.01,10,14,5.83308e-07,7.00294e-07,9.66861e-30,14.5918,0.832948,1062.49,2846.28,2770.88,5.18941,21.1472,20.3169,-1.32702,-1.0687e-29,2.19992e-13,30656.5,47028.4,2.40357,35.0724,2.11516,30.8639,-0.0445178,0.0066,1.23118,6.683e-06 
15,20,1.8,10,0.01,15,6.76066e-07,6.58295e-07,9.08875e-30,13.7166,1.027,1062.49,2846.28,2770.88,5.18941,21.1472,20.3169,-1.92169,-1.79373e-29,-3.4444e-14,25464.9,39724.2,3.00759,41.254,2.67985,36.7586,-0.620124,0.0066,1.17577,6.683e-06 
16,20,1.8,10,0.01,16,6.63401e-07,7.10943e-07,9.81564e-30,14.8137,0.933128,1062.49,2846.28,2770.88,5.18941,21.1472,20.3169,-1.64799,-1.50943e-29,2.51962e-13,32076.5,50404.1,2.71551,40.2267,2.39833,35.528,-0.354601,0.0066,1.17407,6.683e-06 
17,20,1.8,0.01,10,17,5.91091e-07,6.81884e-07,9.41443e-30,14.2082,0.86685,1062.49,2846.28,2770.88,5.18941,21.1472,20.3169,-1.43933,-1.17463e-29,1.88331e-13,28301.7,43695.3,2.50915,35.6504,2.20893,31.3849,-0.152861,0.0066,1.21325,6.683e-06 
18,20,1.8,10,0.01,18,6.88018e-07,6.83624e-07,9.43845e-30,14.2444,1.00643,1062.49,2846.28,2770.88,5.18941,21.1472,20.3169,-1.86369,-1.77035e-29,-3.3052e-13,28518.9,44278.6,2.9437,41.9313,2.61686,37.2757,-0.56374,0.0066,1.1447,6.683e-06 
19,20,1.8,0.01,10,19,6.00759e-07,6.84672e-07,9.45292e-30,14.2663,0.877441,1062.49,2846.28,2770.88,5.18941,21.1472,20.3169,-1.47363,-1.22229e-29,-4.14836e-14,28650.3,44082.8,2.5421,36.2662,2.23867,31.9374,-0.185997,0.0066,1.20163,6.683e-06 
20,30,1.8,0.01,10,20,5.90924e-07,6.78659e-07,9.3699e-30,14.141,0.870723,1062.49,2846.28,2770.88,5.18941,21.1472,20.3169,-1.45192,-1.18456e-29,-1.29922e-13,27902,42039.1,2.52119,35.6521,2.21978,31.3899,-0.165026,0.0066,1.22595,6.683e-06 
21,30,1.8,10,0.01,21,7.43724e-07,6.47139e-07,8.93473e-30,13.4842,1.14925,1062.49,2846.28,2770.88,5.18941,21.1472,20.3169,-2.24619,-2.30644e-29,-5.41629e-13,24192.2,37099.2,3.38598,45.6572,3.06894,41.3823,-0.936743,0.0066,1.1422,6.683e-06 
22,30,1.8,10,0.01,22,6.87494e-07,6.87143e-07,9.48705e-30,14.3178,1.00051,1062.49,2846.28,2770.88,5.18941,21.1472,20.3169,-1.84681,-1.75297e-29,9.17495e-14,28961.7,45799.1,2.9253,41.8838,2.59887,37.21,-0.547337,0.0066,1.15056,6.683e-06 
23,30,1.8,10,0.01,23,7.00102e-07,6.51566e-07,8.99586e-30,13.5765,1.07449,1062.49,2846.28,2770.88,5.18941,21.1472,20.3169,-2.05172,-1.98319e-29,-3.65518e-13,24692.1,38261.1,3.15487,42.8319,2.82806,38.395,-0.746765,0.0066,1.1234,6.683e-06 
24,30,1.8,10,0.01,24,6.87227e-07,6.60801e-07,9.12335e-30,13.7689,1.03999,1062.49,2846.28,2770.88,5.18941,21.1472,20.3169,-1.9578,-1.8576e-29,-2.32662e-15,25756.9,40638.9,3.04792,41.9664,2.72002,37.4516,-0.655259,0.0066,1.13092,6.683e-06 
25,30,1.8,0.01,10,25,5.9626e-07,6.56464e-07,9.06347e-30,13.6785,0.908291,1062.49,2846.28,2770.88,5.18941,21.1472,20.3169,-1.57146,-1.29367e-29,3.84695e-14,25253.1,38864.1,2.63804,36.0844,2.32642,31.822,-0.280615,0.0066,1.19235,6.683e-06 
26,30,1.8,0.01,10,26,5.85745e-07,6.52747e-07,9.01216e-30,13.6011,0.897354,1062.49,2846.28,2770.88,5.18941,21.1472,20.3169,-1.53714,-1.2431e-29,2.01552e-13,24826.6,38694.7,2.60398,35.4168,2.29511,31.216,-0.247435,0.0066,1.20766,6.683e-06 
27,30,1.8,10,0.01,27,7.22318e-07,6.75648e-07,9.32834e-30,14.0782,1.06907,1062.49,2846.28,2770.88,5.18941,21.1472,20.3169,-2.03715,-2.03159e-29,-4.14189e-13,27532.4,42578.7,3.13808,44.1787,2.81096,39.5734,-0.732562,0.0066,1.14901,6.683e-06 
29,30,1.8,0.01,10,29,5.46089e-07,6.94882e-07,9.59389e-30,14.479,0.785873,1062.49,2846.28,2770.88,5.18941,21.1472,20.3169,-1.16419,-8.77753e-30,4.81813e-13,29951.2,45938.5,2.25673,32.6752,1.98851,28.7916,0.112081,0.0066,1.23783,6.683e-06 
30,30,1.8,0.01,10,30,5.80245e-07,6.13688e-07,8.47289e-30,12.7872,0.945504,1062.49,2846.28,2770.88,5.18941,21.1472,20.3169,-1.68544,-1.35023e-29,2.58552e-13,20631.2,32446.9,2.75409,35.2171,2.43456,31.1312,-0.390854,0.0066,1.18743,6.683e-06 
31,30,1.8,10,0.01,31,7.02702e-07,6.82786e-07,9.42688e-30,14.227,1.02917,1062.49,2846.28,2770.88,5.18941,21.1472,20.3169,-1.92776,-1.87029e-29,-3.49521e-13,28414.2,43042.2,3.01433,42.8848,2.68655,38.2215,-0.626027,0.0066,1.16203,6.683e-06 
32,30,1.8,0.01,10,32,5.8662e-07,6.52115e-07,9.00342e-30,13.5879,0.899566,1062.49,2846.28,2770.88,5.18941,21.1472,20.3169,-1.54412,-1.25061e-29,-7.08087e-14,24754.5,37102.5,2.61086,35.476,2.30143,31.2716,-0.254182,0.0066,1.24028,6.683e-06 
33,30,1.8,0.01,10,33,5.88588e-07,6.56162e-07,9.0593e-30,13.6722,0.897016,1062.49,2846.28,2770.88,5.18941,21.1472,20.3169,-1.53608,-1.24827e-29,4.12808e-13,25218.2,39499,2.60292,35.5877,2.29415,31.3661,-0.246408,0.0066,1.23661,6.683e-06 
34,30,1.8,0.01,10,34,5.72094e-07,6.46357e-07,8.92393e-30,13.4679,0.885106,1062.49,2846.28,2770.88,5.18941,21.1472,20.3169,-1.49825,-1.18341e-29,2.57512e-13,24104.5,37420.6,2.56587,34.5569,2.26031,30.4416,-0.209833,0.0066,1.19542,6.683e-06 
35,30,1.8,10,0.01,35,7.00614e-07,6.82261e-07,9.41964e-30,14.216,1.0269,1062.49,2846.28,2770.88,5.18941,21.1472,20.3169,-1.92142,-1.8586e-29,-2.1528e-13,28348.7,43735,3.00729,42.7517,2.67955,38.0926,-0.619861,0.0066,1.13491,6.683e-06 
36,30,1.8,10,0.01,36,7.15681e-07,6.57708e-07,9.08065e-30,13.7044,1.08814,1062.49,2846.28,2770.88,5.18941,21.1472,20.3169,-2.08814,-2.0633e-29,-9.94412e-14,25396.9,40004.3,3.19713,43.8148,2.87136,39.3504,-0.7823,0.0066,1.15925,6.683e-06 
37,30,1.8,0.01,10,37,6.22766e-07,6.53991e-07,9.02933e-30,13.627,0.952255,1062.49,2846.28,2770.88,5.18941,21.1472,20.3169,-1.70569,-1.46659e-29,-3.26797e-13,24968.7,37455.6,2.77512,37.8165,2.45444,33.4466,-0.410462,0.0066,1.16757,6.683e-06 
38,30,1.8,10,0.01,38,7.02552e-07,6.9059e-07,9.53463e-30,14.3896,1.01732,1062.49,2846.28,2770.88,5.18941,21.1472,20.3169,-1.89454,-1.83767e-29,4.45086e-14,29399.7,46554.7,2.97754,42.8456,2.65013,38.1343,-0.593723,0.0066,1.15976,6.683e-06 
39,30,1.8,0.01,10,39,5.75087e-07,6.98956e-07,9.65013e-30,14.5639,0.82278,1062.49,2846.28,2770.88,5.18941,21.1472,20.3169,-1.29249,-1.02623e-29,2.84982e-13,30481.1,47326.6,2.372,34.5455,2.08745,30.4014,-0.0111952,0.0066,1.19557,6.683e-06 
40,40,1.35,0.01,10,40,6.06443e-07,6.34613e-07,8.76179e-30,13.2232,0.95561,1062.49,2846.28,2770.88,5.18941,21.1472,20.3169,-1.71571,-1.43654e-29,-1.45966e-13,22814.4,34664.4,2.78558,36.8342,2.46435,32.5866,-0.420163,0.0066,1.19643,6.683e-06 
41,40,1.35,10,0.01,41,7.05328e-07,6.92349e-07,9.55892e-30,14.4262,1.01875,1062.49,2846.28,2770.88,5.18941,21.1472,20.3169,-1.89856,-1.84884e-29,-5.46548e-13,29624.9,45554.2,2.98197,43.0186,2.6545,38.2944,-0.597626,0.0066,1.12594,6.683e-06 
42,40,1.35,10,0.01,42,6.85657e-07,6.48862e-07,8.95852e-30,13.5201,1.05671,1062.49,2846.28,2770.88,5.18941,21.1472,20.3169,-2.00365,-1.89676e-29,8.34091e-14,24385.9,38374.9,3.09976,41.9091,2.77211,37.4793,-0.699909,0.0066,1.13827,6.683e-06 
43,40,1.35,10,0.01,43,6.22682e-07,6.40218e-07,8.83918e-30,13.34,0.972608,1062.49,2846.28,2770.88,5.18941,21.1472,20.3169,-1.76597,-1.51822e-29,6.00412e-13,23424.3,38631.4,2.83851,37.8657,2.51486,33.5483,-0.468886,0.0066,1.1185,6.683e-06 
44,40,1.35,10,0.01,44,6.64663e-07,6.78563e-07,9.36858e-30,14.139,0.979517,1062.49,2846.28,2770.88,5.18941,21.1472,20.3169,-1.78618,-1.63912e-29,5.72901e-13,27890.2,45582.1,2.86001,40.4376,2.53554,35.8499,-0.488483,0.0066,1.16193,6.683e-06 
45,40,1.35,0.01,10,45,5.90026e-07,6.4414e-07,8.89332e-30,13.4217,0.91599,1062.49,2846.28,2770.88,5.18941,21.1472,20.3169,-1.59538,-1.29962e-29,-5.28319e-15,23857.4,36814.2,2.66206,35.7294,2.3486,31.5222,-0.303727,0.0066,1.16935,6.683e-06 
46,40,1.35,0.01,10,46,5.79356e-07,6.93936e-07,9.58082e-30,14.4593,0.834884,1062.49,2846.28,2770.88,5.18941,21.1472,20.3169,-1.33352,-1.06667e-29,3.98768e-13,29829,46171.8,2.40964,34.8416,2.12045,30.6603,-0.0507669,0.0066,1.23917,6.683e-06 
47,40,1.35,10,0.01,47,7.01052e-07,6.60023e-07,9.11262e-30,13.7527,1.06216,1062.49,2846.28,2770.88,5.18941,21.1472,20.3169,-2.01848,-1.9537e-29,-4.259e-13,25666.1,39613,3.11667,42.8626,2.78922,38.3593,-0.714357,0.0066,1.13275,6.683e-06 
48,40,1.35,10,0.01,48,6.63438e-07,6.49212e-07,8.96335e-30,13.5274,1.02191,1062.49,2846.28,2770.88,5.18941,21.1472,20.3169,-1.90745,-1.74718e-29,2.98096e-13,24425.4,38691.5,2.9918,40.4713,2.66421,36.0399,-0.606275,0.0066,1.16055,6.683e-06 
49,40,1.35,0.01,10,49,5.89105e-07,6.81666e-07,9.41142e-30,14.2036,0.864214,1062.49,2846.28,2770.88,5.18941,21.1472,20.3169,-1.43074,-1.16369e-29,3.79677e-14,28274.6,43219.5,2.50095,35.5226,2.20157,31.2702,-0.144558,0.0066,1.22717,6.683e-06 
50,40,1.35,0.01,10,50,5.70603e-07,6.64768e-07,9.17812e-30,13.8515,0.858349,1062.49,2846.28,2770.88,5.18941,21.1472,20.3169,-1.41157,-1.11204e-29,3.1169e-13,26223.6,40037.6,2.4826,34.3879,2.18522,30.2686,-0.126103,0.0066,1.25411,6.683e-06 
51,40,1.35,10,0.01,51,6.95786e-07,7.02137e-07,9.69405e-30,14.6302,0.990955,1062.49,2846.28,2770.88,5.18941,21.1472,20.3169,-1.81936,-1.74774e-29,-3.25764e-13,30899.2,47421.6,2.89559,42.363,2.56995,37.5988,-0.52068,0.0066,1.17416,6.683e-06 
52,40,1.35,0.01,10,52,6.09513e-07,6.34231e-07,8.75651e-30,13.2152,0.961028,1062.49,2846.28,2770.88,5.18941,21.1472,20.3169,-1.73181,-1.45736e-29,3.60407e-13,22773.2,35942.5,2.80245,37.0351,2.4804,32.779,-0.43577,0.0066,1.22053,6.683e-06 
53,40,1.35,0.01,10,53,6.07278e-07,6.7531e-07,9.32367e-30,14.0712,0.899257,1062.49,2846.28,2770.88,5.18941,21.1472,20.3169,-1.54314,-1.29383e-29,-6.52572e-13,27491.1,39876.6,2.6099,36.7245,2.30055,32.3715,-0.253235,0.0066,1.23449,6.683e-06 
54,40,1.35,0.01,10,54,5.8933e-07,6.95311e-07,9.59982e-30,14.488,0.847577,1062.49,2846.28,2770.88,5.18941,21.1472,20.3169,-1.37594,-1.11954e-29,-2.76461e-13,30006.8,44566,2.44922,35.4843,2.15536,31.2268,-0.0916339,0.0066,1.25109,6.683e-06 
55,40,1.35,10,0.01,55,6.83101e-07,6.83468e-07,9.4363e-30,14.2412,0.999462,1062.49,2846.28,2770.88,5.18941,21.1472,20.3169,-1.84381,-1.73894e-29,1.41627e-14,28499.4,45319.3,2.92204,41.6134,2.59569,36.9657,-0.544424,0.0066,1.13487,6.683e-06 
56,40,1.35,10,0.01,56,6.91921e-07,6.63981e-07,9.16725e-30,13.8351,1.04208,1062.49,2846.28,2770.88,5.18941,21.1472,20.3169,-1.96357,-1.8758e-29,5.66254e-14,26130.5,41810.2,3.0544,42.258,2.72651,37.7216,-0.660872,0.0066,1.09414,6.683e-06 
57,40,1.35,0.01,10,57,5.78949e-07,6.51745e-07,8.99832e-30,13.5802,0.888307,1062.49,2846.28,2770.88,5.18941,21.1472,20.3169,-1.50844,-1.20574e-29,1.3303e-13,24712.4,38312.1,2.57587,34.9807,2.26938,30.8186,-0.219669,0.0066,1.19327,6.683e-06 
58,40,1.35,10,0.01,58,6.9827e-07,6.92937e-07,9.56704e-30,14.4385,1.0077,1062.49,2846.28,2770.88,5.18941,21.1472,20.3169,-1.8673,-1.8002e-29,1.71567e-13,29700.5,48021.3,2.94764,42.5594,2.62072,37.8393,-0.567244,0.0066,1.14454,6.683e-06 
59,40,1.35,0.01,10,59,5.94657e-07,6.69709e-07,9.24633e-30,13.9545,0.887934,1062.49,2846.28,2770.88,5.18941,21.1472,20.3169,-1.50726,-1.23748e-29,-1.51738e-13,26812.6,39547.4,2.5747,35.9286,2.26832,31.6533,-0.218525,0.0066,1.24244,6.683e-06 
60,60,1.15,0.01,10,60,5.8487e-07,6.66396e-07,9.2006e-30,13.8855,0.877662,1062.49,2846.28,2770.88,5.18941,21.1472,20.3169,-1.47434,-1.19053e-29,1.86343e-13,26416.7,40680.6,2.54279,35.3078,2.23929,31.0935,-0.186682,0.0066,1.21048,6.683e-06 
61,60,1.15,10,0.01,61,6.73364e-07,6.74611e-07,9.31402e-30,14.0566,0.998151,1062.49,2846.28,2770.88,5.18941,21.1472,20.3169,-1.84005,-1.71066e-29,1.12864e-13,27405.8,43858.6,2.91797,41.0168,2.59171,36.4308,-0.540775,0.0066,1.14078,6.683e-06 
62,60,1.15,10,0.01,62,7.26034e-07,6.67543e-07,9.21643e-30,13.9093,1.08762,1062.49,2846.28,2770.88,5.18941,21.1472,20.3169,-2.08676,-2.09177e-29,-4.30976e-14,26553.3,42782.1,3.19551,44.4475,2.8697,39.9157,-0.78095,0.0066,1.11418,6.683e-06 
63,60,1.15,10,0.01,63,7.58072e-07,6.75138e-07,9.32129e-30,14.0676,1.12284,1062.49,2846.28,2770.88,5.18941,21.1472,20.3169,-2.17885,-2.28045e-29,-8.72891e-13,27470,41125.9,3.30443,46.4854,2.9828,41.9609,-0.870886,0.0066,1.15738,6.683e-06 
64,60,1.15,10,0.01,64,6.83161e-07,6.74468e-07,9.31204e-30,14.0536,1.01289,1062.49,2846.28,2770.88,5.18941,21.1472,20.3169,-1.88202,-1.77514e-29,4.20594e-14,27388.3,43462.7,2.96377,41.6518,2.63657,37.0534,-0.581554,0.0066,1.14449,6.683e-06 
65,60,1.15,0.01,10,65,5.97282e-07,6.51255e-07,8.99155e-30,13.57,0.917125,1062.49,2846.28,2770.88,5.18941,21.1472,20.3169,-1.59889,-1.3185e-29,-1.51077e-13,24656.7,37537.2,2.6656,36.1721,2.35187,31.9148,-0.307118,0.0066,1.18437,6.683e-06 
66,60,1.15,0.01,10,66,6.01405e-07,6.54454e-07,9.03572e-30,13.6366,0.918941,1062.49,2846.28,2770.88,5.18941,21.1472,20.3169,-1.6045,-1.33226e-29,-2.73021e-13,25021.8,37629.2,2.67127,36.4271,2.35712,32.1432,-0.312542,0.0066,1.20204,6.683e-06 
67,60,1.15,10,0.01,67,7.08423e-07,6.65321e-07,9.18576e-30,13.8631,1.06478,1062.49,2846.28,2770.88,5.18941,21.1472,20.3169,-2.02557,-1.98118e-29,-8.5075e-13,26289.1,39287.9,3.12479,43.3192,2.79745,38.7813,-0.72127,0.0066,1.12246,6.683e-06 
68,60,1.15,10,0.01,68,6.73902e-07,6.8771e-07,9.49487e-30,14.3296,0.979922,1062.49,2846.28,2770.88,5.18941,21.1472,20.3169,-1.78736,-1.663e-29,2.8339e-14,29033.3,45582.1,2.86127,41.0007,2.53675,36.3505,-0.489629,0.0066,1.16483,6.683e-06 
69,60,1.15,0.01,10,69,6.08153e-07,6.75504e-07,9.32635e-30,14.0752,0.900296,1062.49,2846.28,2770.88,5.18941,21.1472,20.3169,-1.54641,-1.29844e-29,9.15725e-14,27514.7,42337.7,2.61313,36.7805,2.30352,32.4225,-0.256398,0.0066,1.20974,6.683e-06 
70,60,1.15,0.01,10,70,5.90817e-07,6.73691e-07,9.30131e-30,14.0375,0.876985,1062.49,2846.28,2770.88,5.18941,21.1472,20.3169,-1.47216,-1.20086e-29,-2.16522e-13,27293.8,40666.9,2.54067,35.6646,2.23738,31.4071,-0.184583,0.0066,1.2281,6.683e-06 
71,60,1.15,10,0.01,71,6.84024e-07,6.75328e-07,9.32391e-30,14.0716,1.01288,1062.49,2846.28,2770.88,5.18941,21.1472,20.3169,-1.88199,-1.77735e-29,-9.04835e-14,27493.2,43303.7,2.96373,41.7044,2.63653,37.1001,-0.581521,0.0066,1.15733,6.683e-06 
72,60,1.15,0.01,10,72,5.84188e-07,6.78812e-07,9.37202e-30,14.1442,0.860604,1062.49,2846.28,2770.88,5.18941,21.1472,20.3169,-1.41893,-1.14445e-29,-1.09465e-14,27921,42235.3,2.48973,35.2151,2.1915,30.9969,-0.133149,0.0066,1.23328,6.683e-06 
73,60,1.15,0.01,10,73,5.56369e-07,6.79958e-07,9.38784e-30,14.168,0.818241,1062.49,2846.28,2770.88,5.18941,21.1472,20.3169,-1.27695,-9.80893e-30,1.82763e-13,28062.6,42690.5,2.35789,33.4067,2.07514,29.4006,0.00378414,0.0066,1.21678,6.683e-06 
74,60,1.15,0.01,10,74,5.98659e-07,6.48309e-07,8.95088e-30,13.5086,0.923416,1062.49,2846.28,2770.88,5.18941,21.1472,20.3169,-1.61828,-1.33757e-29,-1.44221e-13,24323.6,36704.4,2.68522,36.2735,2.37008,32.0164,-0.325868,0.0066,1.19849,6.683e-06 
75,60,1.15,10,0.01,75,7.06923e-07,6.68624e-07,9.23136e-30,13.9319,1.05728,1062.49,2846.28,2770.88,5.18941,21.1472,20.3169,-2.00521,-1.95711e-29,-2.51788e-13,26682.6,41545.5,3.10154,43.2102,2.77391,38.6458,-0.701432,0.0066,1.16217,6.683e-06 
76,60,1.15,10,0.01,76,7.01493e-07,6.85007e-07,9.45755e-30,14.2732,1.02407,1062.49,2846.28,2770.88,5.18941,21.1472,20.3169,-1.9135,-1.85325e-29,-5.85206e-13,28692.4,43202.4,2.99849,42.7982,2.67084,38.1215,-0.612152,0.0066,1.17185,6.683e-06 
77,60,1.15,0.01,10,77,5.55201e-07,6.33179e-07,8.74199e-30,13.1933,0.876846,1062.49,2846.28,2770.88,5.18941,21.1472,20.3169,-1.47172,-1.12813e-29,7.51573e-13,22660.1,36106.2,2.54024,33.5142,2.23699,29.5134,-0.184154,0.0066,1.20388,6.683e-06 
78,60,1.15,10,0.01,78,6.6755e-07,6.77587e-07,9.35511e-30,14.1186,0.985187,1062.49,2846.28,2770.88,5.18941,21.1472,20.3169,-1.80267,-1.66144e-29,3.55178e-13,27770.1,44614.4,2.87765,40.6285,2.55257,36.0388,-0.504483,0.0066,1.18144,6.683e-06 
79,60,1.15,0.01,10,79,5.87024e-07,6.69518e-07,9.2437e-30,13.9505,0.876787,1062.49,2846.28,2770.88,5.18941,21.1472,20.3169,-1.47152,-1.19263e-29,3.73959e-13,26789.7,42120.6,2.54005,35.435,2.23682,31.2048,-0.183968,0.0066,1.21437,6.683e-06 
80,80,0.95,0.01,10,80,5.66846e-07,6.91228e-07,9.54344e-30,14.4029,0.820056,1062.49,2846.28,2770.88,5.18941,21.1472,20.3169,-1.28318,-1.00424e-29,1.9348e-13,29481.2,45196.3,2.36353,34.0416,2.08006,29.9588,-0.00222613,0.0066,1.22837,6.683e-06 
81,80,0.95,10,0.01,81,6.94066e-07,6.89749e-07,9.52302e-30,14.3721,1.00626,1062.49,2846.28,2770.88,5.18941,21.1472,20.3169,-1.86321,-1.78545e-29,-3.55939e-13,29292.4,45807,2.94317,42.2994,2.61634,37.6022,-0.563272,0.0066,1.12828,6.683e-06 
82,80,0.95,10,0.01,82,6.84275e-07,6.49527e-07,8.9677e-30,13.534,1.0535,1062.49,2846.28,2770.88,5.18941,21.1472,20.3169,-1.9949,-1.88467e-29,6.24692e-14,24460.9,38547.8,3.08981,41.8174,2.76208,37.3819,-0.691387,0.0066,1.14203,6.683e-06 
83,80,0.95,10,0.01,83,6.91886e-07,6.92982e-07,9.56766e-30,14.4394,0.998419,1062.49,2846.28,2770.88,5.18941,21.1472,20.3169,-1.84082,-1.75845e-29,3.35697e-14,29706.3,47116.3,2.9188,42.1458,2.59252,37.4346,-0.541519,0.0066,1.16444,6.683e-06 
84,80,0.95,10,0.01,84,6.64876e-07,6.75976e-07,9.33286e-30,14.0851,0.98358,1062.49,2846.28,2770.88,5.18941,21.1472,20.3169,-1.798,-1.6505e-29,-9.68668e-14,27572.4,43343.1,2.87265,40.4615,2.54774,35.885,-0.499957,0.0066,1.13544,6.683e-06 
85,80,0.95,0.01,10,85,5.91831e-07,6.57814e-07,9.08212e-30,13.7066,0.899694,1062.49,2846.28,2770.88,5.18941,21.1472,20.3169,-1.54452,-1.26204e-29,-3.20805e-14,25409.2,38463.8,2.61125,35.7915,2.30179,31.5499,-0.25457,0.0066,1.19517,6.683e-06 
86,80,0.95,0.01,10,86,5.85177e-07,6.45487e-07,8.91193e-30,13.4498,0.906566,1062.49,2846.28,2770.88,5.18941,21.1472,20.3169,-1.56607,-1.26527e-29,-6.05882e-14,24007.4,36452.9,2.63265,35.4086,2.32147,31.2233,-0.275417,0.0066,1.22272,6.683e-06 
87,80,0.95,10,0.01,87,7.10162e-07,6.43271e-07,8.88133e-30,13.4036,1.10399,1062.49,2846.28,2770.88,5.18941,21.1472,20.3169,-2.12988,-2.08831e-29,-5.97895e-13,23761,35664.6,3.24614,43.51,2.922,39.1653,-0.823041,0.0066,1.1414,6.683e-06 
88,80,0.95,10,0.01,88,6.93988e-07,6.39438e-07,8.8284e-30,13.3237,1.08531,1062.49,2846.28,2770.88,5.18941,21.1472,20.3169,-2.08062,-1.99356e-29,-4.65229e-13,23338.7,35950.3,3.18835,42.4808,2.86235,38.1372,-0.774958,0.0066,1.13315,6.683e-06 
89,80,0.95,0.01,10,89,5.74959e-07,6.92762e-07,9.56462e-30,14.4348,0.829952,1062.49,2846.28,2770.88,5.18941,21.1472,20.3169,-1.31684,-1.04533e-29,-4.38873e-13,29677.9,43558.9,2.39437,34.5623,2.10697,30.4138,-0.0346369,0.0066,1.21084,6.683e-06 
90,80,0.95,0.01,10,90,6.20179e-07,6.43264e-07,8.88123e-30,13.4035,0.964113,1062.49,2846.28,2770.88,5.18941,21.1472,20.3169,-1.74095,-1.49069e-29,-1.80433e-13,23760.2,36901.5,2.81206,37.6913,2.48956,33.3687,-0.444625,0.0066,1.13868,6.683e-06 
91,80,0.95,10,0.01,91,6.81397e-07,6.75983e-07,9.33296e-30,14.0852,1.00801,1062.49,2846.28,2770.88,5.18941,21.1472,20.3169,-1.86819,-1.75754e-29,-4.48177e-13,27573.3,42247.2,2.94861,41.5318,2.62168,36.9268,-0.568108,0.0066,1.15646,6.683e-06 
92,80,0.95,0.01,10,92,5.84288e-07,6.67295e-07,9.21302e-30,13.9042,0.875607,1062.49,2846.28,2770.88,5.18941,21.1472,20.3169,-1.46773,-1.18401e-29,1.24661e-13,26523.8,40918.7,2.53637,35.2661,2.2335,31.055,-0.180308,0.0066,1.20649,6.683e-06 
93,80,0.95,0.01,10,93,6.18276e-07,6.28669e-07,8.67972e-30,13.0994,0.983467,1062.49,2846.28,2770.88,5.18941,21.1472,20.3169,-1.79768,-1.53454e-29,-6.28513e-13,22179.3,32294.7,2.8723,37.6253,2.5474,33.3693,-0.499639,0.0066,1.13704,6.683e-06 
94,80,0.95,0.01,10,94,6.00232e-07,6.70985e-07,9.26395e-30,13.9811,0.894554,1062.49,2846.28,2770.88,5.18941,21.1472,20.3169,-1.52829,-1.26651e-29,-3.84561e-13,26966.2,39592.4,2.59527,36.2846,2.28713,31.9766,-0.238876,0.0066,1.22122,6.683e-06 
95,80,0.95,10,0.01,95,6.75901e-07,6.87819e-07,9.49638e-30,14.3318,0.982673,1062.49,2846.28,2770.88,5.18941,21.1472,20.3169,-1.79537,-1.67541e-29,1.22573e-13,29047.2,46391.1,2.86983,41.1299,2.54501,36.4747,-0.497398,0.0066,1.14544,6.683e-06 
96,80,0.95,10,0.01,96,6.95444e-07,6.59128e-07,9.10025e-30,13.734,1.0551,1062.49,2846.28,2770.88,5.18941,21.1472,20.3169,-1.99927,-1.91963e-29,-2.41348e-13,25561.7,39726.4,3.09477,42.5036,2.76708,38.0031,-0.69564,0.0066,1.14827,6.683e-06 
97,80,0.95,0.01,10,97,5.79686e-07,6.89029e-07,9.51308e-30,14.357,0.841309,1062.49,2846.28,2770.88,5.18941,21.1472,20.3169,-1.35501,-1.08448e-29,6.19136e-14,29200.7,44486.7,2.42979,34.8846,2.13809,30.6966,-0.0714111,0.0066,1.2221,6.683e-06 
98,80,0.95,10,0.01,98,7.03085e-07,6.75835e-07,9.33092e-30,14.0821,1.04032,1062.49,2846.28,2770.88,5.18941,21.1472,20.3169,-1.95871,-1.90134e-29,-1.77517e-13,27555.2,43270.1,3.04894,42.9356,2.72104,38.3181,-0.656143,0.0066,1.10768,6.683e-06 
99,80,0.95,0.01,10,99,5.88561e-07,6.93784e-07,9.57873e-30,14.4561,0.848335,1062.49,2846.28,2770.88,5.18941,21.1472,20.3169,-1.37845,-1.12013e-29,-2.85979e-13,29809.5,44312,2.45158,35.4404,2.15746,31.1885,-0.0940655,0.0066,1.21271,6.683e-06 
100,100,0.85,0.01,10,100,6.02689e-07,6.91656e-07,9.54935e-30,14.4118,0.871371,1062.49,2846.28,2770.88,5.18941,21.1472,20.3169,-1.45403,-1.2099e-29,-3.0382e-13,29536.1,44244.6,2.52319,36.3637,2.2216,32.0173,-0.16707,0.0066,1.21116,6.683e-06 
101,100,0.85,10,0.01,101,6.8843e-07,6.69001e-07,9.23657e-30,13.9397,1.02904,1062.49,2846.28,2770.88,5.18941,21.1472,20.3169,-1.9274,-1.83196e-29,-2.93369e-13,26727.7,40834.4,3.01394,42.0135,2.68616,37.4443,-0.62568,0.0066,1.16712,6.683e-06 
102,100,0.85,10,0.01,102,6.74253e-07,6.77492e-07,9.3538e-30,14.1167,0.995219,1062.49,2846.28,2770.88,5.18941,21.1472,20.3169,-1.83163,-1.70508e-29,-3.21086e-13,27758.4,42085.1,2.90885,41.0633,2.58283,36.461,-0.532601,0.0066,1.20001,6.683e-06 
103,100,0.85,10,0.01,103,7.04151e-07,6.56995e-07,9.0708e-30,13.6896,1.07177,1062.49,2846.28,2770.88,5.18941,21.1472,20.3169,-2.04443,-1.98756e-29,-3.9591e-13,25314.4,38758.6,3.14645,43.0736,2.81948,38.5975,-0.739651,0.0066,1.19608,6.683e-06 
104,100,0.85,10,0.01,104,6.69137e-07,6.58378e-07,9.0899e-30,13.7184,1.01634,1062.49,2846.28,2770.88,5.18941,21.1472,20.3169,-1.89178,-1.74771e-29,-4.46243e-13,25474.7,38420.4,2.9745,40.8053,2.64713,36.3144,-0.591036,0.0066,1.1833,6.683e-06 
105,100,0.85,0.01,10,105,5.82573e-07,6.7682e-07,9.34452e-30,14.1027,0.86075,1062.49,2846.28,2770.88,5.18941,21.1472,20.3169,-1.41941,-1.14167e-29,3.92515e-13,27675.8,43042.5,2.49019,35.1182,2.1919,30.9117,-0.133609,0.0066,1.22822,6.683e-06 
106,100,0.85,0.01,10,106,6.07752e-07,6.93932e-07,9.58077e-30,14.4592,0.875809,1062.49,2846.28,2770.88,5.18941,21.1472,20.3169,-1.46838,-1.23211e-29,-5.19658e-13,29828.6,44133.1,2.537,36.683,2.23407,32.3029,-0.180935,0.0066,1.19284,6.683e-06 
107,100,0.85,10,0.01,107,6.78115e-07,6.2556e-07,8.6368e-30,13.0346,1.08401,1062.49,2846.28,2770.88,5.18941,21.1472,20.3169,-2.07717,-1.94473e-29,-3.58226e-14,21851.9,34353.1,3.18434,41.5065,2.85823,37.2558,-0.771592,0.0066,1.16708,6.683e-06 
108,100,0.85,10,0.01,108,6.45244e-07,6.26867e-07,8.65485e-30,13.0618,1.02932,1062.49,2846.28,2770.88,5.18941,21.1472,20.3169,-1.92817,-1.71772e-29,2.55349e-13,21989.1,35481.5,3.01479,39.3786,2.687,35.0971,-0.626423,0.0066,1.1578,6.683e-06 
109,100,0.85,0.01,10,109,5.79845e-07,6.79522e-07,9.38182e-30,14.159,0.853314,1062.49,2846.28,2770.88,5.18941,21.1472,20.3169,-1.39494,-1.11674e-29,1.05519e-12,28008.6,45536.9,2.46706,34.931,2.17124,30.7424,-0.109983,0.0066,1.21718,6.683e-06 
110,100,0.85,0.01,10,110,6.10061e-07,6.43922e-07,8.89031e-30,13.4172,0.947415,1062.49,2846.28,2770.88,5.18941,21.1472,20.3169,-1.69119,-1.42445e-29,-2.26647e-13,23833.2,35985.7,2.76004,37.032,2.44018,32.7403,-0.396414,0.0066,1.19784,6.683e-06 
111,100,0.85,10,0.01,111,6.67068e-07,6.51755e-07,8.99846e-30,13.5804,1.02349,1062.49,2846.28,2770.88,5.18941,21.1472,20.3169,-1.91189,-1.76083e-29,-3.4528e-13,24713.5,37791.5,2.99671,40.6965,2.66908,36.2471,-0.610592,0.0066,1.15176,6.683e-06 
112,100,0.85,0.01,10,112,5.86475e-07,6.76801e-07,9.34426e-30,14.1023,0.86654,1062.49,2846.28,2770.88,5.18941,21.1472,20.3169,-1.43833,-1.16464e-29,3.26466e-13,27673.6,43480.9,2.50818,35.371,2.20807,31.1388,-0.15189,0.0066,1.189,6.683e-06 
113,100,0.85,0.01,10,113,5.7272e-07,6.2131e-07,8.57811e-30,12.946,0.921795,1062.49,2846.28,2770.88,5.18941,21.1472,20.3169,-1.61329,-1.27567e-29,3.71217e-13,21409.5,34003.7,2.68016,34.6974,2.36538,30.6222,-0.321049,0.0066,1.18767,6.683e-06 
114,100,0.85,0.01,10,114,5.81507e-07,6.77212e-07,9.34994e-30,14.1108,0.858678,1062.49,2846.28,2770.88,5.18941,21.1472,20.3169,-1.41265,-1.13416e-29,8.77418e-14,27724,42144.1,2.48363,35.0461,2.18613,30.8482,-0.127141,0.0066,1.2456,6.683e-06 
115,100,0.85,10,0.01,115,6.72693e-07,6.80793e-07,9.39937e-30,14.1854,0.988102,1062.49,2846.28,2770.88,5.18941,21.1472,20.3169,-1.81111,-1.68208e-29,6.53566e-13,28166.1,46390.5,2.88672,40.9494,2.56134,36.3338,-0.512678,0.0066,1.17024,6.683e-06 
116,100,0.85,10,0.01,116,6.73737e-07,6.55919e-07,9.05595e-30,13.6672,1.02716,1062.49,2846.28,2770.88,5.18941,21.1472,20.3169,-1.92216,-1.78799e-29,-6.2342e-13,25190.3,37757.4,3.00811,41.1123,2.68037,36.633,-0.620582,0.0066,1.15162,6.683e-06 
117,100,0.85,0.01,10,117,5.86106e-07,6.8758e-07,9.49307e-30,14.3269,0.852419,1062.49,2846.28,2770.88,5.18941,21.1472,20.3169,-1.39198,-1.1264e-29,-8.59376e-13,29016.9,40599.2,2.46428,35.3054,2.16876,31.0715,-0.107128,0.0066,1.25768,6.683e-06 
118,100,0.85,10,0.01,118,6.82662e-07,6.24374e-07,8.62043e-30,13.0099,1.09335,1062.49,2846.28,2770.88,5.18941,21.1472,20.3169,-2.10193,-1.9811e-29,-1.50545e-13,21727.9,34146.9,3.21325,41.8039,2.88797,37.5721,-0.795753,0.0066,1.1381,6.683e-06 
119,100,0.85,0.01,10,119,6.46415e-07,6.32915e-07,8.73834e-30,13.1878,1.02133,1062.49,2846.28,2770.88,5.18941,21.1472,20.3169,-1.90582,-1.70089e-29,-5.09219e-13,22631.7,34276.5,2.98999,39.4314,2.66242,35.1116,-0.604685,0.0066,1.18924,6.683e-06 
120,120,0.85,0.01,10,120,6.10831e-07,6.54581e-07,9.03748e-30,13.6393,0.933163,1062.49,2846.28,2770.88,5.18941,21.1472,20.3169,-1.64809,-1.38991e-29,3.16333e-14,25036.4,39100.3,2.71562,37.0391,2.39843,32.7128,-0.354702,0.0066,1.18326,6.683e-06 
121,120,0.85,10,0.01,121,7.04508e-07,6.45833e-07,8.9167e-30,13.457,1.09085,1062.49,2846.28,2770.88,5.18941,21.1472,20.3169,-2.09531,-2.03807e-29,-1.86682e-13,24046,38143,3.2055,43.1365,2.87999,38.756,-0.789297,0.0066,1.11256,6.683e-06 
122,120,0.85,10,0.01,122,6.78388e-07,6.4921e-07,8.96332e-30,13.5274,1.04494,1062.49,2846.28,2770.88,5.18941,21.1472,20.3169,-1.97145,-1.8465e-29,3.57067e-13,24425.1,39619.8,3.06328,41.4381,2.73541,37.0028,-0.668552,0.0066,1.16985,6.683e-06 
123,120,0.85,10,0.01,123,6.87343e-07,6.80448e-07,9.39461e-30,14.1783,1.01013,1062.49,2846.28,2770.88,5.18941,21.1472,20.3169,-1.87422,-1.7786e-29,-7.07766e-13,28123.3,41823,2.95521,41.8997,2.62815,37.2626,-0.573969,0.0066,1.19642,6.683e-06 
124,120,0.85,10,0.01,124,6.63917e-07,6.65931e-07,9.19419e-30,13.8758,0.996974,1062.49,2846.28,2770.88,5.18941,21.1472,20.3169,-1.83668,-1.68357e-29,-1.14017e-13,26361.5,41700.2,2.91431,40.4383,2.58815,35.9126,-0.537497,0.0066,1.12704,6.683e-06 
125,120,0.85,0.01,10,125,5.84945e-07,7.00252e-07,9.66804e-30,14.5909,0.835335,1062.49,2846.28,2770.88,5.18941,21.1472,20.3169,-1.33503,-1.07818e-29,-5.40074e-13,30651,44797.1,2.41105,35.1794,2.12169,30.9574,-0.0522207,0.0066,1.2142,6.683e-06 
126,120,0.85,0.01,10,126,6.14315e-07,6.76331e-07,9.33776e-30,14.0925,0.908305,1062.49,2846.28,2770.88,5.18941,21.1472,20.3169,-1.5715,-1.33288e-29,-7.97087e-13,27615.9,39586.5,2.63808,37.1771,2.32647,32.7856,-0.280659,0.0066,1.2225,6.683e-06 
127,120,0.85,10,0.01,127,6.98599e-07,6.47128e-07,8.93457e-30,13.484,1.07954,1062.49,2846.28,2770.88,5.18941,21.1472,20.3169,-2.06524,-1.99197e-29,-2.92361e-13,24190.9,36941.1,3.17048,42.7507,2.84403,38.3488,-0.759953,0.0066,1.18278,6.683e-06 
128,120,0.85,10,0.01,128,7.21069e-07,6.57467e-07,9.07732e-30,13.6994,1.09674,1062.49,2846.28,2770.88,5.18941,21.1472,20.3169,-2.11085,-2.10145e-29,-1.29905e-12,25369,36853.4,3.22372,44.163,2.89878,39.7115,-0.804465,0.0066,1.12908,6.683e-06 
129,120,0.85,0.01,10,129,6.2394e-07,6.73712e-07,9.30161e-30,14.0379,0.926123,1062.49,2846.28,2770.88,5.18941,21.1472,20.3169,-1.62659,-1.40121e-29,-3.24852e-13,27296.4,40942.1,2.69366,37.8134,2.37793,33.3812,-0.333902,0.0066,1.20578,6.683e-06 
130,120,0.85,0.01,10,130,6.0794e-07,6.58241e-07,9.088e-30,13.7155,0.923582,1062.49,2846.28,2770.88,5.18941,21.1472,20.3169,-1.61879,-1.35874e-29,-6.19599e-14,25458.7,38425.3,2.68574,36.8363,2.37056,32.5135,-0.326364,0.0066,1.25241,6.683e-06 
131,120,0.85,10,0.01,131,6.88316e-07,6.50129e-07,8.976e-30,13.5465,1.05874,1062.49,2846.28,2770.88,5.18941,21.1472,20.3169,-2.00918,-1.90937e-29,8.34038e-14,24529,39368.6,3.10606,42.0762,2.77848,37.6387,-0.705296,0.0066,1.12561,6.683e-06 
132,120,0.85,0.01,10,132,5.82701e-07,6.64728e-07,9.17756e-30,13.8507,0.876601,1062.49,2846.28,2770.88,5.18941,21.1472,20.3169,-1.47093,-1.18337e-29,2.83358e-13,26218.8,40619,2.53947,35.1734,2.2363,30.9743,-0.183392,0.0066,1.2129,6.683e-06 
133,120,0.85,0.01,10,133,5.81945e-07,6.6037e-07,9.1174e-30,13.7599,0.881242,1062.49,2846.28,2770.88,5.18941,21.1472,20.3169,-1.48586,-1.19383e-29,1.74143e-13,25706.5,39900.6,2.55389,35.1413,2.24938,30.9513,-0.197832,0.0066,1.1947,6.683e-06 
134,120,0.85,0.01,10,134,5.83361e-07,6.78964e-07,9.37411e-30,14.1473,0.859193,1062.49,2846.28,2770.88,5.18941,21.1472,20.3169,-1.41434,-1.13913e-29,-7.45174e-14,27939.7,41922.6,2.48524,35.1595,2.18757,30.9482,-0.128765,0.0066,1.23283,6.683e-06 
135,120,0.85,10,0.01,135,6.54266e-07,6.48658e-07,8.9557e-30,13.5159,1.00865,1062.49,2846.28,2770.88,5.18941,21.1472,20.3169,-1.87,-1.68919e-29,1.50565e-13,24362.9,38270.9,2.95059,39.8797,2.62362,35.4604,-0.569865,0.0066,1.1836,6.683e-06 
136,120,0.85,10,0.01,136,6.619e-07,6.52836e-07,9.01338e-30,13.6029,1.01388,1062.49,2846.28,2770.88,5.18941,21.1472,20.3169,-1.88484,-1.72247e-29,2.40284e-13,24836.7,39647.6,2.96687,40.358,2.63961,35.9064,-0.584292,0.0066,1.19647,6.683e-06 
137,120,0.85,0.01,10,137,5.9694e-07,6.01697e-07,8.30733e-30,12.5373,0.992094,1062.49,2846.28,2770.88,5.18941,21.1472,20.3169,-1.82264,-1.50216e-29,3.38433e-13,19445.3,30831.3,2.89913,36.3474,2.57339,32.2634,-0.523869,0.0066,1.19428,6.683e-06 
138,120,0.85,10,0.01,138,6.90946e-07,6.22446e-07,8.5938e-30,12.9697,1.11005,1062.49,2846.28,2770.88,5.18941,21.1472,20.3169,-2.14571,-2.04691e-29,-1.70238e-13,21527.2,33624,3.26489,42.3446,2.94149,38.1502,-0.838505,0.0066,1.12799,6.683e-06 
139,120,0.85,0.01,10,139,5.55852e-07,5.91969e-07,8.17303e-30,12.3347,0.938987,1062.49,2846.28,2770.88,5.18941,21.1472,20.3169,-1.66577,-1.27838e-29,6.75873e-13,18517.4,30011.9,2.73378,33.7202,2.41545,29.7937,-0.371814,0.0066,1.2144,6.683e-06 
140,140,0.75,0.01,10,140,6.17928e-07,6.14699e-07,8.48684e-30,12.8083,1.00525,1062.49,2846.28,2770.88,5.18941,21.1472,20.3169,-1.86034,-1.58714e-29,-1.62447e-13,20733.3,31878,2.94004,37.6568,2.61328,33.4716,-0.560487,0.0066,1.1905,6.683e-06 
141,140,0.75,10,0.01,141,6.49464e-07,6.62073e-07,9.14092e-30,13.7954,0.980954,1062.49,2846.28,2770.88,5.18941,21.1472,20.3169,-1.79037,-1.60539e-29,4.53003e-13,25906,41803.9,2.86448,39.5166,2.53985,35.0382,-0.492547,0.0066,1.16031,6.683e-06 
142,140,0.75,10,0.01,142,6.51566e-07,6.47447e-07,8.93898e-30,13.4906,1.00636,1062.49,2846.28,2770.88,5.18941,21.1472,20.3169,-1.8635,-1.67638e-29,-3.0456e-13,24226.7,36902.4,2.94349,39.7095,2.61666,35.3003,-0.563555,0.0066,1.15876,6.683e-06 
143,140,0.75,10,0.01,143,6.69477e-07,6.63386e-07,9.15904e-30,13.8227,1.00918,1062.49,2846.28,2770.88,5.18941,21.1472,20.3169,-1.87152,-1.72987e-29,2.44685e-13,26060.3,41455,2.95226,40.8082,2.62525,36.2882,-0.571346,0.0066,1.2002,6.683e-06 
144,140,0.75,10,0.01,144,6.52123e-07,6.40389e-07,8.84153e-30,13.3436,1.01832,1062.49,2846.28,2770.88,5.18941,21.1472,20.3169,-1.89737,-1.7083e-29,3.94886e-13,23443,38113.3,2.98066,39.7725,2.6532,35.4032,-0.596468,0.0066,1.1733,6.683e-06 
145,140,0.75,0.01,10,145,5.82147e-07,6.45271e-07,8.90893e-30,13.4453,0.902175,1062.49,2846.28,2770.88,5.18941,21.1472,20.3169,-1.55232,-1.24766e-29,1.67333e-13,23983.2,36819.5,2.61898,35.2129,2.30889,31.0437,-0.262115,0.0066,1.24108,6.683e-06 
146,140,0.75,0.01,10,146,5.94824e-07,6.86204e-07,9.47408e-30,14.2982,0.866833,1062.49,2846.28,2770.88,5.18941,21.1472,20.3169,-1.43928,-1.182e-29,1.70254e-14,28843.1,43838.9,2.5091,35.8756,2.20889,31.5831,-0.152808,0.0066,1.25733,6.683e-06 
147,140,0.75,10,0.01,147,6.5665e-07,6.50393e-07,8.97966e-30,13.552,1.00962,1062.49,2846.28,2770.88,5.18941,21.1472,20.3169,-1.87276,-1.69785e-29,-1.46259e-13,24558.9,38643.8,2.95361,40.0274,2.62659,35.5955,-0.572551,0.0066,1.13539,6.683e-06 
148,140,0.75,10,0.01,148,6.92725e-07,6.54801e-07,9.04052e-30,13.6439,1.05792,1062.49,2846.28,2770.88,5.18941,21.1472,20.3169,-2.00694,-1.91946e-29,-5.34047e-13,25061.7,37676.1,3.10351,42.3438,2.7759,37.8741,-0.703119,0.0066,1.20062,6.683e-06 
149,140,0.75,0.01,10,149,5.90933e-07,6.61484e-07,9.13278e-30,13.7831,0.893344,1062.49,2846.28,2770.88,5.18941,21.1472,20.3169,-1.52445,-1.24376e-29,-1.36946e-13,25836.9,38797.5,2.59152,35.7192,2.28369,31.4764,-0.235156,0.0066,1.23446,6.683e-06 
150,140,0.75,0.01,10,150,6.12897e-07,6.47644e-07,8.94169e-30,13.4947,0.946349,1062.49,2846.28,2770.88,5.18941,21.1472,20.3169,-1.68798,-1.42836e-29,-2.19316e-14,24248.8,36440.4,2.75672,37.2012,2.43704,32.8872,-0.393312,0.0066,1.25534,6.683e-06 
151,140,0.75,10,0.01,151,6.97963e-07,6.86801e-07,9.48232e-30,14.3106,1.01625,1062.49,2846.28,2770.88,5.18941,21.1472,20.3169,-1.89153,-1.82276e-29,-3.45828e-13,28918.4,43897.2,2.97422,42.563,2.64686,37.8782,-0.590791,0.0066,1.19847,6.683e-06 
152,140,0.75,0.01,10,152,6.01645e-07,6.36339e-07,8.78562e-30,13.2592,0.945478,1062.49,2846.28,2770.88,5.18941,21.1472,20.3169,-1.68536,-1.39996e-29,3.60296e-13,23001.1,36170.9,2.75401,36.5158,2.43448,32.2792,-0.390776,0.0066,1.20581,6.683e-06 
153,140,0.75,0.01,10,153,5.81623e-07,6.4266e-07,8.87289e-30,13.3909,0.905024,1062.49,2846.28,2770.88,5.18941,21.1472,20.3169,-1.56126,-1.25372e-29,-3.52632e-13,23693.3,35869,2.62783,35.1889,2.31705,31.0274,-0.270771,0.0066,1.18487,6.683e-06 
154,140,0.75,0.01,10,154,6.32409e-07,6.16143e-07,8.50677e-30,12.8383,1.0264,1062.49,2846.28,2770.88,5.18941,21.1472,20.3169,-1.92003,-1.67645e-29,-5.52098e-13,20879.7,31905.9,3.00574,38.5887,2.67802,34.3813,-0.618506,0.0066,1.11203,6.683e-06 
155,140,0.75,10,0.01,155,6.45401e-07,6.29117e-07,8.6859e-30,13.1087,1.02588,1062.49,2846.28,2770.88,5.18941,21.1472,20.3169,-1.91858,-1.7096e-29,5.22097e-13,22226.7,36009.7,3.00413,39.3802,2.67643,35.0844,-0.617101,0.0066,1.18085,6.683e-06 
156,140,0.75,10,0.01,156,7.37098e-07,6.25489e-07,8.63582e-30,13.0331,1.17843,1062.49,2846.28,2770.88,5.18941,21.1472,20.3169,-2.31898,-2.35997e-29,-8.50605e-13,21844.5,33615.7,3.47599,45.3029,3.16546,41.2558,-1.00802,0.0066,1.07734,6.683e-06 
157,140,0.75,0.01,10,157,5.87178e-07,5.93579e-07,8.19524e-30,12.3682,0.989217,1062.49,2846.28,2770.88,5.18941,21.1472,20.3169,-1.81433,-1.47086e-29,1.69812e-13,18668.8,29365.4,2.89018,35.7463,2.5647,31.7207,-0.515806,0.0066,1.15127,6.683e-06 
158,140,0.75,10,0.01,158,6.53891e-07,6.27355e-07,8.66158e-30,13.072,1.0423,1062.49,2846.28,2770.88,5.18941,21.1472,20.3169,-1.96417,-1.77324e-29,-3.29807e-13,22040.5,34020.3,3.05508,39.9359,2.72719,35.6497,-0.661459,0.0066,1.14357,6.683e-06 
159,140,0.75,0.01,10,159,6.17564e-07,6.3197e-07,8.7253e-30,13.1681,0.977205,1062.49,2846.28,2770.88,5.18941,21.1472,20.3169,-1.77943,-1.51722e-29,-1.44006e-13,22530.5,33503.7,2.85281,37.5662,2.52861,33.2971,-0.481939,0.0066,1.22564,6.683e-06 
