cyc,freq,amplitude,time,waittime,T,TF,EF,ToTF,wx,wy,wz,q,offs,N,Npix,ENoEF,EkHz,ENoEF2,EkHz2,SN,tof,AR
0,40,0.5,0.01,10.99,3.85752e-07,7.43895e-07,1.02706e-29,0.518556,1062.49,2846.28,2770.88,-0.0383686,-6.16347e-14,36746.6,49464.1,1.42405,22.0732,1.35343,20.9785,1.73809e-23,0.0066,1.4183 
1,40,0.5,0.01,10.99,3.97393e-07,7.06596e-07,9.75562e-30,0.562405,1062.49,2846.28,2770.88,-0.255049,4.97454e-13,31491.6,44582.6,1.55636,22.9145,1.44721,21.3074,2.05023e-23,0.0066,1.39174 
2,40,0.5,0.01,10.99,3.87027e-07,7.79091e-07,1.07565e-29,0.496767,1062.49,2846.28,2770.88,0.0764217,5.2109e-13,42213,58214.1,1.35989,22.076,1.30845,21.241,1.57427e-23,0.0066,1.46569 
3,40,0.5,10,1,4.67568e-07,7.06182e-07,9.74991e-30,0.662106,1062.49,2846.28,2770.88,-0.693121,7.76007e-15,31436.4,43689.5,1.86782,27.484,1.67605,24.6622,2.68801e-23,0.0066,1.36257 
4,40,0.5,10,1,4.65176e-07,7.27575e-07,1.00453e-29,0.639352,1062.49,2846.28,2770.88,-0.598545,3.27395e-13,34380.7,49767.8,1.79619,27.2307,1.62197,24.5894,2.55029e-23,0.0066,1.34897 
5,40,0.5,0.01,10.99,3.96503e-07,7.47296e-07,1.03175e-29,0.530584,1062.49,2846.28,2770.88,-0.0996098,4.48139e-13,37252.8,51917.8,1.45993,22.7327,1.37872,21.4682,1.82594e-23,0.0066,1.41262 
6,40,0.5,0.01,10.99,3.88198e-07,7.57848e-07,1.04632e-29,0.512237,1062.49,2846.28,2770.88,-0.00560607,4.80701e-13,38853.3,53995.9,1.40533,22.1915,1.34027,21.1643,1.69122e-23,0.0066,1.45887 
7,40,0.5,0.01,10.99,3.89174e-07,7.19675e-07,9.9362e-30,0.540763,1062.49,2846.28,2770.88,-0.150342,8.49119e-14,33273,45065,1.49054,22.3515,1.40038,20.9996,1.89893e-23,0.0066,1.41617 
8,40,0.5,10,1,4.52773e-07,7.67559e-07,1.05973e-29,0.589886,1062.49,2846.28,2770.88,-0.382421,5.30571e-13,40366.1,57675.8,1.64127,26.2495,1.50816,24.1205,2.23531e-23,0.0066,1.36322 
9,40,0.5,10,1,4.63462e-07,7.2934e-07,1.00696e-29,0.635454,1062.49,2846.28,2770.88,-0.582023,1.55038e-13,34631.5,48937.4,1.78399,27.1113,1.61281,24.5099,2.52627e-23,0.0066,1.34088 
10,40,0.5,10,1,4.51162e-07,7.33037e-07,1.01207e-29,0.61547,1062.49,2846.28,2770.88,-0.496098,8.4678e-13,35160.9,51963.5,1.72123,26.2902,1.56637,23.9248,2.401e-23,0.0066,1.39403 
11,40,0.5,0.01,10.99,3.99981e-07,7.76154e-07,1.0716e-29,0.515337,1062.49,2846.28,2770.88,-0.0217324,-2.08844e-13,41737.4,55938.9,1.4145,22.8759,1.34672,21.7797,1.71428e-23,0.0066,1.43138 
12,40,0.5,0.01,10.99,3.99467e-07,7.73309e-07,1.06767e-29,0.516569,1062.49,2846.28,2770.88,-0.0281082,1.01583e-12,41280.2,59150.7,1.41815,22.8509,1.34928,21.7412,1.7234e-23,0.0066,1.44245 
13,40,0.5,0.01,10.99,3.81707e-07,7.51012e-07,1.03689e-29,0.508257,1062.49,2846.28,2770.88,0.0152695,6.21891e-13,37811.4,53043.1,1.39361,21.8081,1.33203,20.8444,1.66144e-23,0.0066,1.41254 
14,40,0.5,10,1,4.79671e-07,7.76779e-07,1.07246e-29,0.617513,1062.49,2846.28,2770.88,-0.50499,-6.95485e-15,41838.4,58461,1.72764,27.9627,1.57108,25.4287,2.41397e-23,0.0066,1.37854 
15,40,0.5,10,1,4.74417e-07,7.26649e-07,1.00325e-29,0.652883,1062.49,2846.28,2770.88,-0.655114,-3.5737e-13,34249.6,46823.8,1.8388,27.8411,1.654,25.0431,2.63271e-23,0.0066,1.39127 
16,40,0.5,10,1,4.58986e-07,7.23374e-07,9.98726e-30,0.634508,1062.49,2846.28,2770.88,-0.578018,-1.12848e-13,33788.6,47021.8,1.78101,26.8446,1.61059,24.276,2.52043e-23,0.0066,1.35471 
17,40,0.5,10,1,4.67193e-07,7.46136e-07,1.03015e-29,0.62615,1062.49,2846.28,2770.88,-0.542318,1.00381e-13,37079.7,52222.7,1.75475,27.2811,1.59109,24.7366,2.46839e-23,0.0066,1.37073 
18,40,0.5,0.01,10.99,3.8467e-07,7.63257e-07,1.05379e-29,0.503984,1062.49,2846.28,2770.88,0.0378224,2.8229e-13,39691.2,54702.6,1.38104,21.9636,1.32323,21.0443,1.62925e-23,0.0066,1.42187 
19,40,0.5,10,1,4.60452e-07,7.48441e-07,1.03334e-29,0.615215,1062.49,2846.28,2770.88,-0.494984,1.03964e-13,37424.4,52804,1.72043,26.8302,1.56578,24.4184,2.39938e-23,0.0066,1.36741 
20,40,0.3,0.01,10.99,3.90623e-07,7.73895e-07,1.06848e-29,0.504749,1062.49,2846.28,2770.88,0.0337668,4.14982e-13,41374.1,56954.6,1.38327,22.3058,1.3248,21.3629,1.63502e-23,0.0066,1.45662 
21,40,0.3,0.01,10.99,3.94444e-07,7.49769e-07,1.03517e-29,0.526087,1062.49,2846.28,2770.88,-0.0768837,-1.89593e-13,37624,49724.5,1.44648,22.5978,1.36923,21.391,1.7933e-23,0.0066,1.43521 
22,40,0.3,10,1,4.36332e-07,7.07793e-07,9.77215e-30,0.616468,1062.49,2846.28,2770.88,-0.500445,-1.03324e-14,31652,43804.4,1.72436,25.431,1.56867,23.1348,2.40734e-23,0.0066,1.38179 
23,40,0.3,10,1,4.25207e-07,7.63785e-07,1.05452e-29,0.55671,1062.49,2846.28,2770.88,-0.227895,-3.03955e-14,39773.6,53833.7,1.53894,24.4919,1.43478,22.8342,2.01091e-23,0.0066,1.43263 
24,40,0.3,0.01,10.99,3.95891e-07,7.40483e-07,1.02235e-29,0.534639,1062.49,2846.28,2770.88,-0.119941,-4.73268e-13,36243.2,47037.8,1.47209,22.7132,1.38732,21.4052,1.85517e-23,0.0066,1.42775 
25,40,0.3,0.01,10.99,3.88464e-07,7.71447e-07,1.0651e-29,0.503553,1062.49,2846.28,2770.88,0.0401149,4.98925e-13,40982.6,55826.2,1.37978,22.179,1.32234,21.2558,1.62599e-23,0.0066,1.47535 
26,40,0.3,10,1,4.1849e-07,7.73879e-07,1.06846e-29,0.540769,1062.49,2846.28,2770.88,-0.150369,3.0245e-13,41371.5,56931.8,1.49055,24.0352,1.40039,22.5814,1.89897e-23,0.0066,1.42918 
27,40,0.3,0.01,10.99,3.81475e-07,7.7328e-07,1.06763e-29,0.49332,1062.49,2846.28,2770.88,0.095066,1.51213e-13,41275.4,55918.7,1.34984,21.7493,1.30144,20.9695,1.54776e-23,0.0066,1.45351 
28,40,0.3,0.01,10.99,3.94914e-07,7.53799e-07,1.04073e-29,0.523898,1062.49,2846.28,2770.88,-0.065747,6.94658e-13,38233.9,54467.2,1.43995,22.6167,1.36462,21.4336,1.77733e-23,0.0066,1.41631 
29,40,0.3,10,1,4.27062e-07,7.22488e-07,9.97504e-30,0.591098,1062.49,2846.28,2770.88,-0.387907,7.49504e-13,33664.7,49086.4,1.64505,24.7649,1.51088,22.7452,2.2433e-23,0.0066,1.39507 
30,40,0.3,10,1,4.21918e-07,7.29071e-07,1.00659e-29,0.578706,1062.49,2846.28,2770.88,-0.33131,-4.83596e-14,34593.2,46785.4,1.60657,24.4061,1.48316,22.5313,2.16093e-23,0.0066,1.40254 
31,40,0.3,10,1,4.15858e-07,7.72298e-07,1.06627e-29,0.538469,1062.49,2846.28,2770.88,-0.138991,4.28263e-13,41118.4,57571.8,1.48362,23.8745,1.39548,22.4562,1.88258e-23,0.0066,1.43969 
32,40,0.3,0.01,10.99,3.96108e-07,7.33341e-07,1.01249e-29,0.540142,1062.49,2846.28,2770.88,-0.147273,2.44788e-13,35204.6,48783.4,1.48866,22.7473,1.39905,21.3781,1.89451e-23,0.0066,1.42191 
33,40,0.3,0.01,10.99,3.88317e-07,7.28697e-07,1.00608e-29,0.532891,1062.49,2846.28,2770.88,-0.111197,4.49832e-13,34540.1,47550.4,1.46685,22.272,1.38361,21.0082,1.84259e-23,0.0066,1.45241 
34,40,0.3,0.01,10.99,3.73749e-07,7.58746e-07,1.04756e-29,0.492588,1062.49,2846.28,2770.88,0.0990397,-3.49191e-13,38991.6,49994.1,1.34771,21.307,1.29995,20.5519,1.54212e-23,0.0066,1.47027 
35,40,0.3,10,1,4.26823e-07,7.25961e-07,1.0023e-29,0.587942,1062.49,2846.28,2770.88,-0.373597,1.23485e-13,34152.5,47140.2,1.63523,24.7354,1.50379,22.7473,2.22246e-23,0.0066,1.41511 
36,40,0.3,10,1,4.50613e-07,6.76674e-07,9.3425e-30,0.665924,1062.49,2846.28,2770.88,-0.708719,-2.37616e-15,27657.9,38911,1.87984,26.505,1.68523,23.7611,2.71069e-23,0.0066,1.36463 
37,40,0.3,10,1,4.24548e-07,7.2362e-07,9.99066e-30,0.5867,1062.49,2846.28,2770.88,-0.36795,4.02777e-13,33823,47485.1,1.63137,24.5974,1.50101,22.6319,2.21424e-23,0.0066,1.40489 
38,40,0.3,10,1,4.29834e-07,7.09694e-07,9.7984e-30,0.605661,1062.49,2846.28,2770.88,-0.453025,3.48266e-13,31907.7,45425.4,1.69051,24.9987,1.54389,22.8305,2.3382e-23,0.0066,1.41837 
39,40,0.3,0.01,10.99,3.93922e-07,7.61111e-07,1.05083e-29,0.517562,1062.49,2846.28,2770.88,-0.033238,4.08455e-13,39357.4,53892.6,1.4211,22.5372,1.35135,21.4311,1.73075e-23,0.0066,1.45899 
40,40,0.7,0.01,10.99,3.90495e-07,7.40972e-07,1.02302e-29,0.527005,1062.49,2846.28,2770.88,-0.0815342,6.85529e-13,36315,51199.4,1.44922,22.375,1.37116,21.1698,1.79998e-23,0.0066,1.42837 
41,40,0.7,0.01,10.99,4.02843e-07,7.63054e-07,1.05351e-29,0.527935,1062.49,2846.28,2770.88,-0.0862431,7.15039e-13,39659.5,56272.9,1.452,23.086,1.37312,21.8319,1.80674e-23,0.0066,1.45125 
42,40,0.7,5,6,4.52001e-07,7.36833e-07,1.01731e-29,0.613438,1062.49,2846.28,2770.88,-0.487224,3.79328e-13,35709.9,51298.2,1.71486,26.3284,1.5617,23.9769,2.38806e-23,0.0066,1.38988 
43,40,0.7,0.01,10.99,3.87856e-07,7.74076e-07,1.06873e-29,0.501057,1062.49,2846.28,2770.88,0.0534217,5.42141e-13,41403.1,57291.1,1.37245,22.1364,1.31722,21.2457,1.60702e-23,0.0066,1.43389 
44,40,0.7,0.01,10.99,3.89337e-07,7.73619e-07,1.0681e-29,0.503267,1062.49,2846.28,2770.88,0.0416326,1.46717e-13,41329.8,55210.1,1.37894,22.228,1.32175,21.3062,1.62383e-23,0.0066,1.48086 
45,40,0.7,5,6,4.74774e-07,7.14346e-07,9.86262e-30,0.664628,1062.49,2846.28,2770.88,-0.703435,-2.69856e-13,32539.2,44968,1.87576,27.9199,1.68211,25.0375,2.70301e-23,0.0066,1.3429 
46,40,0.7,0.01,10.99,3.91788e-07,7.30234e-07,1.0082e-29,0.536524,1062.49,2846.28,2770.88,-0.129333,5.90358e-13,34759,49546.5,1.47776,22.4851,1.39133,21.17,1.86868e-23,0.0066,1.39818 
47,40,0.7,0.01,10.99,3.86791e-07,7.87097e-07,1.08671e-29,0.491415,1062.49,2846.28,2770.88,0.105431,1.24053e-13,43527.8,58324.9,1.3443,22.0472,1.29758,21.2808,1.53305e-23,0.0066,1.46335 
48,40,0.7,5,6,4.66068e-07,7.57634e-07,1.04603e-29,0.615162,1062.49,2846.28,2770.88,-0.494754,-2.18877e-13,38820.4,53506.8,1.72027,27.1571,1.56566,24.7164,2.39905e-23,0.0066,1.34013 
49,40,0.7,5,6,4.55151e-07,7.33539e-07,1.01276e-29,0.620487,1062.49,2846.28,2770.88,-0.517892,3.71174e-13,35233.2,50316.8,1.73697,26.5487,1.57795,24.1182,2.43278e-23,0.0066,1.41366 
50,40,0.7,5,6,4.58735e-07,7.06574e-07,9.75532e-30,0.649238,1062.49,2846.28,2770.88,-0.639967,7.97665e-14,31488.7,44414.7,1.82733,26.9032,1.64533,24.2236,2.61066e-23,0.0066,1.37723 
51,40,0.7,0.01,10.99,3.83843e-07,7.58927e-07,1.04781e-29,0.505771,1062.49,2846.28,2770.88,0.0283592,1.09863e-12,39019.4,55963.7,1.38626,21.9216,1.32691,20.983,1.64272e-23,0.0066,1.45799 
52,40,0.7,0.01,10.99,3.85347e-07,7.69117e-07,1.06188e-29,0.501025,1062.49,2846.28,2770.88,0.053589,3.96031e-13,40612.4,55910.6,1.37235,21.9931,1.31716,21.1085,1.60678e-23,0.0066,1.44073 
53,40,0.7,0.01,10.99,3.80506e-07,7.71897e-07,1.06572e-29,0.492949,1062.49,2846.28,2770.88,0.0970796,1.85416e-13,41054.4,54913.9,1.34876,21.6931,1.30069,20.9199,1.5449e-23,0.0066,1.46616 
54,40,0.7,5,6,4.55038e-07,7.10774e-07,9.8133e-30,0.640201,1062.49,2846.28,2770.88,-0.602118,9.98687e-14,32053.6,45282.5,1.79888,26.6417,1.62397,24.0512,2.55551e-23,0.0066,1.3672 
55,40,0.7,5,6,4.58987e-07,7.64501e-07,1.05551e-29,0.600375,1062.49,2846.28,2770.88,-0.429556,-2.71749e-14,39885.5,55209.1,1.67398,26.6659,1.53185,24.4019,2.30399e-23,0.0066,1.37064 
56,40,0.7,5,6,4.63696e-07,7.62309e-07,1.05248e-29,0.608278,1062.49,2846.28,2770.88,-0.464576,1.8001e-13,39543.5,56080.2,1.6987,26.9821,1.54987,24.618,2.35504e-23,0.0066,1.35752 
57,40,0.7,5,6,4.55159e-07,7.56633e-07,1.04465e-29,0.601558,1062.49,2846.28,2770.88,-0.434821,1.79267e-13,38666.8,53970.7,1.67768,26.4498,1.53454,24.1931,2.31166e-23,0.0066,1.37922 
58,40,0.7,0.01,10.99,3.87153e-07,7.45097e-07,1.02872e-29,0.519602,1062.49,2846.28,2770.88,-0.0437488,-1.09746e-13,36924.9,49224.7,1.42716,22.157,1.35561,21.0463,1.7458e-23,0.0066,1.436 
59,40,0.7,5,6,4.60075e-07,7.45654e-07,1.02949e-29,0.617008,1062.49,2846.28,2770.88,-0.502797,6.74283e-13,37007.8,54529.8,1.72606,26.8176,1.56992,24.3917,2.41077e-23,0.0066,1.35275 
60,40,1.1,0.01,10.99,3.88563e-07,7.57053e-07,1.04523e-29,0.513257,1062.49,2846.28,2770.88,-0.0109201,6.28933e-13,38731.2,54517.8,1.40834,22.2158,1.34239,21.1754,1.69882e-23,0.0066,1.4274 
61,40,1.1,0.01,10.99,3.89039e-07,7.89227e-07,1.08965e-29,0.492937,1062.49,2846.28,2770.88,0.0971476,-3.73782e-13,43882.2,57452.6,1.34872,22.1796,1.30066,21.3892,1.54481e-23,0.0066,1.43722 
62,40,1.1,2.5,8.5,4.72713e-07,7.11885e-07,9.82864e-30,0.66403,1062.49,2846.28,2770.88,-0.70099,-9.86642e-14,32204.1,45255.7,1.87388,27.7957,1.68067,24.9299,2.69945e-23,0.0066,1.34476 
63,40,1.1,2.5,8.5,4.83271e-07,7.6551e-07,1.0569e-29,0.631305,1062.49,2846.28,2770.88,-0.564385,-3.24056e-13,40043.7,54643.2,1.77095,28.2478,1.6031,25.5705,2.50056e-23,0.0066,1.37369 
64,40,1.1,0.01,10.99,3.93479e-07,7.49243e-07,1.03444e-29,0.525169,1062.49,2846.28,2770.88,-0.0722161,6.29936e-13,37544.7,53633.9,1.44373,22.5392,1.36729,21.3458,1.78661e-23,0.0066,1.40348 
65,40,1.1,0.01,10.99,3.8384e-07,7.25946e-07,1.00228e-29,0.528745,1062.49,2846.28,2770.88,-0.0903417,3.06486e-13,34150.3,46349.9,1.45442,22,1.37483,20.7961,1.81262e-23,0.0066,1.48272 
66,40,1.1,2.5,8.5,4.77566e-07,7.98561e-07,1.10253e-29,0.598033,1062.49,2846.28,2770.88,-0.419095,-3.6267e-15,45457.6,63445.9,1.66667,27.7323,1.52654,25.4007,2.28874e-23,0.0066,1.37859 
67,40,1.1,0.01,10.99,3.80817e-07,7.64031e-07,1.05486e-29,0.498431,1062.49,2846.28,2770.88,0.0674575,2.41479e-13,39812.1,54279.6,1.36473,21.7263,1.31185,20.8845,1.58699e-23,0.0066,1.45689 
68,40,1.1,0.01,10.99,3.9383e-07,7.7654e-07,1.07213e-29,0.507161,1062.49,2846.28,2770.88,0.0210319,7.58132e-13,41799.6,58544.5,1.39037,22.4968,1.32977,21.5163,1.65319e-23,0.0066,1.46621 
69,40,1.1,2.5,8.5,4.67922e-07,7.48901e-07,1.03397e-29,0.624812,1062.49,2846.28,2770.88,-0.536563,6.0185e-13,37493.4,54950.2,1.75055,27.3166,1.58798,24.7797,2.46e-23,0.0066,1.34818 
70,40,1.1,2.5,8.5,4.62561e-07,7.80248e-07,1.07725e-29,0.592839,1062.49,2846.28,2770.88,-0.395763,2.86519e-14,42401.4,58645.7,1.65047,26.8329,1.5148,24.6273,2.25474e-23,0.0066,1.37564 
71,40,1.1,0.01,10.99,3.93997e-07,7.81224e-07,1.0786e-29,0.504332,1062.49,2846.28,2770.88,0.0359748,8.07531e-13,42560.6,59875.6,1.38205,22.4972,1.32394,21.5513,1.63188e-23,0.0066,1.46167 
72,40,1.1,0.01,10.99,3.99957e-07,7.445e-07,1.02789e-29,0.537216,1062.49,2846.28,2770.88,-0.132775,3.28616e-13,36836.2,51595.6,1.47984,22.9566,1.39281,21.6064,1.87363e-23,0.0066,1.39644 
73,40,1.1,0.01,10.99,3.90362e-07,7.42147e-07,1.02465e-29,0.52599,1062.49,2846.28,2770.88,-0.0763904,2.39984e-13,36488.2,49710.7,1.44619,22.3636,1.36902,21.1703,1.7926e-23,0.0066,1.44335 
74,40,1.1,2.5,8.5,4.74844e-07,7.40217e-07,1.02198e-29,0.641493,1062.49,2846.28,2770.88,-0.607545,1.05513e-13,36204.1,50792.7,1.80297,27.8084,1.62701,25.0944,2.56345e-23,0.0066,1.4 
75,40,1.1,2.5,8.5,4.71496e-07,7.49261e-07,1.03447e-29,0.629281,1062.49,2846.28,2770.88,-0.55574,-3.47803e-13,37547.5,51418.6,1.76459,27.5489,1.59838,24.954,2.48796e-23,0.0066,1.34702 
76,40,1.1,2.5,8.5,4.63508e-07,7.66001e-07,1.05758e-29,0.605101,1062.49,2846.28,2770.88,-0.450539,5.11292e-13,40120.8,57481.2,1.68876,26.9541,1.54261,24.6214,2.33458e-23,0.0066,1.37977 
77,40,1.1,2.5,8.5,4.67477e-07,7.41825e-07,1.0242e-29,0.630172,1062.49,2846.28,2770.88,-0.559546,1.1369e-13,36440.7,51800.9,1.76738,27.3187,1.60045,24.7385,2.49351e-23,0.0066,1.33929 
78,40,1.1,0.01,10.99,3.83584e-07,7.55981e-07,1.04374e-29,0.507399,1062.49,2846.28,2770.88,0.0197778,1.08461e-12,38566.8,55659.2,1.39107,21.9123,1.33026,20.9544,1.65499e-23,0.0066,1.45667 
79,40,1.1,2.5,8.5,4.57407e-07,7.76933e-07,1.07267e-29,0.588734,1062.49,2846.28,2770.88,-0.377193,1.24779e-13,41863.3,58798.7,1.63769,26.512,1.50557,24.3732,2.22769e-23,0.0066,1.36949 
80,40,1.3,0.01,10.99,3.84156e-07,7.52924e-07,1.03952e-29,0.51022,1062.49,2846.28,2770.88,0.00493962,2.12794e-13,38100.8,52013.6,1.39936,21.9538,1.33609,20.9611,1.67614e-23,0.0066,1.46295 
81,40,1.3,0.01,10.99,3.94463e-07,7.14889e-07,9.87011e-30,0.551782,1062.49,2846.28,2770.88,-0.204177,-1.75817e-13,32613.5,43971.1,1.52393,22.7002,1.42409,21.2131,1.97662e-23,0.0066,1.39283 
82,40,1.3,2.5,8.5,4.91271e-07,7.52868e-07,1.03945e-29,0.652533,1062.49,2846.28,2770.88,-0.653662,1.09805e-13,38092.4,54775.8,1.8377,28.8284,1.65317,25.9336,2.6306e-23,0.0066,1.30457 
83,40,1.3,2.5,8.5,4.8611e-07,7.58244e-07,1.04687e-29,0.6411,1062.49,2846.28,2770.88,-0.605897,6.60537e-14,38914.2,55149.4,1.80173,28.4659,1.62609,25.6909,2.56104e-23,0.0066,1.33373 
84,40,1.3,2.5,8.5,4.81742e-07,7.24294e-07,9.99997e-30,0.66512,1062.49,2846.28,2770.88,-0.705442,8.66041e-13,33917.7,51238.4,1.87731,28.332,1.68329,25.404,2.70592e-23,0.0066,1.32788 
85,40,1.3,0.01,10.99,3.89318e-07,7.40082e-07,1.02179e-29,0.526047,1062.49,2846.28,2770.88,-0.07668,-5.80331e-14,36184.4,48539.3,1.44636,22.304,1.36914,21.1133,1.79301e-23,0.0066,1.45352 
86,40,1.3,0.01,10.99,3.76811e-07,7.50311e-07,1.03592e-29,0.502206,1062.49,2846.28,2770.88,0.0472773,2.51486e-13,37705.6,50939,1.37579,21.5091,1.31958,20.6302,1.61574e-23,0.0066,1.45312 
87,40,1.3,2.5,8.5,4.9025e-07,7.74417e-07,1.0692e-29,0.633057,1062.49,2846.28,2770.88,-0.571847,-8.01595e-14,41457.8,58365.9,1.77644,28.6651,1.6072,25.9341,2.51143e-23,0.0066,1.32479 
88,40,1.3,0.01,10.99,3.88759e-07,7.63258e-07,1.05379e-29,0.509342,1062.49,2846.28,2770.88,0.00954477,3.98401e-13,39691.3,53719.1,1.39678,22.214,1.33428,21.22,1.66957e-23,0.0066,1.46503 
89,40,1.3,0.01,10.99,3.8952e-07,7.6588e-07,1.05741e-29,0.508591,1062.49,2846.28,2770.88,0.0134883,3.54844e-13,40101.8,55157,1.39456,22.255,1.33272,21.2681,1.66394e-23,0.0066,1.45059 
90,40,1.3,2.5,8.5,5.06005e-07,7.72672e-07,1.06679e-29,0.654878,1062.49,2846.28,2770.88,-0.663372,-1.14885e-13,41178.1,57589.8,1.84508,29.7055,1.65875,26.7057,2.64473e-23,0.0066,1.34811 
91,40,1.3,2.5,8.5,4.82073e-07,7.59562e-07,1.04869e-29,0.634671,1062.49,2846.28,2770.88,-0.578711,2.97148e-13,39117.6,56591.2,1.78153,28.1957,1.61098,25.4965,2.52144e-23,0.0066,1.33703 
92,40,1.3,0.01,10.99,3.89473e-07,7.47775e-07,1.03242e-29,0.520843,1062.49,2846.28,2770.88,-0.0501217,3.00691e-13,37324.6,51508.2,1.43085,22.2942,1.35821,21.1624,1.75493e-23,0.0066,1.40738 
93,40,1.3,0.01,10.99,3.80726e-07,7.71524e-07,1.06521e-29,0.493472,1062.49,2846.28,2770.88,0.0942442,9.80543e-13,40995,58582.4,1.35028,21.707,1.30175,20.9269,1.54893e-23,0.0066,1.46753 
94,40,1.3,0.01,10.99,3.86046e-07,7.51975e-07,1.03821e-29,0.513376,1062.49,2846.28,2770.88,-0.0115428,-3.75281e-13,37957,49663.3,1.4087,22.0723,1.34264,21.0373,1.69971e-23,0.0066,1.4264 
95,40,1.3,2.5,8.5,4.87202e-07,7.75422e-07,1.07059e-29,0.628306,1062.49,2846.28,2770.88,-0.551563,2.30279e-13,41619.4,59765.1,1.76151,28.4611,1.5961,25.7885,2.48186e-23,0.0066,1.34195 
96,40,1.3,2.5,8.5,4.88551e-07,7.54795e-07,1.04211e-29,0.647263,1062.49,2846.28,2770.88,-0.63173,-4.97455e-13,38385.6,52545.8,1.82112,28.6415,1.64065,25.8031,2.59867e-23,0.0066,1.34635 
97,40,1.3,2.5,8.5,4.8797e-07,7.7058e-07,1.0639e-29,0.63325,1062.49,2846.28,2770.88,-0.572668,1.60561e-13,40844.6,57980.4,1.77705,28.5329,1.60765,25.8129,2.51262e-23,0.0066,1.34172 
98,40,1.3,0.01,10.99,3.81389e-07,7.64894e-07,1.05605e-29,0.498616,1062.49,2846.28,2770.88,0.0664679,-1.71379e-13,39947.2,52604.7,1.36527,21.7595,1.31223,20.9141,1.58841e-23,0.0066,1.47494 
99,40,1.3,2.5,8.5,4.95209e-07,7.59725e-07,1.04892e-29,0.651826,1062.49,2846.28,2770.88,-0.650731,-1.8049e-13,39142.8,54923.2,1.83547,29.0558,1.65148,26.1432,2.62633e-23,0.0066,1.31942 
100,40,1.3,2.5,8.5,4.93122e-07,7.92268e-07,1.09385e-29,0.622418,1062.49,2846.28,2770.88,-0.526242,-3.18825e-14,44391.3,62658.2,1.74303,28.7743,1.58242,26.1229,2.44496e-23,0.0066,1.33059 
101,40,1.3,2.5,8.5,5.05563e-07,7.39973e-07,1.02164e-29,0.683218,1062.49,2846.28,2770.88,-0.778453,4.42498e-13,36168.4,53094.1,1.93428,29.8239,1.72718,26.6306,2.81202e-23,0.0066,1.32383 
102,40,1.3,2.5,8.5,5.04602e-07,7.64531e-07,1.05555e-29,0.660015,1062.49,2846.28,2770.88,-0.684544,4.59321e-13,39890.2,58737.3,1.86124,29.65,1.67103,26.62,2.67553e-23,0.0066,1.35532 
103,40,1.3,2.5,8.5,4.98382e-07,7.64033e-07,1.05486e-29,0.652304,1062.49,2846.28,2770.88,-0.652709,5.00041e-15,39812.4,56334.4,1.83698,29.2445,1.65262,26.3095,2.62921e-23,0.0066,1.34745 
