cyc,VVA,cyc,ROIsum,fBg,fA1,fWidth1,fCtr1,fA2,fWidth2,fCtr2,box1,box2,box3,box4,box5,box6,box7,box8,box9,Nfit,BZ-2,BZ-1,BZ0,BZ1,BZ2,Excited,c5,c7,c9,fraction95,fraction75,fraction97,sum95,ROIsqsum,c5cwc,c9cwc,two2D_bg,two2D_a1,two2D_sh1,two2D_sv1,two2D_ch1,two2D_cv1,two2D_a2,two2D_sh2,two2D_sv2,two2D_ch2,two2D_cv2,two2D_chd,two2D_cvd
0,0,0,11446.2,0.045294,15.093,16.1327,94.8776,-0.0387123,18.4507,54.4638,1.47466,2.19244,2.49441,0.507956,0.644453,-75.4178,447.073,76.973,9734.21,7949.72,1.94955,2.66732,3.44418,0.982842,1.11934,0.661113,552.854,84.8086,9839.99,0.0600143,0.788362,0.0156286,9212.05,2632.7,331.958,65302.8,0.00172457,0.0143244,12.9744,14.1094,97.7988,64.6389,0.514603,15.2669,14.8946,94.6244,125.046,3.17446,-60.4076 
1,2,1,12763.3,0.0405119,16.7888,16.2396,95.1706,-0.0445425,-29.5177,0.441547,0.508779,-0.582474,1.77918,-1.19485,-0.0580848,-77.7822,578.425,67.9836,10891.5,8918.25,0.998553,-0.0927002,2.75872,-0.705072,0.431689,0.186503,687.522,76.0649,11000.6,0.0663114,0.837792,0.0125772,10368.1,3224.27,375.497,80617,0.00175601,0.019487,14.1276,15.4715,97.3506,68.8609,0.567872,15.4111,14.9854,94.9483,126.466,2.40232,-57.6052 
2,4,2,11513,0.0440802,15.0003,16.3384,94.8279,0.0772688,20.5253,40.6954,0.684307,2.01698,5.99283,1.63892,1.91673,-70.3598,949.918,89.2438,9277.64,8029.83,1.12734,2.46002,6.8789,2.08196,2.35977,0.538576,1048.6,96.5539,9376.32,0.112756,0.861225,0.0186162,9299.77,2321.99,711.57,57005.4,0.00167618,0.0406445,14.0935,15.9475,95.4164,71.9881,0.468575,15.5419,15.3659,94.6849,125.376,0.731502,-53.3882 
3,6,3,11550.9,0.0459668,14.7139,16.6978,95.0975,-0.0735157,-55.4925,197.947,2.0959,0.40065,0.97827,0.506622,-1.18135,-94.5212,1377.56,84.858,8892.09,8130.81,2.69108,0.995825,2.16862,1.1018,-0.586179,0.659618,1510.13,94.6784,9024.67,0.159771,0.901131,0.0189593,9451.84,2061.11,1347.62,49589.4,0.00151963,0.0653968,14.937,14.5031,96.407,72.3692,0.419219,16.2022,16.0783,94.8403,125.846,1.56673,-53.4772 
4,7,4,10454.2,0.0377207,13.0262,17.1043,94.8624,-0.0132728,-19.2476,21.0059,-0.791131,2.37869,3.58684,-1.08744,0.542173,-80.8245,1478.28,90.3786,7763.45,7261.32,-0.282201,2.88762,4.6047,-0.578505,1.0511,0.400642,1591.64,98.7759,7876.81,0.186741,0.902036,0.0225786,8523.24,1586.19,1404.27,37403.3,0.00153884,0.0636563,15.9747,15.1093,95.5728,72.8283,0.363533,16.1378,16.081,94.5984,126.126,0.974453,-53.298 
5,8,5,10111,0.0267443,12.7507,16.987,94.9913,-0.024499,-23.1134,7.69988,0.729439,2.00681,3.74345,-0.830391,2.59101,-85.4573,1515.14,83.5883,7473.77,7069.35,1.26754,2.54491,4.81966,-0.292289,3.12911,0.579764,1635,92.467,7593.63,0.196576,0.909943,0.021939,8317.4,1491.73,1516.81,34874.6,0.00138167,0.0673324,16.3235,14.7005,96.2803,73.0942,0.350714,16.2334,16.0229,94.6715,126.454,1.60876,-53.3599 
6,9,6,10995.1,0.0128182,13.8674,17.1176,95.1238,-0.0695651,-125.299,9.25507,0.302102,-0.429372,2.24195,0.782384,-0.709775,-84.2986,1673.74,96.284,8176.47,8011.14,0.832907,0.101434,3.30356,1.31319,-0.17897,0.385055,1791.98,105.042,8294.71,0.197109,0.906962,0.0227962,9091.32,1745.43,1835.59,41034.1,0.00141298,0.0773303,15.9427,14.3577,96.08,73.3306,0.377206,16.4462,16.1422,94.8503,126.141,1.2297,-52.8108 
7,10,7,11478.4,0.0232109,14.6884,16.7952,94.7594,-0.0372321,13.9665,19.9865,1.38882,-0.946952,3.23371,0.665308,-0.500504,-88.6448,1796.31,101.989,8426.04,8047.67,1.94699,-0.38878,4.35006,1.22348,0.057669,0.394936,1920.65,111.198,8550.38,0.203351,0.908002,0.0233963,9444.98,1838.63,2008.01,43221.7,0.00138219,0.0785576,16.2312,15.2728,95.5345,72.2004,0.381193,16.2953,16.8485,94.4622,125.745,1.07227,-53.5446 
8,0,8,12078.5,-0.000273225,16.0738,15.9892,95.2528,0.00301235,-22.5522,500,2.53336,1.37349,6.21419,1.85268,0.336993,-75.036,443.485,72.4824,10266.8,8368.68,3.00584,1.84597,7.15915,2.32516,0.809475,0.527311,548.731,80.2784,10372.1,0.0567095,0.796164,0.0140572,9676.17,2939.68,313.357,73384.6,0.0017928,0.0113028,13.7007,19.2819,95.5016,67.1875,0.548238,15.1646,14.8652,95.1029,125.786,0.398658,-58.5987 
9,2,9,11295,0.0605531,14.7586,16.1586,94.6121,0.00304269,-17.4847,499.176,-0.774874,-0.477206,4.50483,1.44738,1.06302,-98.9468,494.948,69.19,9574.71,7764.96,-0.151833,0.145835,5.75092,2.07042,1.68606,0.39473,633.731,79.4702,9713.49,0.0690218,0.820041,0.0148473,9181.61,2546.81,353.197,63149.7,0.00164672,0.0145725,13.7749,18.3237,96.1202,69.409,0.506145,15.4323,14.728,94.4242,126.436,1.69603,-57.0272 
10,4,10,11735.7,0.0335352,15.3152,16.3964,94.8611,0.000503173,10.704,22.4127,2.22252,0.881517,6.34252,2.56378,1.97336,-98.2923,1060.94,81.5669,9462.75,8174.75,2.84144,1.50044,7.58036,3.18271,2.59228,0.571664,1198.81,91.7791,9600.61,0.124263,0.881851,0.0173052,9647.35,2388.74,788.52,58617.9,0.00152589,0.0408587,15.8745,16.6203,96.1526,71.7292,0.471537,15.7541,15.4517,94.6757,125.957,1.47694,-54.2276 
11,6,11,11331.9,0.0317596,14.5036,16.7231,94.7794,0.154803,-52.5304,17.9053,0.617135,1.9104,5.06484,1.63517,-0.359872,-83.0029,1357.29,90.0006,8756.19,8160.36,1.13978,2.43304,6.11014,2.15782,0.162775,0.490973,1473.71,98.6242,8872.61,0.158777,0.895163,0.0200652,9281.61,2024.44,1218.54,48755.1,0.00148468,0.0566816,15.8875,15.8835,95.4684,72.8077,0.420309,16.2179,15.6688,94.6888,126.236,0.779544,-53.4287 
12,7,12,12309.2,0.0161039,15.8406,16.7638,94.7608,-0.0135233,-7.88283,498.021,-0.378022,0.340558,3.67807,2.46888,-0.0485938,-89.9347,1647.58,115.535,9339.72,8647.93,0.188273,0.906853,4.81066,3.03517,0.517701,0.491401,1773.73,124.879,9465.86,0.175552,0.890307,0.0237255,10103.7,2249.86,1791.33,53855.7,0.00148172,0.0744337,15.4723,15.4694,95.3084,72.6988,0.43169,16.2692,16.4178,94.5268,126.042,0.781645,-53.3431 
13,8,13,10342.1,0.0344512,13.0159,16.9591,94.6105,0.0478174,-10.9094,326.398,-0.162642,-0.96755,-0.788113,0.348762,1.38887,-89.0246,1454.68,90.4283,7704.07,7202.76,0.397922,-0.406986,0.333015,0.909326,1.94943,0.895367,1579.55,99.6777,7828.93,0.186509,0.900549,0.0229161,8469.01,1592.41,1372.24,37422,0.00144298,0.0609474,15.7534,15.9213,95.6063,72.0873,0.36455,16.2879,15.8633,94.5159,125.908,1.09032,-53.8212 
14,9,14,11216.2,0.0494484,13.8651,17.1673,94.915,-0.0258413,-9.99198,490.925,0.0508217,-0.418897,1.44546,2.97828,-0.724958,-87.9928,1610.47,111.74,8182.5,7756.94,0.604889,0.13517,2.5536,3.53235,-0.170891,0.616295,1733.89,120.882,8305.91,0.191737,0.891261,0.0261096,9043.1,1755.51,1675.52,41217.1,0.00168353,0.0693545,15.9343,15.561,95.5774,72.97,0.37676,16.4516,16.1522,94.7366,126.477,0.840816,-53.5065 
15,10,15,10590.8,0.0028302,13.1106,17.343,95.1055,-0.00174408,-1.17394,2.42451e-11,1.26251,1.36257,3.65133,1.95404,0.618723,-88.3279,1658.66,101.292,7720.75,7401.93,1.81869,1.91875,4.76368,2.51022,1.1749,0.609093,1782.55,110.469,7844.64,0.205225,0.90216,0.0252847,8685.83,1562.03,1736.7,36397.8,0.00140028,0.0712712,16.8135,15.0878,95.8018,73.304,0.35167,16.5773,16.2884,94.8866,126.504,0.915176,-53.2004 
16,0,16,10834.8,0.0503533,14.2706,16.0917,94.8891,-0.0194522,-25.774,0.0155722,-0.00112217,-0.674059,1.56587,0.703496,0.909187,-64.1279,434.392,70.2451,9122.83,7491.8,0.402674,-0.270262,2.37346,1.10729,1.31298,0.518192,524.338,76.9078,9212.77,0.0607465,0.795746,0.0151449,8631.58,2322.58,292.333,57554.1,0.00171415,0.0107244,13.2925,22.5007,96.4748,68.8607,0.484674,15.1852,14.8188,94.7267,125.33,1.74808,-56.4688 
17,0,17,11919.8,0.0067765,15.9009,16.0688,94.7887,-0.0012246,2.82232,1.03145e-10,1.1814,1.45815,2.63341,1.34488,1.44394,-53.8588,497.429,86.2476,10127.4,8317.75,1.52053,1.79729,3.31168,1.68401,1.78307,0.672,572.971,91.8433,10202.9,0.0599873,0.780937,0.0163116,9551.54,2809.11,316.346,70079.5,0.00174194,0.0139369,13.2679,19.945,96.9475,67.8031,0.531348,15.2206,15.0293,94.5651,126.084,2.38236,-58.2807 
18,0,18,12061.6,0.0206905,16.1614,16.0661,94.8874,-0.0618279,-7.72387,497.409,1.90395,1.69946,4.57518,0.738875,2.34789,-53.6168,427.422,73.5982,10409.4,8468.02,2.24156,2.03707,5.2504,1.07649,2.6855,0.604966,502.624,79.1688,10484.6,0.051662,0.783918,0.0137188,9729.1,3010.41,309.606,75256.4,0.00161874,0.0132344,14.2907,15.3261,99.0427,65.8734,0.553091,15.2485,14.8864,94.7182,125.485,4.32448,-59.6121 
19,2,19,11818.3,0.0608296,15.4478,16.1715,94.8023,-0.0539657,-13.2447,409.522,3.03926,1.92137,7.04521,2.48969,2.15116,-69.9287,502.748,86.1024,9910.41,8155.51,3.47958,2.36169,7.92586,2.93001,2.59148,0.589092,600.83,93.3677,10008.5,0.0638617,0.786197,0.0168944,9408.3,2716.02,340.975,67455,0.00188147,0.014698,13.7521,18.4411,94.384,70.6195,0.52337,15.2633,14.8461,94.6456,125.391,-0.261643,-54.7719 
20,4,20,11341.6,0.0506257,14.4439,16.6296,95.1112,0.00341183,-38.5256,500,-0.467868,-0.813867,-1.85613,-1.19156,-1.22166,-65.5013,973.768,85.2854,9039.68,7823.46,-0.0554241,-0.401422,-1.03124,-0.779118,-0.809221,0.664792,1065.64,92.0907,9131.55,0.117085,0.868635,0.0182386,9101.41,2192.38,712.703,53631.6,0.00176563,0.0401617,14.9058,14.8787,96.5458,71.2905,0.452313,15.686,15.3574,94.9613,125.059,1.5845,-53.7689 
21,6,21,11239.9,0.0431956,14.1934,16.8564,95.0904,-0.103516,-91.1497,497.877,0.180522,0.992168,3.94117,-0.400874,-0.0444627,-89.7838,1290.36,87.8675,8653.58,8095.5,0.745867,1.55751,5.07186,0.164471,0.520882,0.370783,1416.29,97.1957,8779.51,0.154917,0.892779,0.0199859,9142.26,1964.08,1192.37,47233.6,0.00154824,0.0610706,15.3839,14.2016,96.3172,72.8745,0.410637,16.2458,15.8713,94.8212,125.992,1.49604,-53.1171 
22,7,22,10332.3,0.0421953,13.0552,16.8245,95.0328,0.0939861,-115.911,184.872,-1.7711,-1.1272,5.45071,0.782289,-0.415073,-75.9817,1447.05,102.009,7737.46,7504.88,-1.29267,-0.648768,6.40759,1.26073,0.0633641,-0.106618,1553.62,109.903,7844.04,0.183722,0.889843,0.0251603,8456.38,1610.52,1362.96,38177.5,0.00146445,0.062537,16.1226,15.009,95.7157,72.8975,0.372827,15.9971,15.7557,94.8484,126.158,0.86729,-53.2608 
23,8,23,10693.8,0.0236091,13.6702,16.7962,95.0227,0.00414224,1.18508,67.5262,1.03792,0.629755,1.02998,1.18645,1.6753,-62.1806,1461.52,94.3593,7974.63,7474.66,1.42945,1.02129,1.81305,1.57798,2.06684,0.77075,1548.74,100.82,8061.84,0.179186,0.897729,0.0225182,8643.16,1672.23,1410.07,39475.8,0.00151715,0.0642442,16.0232,14.9333,95.8362,72.5042,0.371543,16.0555,16.3493,94.9386,125.575,0.897541,-53.0708 
24,9,24,9981.07,0.0341017,12.1818,17.4798,94.7231,0.0646526,-6.28981,488.644,-1.18032,-0.460118,-0.48263,-0.130084,1.35657,-98.5402,1523.67,94.1452,7165.94,6945.03,-0.559839,0.160363,0.758333,0.490397,1.97706,0.731688,1661.89,104.383,7304.15,0.205436,0.900968,0.0256501,8089.54,1344.21,1511.89,31032.9,0.00146346,0.0666579,16.8362,14.7092,95.1568,72.2748,0.32195,16.551,16.5713,94.4963,124.716,0.660542,-52.4409 
25,10,25,11120.9,0.00149278,14.0983,17.2027,94.7829,-0.000716813,9.67713,1.7453e-11,-1.03787,2.01646,2.51698,-0.29354,1.3588,-60.8074,1705.84,101.785,8207.3,7895.35,-0.654985,2.39935,3.28275,0.0893478,1.74169,0.521335,1791.13,108.103,8292.58,0.197074,0.90447,0.0234507,9088.61,1751.76,1812.65,41199,0.00137196,0.0728619,16.62,15.3606,95.5445,72.6453,0.375132,16.4977,16.3636,94.622,126.434,0.922532,-53.7891 
26,0,26,10368.7,0.0323428,13.9083,15.9297,94.7912,-0.127087,97.2599,12.8963,2.54998,2.59062,5.04811,2.93465,3.21906,-68.5657,399.906,61.689,8955.15,7614.73,2.98172,3.02236,5.91159,3.36639,3.6508,0.68776,496.077,68.8127,9051.32,0.0586293,0.804668,0.0138112,8461.24,2239.68,299.219,55469.1,0.00140187,0.0125447,16.2352,12.9209,101.864,62.9909,0.475172,15.1881,14.9183,94.6436,126.164,7.22043,-63.1733 
27,2,27,11010.7,0.0547164,14.7206,15.8257,94.9221,-0.0152326,98.4066,103.161,0.249215,2.13827,4.88191,-2.17948,2.35224,-57.1784,519.009,69.569,9307.17,7632.55,0.609252,2.49831,5.60199,-1.81944,2.71228,0.416604,599.207,75.5096,9387.37,0.0676299,0.819318,0.0146011,8860.09,2452.96,354.679,60887.8,0.00169226,0.0190831,12.084,16.0404,96.7262,68.4087,0.505683,15.0499,14.5839,94.7981,125.347,1.9281,-56.9388 
28,4,28,11719.3,0.0425527,15.0591,16.5837,94.9189,0.00986488,-34.8564,118.429,0.711862,0.590342,3.52024,0.620704,-0.473476,-81.5658,1004.06,83.0955,9432.19,8140.92,1.22546,1.10394,4.54744,1.1343,0.0401221,0.435189,1118.47,91.5698,9546.59,0.117492,0.874681,0.0173625,9519.47,2373.48,718.801,58455.9,0.00170866,0.0385153,15.0619,16.6855,96.1492,71.7554,0.47359,15.763,15.2037,94.7604,126.105,1.38871,-54.3497 
29,6,29,10807.6,0.00781384,13.7846,16.7236,94.8623,-0.0081247,6.98442,1.99604e-11,0.312234,2.6213,3.16233,3.32382,1.45251,-59.8487,1224.47,91.9929,8302.2,7506.29,0.689085,2.99815,3.91603,3.70067,1.82936,0.701824,1308.41,98.2109,8386.15,0.150596,0.883894,0.0211175,8688.22,1852.19,1074.92,44479.9,0.00152737,0.0537748,15.6151,15.064,96.0899,72.53,0.403892,16.0778,15.6342,94.6148,125.922,1.47504,-53.392 
30,7,30,11417.1,0.00247013,14.2794,17.0968,94.7413,0.00987812,-16.8064,0.0332877,1.09214,1.36631,7.76772,1.92462,2.87442,-93.6471,1601.17,83.5552,8500.59,7952.69,1.68181,1.95598,8.94706,2.51429,3.46409,0.518023,1732.52,93.2848,8631.94,0.185721,0.913888,0.0195189,9328.63,1899.9,1629.86,45076.8,0.00159002,0.0665839,16.9591,15.4274,95.6007,72.0294,0.400148,16.1748,15.9871,94.5495,125.674,1.05125,-53.6445 
31,8,31,11036.7,-0.00162401,14.1157,16.9677,95.0122,-0.000660499,1.8317,1.757e-08,-1.24153,-1.4479,1.72958,1.07259,-1.78204,-79.7023,1523.34,97.6772,8302.7,7796.9,-0.739666,-0.94604,2.73331,1.57446,-1.28017,-1.03692,1635.13,105.958,8414.49,0.18088,0.898148,0.0226705,9039.88,1771.06,1568.19,41942.8,0.001397,0.0695854,15.4237,15.25,95.8868,72.856,0.378048,16.3822,16.4977,94.7915,125.986,1.09531,-53.1304 
32,9,32,10042,0.00375536,12.879,16.9036,94.9943,-0.00316779,-0.385538,235.833,-0.917079,0.181078,1.48975,0.784229,-0.973777,-75.9995,1421.13,81.0156,7534.28,7086.97,-0.438531,0.659626,2.44685,1.26278,-0.495228,0.287774,1527.72,88.9117,7640.87,0.185141,0.907566,0.0209855,8251.69,1513.96,1312.92,35687.2,0.00123059,0.0606624,15.9852,15.6679,96.3152,72.8916,0.352969,16.1777,16.3127,94.7322,126.915,1.58301,-54.0236 
33,10,33,9255.37,0.0194513,11.4431,17.3759,94.8815,-0.0388445,-11.4209,22.3335,0.993851,2.06747,4.72249,1.57284,1.36224,-59.515,1348.73,81.3763,6761.75,6487.17,1.3686,2.44222,5.47199,1.94759,1.73699,0.578019,1432.21,87.5597,6845.22,0.192088,0.903352,0.0230206,7456,1190.66,1160.98,27355.7,0.00130299,0.0540638,16.4288,15.9824,95.7198,72.0685,0.29925,16.7036,16.7328,94.5925,125.443,1.12739,-53.375 
34,0,34,11442.5,0.0346276,15.2037,16.0896,94.9224,0.00424803,-27.0207,14.7121,1.92958,1.24934,5.2225,2.52097,2.63365,-91.5172,402.989,67.169,9901.68,7966.99,2.50584,1.8256,6.37502,3.09723,3.20991,0.625298,531.35,76.6773,10030,0.0567817,0.79838,0.0138869,9357.78,2713.03,291.155,67710.9,0.00155993,0.0106645,16.1428,14.7252,99.858,63.7735,0.525129,15.2573,14.8564,94.6937,125.034,5.16437,-61.2602 
35,0,35,12250.9,0.0456106,16.2998,16.0086,94.9029,-0.136399,83.315,212.067,0.925872,0.627595,2.17442,-0.543282,0.734175,-61.3636,460.94,74.6094,10452,8864.28,1.31226,1.01399,2.9472,-0.156892,1.12057,0.527474,547.008,80.9849,10538,0.0557008,0.794225,0.013959,9820.47,3029.25,321.87,75683.1,0.00179742,0.0153039,14.1225,14.5762,97.7851,65.3252,0.556339,15.2357,14.8038,94.6879,125.464,3.09719,-60.1392 
36,0,36,10935.2,0.0324164,14.6062,16.0105,94.7453,-0.015677,-7.36413,1.42445,1.11307,-0.295938,2.77243,0.038862,0.454419,-84.5747,429.36,65.3446,9426.38,7616.45,1.64561,0.236606,3.83752,0.571406,0.986963,0.472731,547.985,74.1316,9545,0.0612438,0.808577,0.014105,8947.59,2505.15,305.745,62405.2,0.00149866,0.0118241,12.9802,20.4779,96.6869,70.0481,0.509492,15.2509,14.5348,94.5238,126.276,2.16309,-56.2275 
37,2,37,11566.2,0.0540147,15.2709,16.0508,94.9756,0.0109589,-14.5857,115.069,-0.252631,-0.208984,2.86533,-0.204925,0.477143,-60.5308,521.133,79.9169,9704.52,7984.35,0.128515,0.172163,3.62762,0.176222,0.858289,0.269039,606.033,86.2059,9789.42,0.0657251,0.800685,0.0159627,9220.72,2612.64,337.964,65009.4,0.0017661,0.0175698,12.0591,18.6011,98.1054,69.7742,0.513016,15.3315,14.8339,94.6856,125.209,3.41986,-55.4346 
38,4,38,10274.6,0.0351454,13.4136,16.2801,94.8714,-0.0190161,26.4595,2.98197e-05,2.09574,2.54714,3.163,3.58103,2.61165,-71.6692,958.761,89.3858,8197.87,7125.19,2.54702,2.99842,4.06556,4.03231,3.06293,0.756644,1059.28,96.8319,8298.39,0.12668,0.86209,0.0210428,8361.87,1837.9,704.159,44634.4,0.00146092,0.0408788,14.7045,15.309,96.0351,70.947,0.412775,15.5239,15.4862,94.6312,124.413,1.40395,-53.466 
39,6,39,10536.7,0.0227633,13.3636,16.9335,95.0291,-0.00246119,-5.0093,18.3196,1.0748,0.524904,3.51575,-0.311217,1.24733,-51.1639,1268.83,76.0839,8050.65,7366.97,1.39696,0.847069,4.16008,0.0109477,1.56949,0.478984,1340.59,81.3996,8122.42,0.157933,0.903948,0.0181262,8488.32,1695.2,1136.06,40571.9,0.00145677,0.0576409,15.3433,15.0806,95.589,72.3108,0.379243,16.1668,16.0429,94.855,125.64,0.734011,-53.3296 
40,7,40,10768,0.00466655,13.6032,17.1554,94.9063,-0.00434115,3.01978,145.545,-0.270846,0.145384,4.63873,2.00953,1.70717,-60.3109,1538.03,99.5239,8013.38,7597.33,0.108916,0.525146,5.39825,2.38929,2.08693,0.486298,1622.62,105.79,8097.97,0.185467,0.89759,0.0234993,8748.84,1723.74,1555.19,40657.3,0.00149694,0.0662448,16.4896,15.1073,95.7952,73.8247,0.382749,16.1358,15.7951,94.7286,126.688,1.0666,-52.8628 
41,8,41,10446.4,0.00273856,13.3705,16.9286,95.0396,-0.00263504,1.9651,1.0481e-10,0.0514416,-0.524323,1.84996,-1.44886,-1.17264,-53.5828,1563.22,94.5898,7695.54,7368.38,0.388838,-0.186926,2.52476,-1.11147,-0.835247,-2.23706,1638.38,100.157,7770.69,0.193283,0.903358,0.0231923,8476.59,1563.62,1493.95,36569.9,0.00142879,0.0629416,16.3592,16.3317,95.4579,72.3461,0.35677,16.0557,16.4292,94.8386,125.505,0.61929,-53.1585 
42,9,42,11533.8,-0.0167974,14.6478,17.2338,94.7686,-0.0222219,32.6474,496.655,1.73366,1.14741,4.77596,-0.404987,-0.525754,-41.9106,1768.21,98.3377,8507.06,8241.26,1.99756,1.41131,5.30376,-0.141087,-0.261854,0.361738,1826.99,102.692,8565.85,0.195089,0.910445,0.021607,9364.94,1842.12,2001.13,43347.6,0.00136848,0.0795225,16.0408,15.0216,95.3921,72.4763,0.37801,16.5675,16.8957,94.5483,125.928,0.843741,-53.4515 
43,10,43,10935.7,-0.00423059,13.7454,17.3163,94.9266,-0.00243504,11.4055,65.3368,-1.54094,1.34273,1.11722,-0.43109,0.08064,-61.568,1780.8,102.442,7957.21,7749.2,-1.15326,1.7304,1.89258,-0.0434129,0.468317,0.346175,1867.16,108.839,8043.57,0.208726,0.907433,0.0243197,8945.5,1627.38,1922.61,37878.4,0.00131596,0.074238,16.4715,16.1332,95.5143,73.5393,0.354004,16.575,16.7946,94.7615,126.824,0.752749,-53.2851 
44,0,44,11618.1,0.0495594,15.456,15.9641,95.146,-0.0441439,-36.547,5.69215,2.23451,3.24141,4.55779,3.08275,-0.428237,-71.4456,446.12,75.0132,9985.47,8084.77,2.68438,3.69128,5.45754,3.53263,0.021637,0.645326,546.33,82.4361,10085.7,0.0579862,0.791102,0.0148333,9421.73,2753.46,302.579,68743.7,0.00163639,0.0106753,13.8494,19.2783,97.434,65.9163,0.528496,15.1502,14.9811,94.9741,125.074,2.45993,-59.158 
45,2,45,11923,0.0174396,15.91,16.1538,94.8935,0.00742161,-1.10871,10.1346,1.47739,0.79044,3.10111,2.68626,2.61521,-74.3177,494.249,70.5121,10197,8366.73,1.94535,1.2584,4.03702,3.15422,3.08317,0.700477,598.487,78.2334,10301.3,0.0619321,0.81383,0.0137969,9663.6,2915.91,327.875,72740,0.00159891,0.014659,14.3662,19.4145,96.6454,68.2131,0.546011,15.3012,14.7102,94.6222,125.826,2.02316,-57.6126 
46,4,46,11297.9,0.0286497,14.5514,16.6108,94.8866,0.0192525,-22.9904,499.917,-0.338085,1.14671,-0.476234,-0.664397,-1.10217,-63.0058,977.034,89.8217,9053.19,7882.86,0.0586458,1.54344,0.317228,-0.267666,-0.705435,0.664738,1065.41,96.3678,9141.57,0.116949,0.863341,0.019049,9109.98,2178.83,751.133,53408.5,0.00158426,0.0426841,14.4884,15.601,96.1626,72.5661,0.448263,15.8932,15.4194,94.7134,126.25,1.44925,-53.6843 
47,6,47,11857.7,0.00562807,15.5627,16.4754,94.739,0.000384305,4.48441,1.03547e-10,-1.04335,0.540535,4.32918,0.174186,4.19782,-61.6217,1403.42,94.0191,9222.59,8346.79,-0.655338,0.92855,5.10521,0.562202,4.58583,0.515012,1489.85,100.421,9309.02,0.153882,0.89449,0.0194846,9681.79,2225.55,1323.61,53857.4,0.00151508,0.0611938,15.2731,15.8825,95.526,72.0324,0.442341,15.8314,16.0427,94.5175,126.434,1.00849,-54.4013 
48,7,48,10816.6,0.0187159,13.6434,17.0654,94.6686,-0.0233337,15.1643,441.994,-1.42322,-0.199769,1.9704,-0.220036,1.32056,-69.9216,1481.31,89.1644,8069.59,7590.9,-0.982945,0.240508,2.85096,0.220242,1.76084,0.302877,1579.38,96.429,8167.66,0.180152,0.903468,0.0212853,8766.92,1707.67,1378.1,40437.4,0.00154472,0.0611389,16.564,15.1916,95.2768,72.386,0.376354,16.1393,16.2479,94.5946,125.439,0.682212,-53.0534 
49,8,49,10239.5,0.0089547,12.7353,17.3042,94.7627,0.0122182,2.81053,500,0.58697,1.08955,8.67685,-0.375582,-0.743113,-70.3964,1514.01,89.5678,7490.16,7175.07,1.03024,1.53281,9.56338,0.0676852,-0.299845,0.195968,1612.75,96.8817,7588.9,0.194518,0.904873,0.0229764,8290.97,1468.75,1487.21,34151.8,0.00145641,0.0680623,15.9449,14.2864,95.7233,72.0687,0.339137,16.3461,16.6962,94.4692,124.994,1.25411,-52.925 
50,9,50,9797.93,0.00415311,12.6891,16.7352,94.8231,0.00193061,-1.88462,74.3165,3.30468,1.70519,3.9859,1.42206,1.64845,-59.5151,1468.79,92.6306,7295.75,6912.97,3.67943,2.07994,4.7354,1.79682,2.0232,0.669195,1552.27,98.814,7379.23,0.192924,0.899765,0.0240735,8045.98,1435.44,1377.84,33601.3,0.00121852,0.0601492,16.673,16.2601,95.9533,72.8134,0.346369,15.9557,16.1382,94.5611,125.648,1.39216,-52.8345 
51,10,51,10729.9,-0.00106345,13.8479,16.8394,95.165,-0.00268117,1.09346,170.776,2.13355,-0.886126,1.7757,-1.66833,-1.77269,-46.7371,1686.85,98.8465,7862.4,7591.22,2.42784,-0.591835,2.36428,-1.37404,-1.4784,-0.754119,1752.4,103.702,7927.95,0.200756,0.906158,0.0235289,8729,1620.7,1865.75,37729.6,0.00134418,0.0770885,16.0809,14.6977,96.3627,72.4695,0.357312,16.2585,16.7305,94.9557,125.416,1.40694,-52.9464 
52,0,52,10414.1,0.0315431,13.7918,16.1424,94.8002,-0.0129132,-4.58336,50.8647,-1.47267,0.233468,1.84855,0.570134,-0.46505,-52.4694,405.482,63.8281,8856.94,7249.36,-1.14229,0.563854,2.50932,0.900519,-0.134664,0.0694988,479.076,69.2795,8930.54,0.0574572,0.798041,0.014089,8337.95,2219.59,286.664,55029.7,0.00161611,0.0128899,11.4142,18.1917,98.0094,67.7949,0.479014,15.2185,14.4876,94.6268,125.469,3.38264,-57.6743 
53,0,53,12681.4,0.0508324,16.8642,15.9922,94.8997,-0.0529385,-94.6732,385.09,-1.97375,0.45847,2.51627,1.03169,-0.429174,-72.5467,465.213,78.0245,10843,8942.62,-1.51694,0.915277,3.42989,1.4885,0.0276327,0.210495,566.967,85.5618,10944.8,0.0555939,0.79108,0.0141964,10198.4,3230.99,319.804,80936.9,0.0018304,0.0131398,14.1818,17.2467,98.2168,65.6282,0.573902,15.1808,14.9557,94.7527,125.76,3.46401,-60.1318 
54,0,54,11270,0.0629893,14.3993,16.4428,94.9145,-0.177229,91.0031,10.9536,0.173415,0.664305,3.52669,-0.653492,0.159471,-66.8006,500.476,82.2965,9397.29,8232.46,0.594041,1.08493,4.36794,-0.232866,0.580096,0.316884,594.171,89.2368,9490.98,0.0664157,0.791874,0.0170251,8946.23,2407.57,328.826,59443.6,0.00183895,0.0128829,14.8328,17.6154,98.1976,67.9932,0.48491,15.4436,15.0554,94.8174,125.551,3.3802,-57.5574 
55,2,55,11877,0.0205089,15.7888,16.0933,95.1242,-0.0159727,-20.1207,500,-0.242023,1.52209,4.603,0.537288,-0.696082,-42.7464,517.856,81.8849,10111.6,8282.04,0.02714,1.79125,5.14132,0.806451,-0.426919,0.299475,577.812,86.326,10171.6,0.0606383,0.792737,0.0153932,9528.82,2838.88,360.533,70858.4,0.00167535,0.0177004,12.4121,20.8307,96.7395,73.1094,0.540577,15.2973,14.6241,94.8629,126.866,1.87658,-53.7567 
56,4,56,10661.7,0.081421,13.7572,16.1628,94.9475,-0.0599519,4.94861,16.9883,0.725559,-1.3364,3.60928,0.995812,-0.228669,-85.7435,873.342,80.7628,8528.49,7248.05,1.26546,-0.796495,4.68909,1.53572,0.311235,0.330609,993.605,89.6712,8648.75,0.115475,0.863607,0.0187412,8604.51,2008.3,624.204,48994.1,0.00170704,0.0362653,14.4559,14.96,96.1955,71.4234,0.439954,15.4017,15.1111,94.6304,124.73,1.56513,-53.3068 
57,6,57,11336.9,0.0136944,14.4956,16.8811,95.2111,0.00418578,5.83296,305.742,0.357178,-0.609188,0.916797,1.17344,-0.182823,-59.0613,1406.57,92.6899,8728.13,7966.65,0.729072,-0.237294,1.66058,1.54534,0.189071,0.57276,1489.41,98.8261,8810.97,0.161138,0.895963,0.0202433,9243.06,1983.41,1351.63,47639.3,0.00139728,0.0651615,15.6667,14.1941,95.7254,72.2144,0.408008,16.2376,16.2604,95.0887,125.356,0.636732,-53.1417 
58,7,58,9707.82,0.0048245,12.2572,17.0847,94.7661,0.00970903,-3.70172,1.24101e-10,1.78379,-0.410523,1.88901,1.4956,1.90856,-74.1141,1329.17,82.279,7260.55,6818.15,2.25047,0.0561537,2.82237,1.96228,2.37524,0.701857,1433.13,89.9792,7364.5,0.18109,0.901003,0.0220114,7913.89,1381.92,1182.38,32361.6,0.00134443,0.0578798,15.5375,15.4134,95.8796,72.7048,0.333696,16.3039,16.363,94.485,125.6,1.39458,-52.8948 
59,8,59,9718.56,0.0196443,12.1773,17.1528,94.7856,0.0091972,-50.917,48.3199,1.06124,1.05917,0.691514,0.933058,-0.44327,-64.3212,1408.81,84.7026,7228.1,6814.78,1.46625,1.46418,1.50154,1.33807,-0.0382567,0.738033,1499.03,91.3853,7318.32,0.188815,0.903599,0.0224855,7939.15,1379.99,1286.51,32271.2,0.00133167,0.0602407,16.4928,14.7732,95.7461,71.9283,0.334403,16.313,16.2217,94.6853,125.042,1.06081,-53.1138 
60,9,60,11139.2,0.0151541,14.0803,16.9749,95.2152,-0.0160982,-5.97837,500,-0.0865457,-0.402493,-3.61606,-1.35131,1.57827,-89.6048,1770.09,106.366,8074.65,7783.8,0.477672,0.161725,-2.48763,-0.78709,2.14249,-4.04765,1895.77,115.676,8200.33,0.20805,0.903521,0.0253271,9112.06,1715.11,2007.89,39990.2,0.00151072,0.0784177,16.4312,14.9997,96.3194,72.4212,0.37076,16.366,16.3336,94.873,125.298,1.44637,-52.8771 
61,10,61,10386.3,0.0132071,13.1062,17.0641,94.9756,-0.0142539,17.9799,500,-0.025299,1.43807,3.14407,1.10036,-1.22993,-74.3479,1569.24,107.37,7689.48,7288.71,0.44285,1.90622,4.08037,1.56851,-0.761786,0.436114,1673.52,115.094,7793.76,0.196145,0.892575,0.0264829,8532.02,1537.41,1668.84,35883.7,0.00133077,0.0740928,15.0696,14.684,95.9928,73.1456,0.347578,16.6993,16.3616,94.6557,126.121,1.33706,-52.9751 
62,0,62,11166.6,0.0403873,14.8005,16.0751,94.7729,-0.042107,77.4628,5.68383e-08,1.03862,0.642412,2.44729,0.850379,-0.745972,-70.7731,433.05,74.9786,9513.71,7851.21,1.48426,1.08805,3.33857,1.29602,-0.300332,0.51661,532.316,82.3317,9612.98,0.0592006,0.786988,0.0155319,8991.74,2523.16,295.234,62742.4,0.00168564,0.0142466,12.8764,15.2977,98.2754,67.3199,0.507461,15.2781,14.6876,94.6014,125.464,3.674,-58.144 
63,2,63,11592.2,0.0280407,15.5717,15.9658,94.8941,0.0524619,-0.826702,3.80698,-0.480277,-0.639942,1.07351,-1.59673,1.04037,-63.6791,489.245,74.9038,9918.38,8094.66,-0.079307,-0.238972,1.87545,-1.19576,1.44134,-0.0403263,578.561,81.5198,10007.7,0.0616452,0.802197,0.0147834,9385.33,2712.67,318.04,67707.6,0.00159491,0.0170667,13.0425,17.0996,96.8103,69.2537,0.524486,15.2165,14.9326,94.7072,126.217,2.10312,-56.9636 
