1.583589427991342518e+03, 4.494919807920355481e+01, -3.193283579168135211e-03, 2.545051904761904734e+04
1.939121825806182869e+03, 4.509407502831004422e+01, -9.380507959853591482e-02, 2.485548729418593939e+04
1.588422979163874288e+03, 4.476811156669797498e+01, 3.267254335003692833e-02, 2.464692777777777883e+04
-1.079369554172142443e+03, 4.483303213252043662e+01, 4.523482411509383017e-02, 2.502705965160682899e+04
3.430740686924337297e+03, 4.565723788045714571e+01, -1.773583642623208112e+00, 2.253548540352378768e+04
2.443234000800121976e+03, 4.480054225303576487e+01, -9.183541898973052175e-03, 2.453972999999999956e+04
2.360500937245645218e+03, 4.480785681817743438e+01, -2.323300880814381866e-02, 2.532037513933254013e+04
2.872855421815381760e+03, 4.500414761544496400e+01, 2.704852018164567024e-02, 2.426482966266720177e+04
3.028069927932181145e+03, 4.436301354965228683e+01, 3.495492923921816319e-01, 2.554979576336009632e+04
2.993142626564022066e+02, 4.486735194790057335e+01, 1.080317844045752124e-02, 2.532816190472433664e+04
-3.960107829317246797e+03, 4.468616143988056422e+01, 1.939827509916773607e-03, 2.516604761908294313e+04
-5.529091646631759431e+03, 4.485024881876947234e+01, 6.999123735068888026e-03, 2.551358500030269352e+04
4.403802204283904757e+03, 4.488826683542424689e+01, 4.257927905474330477e-02, 2.498825801719736774e+04
2.520717421175230811e+03, 4.487185289941690769e+01, 3.856113483392669631e-03, 2.428173500000000058e+04
3.545836566321459031e+03, 4.507119701080780061e+01, 1.742213576811204034e-01, 2.516834433194060330e+04
2.863987405897472399e+03, 4.472195183539324859e+01, 7.568765183321075896e-02, 2.542838523604315196e+04
1.288602199782224261e+03, 4.488480415476099950e+01, 5.106851363599668875e-02, 2.481249775199109718e+04
-6.925418134034295690e+03, 4.480354787618320955e+01, 2.482281663772708050e-02, 2.517858494088266525e+04
2.445005482721772296e+03, 4.466083657382591099e+01, 5.650637932099594057e-02, 2.471606986115270411e+04
-6.496240822540634326e+03, 4.479850764101724536e+01, 3.575378943423671713e-02, 2.538636788178372808e+04
1.513007470509705126e+04, 4.492217172648420132e+01, 5.240645165217723556e-02, 2.473506830136866483e+04
-1.766907898818356898e+03, 4.490925303683570746e+01, -6.586045464235563973e-02, 2.532019096979517053e+04
5.015481618480293037e+03, 4.485212441119465154e+01, -8.958533289366715779e-04, 2.559339523803617340e+04
1.361747890460530471e+03, 4.481040848140534649e+01, 8.434304175188062080e-03, 2.529924285710073673e+04
-1.560086349695789431e+04, 4.489913646267898173e+01, 1.143031071494709887e-02, 2.480029999950683850e+04
-6.616095534432060958e+03, 4.516275964129664544e+01, -5.752777820191554842e-02, 2.582297024996627442e+04
-3.091950065543579967e+03, 4.465491395244580275e+01, -2.386904016027115993e-01, 2.569870830826307429e+04
2.388600045525164660e+03, 4.492361375540653512e+01, 4.415895011062416498e-02, 2.434500882472738522e+04
-2.790015353554666945e+03, 4.491997095414301810e+01, 8.860664009811235892e-03, 2.471055998144892510e+04
2.287233378647526933e+03, 4.470140466813184332e+01, 3.370565140676772820e-01, 2.509000078880195724e+04
-9.927098567480368729e+03, 4.488759961023487932e+01, -6.082539552452104550e-03, 2.512647995207150962e+04
1.604653832064317157e+03, 4.489681670797877189e+01, 8.299060919895250021e-02, 2.447683333320670863e+04
2.253520428761689345e+03, 4.507334789722465729e+01, 2.126461242162882292e-01, 2.490569672140226976e+04
3.963854659318103586e+03, 4.477690426346767083e+01, 3.868360585774168608e-02, 2.486787403373439520e+04
2.662225228956148385e+03, 4.483711462836247108e+01, 3.747803512041189555e-02, 2.466011999999981708e+04
8.674696052508321372e+03, 4.481914878872947838e+01, 2.902596013725591319e-03, 2.582392500236068736e+04
2.447582287394057857e+03, 4.454620294185114204e+01, 5.565355247674194095e-01, 2.346665392349166723e+04
-2.190987447503867315e+03, 4.456674195695897112e+01, 2.961191080056531089e-01, 2.550506284236212741e+04
2.320451078409444744e+04, 4.487065043313044299e+01, 6.009808019397111511e-02, 2.536631649650845065e+04
1.034663823209539828e+02, 4.482036108601501923e+01, 2.277331822780677764e-02, 2.468486337638299301e+04
2.330011863885095863e+03, 4.498608225924198933e+01, 6.767174051541681445e-03, 2.517342105263158010e+04
6.993070835558114595e+03, 4.476413069231681874e+01, 2.850757198983316573e-02, 2.526592500772099811e+04
3.184455915695486965e+03, 4.484647279033970335e+01, 1.033967733552132451e-03, 2.463019047592924107e+04
4.474044037540134013e+03, 4.491655684739588850e+01, 3.784574551186661862e-02, 2.446446427361099632e+04
5.257702590956921085e+03, 4.486061196225795555e+01, 1.000098337544550256e-02, 2.526017501340935632e+04
1.498556124783779069e+03, 4.481864938967150636e+01, 9.131173162997280324e-02, 2.532790902723395629e+04
2.249077949612864813e+03, 4.484507057578012734e+01, 4.047420473183222650e-02, 2.514109418574785741e+04
4.092592361625490867e+03, 4.461450088466347808e+01, 1.173135677659448983e-01, 2.471828198064931348e+04
1.330319889062800030e+03, 4.491970719552909941e+01, 1.300701278724229228e-02, 2.477483809558810026e+04
-6.107727056676623761e+03, 4.488049177964607139e+01, 3.301898061910146093e-02, 2.500514000679884339e+04
2.623283884141362705e+03, 4.477683874549511245e+01, 2.429658713788947766e-01, 2.420198734326556951e+04
1.276141289737985062e+03, 4.489090042754388321e+01, 1.609283108445123955e-03, 2.530410476190476402e+04
2.897534850916249525e+03, 4.486578935151231207e+01, 8.856233833876696673e-03, 2.541781999999999607e+04
3.181790476190475601e+03, -2.136341298654245911e+11, 1.667539403684949875e+09, 2.501913809509549901e+04
3.269525391859292085e+03, 4.545887658751556870e+01, 2.467119450346346721e-01, 2.500631307515322987e+04
7.926904912644965407e+03, 4.479548184361183161e+01, 2.468450951647684771e-02, 2.491252787418287335e+04
7.817448101590252918e+03, 4.482762257158975672e+01, 9.448308426036109917e-03, 2.410178947368420995e+04
-1.894455780839658019e+03, 4.527500359539591557e+01, -3.563490352706328301e-01, 2.577324679143875983e+04
2.568011616520151165e+03, 4.488247057169297705e+01, -5.485345156016549484e-03, 2.489352380952413660e+04
7.245183882614982451e+01, 4.499156957977937310e+01, 1.017150756518137890e-02, 2.515984999999999854e+04
2.072732361073644825e+03, 4.480969685102483879e+01, 7.790522862493445833e-02, 2.516322405245150003e+04
1.667888914770038809e+03, 4.558396158610788262e+01, -2.936274784542627914e-02, 2.559115499999999884e+04
-7.798578741742799139e+03, 4.525874119534846329e+01, 9.710218323394465348e-03, 2.516585994662316443e+04
3.838939872074382947e+03, 4.485495026118465489e+01, 6.697323117866245401e-02, 2.437302559840419417e+04
-4.907503815747467684e+02, 4.455134845785353548e+01, 2.984725786243926371e-01, 2.526465971095766508e+04
-6.743924800916366848e+02, 4.486420603516059913e+01, 8.239448571907954932e-03, 2.530718000000000029e+04
1.506415308085813422e+03, 4.452910712731070220e+01, 2.857714213383643065e-01, 2.468355206871268820e+04
-3.602212182730202585e+03, 4.480186945119663022e+01, 2.189883584962147578e-02, 2.496163499579269410e+04
1.753998876217080578e+03, 4.501053269986739025e+01, 7.634104307141023615e-02, 2.497357648530062215e+04
1.491640169045570246e+03, 4.520167329194266159e+01, 7.773416359387159968e-02, 2.484288326730106564e+04
2.701872074466856247e+03, 4.483581237930080476e+01, 1.135687107503308493e-02, 2.501322000000000116e+04
9.810623787086577067e+03, 4.475270430610356698e+01, -8.755984685232651513e-03, 2.427704500300474683e+04
3.487734665256104108e+03, 4.492121690221421915e+01, 1.087973231892688797e-01, 2.496775616932272169e+04
1.621526048567184262e+03, 4.474089861072378227e+01, -8.131264397319799830e-02, 2.519898827043627898e+04
1.288357969155227920e+03, 4.481544908282636897e+01, 1.252229956895236362e-01, 2.471278195389830580e+04
-2.356935498821067449e+04, 4.520131841443950549e+01, 1.972186579175501386e-02, 2.489677619047388725e+04
1.122298826300197106e+04, 4.476394888696393082e+01, -5.452740902753188366e-03, 2.448163499999999840e+04
8.696172934607726347e+03, 4.487122986848130068e+01, 1.840315434140074244e-02, 2.490615006629683194e+04
-1.946809353267011147e+03, 4.420424773178808664e+01, 1.768971991598018434e-01, 2.579632748271975288e+04
2.245530814297339475e+03, 4.485641129742370481e+01, 3.852593473509984771e-03, 2.545674499998395913e+04
-3.695860854926416323e+03, 4.488737076278990656e+01, 1.309772961916335667e-02, 2.514073998282469256e+04
7.710400350759813364e+02, 4.494836482309816716e+01, 1.595992177378461607e-01, 2.529935346938778821e+04
1.731332890240111738e+04, 4.488055364626345067e+01, 3.490680148418655315e-02, 2.422852157206660195e+04
3.047348364106174358e+03, 4.462016576923966227e+01, 2.445716661230616998e-02, 2.472409297543638968e+04
2.581887336227980995e+03, 4.485570047660497295e+01, 3.907882554986465140e-02, 2.470214497528259380e+04
-1.397536118734042611e+04, 4.484195139689331455e+01, 4.880667406884245385e-02, 2.461614995619287220e+04
9.421451354898113095e+02, 4.484113457954442339e+01, 2.620600093966858266e-02, 2.491768799384346858e+04
-3.828561024474896385e+03, 4.482084792169948173e+01, 6.152695386066931588e-03, 2.591099000000136584e+04
1.595390408337176723e+03, 4.466099870862615973e+01, -1.029538198176833119e-01, 2.454728937462574686e+04
-2.273095521565107447e+03, 4.502622615867056055e+01, 1.165648407685853788e-01, 2.519160311482521502e+04
-1.659017124123363601e+03, 4.480794807185409923e+01, -7.585005034879832575e-02, 2.500223345979590158e+04
1.255530690656348816e+04, 4.481163421067198271e+01, 3.778503708647719395e-02, 2.497045475699651070e+04
7.658194633815046473e+03, 4.474931099981403548e+01, 2.534474536868524738e-02, 2.494433158330853257e+04
-2.761903510060027202e+03, 4.511408915344766513e+01, -2.439781463256595131e-02, 2.476865999999999985e+04
8.508359567109093405e+03, 4.496909501171785450e+01, 2.754086040488469903e-02, 2.549523954619698634e+04
1.046765777447653818e+03, 4.474948514742106909e+01, 6.191095226263326756e-02, 2.516668515223980285e+04
1.438473563977895537e+03, 4.488284719587075244e+01, -5.457034679579148527e-03, 2.465558438590656806e+04
4.750641825350330691e+02, 4.472470059066684200e+01, 3.116011630389427245e-02, 2.563709870353599399e+04
2.099971181206855363e+03, 4.475816436420443978e+01, 1.007775394904010524e-01, 2.467321591933458694e+04
2.567867603741392941e+03, 4.485977712694516839e+01, 1.324119396185468971e-02, 2.434513528622547528e+04
