cyc,time,charge,freq,cyc,ROIsum,fBg,fA1,fWidth1,fCtr1,fA2,fWidth2,fCtr2,box1,box2,box3,box4,box5,box6,box7,box8,box9,Nfit,BZ-2,BZ-1,BZ0,BZ1,BZ2,Excited,c5,c7,c9,fraction95,fraction75,fraction97,sum95,two2D_bg,two2D_a1,two2D_sh1,two2D_sv1,two2D_ch1,two2D_cv1,two2D_a2,two2D_sh2,two2D_sv2,two2D_ch2,two2D_cv2,two2D_chd,two2D_cvd
180,0.21,0.66,43.162,180,8265.84,-0.0902908,25.9551,8.25919,123.437,0.102899,-20.9578,1.26842e-09,-0.238037,1.99115,-2.3067,-2.74148,-2.48465,-347.708,6242.4,35.2251,3726.17,7048.58,1.95139,4.18057,2.07215,-0.552052,-0.295226,0.718337,6519.36,60.4035,4003.13,0.612573,0.984045,0.0270439,10642.6,-0.00161496,1.09212,8.42767,8.30376,123.739,73.9826,0.584513,8.45092,9.57394,122.981,118.924,0.758173,-44.9418 
181,0.21,0.66,43.222,181,6382.49,-0.0631136,20.7922,-8.13061,123.511,0.0117037,37.5073,500,3.86043,1.11835,-3.30017,-3.15736,0.467941,-308.785,4560.66,12.3676,3293.01,5517.54,5.80476,3.06269,0.588496,-1.21303,2.41227,0.944769,4806.62,34.7275,3538.97,0.568712,0.987514,0.0177554,8451.76,-0.0013943,0.833481,8.12762,8.24426,123.897,74.9547,0.534621,8.45898,9.2269,123.048,119.824,0.849436,-44.8689 
182,0.21,0.66,43.182,182,7345.36,-0.150102,23.1211,8.3036,123.528,-0.367685,414.312,3.22461e-05,-0.423194,1.75965,3.34821,1.39284,-0.155476,-362.886,5296.79,19.7206,3525.28,11208.9,1.8618,4.04465,7.9182,3.67784,2.12952,0.596669,5585.85,45.9981,3814.33,0.587081,0.985794,0.0217317,9514.61,-0.00145486,0.977813,8.30378,8.01096,123.843,74.2708,0.564389,8.65493,9.24739,123.038,119.316,0.804852,-45.0456 
183,0.21,0.66,43.252,183,7569.64,-0.0230498,24.1279,-8.18074,123.616,-0.0196989,55.6772,499.979,-0.747425,1.82507,3.47481,0.0492312,3.42525,-367.314,5573.47,15.6701,3580.52,6461.21,1.56545,4.13795,8.10056,2.36211,5.73813,0.630182,5866.05,42.2682,3873.1,0.595215,0.987547,0.0197072,9855.35,-0.00150588,1.00976,8.2783,8.1596,123.987,74.4378,0.605413,8.30589,9.04186,123.234,119.461,0.752803,-45.0234 
184,0.21,0.66,43.352,184,9318.85,-0.330247,28.6993,8.35806,123.496,-0.00901896,1414.42,335.088,3.10106,3.63382,-0.0401721,-1.22598,1.34077,-270.93,6586.63,8.71581,4218.34,8223.84,4.80703,5.33979,3.37177,0.479991,3.04675,0.802188,6802.44,28.3345,4434.14,0.5983,0.992763,0.0116342,11369.6,-0.00148117,1.19578,8.23415,8.21081,123.773,74.376,0.676516,8.42904,9.45598,123.133,119.324,0.640753,-44.9476 
185,0.21,0.66,43.232,185,6518.99,-0.00180536,21.5,8.10014,123.429,-0.00221092,-4.92612,2.95921e-06,2.53188,4.03869,-1.78653,1.53795,-0.0987793,-226.583,4769.48,19.0636,3258.46,5669.6,3.95861,5.46543,1.06694,2.96469,1.32795,0.92783,4949.96,35.471,3438.94,0.582892,0.987615,0.0186462,8492.07,-0.00152097,0.877552,8.09507,8.29902,123.825,74.1891,0.522772,8.45487,9.51418,122.986,119.052,0.838491,-44.8627 
186,0.21,0.66,43.302,186,8875.06,-0.00941989,26.442,8.35128,123.691,-0.00776255,-13.1861,500,-0.355304,1.24457,-3.36672,0.84435,-0.834786,-234.142,6369.33,35.7416,3805.49,7191.91,1.11903,2.7189,-0.418058,2.31868,0.639546,1.06555,6555.83,52.6964,3991.99,0.614557,0.986128,0.0237395,10667.6,-0.00122281,1.1116,8.48415,8.24734,124.08,74.1697,0.607225,8.42654,9.37319,123.187,119.038,0.893368,-44.8686 
187,0.21,0.66,43.172,187,5920.88,-0.0182567,20.2714,7.80772,123.598,0.00827957,-10.7469,500,-3.7919,0.976434,4.11166,-0.543463,1.42447,-282.565,4645.23,19.282,2717.52,5155.22,-2.01266,2.75567,7.67014,1.23578,3.20371,0.403225,4870.3,39.7432,2942.59,0.616402,0.98592,0.0242759,7901.17,-0.00138135,0.912404,7.98916,7.79753,123.791,74.3681,0.471403,8.15337,9.08025,123.303,119.079,0.488565,-44.7108 
188,0.21,0.66,43.202,188,5030.1,-0.0190144,17.4778,7.81286,123.71,-0.0226274,-36.6077,500,1.56202,-0.574931,4.56305,-3.61401,-2.26303,-204.319,4038.71,3.49581,2294.95,4472.17,2.84856,0.711609,7.13613,-2.32747,-0.976486,0.0346582,4201.46,18.291,2457.69,0.624021,0.992439,0.0135242,6732.89,-0.00121376,0.775468,7.92626,8.07303,123.907,74.9742,0.406203,7.9626,8.92716,123.323,120.178,0.584069,-45.2042 
189,0.21,0.66,43.242,189,5354.52,-0.00658828,19.0709,7.50689,123.686,-0.112334,89.3906,500,0.0601689,2.37443,1.22599,0.550926,0.84542,-291.17,4291.75,18.1611,2498.22,4987.33,1.89359,4.20785,4.89282,2.38434,2.67884,0.695293,4523.68,39.2454,2730.15,0.616663,0.985045,0.0257968,7335.73,-0.00126322,0.859438,7.64149,7.88441,123.981,74.3328,0.4467,7.6251,9.21222,123.197,119.273,0.783691,-44.9403 
190,0.21,0.66,43.212,190,5157.88,-0.00572592,18.5624,7.51957,123.636,0.00831611,1.93293,0.155299,2.40183,1.07631,-3.16314,-0.982554,0.540806,-331.758,4085.22,16.6765,2560,4544.36,4.49082,3.1653,1.01485,1.10644,2.6298,0.918205,4349.48,40.7,2824.26,0.599229,0.983888,0.0258598,7258.46,-0.00135957,0.808113,7.67567,8.06649,123.94,74.6986,0.436703,7.8082,9.39951,123.241,119.572,0.698996,-44.8735 
191,0.21,0.66,43.282,191,6917.49,-0.0372751,23.7358,7.56798,123.643,0.00506677,21.8829,499.99,-2.03446,-1.12132,7.16413,4.36718,2.38716,-300.19,5303.81,12.9795,3159.23,5851.23,-0.144246,0.7689,10.9446,6.2574,4.27738,0.50486,5542.92,34.717,3398.35,0.612937,0.989158,0.0184711,9043.22,-0.00143266,1.03121,7.75675,8.10428,123.868,74.5017,0.537079,7.78165,9.53263,123.396,119.254,0.471587,-44.7527 
192,0.21,0.66,43.292,192,7125.55,-0.241859,23.9495,7.60743,123.619,0.327501,173.732,270.792,-1.51884,-1.32606,-4.08818,0.396756,-0.468997,-251.369,5239.15,21.2581,3148.38,7783.22,0.0639632,0.256745,-0.922567,1.97956,1.11381,1.37028,5439.37,39.4603,3348.61,0.61196,0.987464,0.0212464,8888.44,-0.00114757,1.01419,7.7042,8.14938,123.838,74.2917,0.551626,7.61553,9.42197,123.228,119.122,0.609553,-44.8305 
193,0.21,0.66,43.132,193,6733.47,-0.013242,23.2159,7.45874,123.925,0.00948717,-12.3216,500,-3.12241,-0.948121,-5.38537,2.0988,-2.6841,-274.381,5130.23,29.4523,3007.45,5640.78,-1.3947,0.779583,-1.92997,3.82651,-0.956398,6.938,5348.78,49.3209,3226.01,0.616818,0.98412,0.0273916,8671.57,-0.00123481,1.02029,7.53093,8.08813,124.152,75.4067,0.528256,7.72124,9.19771,123.528,120.442,0.623518,-45.0353 
194,0.21,0.66,43.262,194,6476.61,0.0286628,22.2671,7.40451,123.729,0.0111763,-29.2484,1.70321e-12,-4.17641,-4.63942,1.8491,-0.571562,1.68258,-290.019,4831.63,18.2479,3069.18,5377.94,-2.35024,-2.81325,5.50144,1.25461,3.50875,-0.0784377,5062.64,39.2489,3300.19,0.598291,0.986614,0.0214383,8461.84,-0.00128391,0.942715,7.77969,8.06254,123.996,74.8071,0.533944,7.53647,9.45954,123.353,119.779,0.642948,-44.972 
195,0.21,0.66,43.082,195,7426.83,-0.0234362,25.7196,7.39599,123.777,0.0109262,15.2179,500,-4.43581,2.82629,-0.817514,2.41488,-1.6166,-281.387,5388.68,30.2396,3505.18,6197.78,-2.66399,4.59811,2.72612,4.1867,0.155215,0.69717,5612.81,50.6155,3729.32,0.593696,0.984464,0.0243918,9454.01,-0.0013297,1.03504,7.53591,8.39931,124.027,75.0371,0.632256,7.41314,9.37973,123.354,119.914,0.672765,-44.8765 
196,0.21,0.66,43.192,196,5858.73,-0.308825,21.6922,7.48112,124.091,1.96023,-772.713,43.0767,-0.610475,1.11878,-1.53512,-2.43229,-2.87789,-273.841,4674.1,10.1528,2819.22,54591.2,1.11383,2.84309,1.91349,-0.70799,-1.15359,0.52268,4892.22,29.9823,3037.35,0.60995,0.989389,0.0178591,8020.69,-0.00148225,0.916497,7.61213,8.16907,124.232,74.9167,0.516956,7.41739,9.2286,123.761,119.967,0.470429,-45.0501 
197,0.21,0.66,43.402,197,7459.64,-0.0161041,25.208,7.46628,123.913,-0.0053789,-1.95374,500,-0.803537,-1.91066,-3.76574,1.99374,-0.543648,-320.081,5452.09,30.7054,3448.15,6127.2,1.21193,0.10481,0.265195,4.00921,1.47182,0.962453,5707.05,53.8833,3703.11,0.599401,0.983746,0.0261044,9521.25,-0.00124733,1.06476,7.72869,8.03084,124.189,74.5837,0.6074,7.47603,9.39195,123.587,119.519,0.602,-44.9354 
198,0.21,0.66,43.032,198,6657.98,-0.0239066,24.2214,7.23631,124.005,-0.0124132,24.7636,500,-3.15755,0.925646,-3.11889,-0.453935,-2.40818,-248.967,5281.92,12.1091,2975.66,5715.74,-1.58988,2.49332,0.0164684,1.11374,-0.8405,0.986198,5480.23,30.1374,3173.97,0.626353,0.990468,0.0171904,8749.42,-0.00142864,1.08428,7.40189,8.01799,124.307,75.366,0.562198,7.38352,8.93238,123.557,120.403,0.74942,-45.0367 
199,0.21,0.66,43.272,199,6644.63,-0.197013,23.4052,7.53548,123.728,-0.00824035,190.165,0.0455083,-2.28053,-1.67006,-0.965734,-1.08929,-4.6096,-311.78,5000.06,32.8218,3157.9,5792.41,-0.317337,0.293132,2.96065,0.873908,-2.64641,-1.54362,5248.41,55.3985,3406.24,0.59935,0.981863,0.0290882,8756.84,-0.00138154,0.997595,7.54369,8.11801,124.142,74.4074,0.555567,7.60836,9.34922,123.302,119.387,0.839537,-44.9799 
