cyc,time,charge,freq,cyc,ROIsum,fBg,fA1,fWidth1,fCtr1,fA2,fWidth2,fCtr2,box1,box2,box3,box4,box5,box6,box7,box8,box9,Nfit,BZ-2,BZ-1,BZ0,BZ1,BZ2,Excited,c5,c7,c9,fraction95,fraction75,fraction97,sum95,two2D_bg,two2D_a1,two2D_sh1,two2D_sv1,two2D_ch1,two2D_cv1,two2D_a2,two2D_sh2,two2D_sv2,two2D_ch2,two2D_cv2,two2D_chd,two2D_cvd
100,0.07,0.8,43.1776,100,6971.53,-0.0231873,20.6288,8.81103,121.972,0.0376839,-46.0388,500,-0.678626,-0.798969,-3.8085,-3.90232,-2.3419,-252.223,5266.21,1.00527,3517.51,5973.39,0.909555,0.789212,-0.632135,-2.31414,-0.753719,0.684127,5467.11,19.2694,3718.42,0.588046,0.99387,0.00945577,9297.08,-0.0016501,0.807303,9.44179,8.43228,122.082,82.3549,0.544115,9.04688,8.95307,121.452,129.999,0.630492,-47.6439 
101,0.07,0.8,43.2176,101,5876.03,-0.099919,17.5675,-8.86683,122.035,-0.516188,-249.328,499.984,0.0922942,-0.859216,-0.420644,-1.13418,-1.29677,-156.498,4479.2,0.0415314,2974.74,9260.36,1.07772,0.126213,1.55021,-0.148749,-0.31134,0.324249,4603.86,11.374,3099.4,0.590523,0.995695,0.00671464,7796.24,-0.00144181,0.680934,9.29652,8.65075,122.121,81.6817,0.439054,9.14778,9.27869,121.681,129.165,0.439694,-47.4829 
102,0.07,0.8,43.0276,102,9070.84,0.0231144,24.5328,9.03566,121.544,-0.0917211,-118.703,500,-0.414139,-3.1236,0.946375,-0.247251,-2.97398,-195.198,6296.61,13.9002,4260.96,7570.53,0.81497,-1.89449,3.40459,0.981858,-1.74487,-1.17956,6452.09,28.0349,4416.45,0.586499,0.992453,0.0115583,11001,-0.00128766,0.930813,9.34211,8.78578,121.781,81.545,0.611954,9.22417,9.32582,120.969,129.06,0.811698,-47.5147 
103,0.07,0.8,43.2376,103,6310.84,-0.143911,18.9373,8.98968,121.97,-0.0414738,133.721,500,-4.02668,-0.799325,-2.74765,-2.1942,-1.55516,-203.236,4801.16,13.6486,3294.38,5722.41,-2.74696,0.480395,-0.188213,-0.914479,-0.275442,0.94836,4963.04,28.3654,3456.27,0.582312,0.990097,0.0148929,8522.99,-0.0016802,0.727461,9.41509,8.65339,122.011,81.5067,0.474261,9.30733,9.37879,121.443,128.894,0.568427,-47.3876 
104,0.07,0.8,43.2276,104,6130.93,-0.282476,18.6288,8.86835,121.935,-0.00347276,81.2264,98.9065,-0.932914,0.100135,-1.82048,-1.73472,-0.97483,-224.969,4544.41,11.5849,3239.32,5387.2,0.483657,1.51671,1.01267,-0.318149,0.44174,0.677148,4723.6,27.8754,3418.52,0.572928,0.989778,0.0147987,8244.67,-0.00153472,0.700299,9.21887,8.63301,122.098,81.3022,0.46892,9.11974,9.51918,121.505,128.707,0.592743,-47.4044 
106,0.07,0.8,43.1676,106,6738.79,-0.0103052,20.4293,-8.61845,121.909,0.012405,-5.28895,8.04852e-11,1.91055,-0.131502,-0.408073,-1.07601,-0.863582,-255.108,5128.76,-2.3372,3403.92,5733.76,3.5169,1.47485,2.80462,0.530342,0.742765,0.690762,5331.97,16.1358,3607.12,0.589343,0.994732,0.00817297,9047.3,-0.00161413,0.814194,8.96549,8.55269,121.943,81.6441,0.500207,9.25535,9.19359,121.332,129.206,0.610839,-47.5617 
107,0.07,0.8,43.2576,107,6731.01,-0.309657,20.1335,9.00605,121.989,-0.152415,605.813,124.91,-0.732178,-1.35597,0.627811,-0.939954,-1.20492,-212.565,5017.48,5.3808,3455.03,8908.48,0.606287,-0.0175079,3.30474,0.398511,0.133545,0.253263,5186.79,20.7731,3624.35,0.581488,0.99304,0.0104478,8919.87,-0.00157081,0.777518,9.38012,8.41663,122.177,82.2315,0.506303,9.08911,9.32524,121.389,129.855,0.78846,-47.6231 
108,0.07,0.8,43.3976,108,8586.67,-0.297059,24.0097,9.1714,121.971,0.110232,227.219,107.864,-2.11137,0.196739,-1.29313,0.950409,-0.892611,-197.836,6145.69,18.6579,4124.76,7983.68,-0.865647,1.44246,1.19831,2.19613,0.353112,0.722893,6303.27,32.9837,4282.34,0.588316,0.990926,0.0139899,10714.1,-0.00149141,0.918232,9.35231,8.73386,122.157,81.2985,0.584509,9.29873,9.37106,121.48,128.696,0.67707,-47.3977 
109,0.07,0.8,43.3476,109,7925.41,-0.0258067,23.0492,8.75699,121.88,0.00462444,-10.5973,500,-4.10177,-0.719983,-0.356057,-2.1249,-2.11963,-247.26,5773.37,19.2967,3871.97,6572.21,-2.54484,0.83695,2.75781,-0.567965,-0.562695,35.1571,5970.32,37.2015,4068.92,0.587554,0.989213,0.0165631,10161.3,-0.00144902,0.900238,9.09169,8.51101,122.093,81.946,0.586221,8.89896,9.12139,121.289,129.591,0.804426,-47.6452 
110,0.07,0.8,43.1576,110,8570.58,-0.0281553,23.2515,9.21732,121.874,0.00541898,51.8356,499.994,-4.65591,-1.74525,-2.26861,0.196939,-2.02489,-187.834,5977.18,22.55,4205.37,6985.86,-3.47317,-0.562507,0.0968691,1.37968,-0.842148,1.02848,6126.79,36.1515,4354.98,0.577323,0.98978,0.0150613,10612.4,-0.001423,0.864395,9.51568,8.82148,122.108,81.6727,0.580236,9.49859,9.47667,121.198,129.394,0.910827,-47.7208 
111,0.07,0.8,43.2676,111,8246.16,-0.0160596,22.895,8.94348,121.728,-0.0189842,6.53833,500,-4.35436,0.845644,-2.22719,0.76679,-1.81872,-176.785,5885.79,18.8208,3910.01,6669.69,-3.24119,1.95881,-0.000849725,1.87996,-0.705549,0.992191,6026.61,31.6222,4050.83,0.590904,0.990901,0.0141763,10199,-0.00135574,0.866767,9.34429,8.81215,121.941,81.4923,0.555945,9.24395,9.43882,121.187,129.146,0.753254,-47.6536 
112,0.07,0.8,43.2476,112,6923.12,-0.0616777,20.5308,8.89285,121.962,0.0605536,324.653,4.95086e-09,1.89185,2.76327,-3.15788,-2.7689,-2.36063,-278.787,5338.53,5.73473,3415.79,6583.45,3.64729,4.51872,0.353015,-1.01345,-0.605185,0.948841,5560.59,25.9224,3637.86,0.597426,0.991908,0.0129563,9307.59,-0.00166911,0.808175,9.32346,8.6377,122.096,81.5643,0.496121,9.2681,9.33678,121.411,129.015,0.685715,-47.4505 
113,0.07,0.8,43.1276,113,8415.49,-0.00855787,23.4997,8.92392,121.773,-0.0200266,0.718379,500,-3.62371,-1.68341,-0.735104,1.09979,-2.18436,-181.802,6262.98,7.11224,3692.51,6827.2,-2.47895,-0.538647,1.55441,2.24455,-1.0396,7.01947,6407.8,20.277,3837.32,0.618499,0.994493,0.00964012,10360.2,-0.00137758,0.951293,9.29221,8.59578,121.931,81.4593,0.557557,9.10353,9.11685,121.226,128.939,0.705591,-47.4795 
114,0.07,0.8,43.1876,114,7111.2,-0.284341,20.488,9.11318,121.981,1.00952,609.615,7.38964,0.0329569,-0.596772,-3.85418,-3.21951,-4.69997,-269.107,5149,18.7223,3631.92,26111.9,1.72745,1.09772,-0.465195,-1.52502,-3.00548,0.785676,5363.35,38.209,3846.27,0.575157,0.987686,0.0179707,9325.01,-0.00147132,0.781124,9.43362,8.51501,122.219,81.2452,0.524109,9.37591,9.12292,121.305,128.887,0.914056,-47.6417 
115,0.07,0.8,43.2976,115,8678.64,-0.0347644,23.9928,8.95893,122.07,0.0120709,46.9948,500,1.44663,0.296178,3.90326,2.10759,1.51181,-174.3,6191.4,14.9889,4050.55,7015.8,2.54415,1.3937,6.09831,3.20511,2.60934,0.615263,6330.24,27.6104,4189.39,0.594651,0.992425,0.0119949,10645.3,-0.00140107,0.938324,9.45655,8.53489,122.158,81.8137,0.617279,9.05128,8.9628,121.627,129.358,0.531632,-47.5439 
116,0.07,0.8,43.0776,116,8653.9,-0.0154032,24.1918,8.75813,121.845,-8.29145e-05,-0.490717,500,-2.36873,-1.83356,-1.9737,2.55913,0.4048,-160.115,6224.17,5.81088,3900.76,6897.24,-1.36053,-0.825359,0.042701,3.56733,1.413,0.984949,6351.71,17.4052,4028.3,0.604876,0.995227,0.0078964,10500.9,-0.00130664,0.958967,9.29984,8.47688,122.024,81.6427,0.585578,8.86771,9.35846,121.295,129.19,0.728647,-47.5474 
117,0.07,0.8,43.1976,117,6778.3,-0.105183,19.789,8.91923,121.812,0.445824,-186.452,2.88679e-08,-1.18677,-5.3178,-9.39425,-2.73161,-2.03098,-183.83,5058.74,-5.6572,3338.69,8451.72,-0.0292415,-4.16027,-7.0792,-1.57409,-0.873456,0.483882,5205.17,7.65436,3485.12,0.591843,0.997433,0.00402951,8794.84,-0.00151812,0.767465,9.29533,8.67494,121.909,81.5155,0.491608,9.26511,9.27809,121.229,129.2,0.679955,-47.6843 
118,0.07,0.8,43.2776,118,8270.44,-0.125322,22.9536,8.98206,122.144,0.726948,-719.268,293.871,1.92197,-1.09367,3.70311,-2.06581,-5.12477,-181.859,5925.29,12.0745,3919.84,23732.7,3.06709,0.051446,5.99334,-0.920699,-3.97966,-0.423084,6070.15,25.2433,4064.7,0.591818,0.992775,0.0113108,10256.8,-0.00143023,0.889589,9.32158,8.67162,122.147,81.6308,0.572513,9.17247,9.38866,121.422,129.018,0.725168,-47.3867 
119,0.07,0.8,43.2076,119,6056.31,-0.113752,17.9775,8.94729,121.883,0.00403265,123.841,0.100207,-2.56275,-3.32995,-3.33188,-0.196698,-2.19874,-203.596,4549.71,10.12,3191.17,5252.46,-1.28076,-2.04796,-0.767903,1.08529,-0.916755,0.80451,4711.89,24.8629,3353.34,0.577025,0.99085,0.013474,8165.83,-0.00154626,0.672769,9.38622,8.85166,122.082,81.6463,0.459154,9.19108,9.42913,121.42,129.172,0.66209,-47.5255 
