cyc,freq,vva,cyc,ROIsum,fBg,fA1,fWidth1,fCtr1,fA2,fWidth2,fCtr2,box1,box2,box3,box4,box5,box6,box7,box8,box9,Nfit,BZ-2,BZ-1,BZ0,BZ1,BZ2,Excited,c5,c7,c9,fraction95,fraction75,fraction97,sum95,two2D_bg,two2D_a1,two2D_sh1,two2D_sv1,two2D_ch1,two2D_cv1,two2D_a2,two2D_sh2,two2D_sv2,two2D_ch2,two2D_cv2,two2D_chd,two2D_cvd
0,47.2659,6,0,12842.1,-0.0713986,25.6244,12.565,123.584,0.00454566,20.9471,9.45832e-06,-6.30312,-8.05482,-10.6924,-2.26682,-5.79425,-689.78,2094.91,117.136,12894.3,10484.3,-1.95976,-3.71147,-2.00571,2.07653,-1.45089,0.715554,2644.34,167.084,13443.7,0.160347,0.900435,0.022382,16491.4,-0.00247276,0.169616,12.7872,12.9531,124.408,82.4308,1.00152,13.2626,12.318,123.355,127.626,1.05261,-45.1948 
1,47.4259,10,1,12439,-0.426154,25.0533,-12.7137,123.526,0.0720945,28.1812,346.182,-9.32717,-6.58157,-12.9085,-3.49848,1.23928,-689.95,600.646,134.595,13746.5,10435.1,-4.98274,-2.23714,-4.21962,0.845953,5.58371,0.157733,1150.22,184.556,14296,0.072454,0.780766,0.0232285,15875.1,-0.00229808,0.0455312,13.4584,25.5033,123.117,98,1.09162,13.0491,11.8444,123.369,127.968,-0.251894,-29.9681 
2,47,10,2,10692,-0.0167788,23.4922,11.9511,123.539,-0.00617444,13.7883,500,-5.09254,-11.4786,-16.3617,-9.36885,-4.90303,-712.408,51.3233,101.058,13248.8,9142.39,-0.606698,-6.99279,-7.39004,-4.883,-0.417185,0.635774,618.782,152.645,13816.3,0.0416701,0.69847,0.019946,14849.6,-0.0023622,-0.0144612,28.4267,7.17562,113.137,72.8356,1.12153,12.6799,11.7276,123.464,127.982,-10.327,-55.1469 
3,47.2299,2.5,3,13764.5,-0.117751,28.6611,12.0084,123.382,0.00427515,-6.38315,499.727,-0.110125,-6.89972,-10.3438,-0.705955,0.651684,-599.051,2864.9,111.674,13084.8,11204.9,3.66194,-3.12765,-2.79962,3.06611,4.42375,1.53586,3342.06,155.053,13562,0.193061,0.924907,0.0206261,17310.9,-0.00229736,0.284394,11.4048,11.0395,124.61,80.8775,1.12263,12.5705,11.6762,123.012,126.914,1.59711,-46.0366 
4,47.4459,10,4,10922,-0.00244086,23.0273,12.0809,123.632,-0.00561546,36.7146,500,-5.99382,-3.223,-3.99452,1.90567,-3.37929,-655.519,429.86,113.75,12757.2,9062.77,-1.86619,0.90463,4.26074,6.0333,0.748345,0.577342,952.006,161.218,13279.3,0.0650734,0.771394,0.0218749,14629.7,-0.00253473,0.041834,14.2918,-19.1691,123.378,98,1.05838,12.6345,11.7842,123.449,127.347,-0.0709967,-29.3469 
5,47.3459,10,5,12536.1,-0.476874,25.248,12.927,123.578,0.363158,341.288,373.554,-10.3704,-6.71675,-13.6702,-7.83707,-2.75052,-643.179,1516.77,128.495,13081.2,14659.5,-6.32042,-2.66683,-5.57034,-3.78714,1.2994,0.673204,2029.08,175.069,13593.5,0.126577,0.868818,0.0231744,16030.4,-0.00248882,0.0950102,13.9806,17.362,124.972,84.0685,1.02669,13.2253,12.1608,123.304,127.77,1.66814,-43.7018 
6,47.2459,5,6,14084,-0.496944,28.4274,12.4989,123.681,0.286658,98.4508,301.548,-3.93577,-6.31086,-13.8449,-4.88576,-2.37142,-676.179,3253.31,109.998,13075.6,12485.3,0.321944,-2.05314,-5.32944,-0.628039,1.88629,0.0815086,3791.92,158.962,13614.2,0.212855,0.931652,0.0210558,17814.6,-0.00248722,0.298966,12.0585,11.4863,124.349,81.046,1.06987,12.935,11.9753,123.34,127.303,1.00874,-46.2572 
7,47.1959,3,7,10803.2,-0.0711151,22.4791,12.352,123.51,0.0225365,12.2615,436.403,-3.25449,-9.74195,-11.7698,-8.94538,1.47919,-616.832,177.782,121.542,12633.8,9047.8,0.629536,-5.85793,-4.00176,-5.06135,5.36322,0.551788,669.111,166.208,13125.1,0.0471604,0.697009,0.0227955,14188,-0.00152652,-0.0075927,5125.96,6.47018,113.143,72.5191,1.03104,12.7265,12.1296,123.394,126.985,-10.2502,-54.4658 
8,47.2239,2,8,14288.7,-0.343419,29.3877,12.0568,123.886,-0.591987,201.624,0.000196798,1.86432,-6.94693,-13.2062,-3.67912,-3.35334,-583.117,3622.9,104.071,12725.9,15419.8,5.53605,-3.2752,-5.86271,-0.00738536,0.318396,-0.781519,4087.37,146.296,13190.3,0.231272,0.941056,0.0200219,17673.4,-0.00220008,0.338872,11.8932,11.3606,124.843,81.6503,1.0738,12.5965,11.8192,123.422,127.961,1.42011,-46.3106 
9,47.2339,3,9,13213.1,-0.459619,28.0284,12.0994,123.766,-0.564542,405.27,497.432,-6.39896,-3.20193,-1.96556,-1.9879,-4.52405,-527.863,2768.76,88.0824,12634.7,18487.6,-3.07515,0.121884,4.68207,1.33592,-1.20023,-1.51118,3189.22,126.306,13055.1,0.191706,0.935185,0.01751,16636,-0.00234824,0.282567,11.6388,10.7758,124.583,80.7538,1.0972,12.5582,11.5459,123.487,126.937,1.09602,-46.1834 
10,47.2959,7,10,13165.7,-0.0266379,25.7457,12.644,123.709,-0.0571611,134.268,500,-10.9495,-4.24319,-7.5355,-6.13448,-4.351,-668.857,1709.53,139.683,13505.4,10846.9,-6.73784,-0.0315801,0.887724,-1.92286,-0.139385,1.11175,2242.3,188.117,14038.2,0.134257,0.87198,0.0240903,16701.6,-0.00250006,0.123862,14.1314,14.0547,125.146,83.2599,1.05317,13.2622,12.2755,123.478,127.479,1.66849,-44.2189 
11,47.2319,2.5,11,13345.6,-0.475285,28.3979,12.106,123.733,0.578148,-686.851,34.3414,-5.18964,-4.74678,-5.95583,-6.7539,-2.75182,-656.372,2281.91,115.762,13445.6,24118.3,-1.05664,-0.613782,2.31016,-2.6209,1.38118,4.85035,2804.74,163.292,13968.4,0.16314,0.907536,0.0210803,17192.2,-0.00249602,0.214261,11.567,11.7928,124.854,81.4742,1.12893,12.5852,11.8933,123.448,127.265,1.40681,-45.7907 
12,47.1999,2.5,12,10165.5,-0.0815313,22.4214,11.7644,123.419,0.0558034,34.7701,35.2107,-6.16098,-7.29564,-9.27009,-1.91887,1.27716,-694.769,160.96,99.6662,12528,8649.85,-1.7862,-2.92086,-0.520537,2.45591,5.65194,1.18073,714.37,149.976,13081.4,0.0503493,0.731316,0.0206826,14188.3,-0.00220329,-0.0141234,24.806,6.88366,104.191,71.0387,1.0952,12.4422,11.5642,123.398,127.62,-19.2071,-56.5816 
13,47.2399,3.5,13,14174.8,-0.18103,28.8691,-12.1793,123.792,0.532901,-470.922,500,-6.44021,-4.40514,-8.89043,-4.86035,-4.57518,-580.187,2736.8,127.442,13476.3,19615.3,-2.78693,-0.751855,-1.58387,-1.20706,-0.921898,0.781584,3198.94,169.455,13938.4,0.182218,0.915163,0.0219046,17555.5,-0.00227451,0.248308,11.9164,11.8066,124.832,81.5559,1.11393,12.7847,11.9622,123.458,127.128,1.37406,-45.5722 
14,47.2439,4,14,13367.9,-0.480386,27.4228,12.5752,123.484,-0.475308,809.16,371.521,-2.00737,-8.33324,-14.8543,-6.71885,2.51081,-633.795,2690.2,111.843,12865,23745.9,1.98347,-4.34241,-6.87267,-2.72802,6.50165,-0.259198,3195.04,157.738,13369.8,0.18832,0.920474,0.021271,16966,-0.00239113,0.244282,11.9893,11.657,124.451,81.1498,1.03986,12.962,12.0844,123.223,127.059,1.22821,-45.9092 
15,47.2139,1.7,15,11626.1,-0.0394459,24.6578,12.0717,123.776,-0.0149258,-28.3157,500,-4.18948,-4.88982,-8.83561,-3.48645,-6.33971,-695.075,1259.94,112.849,12768.8,9703.6,0.187216,-0.51312,-0.0822059,0.89025,-1.96301,0.944488,1813.59,163.181,13322.4,0.116737,0.863961,0.0220654,15535.7,-0.00266348,0.107796,12.0135,13.8873,124.973,83.4444,1.04349,12.7899,12.0989,123.512,127.291,1.46089,-43.8463 
16,47.2119,1.7,16,11332.4,-0.0877135,24.1198,12.1016,123.872,0.00800943,-37.6107,500,-2.68788,-4.38456,-5.40014,-1.09909,-5.552,-753.434,958.61,116.31,12810.8,9511.73,2.05629,0.359614,4.08821,3.64508,-0.807831,0.562354,1558.75,170.868,13411,0.101402,0.839044,0.0229319,15372,-0.0027018,0.0786375,13.0803,14.525,125.435,85.319,1.06842,12.6605,11.9356,123.617,127.217,1.81779,-41.8983 
17,47.2379,3.5,17,13921.2,-0.00503445,28.5341,12.1544,123.79,-0.0164303,-43.5056,500,-7.1409,-6.83376,-18.4315,-3.7484,-0.74123,-778.699,2820.43,128.546,13467.9,11313.2,-2.23764,-1.93051,-8.625,1.15486,4.16203,-0.153652,3440.69,184.933,14088.2,0.191666,0.914026,0.0236101,17951.5,-0.00262937,0.24445,12.5562,11.8308,124.476,81.0946,1.10601,12.8158,12.0497,123.449,127.146,1.02707,-46.0516 
18,47.3059,8,18,13205.6,-0.017149,26.0673,12.605,123.642,0.00187062,16.442,500,-4.87036,-6.8112,-8.46673,-2.22078,-0.766078,-654.828,1695.85,117.393,13602.4,10697.3,-0.747081,-2.68792,-0.220182,1.90249,3.3572,1.13723,2217.45,164.811,14124,0.132265,0.884903,0.0210429,16765.2,-0.00253378,0.127945,12.8751,14.6692,125.085,82.8434,1.05317,13.3616,12.2832,123.271,126.987,1.81444,-44.1438 
19,47.2059,2.2,19,10703.9,-0.0370657,23.6232,11.8511,123.47,0.00525954,8.2641,500,-9.10118,-10.4432,-11.6856,-2.63381,-4.09095,-641.471,429.519,105.468,12770.1,9115.09,-5.06201,-6.40402,-3.60722,1.40536,-0.05178,0.737077,940.474,151.918,13281.1,0.0643279,0.779615,0.0206364,14620,-0.00213444,0.0356681,13.1232,-0.101986,124.749,85.0022,1.11154,12.4824,11.5712,123.209,127.183,1.54042,-42.1808 
20,47.2259,2.2,20,13579.9,-0.0898768,28.4812,-11.8633,123.906,0.0200429,2.06192,0.00582336,-8.7784,-5.45862,-10.2727,-3.23843,-0.950291,-604.379,2820.17,117.204,12978.4,11000.5,-4.97279,-1.65301,-2.66146,0.567181,2.85532,0.546194,3301.58,160.968,13459.8,0.192342,0.921386,0.0215552,17165.2,-0.00234801,0.274742,11.5389,11.2818,124.823,81.0608,1.09884,12.4393,11.9437,123.6,127.04,1.22229,-45.9788 
21,47.2279,2.2,21,12891.9,-0.304562,27.3196,12.1088,123.886,1.98121,-2459.18,1.29229e-06,-4.23076,-3.3487,-14.6301,-3.35034,-1.90902,-594.927,2724.4,101.988,12466.8,169373,-0.484661,0.397398,-7.13787,0.395754,1.83708,-0.429776,3198.28,145.068,12940.7,0.193517,0.926461,0.0202327,16527.2,-0.00248106,0.263233,11.7222,11.2617,125.121,80.9556,1.08408,12.6008,11.5436,123.427,127.002,1.69409,-46.0468 
22,47.3659,10,22,11916.6,-0.0212117,24.3771,12.4074,123.599,-0.0555308,81.9634,500,-5.22463,-6.63056,-12.912,-0.936835,1.97489,-651.247,1171.18,109.058,12990.2,9994.16,-1.1239,-2.52983,-4.71052,3.16389,6.07562,6.38192,1689.93,156.216,13508.9,0.1083,0.860756,0.0208577,15604.1,-0.00261863,0.0763064,13.3507,18.3713,124.459,84.2523,1.04605,13.0376,12.0018,123.332,126.756,1.12749,-42.5033 
23,47.5259,10,23,10363.3,-0.475932,22.8501,12.2134,123.28,0.276106,-272.271,379.674,-7.49035,-3.24482,-6.43383,-2.66264,-4.46358,-682.796,170.738,94.3572,12535.9,11532.1,-3.19097,1.05456,2.16493,1.63674,-0.164203,-0.442261,714.609,143.8,13079.8,0.0503716,0.739563,0.0198503,14186.8,-0.00192128,-0.00599709,3414.29,6.41598,103.036,72.9148,1.05603,12.6875,11.7953,123.138,126.771,-20.102,-53.8567 
24,47.2419,4,24,13854.7,-0.37524,28.3919,-12.1986,123.856,-0.134432,237.665,497.251,-4.19722,-1.3004,-4.5123,-2.77183,-5.6957,-568.325,3117.46,116.612,12973.5,12314.6,-0.618629,2.27819,2.64488,0.806755,-2.11711,0.116632,3570.15,157.766,13426.2,0.205191,0.928218,0.0211872,17399.1,-0.00242828,0.293764,11.8432,11.3783,124.637,81.6866,1.08371,12.7005,11.9094,123.446,128.009,1.19062,-46.3228 
25,47.3859,10,25,11859.6,-0.500122,24.351,12.9069,123.023,0.129502,154.743,6.41813,-2.41486,-5.73611,-8.781,-3.17741,-4.77273,-521.033,743.745,104.165,13229.6,10883.7,0.865945,-2.45531,-2.21939,0.103396,-1.49193,0.572971,1158.77,141.894,13644.7,0.0761706,0.823525,0.0187964,15212.8,-0.00253752,0.048381,14.284,20.6057,123.762,88.5548,1.0428,13.1544,12.1255,122.777,126.777,0.984838,-38.2223 
26,47.2199,1.7,26,12992.5,-0.0206923,27.0633,12.0126,123.657,0.00323395,-2.39582,500,-5.75382,-2.22154,-1.30853,-1.54327,-1.00554,-648.656,2208.21,108.774,13049,10583.3,-1.66941,1.86287,6.86029,2.54114,3.07887,0.458701,2724.89,155.745,13565.7,0.163191,0.909071,0.0207108,16697.6,-0.00243362,0.20458,11.7402,11.8497,124.685,81.1121,1.08948,12.6381,11.9509,123.288,126.769,1.39703,-45.6568 
27,47.2559,5,27,12170.9,-0.0400723,25.2748,12.3621,123.507,-0.0750682,21.3238,500,-8.44762,-6.8007,-2.07374,-4.73071,-4.72271,-624.298,2239.66,105.762,12299.4,10223.4,-4.51659,-2.86966,5.78833,-0.799677,-0.791674,2.81494,2736.94,150.969,12796.7,0.171945,0.911968,0.0212701,15917.5,-0.002642,0.196106,12.2345,12.3062,124.781,81.3346,0.988143,13.0485,12.1229,123.053,126.792,1.72752,-45.457 
28,47.2019,2.5,28,10309.2,-0.299828,22.6267,12.1733,123.414,0.260678,-55.8953,500,-2.8776,-6.71384,-9.73789,-6.13674,-2.54672,-700.85,233.269,104.047,12485.9,9440.82,1.53547,-2.30077,-0.911749,-1.72367,1.86635,0.405786,791.522,154.797,13044.2,0.0556351,0.74502,0.0213928,14227,-0.00273667,0.0399988,13.427,16.6869,122.843,98,1.04768,12.6314,11.7407,123.287,126.735,-0.443931,-28.7346 
29,47.2759,6,29,12955.5,-0.0253045,26.5495,12.4725,123.384,-0.0113296,21.5198,496.68,-7.19675,-2.37417,-9.43713,-6.59047,-5.91003,-622.633,1857.51,102.44,13469.3,10787.6,-3.2762,1.54638,-1.59602,-2.66992,-1.98947,0.800128,2353.46,147.526,13965.2,0.140609,0.901146,0.0190882,16737.6,-0.00268849,0.159882,12.2742,12.6771,124.355,81.3148,1.06949,13.1171,12.2049,122.961,126.689,1.39341,-45.3746 
30,47.4059,10,30,11706.5,-0.0506673,23.7966,-12.6037,123.439,-0.0136272,23.8484,500,-5.34821,-6.20084,-8.38118,-4.86003,-3.11768,-673.113,615.939,114.385,13258.5,9774.12,-1.1098,-1.96242,0.0956415,-0.621616,1.12073,1.0386,1152.1,163.127,13794.6,0.0750036,0.80142,0.0213192,15360.6,-0.00257368,0.044165,15.454,19.5628,125.124,92.3396,1.04864,13.1049,12.0682,123.174,126.752,1.94931,-34.4124 
31,47.3259,9,31,13032.3,-0.175345,25.9145,12.8883,123.26,0.0238688,177.644,5.79105e-10,-5.05776,-4.72311,-7.19287,-1.89601,1.85823,-672.064,1595.27,122.079,13698.2,11010.7,-0.825956,-0.491304,1.27074,2.3358,6.09004,0.848348,2130.59,170.745,14233.5,0.126888,0.877005,0.0216201,16791.1,-0.0027604,0.105417,13.9959,16.1864,125.148,82.821,1.05341,13.402,12.3359,122.904,126.496,2.24397,-43.6748 
32,47.2039,2.2,32,10812.1,-0.0181816,22.6546,-12.2742,123.241,0.00504007,13.1002,1.48804e-11,-4.64501,-0.343927,-9.28261,-1.39096,-7.83421,-700.224,293.195,116.713,12780.9,9054.11,-0.235885,4.0652,-0.46436,3.01817,-3.42509,1.15698,850.95,167.418,13338.6,0.0583253,0.743882,0.0225985,14589.7,-0.00211589,-0.0251764,-9.11244,0.0831376,135.84,72.5031,1.02506,12.9313,12.2124,123.007,126.567,12.8331,-54.0636 
33,47.2159,1.5,33,11668.2,-0.19266,24.9843,-12.1982,123.571,0.0398775,147.214,0.000117117,-6.18693,-6.77083,-5.89841,-6.90366,-5.63459,-734.264,824.221,112.335,13244.3,10112.2,-1.56347,-2.14737,3.34852,-2.28019,-1.01112,1.91649,1409.09,165.505,13829.1,0.0900199,0.829499,0.0215705,15653.1,-0.00276069,0.0658304,12.6565,17.6558,125.087,86.9903,1.09649,12.7986,11.8725,123.198,126.652,1.88835,-39.6614 
34,47.2179,1.7,34,13386.9,-0.00657662,27.3228,-12.3737,123.544,-0.0126364,32.9048,500,-11.5456,-6.42685,-11.7295,-7.68908,-4.34746,-577.809,2748.13,121.804,12875.5,11019.3,-7.90726,-2.78854,-4.45292,-4.05077,-0.709154,0.776333,3208.38,163.645,13335.7,0.18935,0.918055,0.0221051,16944.2,-0.00245505,0.245546,12.199,11.7176,124.519,81.4483,1.0525,12.8835,12.024,123.015,127.339,1.50379,-45.8902 
35,47.2859,7,35,12449.6,-0.536179,26.0415,12.7193,123.488,-0.110469,407.708,2.72495,-6.93988,-4.0231,-14.1299,-2.31518,-5.72268,-687.437,1974.98,115.185,12873.4,12248.7,-2.61128,0.305502,-5.47273,2.01342,-1.39408,0.235563,2522.55,164.963,13421,0.154321,0.89731,0.0221409,16346.1,-0.00273385,0.16191,12.4859,13.3298,124.643,80.8295,1.03002,13.1064,12.1171,123.069,126.584,1.57446,-45.7549 
36,47.1979,3,36,10526.8,-0.136896,23.0715,12.0805,123.222,0.0684929,31.0094,500,-2.80345,-8.71196,-8.01564,-5.52715,-0.787191,-735.473,182.983,114.135,12743.1,9142.25,1.82763,-4.08088,1.24651,-0.896073,3.84388,0.357824,768.814,167.392,13329,0.0530303,0.7241,0.0226111,14497.6,-0.00201815,-0.00709936,125.55,5.97477,103,73.2535,1.05295,12.6147,12.1197,123.072,126.499,-20.0718,-53.2455 
37,47.2359,3,37,13144.6,-0.434848,27.998,-12.2245,123.474,0.201919,589.371,1.11029e-07,-7.86487,-6.41352,-14.0055,-4.37555,-5.6073,-725.763,2462.58,115.218,13065,15015.8,-3.29494,-1.84359,-4.86566,0.194384,-1.03737,0.551435,3040.67,167.772,13643.1,0.177889,0.911945,0.0221509,17093.1,-0.00255597,0.230638,11.6226,11.7003,124.369,80.5746,1.09757,12.6997,11.8525,123.075,126.152,1.2948,-45.5779 
38,47.2079,2,38,11576.5,-0.0743543,24.6219,12.1435,123.284,-0.138818,108.911,500,-6.51006,-7.40973,-10.1449,-3.9553,-3.46766,-730.093,511.827,122.123,13516.5,10225.5,-1.91286,-2.81253,-0.950456,0.641898,1.12954,0.756568,1093.37,174.991,14098.1,0.0700234,0.7812,0.0223539,15614.4,-0.00281252,0.0467884,14.4931,-17.3357,125.087,92.7493,1.11603,12.8301,11.8141,123.136,126.457,1.9508,-33.7082 
39,47.2219,2,39,15297.1,-0.499631,32.0436,-12.1377,123.633,0.385625,467.706,219.634,-5.63,-5.04228,-5.87377,-6.24828,-1.51833,-655.94,5087.31,105.859,12471,18532.4,-1.49972,-0.911997,2.38679,-2.118,2.61195,-4.08886,5609.79,153.357,12993.4,0.295361,0.954344,0.0212791,18993,-0.0024024,0.491244,11.7111,11.0466,124.191,80.2856,1.05646,12.5395,11.8717,123.124,126.973,1.06689,-46.6872 
40,47.4859,10,40,10554.3,-0.0214727,21.8744,12.3976,123.32,0.00240601,-9.589,500,-5.49526,-4.30148,-12.2951,-1.81261,-3.19638,-665.852,263.709,119.507,12466.7,8828.9,-1.30257,-0.108786,-3.90967,2.38009,0.99631,-1.0105,794.085,167.723,12997.1,0.055996,0.730126,0.0232197,14181.1,-0.00174609,-0.00663162,5124.79,-5.89174,133.508,71.8981,0.985281,13.0454,12.2938,123.101,126.751,10.4075,-54.8531 
41,47.2099,2,41,10646.2,-0.0215237,23.188,11.9152,123.268,-0.00125447,-7.22172,500,-5.3239,-5.68865,-13.5816,-7.57595,-1.39828,-597.088,782.346,116.168,12239.1,8994.45,-1.5642,-1.92895,-6.06224,-3.81624,2.36142,0.449398,1257.95,159.404,12714.7,0.087637,0.818494,0.0225732,14354.1,-0.00268269,0.0609656,12.7916,18.1202,124.101,88.3171,1.0386,12.6526,11.6875,123.025,127.016,1.07549,-38.6992 
42,47.5659,10,42,11037.2,-0.217182,23.1991,12.41,123.175,0.144396,-952.335,499.999,-9.65803,-4.94732,-11.3823,-1.14744,-5.14011,-650.901,102.963,97.2971,13173.5,13848.7,-5.55948,-0.848769,-3.18524,2.95111,-1.04156,0.585469,621.429,144.43,13691.9,0.0422049,0.710869,0.0190612,14724.1,-0.00194515,-0.00756153,161.191,6.68941,107.548,72.7684,1.04771,12.9789,12.3055,122.945,126,-15.3978,-53.2312 
43,47.6059,10,43,10966.4,-0.537535,24.004,12.4631,123.126,0.317072,-595.865,48.992,-4.20886,-8.86783,-10.7688,-8.81928,-4.77374,-622.573,140.223,111.836,13238.8,15889.2,-0.288677,-4.94765,-2.92841,-4.8991,-0.853561,0.789587,636.126,156.918,13734.8,0.0430311,0.698477,0.020612,14782.9,-0.00195888,-0.00852605,213.558,6.25485,146.149,72.6012,1.11604,12.7244,11.7605,122.929,127.127,23.2196,-54.5255 
44,47.6459,10,44,10894.3,-0.520407,23.751,12.4481,123.303,0.211301,-75.6713,26.9721,-5.27618,-7.13382,-6.23254,-2.50872,-2.95661,-718.86,117.472,115.977,13221,10145.1,-0.74971,-2.60735,2.8204,2.01775,1.56986,0.0755638,690.07,168.031,13793.6,0.0463212,0.701202,0.0219477,14897.5,-0.00208323,-0.00737085,178.247,-5.70352,103,72.8028,1.07124,12.7353,12.2222,123.04,126.655,-20.0396,-53.8525 
45,47.2659,6,45,13672,-0.0163752,27.285,12.4514,123.466,-0.0251603,19.8768,0.00179318,-5.07671,-8.49183,-18.9356,-5.16127,-3.39006,-730.493,2582.61,135.523,13214.6,11075.8,-0.476989,-3.89211,-9.7362,-0.561553,1.20966,0.276506,3164.48,188.42,13796.5,0.182129,0.905634,0.0245403,17374.9,-0.00250384,0.216574,12.4405,12.7063,124.945,81.8951,1.0203,13.1689,12.5094,122.966,127.588,1.97893,-45.6927 
46,47.4259,10,46,11181.7,-0.0851551,23.3932,12.2631,123.358,-0.00995438,171.031,500,-9.73179,-6.39953,-10.2957,-3.20001,-5.31632,-800.025,505.676,109.795,12949.3,9394.05,-4.69425,-1.36199,-0.220636,1.83754,-0.27878,0.953236,1142.92,167.726,13586.5,0.0755052,0.795662,0.0222352,15137,-0.00261116,0.0403032,14.383,24.2228,123.951,98,1.05651,12.898,11.6859,123.088,127.081,0.863687,-29.0808 
47,47,10,47,10290.2,-0.522794,22.1322,12.7779,123.303,0.614061,39.7711,91.7426,-3.16764,-5.74647,-8.84889,-6.60084,-3.10244,-653.779,118.6,114.062,12518.4,10001.2,0.949031,-1.6298,-0.615555,-2.48417,1.01423,0.777478,639.359,161.404,13039.2,0.0454422,0.693587,0.0222939,14069.7,-0.0020217,-0.0143995,42.5286,6.60182,106.489,71.9018,1.00387,13.0356,12.0902,123.054,126.331,-16.5643,-54.4295 
48,47.2299,2.5,48,12358.7,-0.224953,27.0106,11.8705,123.307,0.160532,29.0426,3.69468e-07,-4.15887,-5.40385,-7.25949,-2.96735,-5.26671,-666.273,2561.51,96.0789,12212.7,10589.4,0.0364768,-1.20851,1.13119,1.22799,-1.07137,-8.77021,3092.22,144.325,12743.4,0.190666,0.924489,0.0204363,16218,-0.00260886,0.251563,11.6138,11.3637,124.058,80.6693,1.0527,12.4992,11.7402,122.988,126.803,1.06945,-46.1337 
49,47.4459,10,49,11321.1,-0.365293,23.6224,12.6546,123.597,0.208566,-415.953,499.536,-3.42002,-7.58685,-6.68194,-0.464152,-3.89504,-745.747,399.206,134.453,13358.4,12555.4,1.27575,-2.89108,2.7096,4.23162,0.800734,0.557733,993.221,188.454,13952.5,0.0646449,0.750725,0.0242771,15364.3,-0.00278776,0.0396578,14.5312,20.6416,124.15,98,1.05348,13.1711,11.9312,123.374,127.012,0.776346,-29.0121 
50,47.3459,10,50,12267.7,-0.0858518,25.1382,12.6418,123.186,0.00116158,-11.0512,490.443,-2.91398,-10.4756,-11.6413,-2.02884,4.2244,-647.974,1612.67,102.083,12930.7,10345.6,1.16614,-6.39546,-3.48104,2.05128,8.30452,3.11558,2128.8,149.004,13446.8,0.133225,0.890876,0.0200041,15979,-0.00267773,0.108245,13.4817,15.9115,124.429,82.0126,1.03177,13.1435,12.1155,122.858,126.549,1.57138,-44.5367 
51,47.2459,5,51,14242.6,-0.291976,29.2633,12.372,123.165,0.068633,704.954,500,-6.47194,-4.50586,-4.63456,-8.63802,-2.37545,-648.971,3409.42,102.278,13076.9,13360.8,-2.38555,-0.419464,3.53823,-4.55163,1.71095,2.6789,3926.35,149.272,13593.9,0.219006,0.937619,0.0198268,17928,-0.00255601,0.320934,11.9928,11.3247,124.283,80.4256,1.06414,12.8987,12.1262,122.75,126.712,1.53368,-46.2861 
52,47.1959,3,52,11129.4,-0.510257,24.1581,12.4021,123.026,0.212092,76.5987,106.518,-6.08163,-5.66502,-3.00538,-2.54711,-7.68713,-721.099,107.001,97.7348,13468.4,10282.2,-1.54106,-1.12445,6.07576,1.99346,-3.14656,-1.69177,681.383,149.951,14042.8,0.0449894,0.721959,0.0192909,15145.4,-0.00200179,-0.00749949,182.084,6.6808,103.004,72.3927,1.13847,12.6151,11.7904,122.957,126.85,-19.9533,-54.4572 
53,47.2239,2,53,12905.2,-0.00556216,26.9117,12.1055,123.59,-0.00905125,15.8867,2.97261e-12,-3.40823,-3.68358,-11.6001,-3.45605,-2.1554,-722.991,2502.32,136.074,12787.1,10609.9,1.14425,0.868905,-2.49511,1.09643,2.39709,1.82851,3078.2,188.428,13363,0.182769,0.903242,0.0253174,16842.1,-0.00256915,0.225507,11.7061,12.0562,124.667,80.3083,1.05427,12.7325,12.0681,123.252,126.029,1.41458,-45.721 
54,47.2339,3,54,14190.8,-0.480328,29.1603,12.4387,123.613,-0.180587,395.895,211.45,-4.72734,-3.10904,-9.22674,-4.22398,-1.47787,-706.141,3130.56,119.318,13233.3,14135,-0.280953,1.33734,-0.33397,0.222399,2.96851,1.08534,3693.02,170.451,13795.7,0.206284,0.925265,0.0222534,17902.6,-0.00240699,0.292086,11.9432,11.4908,124.383,80.8447,1.08494,12.7936,12.0489,123.277,126.971,1.10542,-46.1268 
55,47.2959,7,55,12538.7,-0.0215396,25.2181,12.45,123.094,-0.00486684,-6.41302,500,-4.1158,-7.12973,-14.2323,-6.19392,-3.55436,-695.16,1872.38,96.3614,12768.7,10221.6,0.261438,-2.75249,-5.47779,-1.81669,0.822873,0.388821,2426.1,146.7,13322.4,0.15024,0.904308,0.0198811,16148.1,-0.00240658,0.142834,13.179,13.6375,124.585,81.9585,1.02767,13.0256,12.0576,122.785,126.908,1.80012,-44.9493 
56,47.2319,2.5,56,12810.6,-0.516868,27.3245,12.3289,123.093,0.0459332,334.345,20.1959,-2.53084,-5.65349,-13.3456,-4.11167,-5.46642,-615.701,2352.15,98.7348,12698.5,11466.5,1.34606,-1.77659,-5.59175,-0.234762,-1.58952,0.287362,2842.58,143.319,13188.9,0.173041,0.918921,0.0196246,16427.2,-0.00244509,0.220674,11.6865,11.767,124.304,81.2105,1.04924,12.6788,12.072,122.737,126.764,1.56652,-45.5536 
57,47.1999,2.5,57,10504.6,-0.400778,22.717,12.3398,123.374,0.250332,253.252,0.0337219,-3.24704,-3.10173,-15.8636,-6.46914,-4.41824,-741.513,202.889,112.056,12535.4,11189.2,1.42208,1.56739,-6.52537,-1.80003,0.250875,-0.283242,793.531,165.751,13126,0.0554401,0.732313,0.0227327,14313.3,-0.00184081,-0.00532463,3194.21,6.16712,104.303,72.6038,1.04258,12.6964,11.9373,123.182,126.717,-18.8791,-54.1131 
58,47.2399,3.5,58,13226,-0.511813,27.6932,12.4698,123.459,-0.0636111,645.195,87.7382,-5.33943,-1.63562,-6.70597,-5.74924,-5.90452,-641.697,2654.17,135.411,12856.3,12577.6,-1.29884,2.40497,1.37522,-1.70864,-1.86393,2.26025,3165.31,181.878,13367.4,0.186923,0.908633,0.0244509,16933.7,-0.00252967,0.251975,11.6909,11.5604,124.471,81.6148,1.02436,12.9023,12.3444,123.05,127.351,1.42037,-45.7364 
59,47.2439,4,59,12847,-0.520537,27.1854,12.4461,123.396,1.81047,-1943.19,103.816,-3.39133,-10.097,-6.90701,-5.00716,1.12527,-695.612,2490.08,99.2714,12772.5,125540,0.988757,-5.71695,1.85316,-0.627079,5.50535,0.0749202,3044.16,149.642,13326.6,0.181518,0.920789,0.0202655,16770.6,-0.00266108,0.224615,12.196,11.742,124.445,80.5187,1.05017,12.876,11.9967,123.157,126.6,1.28778,-46.0815 
60,47.2139,1.7,60,11756.9,-0.522164,25.5922,12.2927,123.349,0.885118,-502.552,482.92,-3.39672,-3.35998,-16.5742,-3.96022,0.896479,-696.51,1217.33,97.1183,12984.9,24721.5,0.989018,1.02576,-7.80276,0.425519,5.28221,-96.2347,1772.13,147.554,13539.7,0.112745,0.87282,0.01968,15718,-0.00278122,0.103458,12.4062,14.2186,124.246,83.4351,1.10061,12.6616,11.8005,123.115,126.645,1.1305,-43.2104 
61,47.2119,1.7,61,12704.8,-0.443928,26.006,12.5475,123.354,0.227226,-881.72,425.572,-4.49574,-7.97765,-9.74418,-2.8197,-3.68544,-617.269,1653.49,137.913,13096.8,17144.5,-0.608958,-4.09087,-1.97062,1.06708,0.201339,0.635207,2145.17,182.611,13588.4,0.1329,0.870344,0.0241575,16141.3,-0.00234609,0.132825,12.3391,13.8695,124.443,82.9087,1.04109,12.9231,12.3041,123.109,127.013,1.33377,-44.1045 
62,47.2379,3.5,62,13420.5,-0.325856,28.9841,11.8727,123.457,0.0769859,101.265,1.13505e-07,-4.82215,-7.99661,-11.8374,-6.53941,-1.10665,-559.625,3361.45,82.8795,12448.5,11456,-1.29834,-4.4728,-4.78982,-3.0156,2.41716,0.570782,3807.21,123.403,12894.3,0.222796,0.946322,0.0173242,17088.3,-0.00254606,0.323285,11.7311,11.3105,124.111,80.688,1.08166,12.3579,11.7395,123.184,126.827,0.926308,-46.1388 
63,47.3059,8,63,12204.5,0.00793496,25.2661,12.375,123.29,-0.0160118,-4.07754,500,-6.14841,-2.8145,-17.2279,-3.60733,-0.541485,-707.684,1661.46,126.543,12960.2,10180.5,-1.69231,1.64159,-8.31573,0.84877,3.91461,-1.30796,2225.16,177.788,13523.9,0.13774,0.877329,0.0236442,16154.8,-0.00276388,0.122408,13.0296,14.9626,124.759,82.5823,1.01647,13.0139,12.4034,122.985,127.534,1.77452,-44.9514 
64,47.2059,2.2,64,10926.5,-0.477844,24.3824,11.9565,123.127,0.127014,140.94,97.1345,-4.7846,-4.68605,-5.73127,-0.0253527,-2.9658,-642.942,372.042,111.314,12892,10073,-0.73617,-0.637614,2.36559,4.02308,1.08263,0.61204,884.169,157.871,13404.1,0.0601869,0.761924,0.0212352,14690.4,-0.00264246,0.0439389,12.3918,-20.4589,121.928,98,1.12486,12.3615,11.4674,123.003,126.604,-1.07519,-28.6044 
65,47.2259,2.2,65,13574.2,-0.0128932,28.2999,12.0307,123.376,0.0101332,8.58467,3.32737e-13,-2.84979,-3.32341,-11.0845,-11.1762,-3.2325,-675.24,3022.79,109.887,12905,11086.2,1.40201,0.928399,-2.58091,-6.92438,1.0193,0.58072,3560.64,158.783,13442.8,0.204555,0.92761,0.0212951,17406.7,-0.00256275,0.278495,11.8678,11.5912,123.924,80.1983,1.05602,12.7234,12.1779,123.137,126.101,0.786749,-45.9025 
66,47.2279,2.2,66,12547.8,-0.355278,27.1682,12.018,123.202,-0.166187,907.368,1.49279e-05,-6.91506,-2.53544,-4.28775,-6.18292,-5.07616,-539.367,2405.22,94.8992,12500.1,15537.7,-3.51882,0.860804,2.50474,-2.78667,-1.67991,1.54217,2834.85,133.956,12929.7,0.175505,0.923623,0.0187274,16152.5,-0.00253591,0.23185,11.9991,11.2936,124.054,80.668,1.0671,12.5609,11.7551,122.92,126.736,1.1349,-46.0682 
67,47.3659,10,67,12262.1,-0.0170264,24.8902,-12.4346,122.933,-0.00479488,-5.09724,500,-3.08504,-9.66368,-10.2633,-3.30128,1.19586,-591.945,1264.83,109.883,13114,10076,0.642272,-5.93637,-2.80867,0.42604,4.92318,-0.0200187,1736.34,152.747,13585.5,0.110388,0.866589,0.0202912,15729.4,-0.00246835,0.0845046,13.3777,17.0582,123.547,83.7493,1.04149,13.0112,12.1952,122.78,126.808,0.766771,-43.0587 
68,47.5259,10,68,10291.1,-0.124173,22.4286,12.038,123.196,0.10172,451.005,7.47283e-05,-6.65975,-4.39648,-12.1228,-3.14387,-0.790976,-693.207,163.575,85.7847,12502.8,10282.7,-2.29482,-0.0315455,-3.39291,1.22107,3.57396,-2.67103,715.74,135.981,13054.9,0.0505383,0.750482,0.0188263,14162.3,-0.00199888,-0.00573194,4211.66,6.1205,103.064,72.8287,1.05111,12.6406,11.877,123.144,126.602,-20.08,-53.7729 
69,47.2419,4,69,13644.1,-0.50949,28.7686,12.311,123.707,0.394581,-758.786,478.305,-0.168923,-5.69557,-3.47084,-3.68928,-3.97634,-669.227,3014.67,103.783,13089.2,21276,4.04502,-1.48162,4.95706,0.524667,0.237611,0.401519,3547.74,152.243,13622.3,0.20182,0.930148,0.0201722,17578.7,-0.00266168,0.273266,12.1397,11.7439,124.418,81.5835,1.09914,12.7712,11.769,123.416,127.933,1.00167,-46.3497 
70,47.3859,10,70,11646.2,-0.0925539,24.3061,12.4148,123.005,-0.982765,864.544,500,-4.05057,-3.51567,-10.8604,-6.80214,-0.744763,-654.648,890.299,111.896,13068.4,37481.9,0.0715775,0.606478,-2.61615,-2.68,3.37738,-1.10859,1411.75,159.301,13589.9,0.0916166,0.835095,0.0211368,15409.3,-0.00265697,0.0507194,14.9031,22.5434,123.171,88.5313,1.07635,12.8433,11.7603,122.864,127.044,0.306839,-38.5126 
71,47.2199,1.7,71,11820.5,-0.560626,26.8507,11.9302,123.027,-0.280836,574.804,484.478,-3.6726,-6.39302,-16.4448,-5.90819,-4.86895,-593.715,1900.66,88.3924,12508.3,15682.9,0.0658603,-2.65456,-8.96783,-2.16972,-1.13049,0.39638,2373.57,131.385,12981.2,0.150759,0.911687,0.018303,15744.2,-0.00272533,0.187381,11.5514,11.5744,124.015,81.5659,1.09565,12.2533,11.7423,122.845,126.838,1.17003,-45.272 
72,47.2559,5,72,13114,-0.507037,27.6136,12.3988,123.295,0.0884781,143.127,465.816,-7.09016,-4.09596,-12.8142,-4.12793,-1.5547,-773.499,2504.83,121.793,13008.1,11557.7,-2.21964,0.774557,-3.07312,0.742591,3.31582,-5.68362,3120.95,177.804,13624.3,0.181938,0.909339,0.0234761,17153.9,-0.00264526,0.236834,11.3803,11.9537,124.082,80.9073,1.04295,12.8915,12.2884,123.069,126.764,1.0131,-45.8562 
73,47.2019,2.5,73,10011.3,-0.0038662,22.545,11.7979,122.847,0.0440117,11.7669,500,-8.14945,-8.37303,-9.55585,0.119315,-3.73591,-669.114,212.546,100.381,12379.4,8675.53,-3.93622,-4.1598,-1.12938,4.33255,0.47732,0.744225,745.52,148.833,12912.4,0.0530797,0.74109,0.0207913,14045.3,-0.00207838,-0.00597579,5126.92,6.17276,145.22,72.3304,1.05759,12.4924,11.7869,122.73,126.431,22.49,-54.1005 
74,47.2759,6,74,12733.3,0.0081954,26.2623,12.2921,123.273,-0.00190595,-8.64244,6.19412e-12,-5.98838,-6.29931,-11.318,-2.20532,-3.19908,-615.346,2137.62,129.09,12923.2,10509.4,-2.11371,-2.42464,-3.56865,1.66935,0.675589,0.380664,2627.76,173.649,13413.4,0.159805,0.896343,0.0232923,16443.5,-0.00263079,0.175888,12.0414,13.4438,124.122,81.2598,1.01715,13.0252,12.3861,123.016,126.765,1.10595,-45.5056 
75,47.4059,10,75,10860.1,-0.120977,22.8218,12.4594,122.868,0.055471,46.2558,2.15145e-10,-4.797,-5.44498,-15.8164,-5.87615,-7.20666,-712.991,733.867,110.867,12420.7,9339.89,-0.307484,-0.955463,-6.83737,-1.38663,-2.71715,0.439748,1301.79,162.496,12988.6,0.0886775,0.820719,0.0225268,14680.1,-0.00267982,0.0456982,12.9373,34.1621,121.48,98,0.987703,12.9974,11.6923,122.762,127.282,-1.28199,-29.2822 
76,47.3259,9,76,12146.7,-0.0746084,24.4594,12.5673,123.242,0.0469987,-4.90602,500,-7.03257,-4.654,-11.2918,-1.56396,-6.75843,-791.419,1588.94,136.89,12739.8,10014.1,-2.04921,0.32935,-1.32508,3.4194,-1.77507,0.0539336,2219.34,194.198,13370.2,0.13879,0.867205,0.0260589,15990.6,-0.00255668,0.112234,13.0579,15.4088,124.459,83.3341,0.962757,13.2882,12.6451,123.004,127.077,1.45439,-43.7433 
77,47.2039,2.2,77,10691.9,-0.121779,23.8712,-11.7888,123.252,0.0302267,45.3187,1.56723,-7.15478,-4.92275,-10.1433,-6.72172,-0.17853,-559.387,227.575,96.2144,13009.8,9205.5,-3.63247,-1.40044,-3.09871,-3.19941,3.34378,0.612043,673.147,136.721,13455.4,0.0463211,0.737769,0.0183738,14532.2,-0.00204362,-0.00640595,3917.11,5.52988,110.065,72.218,1.13629,12.4591,11.5432,123.087,126.719,-13.022,-54.5005 
78,47.2159,1.5,78,11245.6,-0.478117,24.3612,12.2527,123.148,0.225958,18.8658,15.6143,-4.65178,-6.1853,-10.1032,-5.51507,1.46409,-628.23,878.448,111.057,12542.5,9855.62,-0.695987,-2.22951,-2.19156,-1.55928,5.41989,-0.744256,1378.86,156.549,13042.9,0.0930838,0.834247,0.0216317,14813.1,-0.00248051,0.0710544,12.1336,17.6253,124.392,86.3505,1.04824,12.6679,11.8276,123.024,126.36,1.36754,-40.0091 
79,47.2179,1.7,79,11431.6,-0.00919318,25.2434,11.7585,123.453,-0.000441552,-4.43264,500,-4.89488,-7.18785,-12.2474,-4.92607,-7.78273,-692.914,2595.39,132.506,11420.3,9662.65,-0.531787,-2.82475,-3.52122,-0.562977,-3.41963,0.675774,3147.32,182.681,11972.2,0.203332,0.90779,0.0273397,15478.7,-0.00264015,0.243195,11.4244,12.0001,124.18,81.5061,0.981578,12.463,11.7227,123.241,127.111,0.938221,-45.6047 
80,47.2859,7,80,12358.2,-0.0970133,25.2927,12.5295,123.081,-0.0391444,313.5,499.999,0.0969598,-7.94016,-10.9918,-1.22612,-2.33542,-584.709,2113.21,125.012,12521.5,10715.8,3.77872,-4.2584,-3.62831,2.45564,1.34633,-10.8562,2578.95,167.353,12987.2,0.161631,0.89802,0.0231869,15955.8,-0.00261741,0.166025,12.7751,13.493,123.87,81.6596,0.973483,13.143,12.4406,122.891,126.432,0.978223,-44.7726 
81,47.1979,3,81,11099.5,-0.045575,23.8941,-11.8915,122.977,0.00668556,17.0597,7.41155e-13,-1.44629,-7.705,-4.63607,0.63218,1.03054,-592.028,173.823,101.912,13185.1,9253.34,2.28155,-3.97716,2.81962,4.36002,4.75838,0.724712,645.395,144.782,13656.7,0.0438692,0.718092,0.0191551,14711.8,-0.00191565,-0.0168772,29.7367,6.37798,106.972,70.528,1.12488,12.5181,11.7759,122.914,127.371,-15.9417,-56.8426 
82,47.2359,3,82,12727.2,-0.114919,27.8759,11.7465,123.471,0.0202618,96.5502,1.7931e-08,-5.08851,-9.33774,-12.9433,-6.23699,4.52371,-677.457,2631.73,102.875,12680.7,10723.1,-0.822748,-5.07198,-4.41177,-1.97122,8.78947,-0.264755,3171.35,151.931,13220.3,0.188902,0.922647,0.0207311,16788.3,-0.00268935,0.263251,11.2625,11.2462,124.405,80.5729,1.07847,12.5156,11.8515,123.169,126.485,1.23546,-45.9122 
83,47.2079,2,83,10919,-0.036412,23.6125,11.9877,123.172,0.00174634,-8.3155,500,-8.51946,-3.70762,-20.5949,-4.89219,-4.1961,-600.872,507.986,101.935,12817.3,9214.98,-4.73593,0.07591,-13.0278,-1.10866,-0.41257,0.321788,986.602,145.446,13295.9,0.0672008,0.794921,0.019753,14681.4,-0.00275595,0.0456221,12.4553,21.3232,122.332,93.3607,1.06802,12.7239,11.7709,123.03,126.85,-0.697767,-33.4888 
84,47.2219,2,84,13709.5,-0.239234,28.9198,12.0801,123.41,0.0292592,29.3545,500,-4.89919,-4.99451,-7.18386,-6.1531,-3.05237,-619.483,4114.73,100.481,11899.2,11400.6,-0.998469,-1.09379,0.617583,-2.25238,0.848351,1.21453,4608.17,145.339,12392.6,0.265256,0.947693,0.0211472,17372.5,-0.00246849,0.390621,11.8267,11.2078,124.068,80.4017,1.00138,12.5613,11.9651,123.063,126.831,1.00493,-46.4291 
85,47.4859,10,85,11356.2,-0.353396,24.7795,12.1206,123.234,-0.0403493,-387.092,292.491,-6.91432,-7.65749,-10.2203,-3.03295,-8.04292,-653.615,310.225,111.27,13242.4,10285.6,-2.79868,-3.54185,-1.989,1.08269,-3.92728,0.821999,830.853,158.6,13763,0.0553653,0.749595,0.0207865,15006.7,-0.0017982,-0.00514379,1391.67,5.64441,103.967,70.5019,1.09601,12.6318,12.0894,123.14,126.446,-19.1737,-55.9444 
86,47.2099,2,86,10821.2,-0.513653,24.0348,12.2033,123.251,-0.110914,1859.71,27.3368,-3.36876,-2.61576,-0.125826,-6.10564,-1.69469,-683.214,1379.55,97.2085,11893.3,16262.7,0.933253,1.68626,8.4782,-1.80362,2.60732,0.28763,1923.76,146.682,12437.5,0.130563,0.882275,0.0212629,14734.4,-0.0026802,0.125457,11.5625,13.4606,124.437,82.4007,0.98862,12.7067,11.9645,123.066,126.848,1.37093,-44.4469 
87,47.5659,10,87,10292.9,-0.0209699,22.5206,11.9658,123.239,0.00134799,-4.50529,499.99,-8.8116,-1.51006,-9.97446,-1.57332,0.518925,-706.487,119.922,114.13,12505.6,8772.55,-4.36303,2.9385,-1.07734,2.87524,4.96749,1.20172,682.666,165.289,13068.3,0.0482687,0.702388,0.0227686,14143,-0.00226272,0.0992736,94.8496,-0.0331722,107.5,71.5313,1.05695,12.632,11.8006,123.181,127.177,-15.6809,-55.6453 
88,47.6059,10,88,10472.3,-0.534582,23.7898,12.1101,123.093,0.958775,-1398.39,423.182,-4.31244,-7.63192,-10.1999,-2.89069,-6.68345,-705.163,133.695,91.7258,12914.1,53024.2,0.127783,-3.1917,-1.31946,1.54953,-2.24323,0.740114,695.384,142.788,13475.8,0.0477094,0.735651,0.0191452,14575.4,-0.00228272,-0.0152431,29.2186,6.67842,108.295,71.8291,1.12001,12.4695,11.6716,123.002,126.91,-14.7068,-55.0811 
89,47.6459,10,89,11166.3,-0.503231,24.7911,12.0856,123.182,-0.0070525,282.574,311.846,-0.26914,-8.63879,-6.86516,-2.70799,0.573968,-730.424,42.3243,108.745,13567.8,9818.36,4.33015,-4.03951,2.33341,1.89129,5.17325,0.759159,624.134,161.637,14149.6,0.0410662,0.688131,0.0206094,15198.2,-0.00205883,-0.00905984,120.896,6.88569,103,72.6667,1.14788,12.4804,11.9474,123.102,126.345,-20.1019,-53.6781 
90,47.2659,6,90,13728.9,-0.512378,27.8072,12.8138,123.254,0.182329,123.557,488.978,-5.52433,-3.27134,-14.5043,-6.20358,-3.12075,-664.317,2523.12,131.106,13425.1,12332.6,-1.3413,0.911687,-6.13827,-2.02055,1.06228,0.184408,3052.27,179.211,13954.2,0.175165,0.906824,0.023111,17425.1,-0.00262363,0.21685,12.4844,12.2384,123.721,80.8619,1.03317,13.3123,12.4722,123.048,126.527,0.673068,-45.6648 
91,47.4259,10,91,10621.2,-0.0168365,22.5318,12.1456,123.051,-0.00143466,-9.46713,500,-4.59106,0.226132,-13.0168,-5.82007,-2.18413,-693.104,537.88,106.773,12388.9,8909.06,-0.226769,4.59042,-4.28825,-1.45578,2.18016,6.3618,1089.96,156.962,12940.9,0.0755915,0.798714,0.0218548,14419.1,-0.00257536,0.0363394,13.2601,29.5688,121.068,98,1.01781,12.7585,11.6798,123.001,127.016,-1.93281,-29.0158 
92,47,10,92,9224.07,-0.312682,21.4231,11.9278,123.252,0.199604,-109.742,1.15419,-7.51137,0.164069,-13.0059,-0.259903,0.631629,-778.358,-12.1923,79.873,11912.5,9031.47,-2.61026,5.06518,-3.20364,4.64121,5.53274,1.3399,607.798,136.236,12532.5,0.0449679,0.718259,0.0196317,13516.3,-0.00266559,-0.0115275,48.7828,0.0675162,118.052,69.5441,1.04049,12.4152,11.6156,123.188,125.868,-5.13596,-56.3237 
93,47.2299,2.5,93,13017.3,-0.505632,27.2948,12.46,123.377,-2.06459,1153.6,148.313,-1.31276,-4.93412,-3.33182,-7.9538,0.254966,-660.99,2891.21,132.554,12453,88603.7,2.84932,-0.772039,4.99234,-3.79172,4.41704,0.351218,3417.71,180.418,12979.5,0.203598,0.915431,0.0249665,16786.6,-0.00258918,0.259939,12.0309,11.8262,123.849,81.1241,0.981652,12.8857,12.5296,123.081,127.032,0.768181,-45.9077 
94,47.4459,10,94,11329.2,-0.493132,23.8883,12.6426,123.219,0.0201607,273.111,164.748,-9.79554,-6.42338,-10.2786,-4.40462,-4.39532,-733.53,401.474,114.701,13204.1,10010.7,-5.1767,-1.80454,-1.04094,0.214223,0.223526,0.862753,985.758,167.818,13788.3,0.0649048,0.770461,0.0219286,15187.7,-0.00259125,0.041721,13.0234,-20.0475,121.982,98,1.04858,13.0967,11.9365,123.015,126.964,-1.03261,-28.9643 
95,47.3459,10,95,11925.1,-0.294516,23.9582,13.0267,123.291,0.118529,114.027,500,-2.94302,-3.43282,-14.2167,-7.30804,-2.45998,-610.226,1377.48,142.26,12720.6,10599.8,0.899412,0.409612,-6.53181,-3.46561,1.38245,0.105959,1863.54,186.448,13206.6,0.12049,0.851,0.0253472,15466.4,-0.00265601,0.085345,13.9819,17.7942,123.817,84.5003,0.94002,13.5206,12.7293,123.09,127.238,0.727443,-42.7377 
96,47.2459,5,96,13971.2,-0.0064064,28.4641,-12.1783,123.467,-0.0223809,-19.926,500,-6.63026,-1.15941,-6.03236,-2.43141,-0.864806,-628.173,3668.43,102.743,12510.7,11299,-2.67482,2.79603,1.87852,1.52403,3.09063,0.715996,4168.79,148.231,13011.1,0.237265,0.94142,0.0205552,17570.2,-0.00241026,0.326851,12.2193,11.7228,124.319,80.515,1.0346,12.7748,11.9439,123.037,126.964,1.28163,-46.4486 
97,47.1959,3,97,10692.8,-0.484622,23.1543,12.4604,123.049,0.733986,-2493.73,500,1.45594,-3.69914,-11.1725,-4.18015,-0.579492,-718.817,159.113,111.32,12970.5,68976.4,5.98214,0.827064,-2.12012,0.346051,3.94671,1.23604,731.678,163.372,13543,0.0498384,0.719038,0.0217385,14681,-0.00216548,-0.00671685,107.415,5.58868,103,73.3254,1.04472,12.8751,12.2218,122.908,126.35,-19.9084,-53.0241 
98,47.2239,2,98,12350.5,-0.126869,27.186,-11.755,123.4,-0.209197,-86.6603,1.84363e-07,-3.0887,-5.8188,-13.2433,-8.12559,-1.97148,-742.234,2343.92,83.1719,12598.4,10993.3,1.58495,-1.14515,-3.89602,-3.45195,2.70217,0.0736991,2935.13,136.919,13189.7,0.177666,0.924527,0.0187637,16520.5,-0.00268103,0.244042,11.0883,11.093,124.29,81.811,1.08466,12.4174,11.7726,123.126,127.819,1.16452,-46.0081 
99,47.2339,3,99,12737.1,-0.0477312,27.6336,11.7796,123.35,0.0127245,-20.4788,500,-5.11804,-4.30853,-17.3583,-3.17081,1.25396,-768.67,2749.71,94.0713,12558.7,10605,-0.277929,0.531578,-7.67804,1.66929,6.09406,23.6512,3361.98,149.733,13171,0.198603,0.927696,0.0205121,16928.1,-0.00276264,0.27181,11.5392,11.4506,124.338,80.8265,1.0841,12.5074,11.6919,122.984,126.689,1.35381,-45.8622 
100,47.2959,7,100,12740.2,-0.168277,25.7806,12.6679,123.337,0.0316349,89.4328,500,-6.84575,-9.52385,-12.6352,-5.48616,-4.94204,-724.738,1726.27,135.805,13310,10723.6,-2.28227,-4.96037,-3.50829,-0.922681,-0.37856,0.708908,2303.55,188.285,13887.3,0.138705,0.87486,0.0243668,16607.5,-0.00270295,0.122196,13.1764,15.5241,124.12,82.7858,1.04114,13.2762,12.2022,123.076,126.359,1.04404,-43.573 
101,47.2319,2.5,101,12713.5,-0.01528,26.732,12.0156,123.258,0.00639247,21.5542,500,-2.23659,-4.03602,-7.05649,-2.5547,-2.14509,-717.397,2656.04,99.3103,12413.3,10460.6,2.28067,0.48124,1.97803,1.96256,2.37217,0.782028,3227.48,151.259,12984.8,0.194405,0.924201,0.0210078,16601.8,-0.00253489,0.25162,11.8743,11.4323,124.02,80.8097,1.05356,12.6596,11.7592,123.04,126.671,0.980191,-45.8614 
102,47.1999,2.5,102,9671.78,-0.508628,22.392,11.9581,123.503,0.177403,-606.879,387.106,-5.30923,-9.50516,-12.4383,-1.90275,-4.28644,-709.933,44.986,89.6682,12161.2,12221.4,-0.838969,-5.0349,-3.49775,2.56751,0.183818,0.471662,610.474,141.076,12726.7,0.0444985,0.712041,0.0200112,13719,-0.00224226,-0.017379,25.3945,6.62089,108.806,72.4195,1.09549,12.2704,11.352,123.396,125.669,-14.5906,-53.2496 
103,47.2399,3.5,103,12671.4,-0.0950013,26.9662,12.0074,123.478,-0.0445603,21.6979,500,-5.79532,-4.08803,-10.3004,-3.09676,-1.30053,-674.8,2953.38,124.694,11956.1,10572,-1.54629,0.161004,-1.80236,1.15228,2.94851,2.9738,3490.88,173.557,12493.6,0.213389,0.919959,0.0249515,16359.3,-0.00247887,0.269443,11.971,11.8233,124.141,81.0701,0.998304,12.5867,12.0624,123.106,126.709,1.03458,-45.6386 
104,47.2439,4,104,13143.3,-0.0172434,27.7982,11.9468,123.531,-0.00656954,4.17864,498.791,-6.35975,-6.94577,-5.36519,-2.07255,-0.81765,-674.485,3028.22,112.328,12583.5,10811.8,-2.1127,-2.69872,3.12891,2.1745,3.4294,0.202093,3565.47,161.169,13120.7,0.208753,0.926694,0.0221269,17079.8,-0.00268426,0.28889,11.8047,11.367,124.356,81.099,1.03784,12.7099,12.0975,123.148,126.669,1.208,-45.5699 
105,47.2139,1.7,105,11691.1,-0.0347159,25.0674,11.9772,123.314,-0.0234828,-3.40561,500,-10.8006,-6.21675,-3.76518,-1.63316,1.33192,-691.486,1567.64,104.335,12640.5,9776.29,-6.44646,-1.86265,4.94302,2.72094,5.68602,0.0194112,2118.44,154.407,13191.3,0.134885,0.886877,0.0211071,15705.5,-0.00276276,0.145198,11.8004,12.4864,124.307,82.0742,1.04207,12.7916,12.0212,123.088,126.338,1.21971,-44.2636 
106,47.2119,1.7,106,11673,-0.445194,26.1903,11.8093,123.547,-1.01292,1751.2,58.222,-2.7867,-3.79995,-7.2725,-8.0199,-6.7515,-703.504,1475.26,110.818,12615.3,67812.2,1.64308,0.629827,1.58705,-3.59012,-2.32172,1.77346,2035.63,161.76,13175.7,0.130434,0.877915,0.0221157,15606.6,-0.00265761,0.129444,12.1615,13.0722,123.912,82.4749,1.09204,12.4207,11.7497,123.255,127.19,0.657534,-44.7153 
107,47.2379,3.5,107,13233.9,-0.502699,27.6091,12.4766,123.393,-0.273465,847.564,497.616,-6.93472,-3.801,-13.1784,0.792175,-4.39738,-706.57,3061.89,102.767,12532.5,18758.7,-2.48564,0.648085,-4.28019,5.24126,0.0517058,-4.18945,3624.7,153.931,13095.3,0.211811,0.930823,0.0211944,17112.9,-0.00255202,0.276975,12.4249,11.405,124.248,80.4234,1.04436,12.7344,11.9077,123.041,126.536,1.2073,-46.113 
108,47.3059,8,108,12706.9,-0.548939,26.6899,12.6739,123.119,0.29066,-27.0264,281.367,-3.70266,-9.74482,-10.7937,-5.24005,-2.15029,-749.477,1985.77,117.562,13093.7,11267.4,1.0166,-5.02556,-1.35515,-0.520794,2.56897,0.591322,2582.76,171.833,13690.7,0.154803,0.895713,0.022598,16684.2,-0.00264779,0.159228,12.4982,13.092,124.056,80.964,1.04813,12.9934,12.2207,122.759,126.048,1.29753,-45.0845 
109,47.2059,2.2,109,10861.7,0.00115106,22.7368,-12.2735,123.191,0.00621045,-12.3144,500,-4.20793,-6.6525,-9.27168,-6.97502,-5.22993,-698.588,365.968,127.911,12813.5,9086.81,0.190898,-2.25367,-0.474038,-2.57619,-0.831107,0.920251,922.419,178.498,13370,0.0627773,0.747025,0.024003,14693.5,-0.00269055,0.0457505,13.9073,-17.4731,121.943,98,1.02246,12.9847,12.0023,123.049,126.521,-1.10574,-28.5205 
110,47.2259,2.2,110,12534.1,-0.497744,27.3166,12.0329,123.412,-0.254065,444.318,454.315,-6.22751,-4.93426,-5.20977,0.743724,0.14488,-613.891,3124.59,89.245,11790.9,14375,-2.362,-1.06876,2.52125,4.60923,4.01039,0.672995,3613.58,133.698,12279.9,0.222212,0.939189,0.0196617,16261.9,-0.00246905,0.318259,11.5088,10.7449,124.074,80.5402,1.02244,12.4125,11.7035,122.996,126.411,1.07794,-45.8705 
111,47.2279,2.2,111,12692,-0.5263,27.7435,12.0884,123.476,0.270443,-287.435,183.142,-3.09202,-4.58811,-8.58136,-2.65137,-1.04672,-589.157,2569.08,111.145,12536.3,13448,0.617747,-0.87835,-1.16184,1.05839,2.66304,1.50537,3038.37,153.807,13005.5,0.184882,0.918621,0.0213208,16434.1,-0.00255652,0.246835,11.7241,11.2744,124.11,80.1877,1.076,12.4624,11.8131,123.097,126.103,1.01332,-45.915 
112,47.3659,10,112,12238,-0.44678,24.147,-13.2808,123.175,0.319497,-35.3234,500,-6.57116,-5.60768,-14.5577,-1.14573,-2.68923,-705.206,1249.68,145.965,13106.3,10807,-2.13067,-1.16718,-5.67675,3.29476,1.75127,-0.444989,1811.4,197.03,13668.1,0.114,0.840088,0.0258677,15889.5,-0.00262884,0.0702709,14.6653,20.162,123.99,85.1587,0.962076,13.6484,12.619,122.751,126.994,1.23919,-41.8353 
113,47.5259,10,113,10594,-0.485673,22.4461,12.8145,123.032,0.24761,95.3246,487.622,-9.63699,-5.49213,-12.0152,0.401268,-7.90486,-693.207,247.617,126.953,12643,10131.8,-5.27205,-1.12718,-3.28533,4.76621,-3.53992,0.611584,799.782,177.15,13195.2,0.0555759,0.720658,0.024134,14390.8,-0.00195265,-0.005742,254.722,5.52669,147.856,71.9771,1.00358,12.989,12.2767,122.867,126.76,24.9892,-54.7833 
114,47.2419,4,114,13441.6,0.00375173,27.3411,12.1993,123.326,-0.0172383,-17.2363,499.169,-3.99521,0.363504,-2.10645,-3.30406,-0.721346,-595.874,2808.46,109.033,12864.8,10867.6,-0.243148,4.11556,5.39766,0.448001,3.03071,0.576614,3283.1,152.182,13339.4,0.192866,0.924968,0.020583,17022.7,-0.00250748,0.263271,11.7928,11.5237,124.184,80.2098,1.02922,13.0057,12.2341,122.909,126.445,1.27525,-46.2355 
115,47.3859,10,115,11147.9,-0.434537,22.9012,-12.8661,123.093,0.0966195,-103.062,494.079,-3.07349,-5.76095,-12.7318,-6.37334,-6.22606,-607.332,856.698,133.913,12391.7,9915.93,0.750719,-1.93674,-5.08341,-2.54913,-2.40185,0.54695,1340.46,177.891,12875.4,0.0917989,0.81153,0.0248195,14602.1,-0.00252004,0.0521651,14.7816,21.0559,124.264,89.0825,0.960666,13.1684,12.2817,122.716,126.586,1.54759,-37.5033 
116,47.2199,1.7,116,12304.6,-0.0454042,26.7021,11.8326,123.211,0.0637817,12.3684,495.312,-4.0589,-4.96186,-6.4124,-4.49113,-0.217909,-678.583,2270.72,94.7199,12525.5,10311,0.213959,-0.689004,2.1333,-0.218279,4.05495,0.611768,2811.24,143.858,13066,0.172794,0.917809,0.0198785,16269.3,-0.00273849,0.223589,11.7281,11.3822,124.37,80.5412,1.06186,12.7049,11.7834,122.997,125.781,1.37244,-45.2395 
117,47.2559,5,117,13484.3,-0.507247,28.0714,-12.4926,123.56,-0.329882,1210.01,0.000171645,-7.85046,-9.28476,-7.50972,-4.49339,-3.92045,-601.993,2424.25,132.425,13372,24409.9,-4.05987,-5.49417,0.0714607,-0.702803,-0.129863,1.00693,2903.76,176.017,13851.5,0.16911,0.904094,0.022873,17170.8,-0.00266506,0.210966,12.3398,12.3532,124.63,81.2034,1.05552,12.9613,12.4329,123.218,126.466,1.41245,-45.2624 
118,47.2019,2.5,118,10588.9,-0.605705,24.5119,12.1857,123.156,0.101982,399.041,9.2274,-5.5658,-8.29793,-9.93969,-3.12698,-5.99803,-661.24,121.957,62.7707,13298.6,11048.3,-1.40215,-4.13428,-1.61238,1.03667,-1.83437,0.797095,648.66,110.653,13825.3,0.0435673,0.770103,0.0145294,14888.7,-0.00253383,-0.0162903,25.6029,6.43329,103.871,70.3643,1.15524,12.5154,11.594,122.99,126.271,-19.1191,-55.9063 
119,47.2759,6,119,12863.4,-0.0346763,26.755,12.1897,123.204,-0.105574,154.474,500,-6.11775,-6.69799,-6.09703,-1.12451,2.58838,-709.632,2159.01,100.546,13279.4,11147.7,-1.64939,-2.22963,2.8397,3.34385,7.05674,0.696655,2724.26,151.932,13844.7,0.160399,0.911081,0.0198148,16984.3,-0.002872,0.188495,12.0569,12.7142,124.305,80.3532,1.08526,13.0235,11.9303,122.936,125.817,1.36892,-45.4643 
120,47.4059,10,120,11008.6,-0.507527,23.2562,12.757,123.182,0.485435,-31.7162,455.915,-4.94976,0.173359,-9.43909,-0.786779,-0.296882,-643.241,675.469,98.6629,12623,10159.1,-0.899447,4.22367,-1.33846,3.26354,3.75343,1.14867,1187.83,145.242,13135.3,0.0807105,0.823737,0.0199621,14717.2,-0.00272743,0.0413738,14.091,34.9538,122.436,98,0.994575,13.0077,11.7802,123.044,126.781,-0.608762,-28.781 
121,47.3259,9,121,12774.7,-0.115047,25.5644,12.6706,123.499,0.0223651,-19.5673,499.962,-6.3823,-2.26565,-10.2839,-0.664045,4.63285,-696.594,1682.52,116.695,13402,10558.8,-1.99603,2.12061,-1.51138,3.72222,9.01912,1.13311,2237.39,167.137,13956.9,0.134677,0.884386,0.0215836,16613,-0.0027091,0.121708,13.2022,14.5688,125.019,81.7772,1.03267,13.3601,12.3768,123.332,126.26,1.6875,-44.4826 
122,47.2039,2.2,122,10149.6,-0.198449,22.7338,12.1949,122.994,0.145193,50.6724,3.20257e-10,-11.6978,-7.78083,-12.6157,-4.03426,-2.81139,-716.074,138,98.0867,12727.6,9264.48,-7.18884,-3.2719,-3.59782,0.474668,1.69754,0.697315,708.379,149.939,13297.9,0.0491751,0.729706,0.0203478,14405.3,-0.00266105,-0.00537868,60.7478,0.117332,109.327,72.004,1.04557,12.8812,11.9919,122.857,125.976,-13.5306,-53.9717 
123,47.2159,1.5,123,11107.1,-0.489,24.2087,12.2566,123.27,0.244595,-222.532,199.162,-5.85981,-3.32564,-11.579,-1.52293,-2.01922,-627.332,818.154,97.305,12631.9,11431,-1.90967,0.624501,-3.67873,2.42721,1.93093,-5.07286,1317.85,142.732,13131.6,0.0887834,0.840663,0.0196294,14843.4,-0.00263874,0.0688794,12.3885,15.656,125.22,86.7189,1.04063,12.719,12.0426,123.054,127.251,2.16566,-40.5316 
124,47.2179,1.7,124,12338.1,-0.51709,26.8112,12.183,123.314,0.945407,-1088.34,473.358,-3.67601,-3.15599,-9.12057,-0.594053,-5.47232,-625.758,2662.67,104.45,12135.1,44128,0.264221,0.78424,-1.2401,3.34618,-1.53209,1.76434,3161.11,149.762,12633.5,0.195449,0.923439,0.0213704,16173.6,-0.0026665,0.247561,11.7612,11.6511,124.201,80.1193,0.99003,12.757,12.2173,123,125.689,1.20087,-45.5695 
125,47.2859,7,125,12711,-0.573003,26.931,12.5292,123.271,0.83068,-166.673,498.506,-4.12586,-3.97049,-11.2388,0.698096,-1.42658,-576.277,2121.24,104.937,13240.1,15491.3,-0.497195,-0.341831,-3.98151,4.32676,2.20208,3.33069,2580.26,146.666,13699.1,0.154596,0.909527,0.0193407,16690.3,-0.00296547,0.179128,12.2101,13.0532,124.36,81.1137,1.05366,13.0614,12.236,122.812,126.501,1.54793,-45.3874 
126,47.1979,3,126,9850.07,-0.0163418,22.0972,11.8938,123.178,0.0127121,1.91868,500,-0.499927,-3.86048,-11.125,-3.74327,-3.75839,-743.083,191.731,95.6795,12266.3,8556.46,4.17907,0.818519,-1.76697,0.935728,0.920608,1.34735,783.624,149.488,12858.2,0.055863,0.749716,0.020967,14027.6,-0.00223016,-0.00529819,5126.35,5.30489,124.181,73.3492,1.01566,12.6981,12.0077,123.009,126.408,1.17227,-53.0587 
127,47.2359,3,127,12584.9,-0.100272,26.3413,12.1575,123.51,0.0814129,41.9999,0.0064471,-1.81801,-8.35913,-3.53134,-1.10807,-1.34959,-691.994,2662.47,113.836,12329.6,10536.3,2.53929,-4.00183,5.18326,3.24922,3.00771,0.480513,3213.67,163.945,12880.8,0.194994,0.918041,0.0229089,16480.9,-0.00266731,0.254395,11.5556,11.7188,124.474,79.7847,0.988791,12.9811,12.217,123.092,125.643,1.38217,-45.8584 
128,47.2079,2,128,9866.49,-0.330421,22.7978,12.0552,122.943,0.64561,2571.29,3.40598,-4.18586,-7.39068,-7.50284,-1.71213,-5.20801,-645.633,656.26,115.129,11786.9,62986.9,-0.120483,-3.3253,0.627914,2.35325,-1.14264,1.39067,1170.53,161.881,12301.1,0.0845716,0.80514,0.023668,13840.7,-0.00284669,0.0563108,12.4622,18.4375,123.965,88.5948,1.00288,12.5427,11.7259,122.943,126.256,1.02233,-37.6614 
129,47.2219,2,129,12710.4,-0.333836,27.5536,11.8923,123.397,0.0924943,151.589,500,-9.27114,-8.62385,-8.19161,0.648966,0.860595,-545.471,2931.75,104.396,11950.3,11123.4,-5.83646,-5.18916,-1.32224,4.08365,4.29528,0.666851,3366.24,143.895,12384.7,0.208791,0.9304,0.0209544,16122.5,-0.00235537,0.289009,11.4874,11.2699,124.285,80.6458,1.02164,12.3727,11.9499,123.061,126.389,1.22396,-45.7428 
130,47.4859,10,130,11243.7,-0.49462,24.7449,12.1367,123.22,0.15183,185.982,305.148,-9.57854,-5.14935,-5.11539,-4.9647,-4.0079,-732.557,287.269,110.69,13377.4,10695.7,-4.96582,-0.53663,4.11005,-0.351976,0.604817,4.60667,870.778,163.736,13960.9,0.0570982,0.752412,0.0211476,15250.5,-0.00201024,-0.00493286,7353.25,5.98488,144.006,71.2896,1.1023,12.6601,12.1138,123.054,126.458,20.9515,-55.1685 
131,47.2099,2,131,10955.4,-0.505625,24.2366,12.1843,123.398,0.0242481,-152.145,480.234,-7.94482,-3.21782,-3.78978,-0.873062,-1.99403,-636.782,1117.8,110.992,12220.7,9733.3,-3.93517,0.791826,4.22952,3.13659,2.01562,0.322016,1625.02,157.103,12727.9,0.110285,0.855296,0.0222319,14734.8,-0.00264481,0.105126,11.3181,13.5376,124.152,83.6808,1.01826,12.6299,12.0424,123.146,127.132,1.00561,-43.4508 
132,47.5659,10,132,10410,-0.0418527,22.8029,12.1597,123.17,0.029612,217.697,483.085,-2.72482,-2.73176,-2.83383,-8.69277,-0.103061,-670.613,81.2735,109.061,12789.7,9236.13,1.49785,1.49091,5.61151,-4.4701,4.11961,0.319799,615.442,157.622,13323.9,0.0429207,0.690515,0.0213273,14339.1,-0.00210959,-0.00709665,177.244,7.07483,116.378,72.4714,1.06415,12.8416,11.8544,122.871,127.024,-6.49371,-54.5524 
133,47.6059,10,133,8867.62,-0.589776,21.7838,11.9125,123.163,-1.48529,1522.62,435.565,-5.47732,-8.48725,-11.9804,-4.42373,0.335356,-778.693,70.6784,78.0996,11709.4,82068.1,-0.574099,-3.58403,-2.17396,0.479494,5.23858,-2.54058,690.936,134.487,12329.6,0.0515992,0.74592,0.0196972,13390.5,-0.00260762,-0.0163286,29.7459,6.38078,104.025,71.5074,1.01751,12.3985,11.7296,122.99,126.592,-18.9648,-55.0849 
134,47.6459,10,134,9207.91,-0.155,21.326,11.8471,123.152,0.173916,-198.4,0.273608,-10.0975,-8.88195,-13.9758,-7.40938,-2.39317,-681.953,62.4529,93.6159,11776.4,9347.85,-5.80343,-4.58787,-5.38765,-3.1153,1.90091,0.682955,605.654,142.998,12319.6,0.0455557,0.707622,0.0209344,13294.8,-0.00244437,-0.0169265,-18.2631,-6.01779,111.106,71.8206,1.02655,12.543,11.544,122.994,126.434,-11.8877,-54.6132 
135,47.2659,6,135,11770.8,-0.155402,25.0366,12.2147,123.069,-0.106654,250.272,447.947,-5.4321,-3.70477,-9.99799,1.83811,-1.90793,-645.422,2391.67,115.601,11846.6,10824.2,-1.36805,0.359283,-1.86988,5.90217,2.15612,1.36101,2905.78,162.337,12360.7,0.185824,0.91094,0.0236216,15637.2,-0.00272156,0.205615,12.2224,12.6214,124.182,80.9898,0.971559,12.8876,12.0052,122.507,126.216,1.67507,-45.2261 
136,47.4259,10,136,10893.8,-0.490749,22.948,-12.737,123.334,2.3544,-2639.38,258.25,-3.82158,-7.78989,-13.3438,-4.86448,5.41033,-738.78,519.344,107.965,12659.1,211806,0.830316,-3.13799,-4.04005,-0.212581,10.0622,2.15367,1107.81,161.462,13247.5,0.0750917,0.796774,0.0219587,14752.8,-0.00261205,0.0419178,14.4211,18.4849,123.011,94.4127,1.001,13.0445,12.1458,123.168,126.917,-0.156933,-32.5043 
137,47,10,137,9969.46,-0.0954069,22.3092,11.8047,123.124,0.183872,119.583,40.0586,-7.72604,-1.8806,-4.7173,-7.0254,-2.41252,-667.494,51.0041,82.5721,12358.2,9288.78,-3.52301,2.32242,3.68876,-2.82237,1.7905,-1.53296,582.687,130.907,12889.9,0.0420432,0.717795,0.0183645,13859.3,-0.00203829,-0.00837736,323.242,-6.53641,128.778,71.4427,1.0534,12.599,11.7888,122.957,125.71,5.82141,-54.2674 
138,47.2299,2.5,138,12221.3,-0.48632,26.4363,12.2507,123.241,-0.240754,349.239,500,-3.39535,-1.57052,-7.69722,-6.39095,-7.68659,-708.295,2666.27,99.8911,12018.1,13279.9,1.0646,2.88942,1.22267,-1.93101,-3.22664,-63.1911,3230.45,151.18,12582.3,0.199531,0.924302,0.0216542,16190.2,-0.00265698,0.263646,11.8149,10.9765,124.074,80.6112,0.994817,12.7829,11.9898,122.937,126.133,1.13701,-45.5215 
139,47.4459,10,139,9921.87,-0.511517,21.9082,12.4851,123.22,0.15021,114.563,369.568,-7.28716,-2.30239,-10.767,-1.22222,-4.42663,-671.323,310.617,104.974,11917.6,9464.34,-3.06002,1.92475,-2.31273,3.00492,-0.199492,-2.59918,845.351,153.586,12452.4,0.061834,0.758757,0.0222155,13671.3,-0.00262612,0.0390973,14.1484,-15.0789,123.024,95.8005,0.970273,12.8797,11.98,123.025,126.977,-0.00160621,-31.1763 
140,47.3459,10,140,11309.1,-0.388349,23.5803,12.694,123.123,0.221576,-228.852,3.83755e-08,-4.61218,-9.57282,-8.22487,0.766108,-2.59738,-697.125,1320.14,99.5988,12327.4,11394.8,-0.222572,-5.18321,0.554355,5.15572,1.79223,0.735584,1875.43,150.079,12882.6,0.123835,0.877161,0.0210092,15144.5,-0.00270372,0.0855925,13.9583,16.5917,124.363,82.7614,0.977175,13.1204,12.1917,122.855,126.08,1.50824,-43.3191 
141,47.2459,5,141,14323.9,-0.458348,29.0699,12.4905,123.406,-0.712126,3269.52,410.62,-8.24981,-0.891607,-4.05426,-0.214301,-4.32477,-587.858,3256.31,114.901,13107.7,87614.3,-4.54823,2.80998,3.34891,3.48728,-0.623186,0.251599,3724.56,157.469,13576,0.210334,0.93111,0.0209197,17707.8,-0.00235833,0.295823,12.2835,11.4454,124.466,80.7933,1.0533,12.9126,12.2561,122.993,126.794,1.47327,-46.0011 
142,47.1959,3,142,9876.51,-0.154768,22.291,12.16,122.963,0.0788137,-13.9827,16.2928,-9.52797,-3.87056,-9.34763,-3.14504,-4.50226,-748.808,89.5388,101.896,12397.8,8859.73,-4.81292,0.844488,0.0824649,1.57001,0.212785,1.03921,685.992,156.119,12994.3,0.0487554,0.715171,0.0216527,14070.1,-0.00225228,-0.00918981,83.2528,6.45028,103,71.7804,1.04167,12.6681,11.883,122.809,126.029,-19.8091,-54.2482 
143,47.2239,2,143,12027.7,-0.188194,25.6523,11.9192,123.373,-0.147881,267.181,500,-8.43104,-5.99704,-9.49123,-0.384531,-1.53943,-543.996,2253.08,92.1683,11945.5,11239.6,-5.00564,-2.57165,-2.64043,3.04087,1.88597,0.500946,2686.39,131.56,12378.8,0.174028,0.921063,0.0192018,15436.5,-0.00234687,0.214741,11.5274,11.7592,124.378,81.1621,1.00101,12.5496,12.0101,123.017,126.771,1.3613,-45.6089 
144,47.2339,3,144,11749,-0.305093,25.364,12.2057,123.44,-0.139349,205.673,500,-7.02859,-7.2115,-9.19018,-6.16445,-0.827478,-655.075,2450.69,128.003,11632.5,11011,-2.90375,-3.08666,-0.940509,-2.03961,3.29736,0.834218,2972.48,175.439,12154.3,0.191879,0.906383,0.0259008,15491.4,-0.00257457,0.213365,12.2873,12.3569,124.54,81.8397,0.966984,12.6223,12.071,123.077,127.241,1.46355,-45.401 
145,47.2959,7,145,12030.9,-0.529383,25.5673,12.5692,123.167,0.000368299,428.537,496.637,-1.30908,-6.75213,-8.0373,-2.01323,-2.39143,-683.905,1611.12,119.536,12891.6,10466.5,2.99729,-2.44577,0.575432,2.29314,1.91493,0.892141,2155.88,169.059,13436.3,0.134782,0.879329,0.0226528,15995.3,-0.0027877,0.126388,12.8222,13.8361,124.099,81.4993,1.03586,12.9104,12.2422,122.917,126.245,1.18202,-44.7455 
146,47.2319,2.5,146,12223,-0.0845492,26.4692,11.879,123.34,0.0564982,1.00588,500,-3.59205,-4.83105,-6.49942,-1.2523,-4.72333,-662.643,2140.22,117.07,12602.6,10237.6,0.580438,-0.658558,1.84555,2.92019,-0.550844,0.553867,2668.04,165.053,13130.5,0.164771,0.902315,0.0226317,16192.4,-0.00271527,0.198866,11.6895,12.1389,124.453,81.4417,1.05881,12.6302,11.9101,123,126.486,1.45261,-45.0446 
147,47.1999,2.5,147,10331.7,-0.463347,22.5087,12.3047,123.083,-0.285953,154.501,71.2217,-8.06546,-2.21735,-9.91343,-7.64278,-6.50548,-643.948,206.769,99.7702,12420.6,10454.3,-4.01069,1.83742,-1.8039,-3.58801,-2.45071,0.819896,719.697,146.4,12933.6,0.0512558,0.737472,0.0204256,14041.3,-0.001925,-0.00560926,5126.46,5.7365,115.145,72.3766,1.01733,12.7166,12.1349,123.01,126.292,-7.86471,-53.9151 
148,47.2399,3.5,148,12130.8,-0.0365996,25.6646,-11.9908,123.449,0.0171969,5.6372,500,-6.08376,-10.3556,-16.3326,-4.24028,-7.52806,-612.619,2441.08,98.6093,12107.8,10021,-2.22626,-6.49815,-8.61762,-0.382775,-3.67056,0.59722,2929.06,142.971,12595.8,0.184186,0.921303,0.0204808,15902.8,-0.00262068,0.21453,12.3312,11.9447,124.616,81.5343,0.998393,12.6815,12.1197,123.158,127.246,1.45784,-45.7115 
149,47.2439,4,149,12090.6,-0.0278949,26.0244,11.8932,123.004,0.00695434,5.09349,500,-8.82468,-4.09898,-8.018,-6.91323,-2.2565,-622.975,2524.56,91.2499,12076.5,10076.8,-4.90197,-0.17627,-0.17258,-2.99053,1.66621,0.973753,3020.78,136.361,12572.7,0.189146,0.926787,0.0195878,15970.6,-0.00266127,0.227322,12.0948,11.8632,123.817,80.4854,1.01485,12.6088,11.9179,122.671,126.333,1.14633,-45.8474 
150,47.2139,1.7,150,12031.9,-0.00648637,25.2869,12.0644,123.409,-0.00760952,1.13227,2.11755e-11,-8.61441,-1.99412,-5.1581,-2.5415,-1.79026,-560.53,1879.36,102.653,12398.8,9931.39,-5.08491,1.53539,1.90091,0.988007,1.73925,-0.762303,2325.85,143.242,12845.3,0.14951,0.902708,0.0201284,15556.5,-0.00245711,0.172382,11.9882,11.9749,124.782,81.5526,1.05172,12.7037,11.7372,123.039,127.004,1.74332,-45.4519 
151,47.2119,1.7,151,11392.1,-0.490197,24.2578,12.4926,123.019,-0.175879,401.151,409.645,-6.92333,-9.29278,-11.9137,-7.13757,-1.13144,-583.309,1182.4,114.936,12480.8,12161.8,-3.25039,-5.61984,-4.56786,-3.46463,2.5415,0.681931,1647.02,157.175,12945.4,0.109942,0.856896,0.0218764,14980.8,-0.00257267,0.0973346,12.3552,14.3981,124.444,83.7481,0.986015,12.913,12.4103,122.793,127.354,1.65101,-43.6057 
152,47.2379,3.5,152,12301.6,-0.505383,26.1545,12.4078,123.368,0.443497,-23.1623,418.663,-3.38042,-3.21744,-13.3062,-5.81049,-0.683421,-670.673,2689.03,116.747,11991.6,10898.6,0.842631,1.00561,-4.86013,-1.58744,3.53963,-3.58632,3223.25,165.312,12525.8,0.199893,0.917639,0.0237346,16124.8,-0.00258803,0.244936,12.2459,11.6374,124.293,80.698,0.961058,12.7709,12.3666,123.046,126.45,1.24776,-45.7523 
153,47.3059,8,153,12672.3,-0.496829,26.1765,12.668,123.192,-0.0186116,286.733,384.142,-12.934,-4.7017,-6.08948,-6.45144,-3.00812,-658.256,1692.02,116.668,13201.4,10968.5,-8.78917,-0.556839,2.20024,-2.30658,1.13674,1.26459,2216.34,164.334,13725.8,0.135524,0.885147,0.021579,16353.9,-0.0025926,0.135608,12.4259,13.9618,124.551,82.1558,1.01662,13.1638,12.5363,122.865,126.883,1.68623,-44.7273 
154,47.2059,2.2,154,9966.76,-0.0409074,22.6102,11.8285,123.066,0.370546,-222.854,1.63005e-11,-9.32117,-5.32669,-9.46161,-7.17981,-0.316366,-738.584,257.871,96.8663,12385.8,11394.4,-4.67051,-0.67603,-0.160283,-2.52914,4.3343,0.9567,846.18,150.349,12974.1,0.0595501,0.762812,0.0209008,14209.5,-0.00299481,0.0390656,12.6198,20.3972,122.207,98,1.05383,12.5547,11.6145,122.902,126.659,-0.695457,-28.6587 
155,47.2259,2.2,155,12621.6,-0.005132,27.4109,-11.5541,123.514,0.0105746,-34.2496,500,-5.70965,-5.82034,-8.61429,3.74205,-4.84957,-684.35,3140,100.667,11882.3,10321.7,-1.40047,-1.51117,0.00405325,8.05122,-0.5404,0.999119,3685.11,150.222,12427.4,0.223538,0.933412,0.0217823,16485.3,-0.00253161,0.318819,11.487,10.9013,124.533,80.6939,1.02539,12.3289,11.8576,123.223,126.834,1.30963,-46.1401 
156,47.2279,2.2,156,11668.7,-0.49356,25.551,12.1104,123.199,0.0271762,163.291,11.551,-6.45705,-5.37494,-14.0857,-5.29365,-3.13103,-624.825,2037.65,80.7976,12064.3,10217.5,-2.52269,-1.44058,-6.21699,-1.35929,0.803325,0.420934,2535.34,126.043,12562,0.163843,0.919963,0.0181476,15474.2,-0.00259789,0.192935,11.4812,12.1201,123.93,81.1587,1.00806,12.6528,11.9345,122.963,126.582,0.967169,-45.4235 
157,47.3659,10,157,11711.1,-0.489077,24.2778,12.7625,123.182,-0.207549,725.675,304.758,0.43953,-4.01741,-6.26383,-7.94997,-3.96099,-711.703,1093.53,135.724,12834.7,14989.4,4.92093,0.463991,2.69898,-3.46857,0.520412,0.474472,1660.42,187.26,13401.6,0.107373,0.835169,0.0250938,15464,-0.00264426,0.0690736,12.9087,21.1032,123.701,85.9409,0.986067,13.2588,12.3463,122.957,126.271,0.743071,-40.33 
158,47.5259,10,158,10182.2,-0.0165025,22.1494,11.9993,122.842,-0.0056638,4.23795,500,-9.23251,-8.20403,-14.4822,-1.68399,-5.67405,-663.242,134.842,100.652,12418,8652.72,-5.05625,-4.02777,-6.12966,2.49226,-1.49779,0.568917,663.139,148.679,12946.3,0.0473744,0.718206,0.0207169,13997.8,-0.00205986,-0.00521313,518.99,-6.42065,103.005,72.8457,1.006,12.8399,12.1644,122.789,126.873,-19.7838,-54.0274 
159,47.2419,4,159,13087.6,-0.173676,28.0103,12.0302,122.918,-0.0376953,54.2143,500,-6.74991,-4.99004,-14.7306,-0.487557,-1.64438,-653.998,2851.94,83.7878,12825.1,11036,-2.63186,-0.871988,-6.49446,3.63049,2.47367,-0.667748,3372.87,131.145,13346,0.197022,0.936291,0.0177797,17119.2,-0.00287297,0.262082,12.1439,11.6813,123.968,80.692,1.07833,12.703,11.9067,122.615,126.59,1.35302,-45.8978 
160,47.3859,10,160,11027.7,-0.459499,23.2892,12.8212,123.327,1.00258,-5711.53,69.4724,-6.60089,-1.13916,-10.5856,-4.82924,1.28498,-764.684,896.808,112.263,12570.6,196129,-1.78588,3.67586,-0.955582,-0.0142283,6.1,1.13612,1505.91,167.636,13179.7,0.0998543,0.836954,0.0228937,15081,-0.00275487,0.0565378,13.9349,20.7012,124.149,88.6208,1.01137,12.909,12.0318,122.889,127.38,1.26002,-38.7589 
161,47.2199,1.7,161,11586,-0.166738,26.2502,11.5846,123.255,-0.0177847,154.398,500,-2.42658,-4.58627,-0.481527,-4.32508,-3.85858,-687.753,2410.11,93.7861,11824.4,9988.83,1.90401,-0.255675,8.17967,0.00552064,0.47202,0.206285,2957.93,143.588,12372.2,0.188388,0.921701,0.0209314,15701.3,-0.00274941,0.232818,11.3838,11.7868,124.183,81.3642,1.03234,12.2843,11.743,123.032,126.872,1.15156,-45.508 
162,47.2559,5,162,11816.7,0.0386262,24.803,12.1777,123.163,-0.0352473,8.9012,7.51731e-06,-10.54,-4.79857,-14.35,-5.06066,-1.03744,-686.162,2254.76,111.757,11993.9,9842.74,-6.21938,-0.47799,-5.70879,-0.740082,3.28314,0.421197,2801.32,161.443,12540.4,0.178224,0.908385,0.0231656,15718,-0.00267834,0.19679,11.9841,12.5058,124.198,81.6717,0.955953,12.988,12.2832,122.828,127.415,1.36998,-45.7433 
163,47.2019,2.5,163,10740.6,-0.37717,23.6794,12.3931,123.46,0.332893,-115.682,7.67859,-9.8156,-2.72467,-9.02531,-4.50479,-3.83615,-719.258,237.222,124.609,13053.9,10806.7,-5.28662,1.80431,0.0326422,0.0241858,0.692823,1.01195,810.138,176.692,13626.8,0.0545704,0.723758,0.0233284,14845.7,-0.00201141,-0.00821415,195.804,5.81564,103.018,71.8729,1.08137,12.6507,12.0269,123.176,126.84,-20.1584,-54.9666 
164,47.2759,6,164,11239.3,-0.535706,24.7195,12.3334,123.152,0.313229,-575.305,0.0117741,-7.16508,-4.37629,-7.44785,-3.21553,-1.48678,-757.475,1679.13,110.992,12214.9,15790.9,-2.39547,0.393324,2.09139,1.55408,3.28284,0.575454,2282.49,165.842,12818.2,0.147397,0.887191,0.0232784,15485.3,-0.00291201,0.146055,12.1581,12.8815,124.294,81.5845,1.00007,12.7872,12.1436,122.868,126.288,1.42534,-44.7037 
165,47.4059,10,165,10693.6,-0.0177085,23.2039,12.1635,122.735,-0.00323522,2.31862,500,-6.77141,-8.44414,-11.1239,-4.51414,-3.20904,-670.808,771.994,111.46,12533.3,9188.09,-2.54751,-4.22024,-2.67611,-0.29024,1.01486,0.69308,1306.32,160.035,13067.6,0.0884683,0.823459,0.022062,14765.9,-0.00295074,0.0492554,14.1785,21.8537,123.124,89.3857,1.02471,12.8723,11.8841,122.54,126.687,0.58357,-37.3012 
166,47.3259,9,166,12626.1,-0.521728,26.2115,12.7205,123.042,-0.193746,802.054,498.134,-10.0426,-5.00137,-5.70387,-2.19816,-2.40529,-760.606,1646.87,138.202,13396.6,15912.6,-5.25331,-0.212035,3.8748,2.59117,2.38404,-0.144808,2252.72,193.28,14002.4,0.135094,0.869454,0.0247966,16675.2,-0.00288822,0.112688,13.3345,15.9766,124.094,82.2849,1.03611,13.2114,12.4796,122.739,126.134,1.3548,-43.8488 
167,47.2039,2.2,167,10214,-0.260895,22.315,12.1745,122.566,1.71917,-229.933,33.0576,-6.12139,-8.2538,-13.4165,-8.90689,-5.21598,-713.051,238.808,116.874,12418.1,21712,-1.6315,-3.76391,-4.43676,-4.41699,-0.72609,0.703727,806.779,168.507,12986.1,0.0568858,0.732326,0.0233451,14182.4,-0.00193047,-0.00745822,5126.87,5.86605,116.366,71.9107,1.02053,12.7345,12.0755,122.83,126.693,-6.46477,-54.7826 
168,47.2159,1.5,168,10401.5,-0.267408,23.0626,12.0589,123.286,0.149132,505.903,0.242281,-5.57531,-7.11788,-19.3425,-7.82571,-2.79793,-721.546,813.106,112.331,12131.4,11509.5,-1.03193,-2.57449,-10.2557,-3.28232,1.74545,0.334002,1387.84,164.579,12706.1,0.0958778,0.828139,0.0233043,14475.1,-0.00281048,0.0632273,13.108,17.2765,124.729,86.4585,1.01913,12.6629,11.7916,123.109,126.74,1.61983,-40.2816 
169,47.2179,1.7,169,12442.5,-0.0403583,26.7048,11.8769,123.308,-0.0102492,13.3652,500,-3.36676,-7.78456,-12.2908,-5.13978,-2.14455,-712.788,2424.96,118.433,12526.5,10329.4,1.12148,-3.29632,-3.3143,-0.651539,2.34369,0.127125,2992.72,170.048,13094.3,0.181599,0.909557,0.0233634,16479.8,-0.00277394,0.226938,11.7994,11.9348,124.537,80.7625,1.0335,12.6938,12.1227,122.936,126.507,1.60108,-45.7442 
170,47.2859,7,170,12343.4,-0.506807,25.7406,12.6489,123.258,0.112693,211.499,299.095,-4.56607,-6.91251,-6.06507,-2.92784,-11.1349,-741.279,2001.97,129.079,12845.8,11374.9,0.101571,-2.24487,3.27021,1.7398,-6.4673,1.90824,2592.43,182.757,13436.3,0.157769,0.89018,0.0244434,16431.8,-0.00284353,0.161702,12.755,13.342,124.153,81.588,1.01896,13.1464,12.1853,123.042,126.877,1.11171,-45.2889 
171,47.1979,3,171,10214.1,-0.0254842,22.5784,11.8427,123.078,0.00456479,6.04545,500,-6.72368,-5.31403,-9.6643,-6.88793,-2.96542,-700.723,202.348,99.5876,12482.5,8705.27,-2.31141,-0.901761,-0.839767,-2.47567,1.44685,0.834749,760.499,150.329,13040.7,0.053585,0.742984,0.0207936,14192.4,-0.0020166,-0.00727838,242.806,5.95429,103.001,70.8336,1.03887,12.6428,12.0159,122.914,125.768,-19.9129,-54.9343 
172,47.2359,3,172,11954.6,-0.0284094,25.3032,12.1208,123.403,-0.00193237,45.8561,500,-1.72315,-4.90224,-12.3346,-0.117704,-0.506188,-653.428,2300.54,114.842,12101.4,9986.84,2.39131,-0.787777,-4.10567,3.99676,3.60828,1.80458,2821.02,162.159,12621.9,0.178302,0.9086,0.0231192,15821.5,-0.00267145,0.200957,11.8328,12.7109,124.641,81.0915,0.979037,12.8327,12.2073,123.109,126.6,1.53205,-45.5082 
173,47.2079,2,173,9761.22,-0.561374,22.2413,12.3954,122.954,0.801518,3033.06,459.367,-6.45517,-5.77716,-14.6936,-4.50705,-7.55247,-756.015,435.407,100.869,12025,88113.4,-1.69474,-1.01674,-5.17276,0.25338,-2.79204,0.503712,1037.6,155.614,12627.2,0.0738843,0.792107,0.0221978,14043.6,-0.00296049,0.0446887,13.1685,17.2845,121.931,93.5279,0.99013,12.7494,11.9265,122.881,126.512,-0.95023,-32.9842 
174,47.2219,2,174,14534.2,-0.171958,30.2858,12.1574,123.256,0.0575673,-54.8834,499.998,-4.14076,-5.64394,-14.1,-8.31732,-4.89041,-673.149,4880.02,97.6754,12032.4,12088.8,0.0978836,-1.4053,-5.62271,-4.07868,-0.651766,0.517801,5416.21,146.42,12568.6,0.29497,0.954828,0.021009,18361.9,-0.00258351,0.455941,11.9834,11.2253,124.151,80.2844,0.994199,12.7059,12.0845,122.76,126.829,1.39109,-46.5445 
