cyc,time,charge,freq,cyc,ROIsum,fBg,fA1,fWidth1,fCtr1,fA2,fWidth2,fCtr2,box1,box2,box3,box4,box5,box6,box7,box8,box9,Nfit,BZ-2,BZ-1,BZ0,BZ1,BZ2,Excited,c5,c7,c9,fraction95,fraction75,fraction97,sum95,two2D_bg,two2D_a1,two2D_sh1,two2D_sv1,two2D_ch1,two2D_cv1,two2D_a2,two2D_sh2,two2D_sv2,two2D_ch2,two2D_cv2,two2D_chd,two2D_cvd
34,0.06,0.7,43.3009,34,20576.5,-0.121,42.8616,10.9961,118.129,0.0422364,56.0798,499.442,2.96231,-0.229924,-0.782859,-0.229493,-3.25358,-57.1765,4947.59,2730.47,4561.8,15419.8,3.32234,0.130101,-0.0628088,0.130532,-2.89356,1.10024,4952.99,2743.43,4567.2,0.485337,0.507791,0.525283,10205.3,-0.000834774,1.07454,11.335,10.8858,118.537,88.5629,0.981856,10.9136,12.2407,117.449,139.518,1.08805,-50.9554 
35,0.06,0.7,43.2109,35,16693.5,-0.0315736,34.662,11.2904,117.74,0.00374001,-16.8748,500,-1.39293,2.41091,3.29272,-2.04324,-2.39423,-99.1814,3784.3,2318.97,3755.22,12741.7,-0.76841,3.03543,4.54175,-1.41872,-1.76971,-0.254508,3793.67,2341.45,3764.59,0.467032,0.480746,0.533958,8122.95,-0.00116627,0.80856,11.6029,11.2888,118.095,87.984,0.797883,11.4287,12.5966,117.079,139.014,1.01535,-51.0303 
36,0.06,0.7,43.2509,36,22771.4,-0.288005,47.8467,11.0204,118.053,-0.202982,-327.449,107.626,-3.07977,2.62408,1.54116,-0.74956,-2.98828,-66.0609,5491.81,3119.11,5064.36,19328.7,-2.6638,3.04005,2.37309,-0.333592,-2.57232,16.1572,5498.05,3134.09,5070.6,0.485297,0.50061,0.532401,11329.2,-0.0010102,1.19243,11.3165,10.9473,118.403,88.0199,1.0874,10.8684,12.3,117.436,138.801,0.966637,-50.7811 
37,0.06,0.7,43.2209,37,18860.7,-0.0311424,39.6542,10.9418,118.045,-0.0187079,-9.56595,500,1.25849,-0.472279,9.53735,-0.096486,-2.49245,-87.8809,4470.25,2589.41,4251.06,14130.3,1.81186,0.0810832,10.6441,0.456877,-1.93909,0.0371541,4478.55,2609.33,4259.37,0.477619,0.495148,0.530184,9376.82,-0.000908136,0.96464,11.357,11.0504,118.444,88.5893,0.922053,10.8112,12.3073,117.425,139.443,1.01875,-50.8536 
38,0.06,0.7,43.3509,38,22548.5,-0.285077,47.2913,11.0404,118.253,0.152652,-407.116,98.5305,1.80228,3.08914,-0.722255,1.66203,-0.968194,-50.0804,5356.83,3099.95,5064.82,19019.7,2.11763,3.40448,-0.0915694,1.97737,-0.652851,1.01356,5361.56,3111.3,5069.55,0.479073,0.49615,0.530636,11191.5,-0.000981914,1.15853,11.3274,11.027,118.686,87.8832,1.0837,10.9422,12.2496,117.57,138.617,1.11591,-50.7341 
39,0.06,0.7,43.2009,39,14572.6,-0.0165048,30.766,11.1105,118.093,-0.00434318,-9.80731,8.90419e-12,-2.95155,-0.109219,3.89729,-0.319177,-2.8697,-125.952,3190.04,2057.25,3382.84,11128.9,-2.15846,0.683869,5.48347,0.473911,-2.07662,-1.27892,3201.94,2085.8,3394.74,0.450604,0.467294,0.530919,7105.89,-0.00110755,0.689277,11.4072,11.4606,118.567,88.337,0.71314,11.3349,12.8477,117.419,139.355,1.14834,-51.0175 
40,0.06,0.7,43.2309,40,23418.1,-0.245593,48.7804,11.089,117.923,0.267074,234.385,500,0.468479,2.55165,0.185296,1.09424,-2.02551,-59.9132,5329.37,3271.28,5348.74,19646.8,0.845737,2.92891,0.939811,1.47149,-1.64825,0.792888,5335.02,3284.86,5354.4,0.464215,0.481347,0.530541,11492.6,-0.00108431,1.15073,11.38,11.0943,118.334,88.5093,1.14984,10.9355,12.467,117.331,139.342,1.00256,-50.8327 
41,0.06,0.7,43.0509,41,23041.5,0.0419065,47.9533,10.8747,118.051,0.0293195,-39.257,2.26935e-11,1.91512,-0.936853,3.48067,-0.388321,-0.387327,-58.4858,5520.51,3109.79,5173.3,17013.3,2.28339,-0.568584,4.21721,-0.0200514,-0.0190578,0.284358,5526.04,3123.04,5178.82,0.481292,0.502762,0.526261,11481.7,-0.000781853,1.20446,11.1617,10.9325,118.547,87.9405,1.12073,10.8238,12.0569,117.366,138.645,1.1812,-50.7044 
42,0.06,0.7,43.1009,42,21795.1,-0.281925,45.0898,11.2086,117.818,-0.51818,524.588,363.73,3.8509,1.09109,6.12517,-1.91505,1.47822,-80.4776,5344.75,3014.61,4568.55,25301.2,4.35764,1.59784,7.13866,-1.4083,1.98496,0.477817,5352.35,3032.85,4576.15,0.504229,0.502104,0.549724,10614.9,-0.000861888,1.15764,11.3541,11.0291,118.231,87.607,0.985684,10.9902,12.379,117.129,138.117,1.10148,-50.5101 
43,0.06,0.7,43.2409,43,23711.2,-0.011097,48.7272,11.1447,117.724,-0.0218439,-7.99713,2.35403e-11,0.717036,-0.467602,-0.920667,-1.19139,-3.43292,-67.4159,5361.5,3282.76,5458.57,17683.8,1.14154,-0.0431023,-0.0716664,-0.766895,-3.00842,0.973926,5367.87,3298.04,5464.94,0.460661,0.48188,0.526446,11652.6,-0.000989106,1.15833,11.3839,11.013,118.285,88.3367,1.15892,11.117,12.3484,117.036,138.906,1.24895,-50.5693 
44,0.06,0.7,43.4009,44,23568.3,-0.294253,47.9066,11.3827,117.973,-0.328283,79.3023,221.163,-1.82991,-1.67319,0.317029,-1.053,1.32104,-103.555,5569.89,3167.99,4942.85,18599,-1.17785,-1.02113,1.62114,-0.400944,1.9731,-0.630424,5579.67,3191.47,4952.63,0.494862,0.499758,0.542763,11275.2,-0.000783864,1.20129,11.5268,11.127,118.35,88.5259,1.05903,11.0918,12.3983,117.282,139.237,1.06781,-50.7108 
45,0.06,0.7,43.1809,45,15480.9,-0.0493773,32.2471,11.1252,117.978,0.000381269,49.2481,500,-1.56735,-0.00152922,2.53138,0.00864249,-3.51474,-82.4927,3650.71,2136.96,3340.51,11679.3,-1.04791,0.517905,3.57025,0.528077,-2.9953,-5.2306,3658.5,2155.66,3348.3,0.487212,0.492336,0.542535,7509.05,-0.000895139,0.788217,11.4428,11.1721,118.294,86.9792,0.707766,11.136,12.863,117.282,137.955,1.01196,-50.976 
46,0.06,0.7,43.1709,46,20551.4,-0.279366,42.0816,11.361,117.907,0.0888016,136.77,498.395,-1.98543,-3.00094,-3.41507,-3.14584,1.44772,-28.067,4811.03,2843.06,4327.24,15958.7,-1.8087,-2.82421,-3.0616,-2.96911,1.62445,0.661296,4813.69,2849.42,4329.89,0.491541,0.491184,0.547972,9793.06,-0.0007903,1.03151,11.4931,11.2728,118.303,87.0824,0.923314,11.1543,12.5439,117.217,137.75,1.08672,-50.6681 
47,0.06,0.7,43.1509,47,19101.8,0.0159126,39.7014,11.013,117.81,-0.0777582,157.752,4.93435e-11,2.71442,-3.51726,-0.754319,-5.48386,-4.06668,-33.4638,4824.92,2623.12,3926.06,14632.6,2.92513,-3.30655,-0.332893,-5.27314,-3.85596,0.966181,4828.08,2630.71,3929.22,0.516555,0.511892,0.552239,9346.68,-0.000669124,1.04721,11.2836,10.9862,118.044,87.6216,0.850797,10.828,12.3276,117.145,138.193,0.898966,-50.5714 
48,0.06,0.7,43.0009,48,23089.6,-0.0457239,47.0691,11.1962,118.113,-0.0183154,-41.94,500,0.0108048,1.4064,4.60088,-3.80814,2.44572,-84.4866,5423.61,3120.87,4924.16,17180.5,0.542795,1.93839,5.66486,-3.27615,2.97771,0.278141,5431.59,3140.02,4932.14,0.489176,0.497097,0.539757,11103.6,-0.00070249,1.1714,11.3141,11.1016,118.493,87.2025,1.04463,11.1233,12.529,117.467,137.975,1.02675,-50.7727 
49,0.06,0.7,43.1609,49,20888.6,-0.205106,43.8326,11.0242,118.02,0.343965,-259.279,1.92311e-07,-1.40667,0.836786,-2.35635,-2.45383,-1.22118,-8.66051,5096.18,2888.38,4529.15,18633.6,-1.35213,0.891319,-2.24729,-2.3993,-1.16665,0.641812,5097,2890.34,4529.97,0.494544,0.501915,0.540305,10306.5,-0.00088858,1.10446,11.2671,10.9339,118.441,87.2701,0.971466,10.8822,12.5112,117.359,137.93,1.08216,-50.66 
50,0.06,0.7,43.1909,50,15929.7,-0.241048,32.7623,11.5713,118.263,-0.128504,147.105,500,-0.196174,0.42115,0.618119,0.0170568,-1.52351,-118.333,3521.05,2295.62,3413.59,12956.5,0.548938,1.16626,2.10834,0.762169,-0.778398,0.446239,3532.23,2322.44,3424.76,0.47281,0.46498,0.555396,7470.71,-0.00106813,0.746481,11.7859,11.7052,118.553,87.5436,0.716023,11.4441,13.0661,117.651,138.4,0.902023,-50.8561 
51,0.06,0.7,43.3009,51,20044,-0.0148796,41.9132,11.0473,117.681,-0.00279781,18.7403,2.59648e-12,-1.16212,-2.42621,-2.25452,-0.842867,-2.52771,-75.4246,4831.86,2751.76,4585.5,15074.8,-0.687194,-1.95128,-1.30466,-0.367938,-2.05278,0.794989,4838.98,2768.86,4592.62,0.478137,0.499663,0.526199,10120.5,-0.00107632,1.06191,11.2115,10.685,118.044,87.3857,0.98542,11.0958,12.1978,117.025,138.134,1.01843,-50.7481 
52,0.06,0.7,43.2109,52,14485,-0.118737,30.3685,11.3099,118.117,0.0677146,-286.277,77.723,-0.396478,-0.392428,-1.52464,-0.133993,-5.82683,-72.7717,3442.54,2093.48,3199.76,11812,0.0617461,0.0657962,-0.608189,0.324231,-5.3686,0.889921,3449.41,2109.98,3206.64,0.483311,0.482984,0.547944,7137.04,-0.00114163,0.736632,11.4762,11.4014,118.343,87.3737,0.678529,11.2887,12.661,117.349,138.261,0.994042,-50.8874 
53,0.06,0.7,43.2509,53,23709.8,-0.14439,48.5616,11.2327,118.126,-0.106773,-37.1878,499.998,3.0529,-0.957599,-2.22864,-2.65373,0.888569,-81.2486,5660.18,3278.71,5033.53,17886.4,3.5645,-0.445998,-1.20544,-2.14213,1.40017,2.02931,5667.86,3297.13,5041.2,0.494352,0.495536,0.546445,11465.2,-0.000981734,1.2193,11.4737,11.0633,118.502,87.4395,1.0688,11.1411,12.5482,117.431,137.964,1.07028,-50.5244 
54,0.06,0.7,43.2209,54,17703.3,-0.299343,37.4187,11.1839,118.047,0.16909,157.675,463.715,-0.784933,0.534956,6.18861,-1.11255,-0.232096,-134.384,4074.87,2493.91,4035.06,14491.1,0.0612496,1.38114,7.88097,-0.266364,0.614086,0.185099,4087.57,2524.37,4047.76,0.467552,0.480595,0.534629,8742.49,-0.00101534,0.881483,11.3929,11.0846,118.425,87.6033,0.858808,11.1339,12.5219,117.336,138.36,1.08953,-50.7568 
55,0.06,0.7,43.3509,55,24396.9,-0.233318,49.402,11.2837,117.906,0.173605,36.3003,13.1254,-0.226755,0.836251,2.43502,-1.44776,0.0579404,-84.7594,5807.43,3314.31,5128.66,18351.5,0.306952,1.36996,3.50243,-0.91405,0.591648,0.278881,5815.43,3333.52,5136.66,0.496088,0.499218,0.544515,11722.6,-0.000704069,1.25216,11.5103,11.0297,118.284,87.1824,1.09734,11.0763,12.324,117.245,137.673,1.03923,-50.4904 
56,0.06,0.7,43.2009,56,13814.5,-0.262663,28.6807,11.5011,117.908,0.0580137,98.5299,8.03186,1.73722,0.739548,0.00444563,2.04542,3.12997,-108.079,2932.75,1996.22,3255.68,10924.1,2.41776,1.42009,1.36553,2.72596,3.81051,0.883684,2942.96,2020.72,3265.89,0.439331,0.454215,0.532661,6698.74,-0.00101509,0.625143,11.8394,11.4157,118.253,87.2168,0.681775,11.4349,12.6859,117.265,137.836,0.987846,-50.6193 
57,0.06,0.7,43.2309,57,22742,0.00519497,46.7418,11.1812,117.715,-0.0203869,-1.33787,500,-0.288047,1.82447,8.26504,-2.09124,-0.153745,-66.0515,5012.31,3169.48,5263.56,17014.2,0.127861,2.24038,9.09685,-1.67534,0.262163,0.0950132,5018.55,3184.45,5269.8,0.452986,0.473835,0.526774,11078.8,-0.00103778,1.083,11.4704,11.1954,118.186,87.9662,1.11888,11.1059,12.3963,117.006,138.591,1.17983,-50.6249 
58,0.06,0.7,43.0509,58,18941.5,-0.202447,40.0094,11.091,118.303,-0.455137,392.208,0.0410624,-0.00943672,2.13216,-1.39912,-1.16796,0.59994,-90.1265,4784.22,2598.42,4089.23,20256.4,0.558066,2.69966,-0.264117,-0.600459,1.16744,1.07418,4792.73,2618.85,4097.74,0.504226,0.511185,0.540712,9505.13,-0.00109245,1.04375,11.2689,10.8259,118.621,87.4668,0.873756,11.0617,12.4118,117.615,138.248,1.00652,-50.7809 
59,0.06,0.7,43.1009,59,21104.8,0.0638437,44.0282,10.9968,117.954,-0.0327125,-8.7477,5.24569e-12,0.205917,-0.368839,2.39237,0.801989,-0.53563,-117.253,4846.47,2911.23,4840.17,15770.7,0.944227,0.36947,3.86899,1.5403,0.202679,0.441355,4857.54,2937.81,4851.24,0.465439,0.485817,0.527308,10436.5,-0.000998578,1.05294,11.3554,10.984,118.34,87.5845,1.04077,10.9541,12.383,117.202,138.43,1.13771,-50.8456 
60,0.06,0.7,43.2409,60,23997.6,-0.150127,49.4242,11.1974,118.082,0.139568,-2.37309,500,-3.04657,0.384366,3.35171,-0.544785,-1.02082,-78.2785,5820.18,3349.67,5045.89,18026.6,-2.55367,0.877265,4.33751,-0.0518862,-0.527919,-1.08404,5827.57,3367.42,5053.28,0.5007,0.49721,0.551076,11638.9,-0.00107284,1.25076,11.4502,11.1323,118.466,87.2743,1.07098,11.1563,12.5171,117.423,137.919,1.04312,-50.6447 
61,0.06,0.7,43.4009,61,26104,-0.33054,53.4,11.3203,118.131,0.0939104,62.5029,499.961,-1.27512,2.70518,0.928973,-2.17855,-1.68645,-116.317,6265.29,3631.09,5516.32,19869.6,-0.542704,3.4376,2.3938,-1.44614,-0.954031,0.171272,6276.27,3657.45,5527.3,0.496829,0.495098,0.549333,12632.7,-0.00107718,1.34894,11.5053,11.1382,118.469,87.0097,1.17421,11.1846,12.3349,117.407,137.483,1.06221,-50.473 
62,0.06,0.7,43.1809,62,17239.6,-0.268759,35.4538,11.4219,117.775,0.128261,95.7825,491.252,-0.854439,-1.24716,-3.64655,0.313249,-0.419059,-99.9455,3806.5,2440.69,3825.51,13582.3,-0.225109,-0.617828,-2.38789,0.942579,0.210271,-0.149141,3815.94,2463.34,3834.95,0.46388,0.469551,0.541969,8226.13,-0.00092453,0.812139,11.6102,11.3364,118.187,87.1152,0.811717,11.348,12.7252,117.038,137.767,1.14916,-50.6521 
63,0.06,0.7,43.1709,63,23669.2,-0.0296122,48.0537,11.3079,118.286,-0.229081,13.398,500,-1.15436,-3.58435,-3.31159,-1.28611,-0.588451,-94.6649,5467.99,3274.04,4993.14,17788.9,-0.55828,-2.98827,-2.11943,-0.690032,0.00762831,0.666147,5476.93,3295.5,5002.08,0.487735,0.487096,0.548253,11229.3,-0.000893038,1.16805,11.5743,11.2667,118.614,87.2742,1.05531,11.2361,12.6625,117.58,137.945,1.03405,-50.6703 
64,0.06,0.7,43.1509,64,19420.1,-0.0504597,40.1888,11.0946,118.027,-0.155933,330.258,3.12758e-12,1.15379,-2.75229,2.68734,-1.57936,-1.54303,-58.1248,4688.93,2680.89,4146.79,16191.3,1.51979,-2.3863,3.41933,-1.21336,-1.17703,-20.0508,4694.42,2694.07,4152.28,0.495738,0.498926,0.544458,9469.54,-0.000930984,1.01283,11.4307,11.1621,118.369,87.6038,0.892956,11.1089,12.2675,117.399,138.181,0.969263,-50.5769 
65,0.06,0.7,43.0009,65,25422.9,0.0325877,52.1685,11.151,117.944,-0.0138959,0.753129,5.90114e-12,1.98619,-0.414833,-1.54853,3.64915,1.80608,-66.6037,6101.75,3485.58,5485.7,18937.6,2.40558,0.0045527,-0.709757,4.06853,2.22546,1.08878,6108.04,3500.68,5491.99,0.491639,0.499258,0.540058,12423.8,-0.00103939,1.30666,11.4701,11.2037,118.372,87.7273,1.18078,11.0351,12.1313,117.123,138.445,1.2484,-50.7181 
66,0.06,0.7,43.1609,66,22905.1,-0.0474395,47.6368,11.1005,118.191,0.000619638,-127.553,0.0495,3.09028,1.53273,0.175318,-4.57927,2.93041,-88.6947,5430.15,3157.76,5117.58,17216.5,3.64876,2.09121,1.29229,-4.02078,3.4889,0.801198,5438.53,3177.86,5125.96,0.479868,0.494421,0.533151,11333.4,-0.00123711,1.17003,11.5061,11.0135,118.695,87.9726,1.09355,11.0844,12.3427,117.452,138.666,1.24291,-50.6939 
67,0.06,0.7,43.1909,67,13866.4,-0.0824244,29.4673,11.1415,118.288,0.0233341,-0.833059,499.999,1.74553,-1.5972,-3.07061,1.61988,1.18717,-76.248,3075.9,1979.16,3174.25,10688.2,2.22564,-1.11709,-2.11038,2.09999,1.66728,1.76313,3083.1,1996.45,3181.45,0.457313,0.468779,0.536172,6741.77,-0.00101096,0.657008,11.651,11.5003,118.561,86.6334,0.667624,11.103,12.9422,117.703,137.448,0.85745,-50.8149 
