cyc,time,charge,freq,cyc,ROIsum,fBg,fA1,fWidth1,fCtr1,fA2,fWidth2,fCtr2,box1,box2,box3,box4,box5,box6,box7,box8,box9,Nfit,BZ-2,BZ-1,BZ0,BZ1,BZ2,Excited,c5,c7,c9,fraction95,fraction75,fraction97,sum95,two2D_bg,two2D_a1,two2D_sh1,two2D_sv1,two2D_ch1,two2D_cv1,two2D_a2,two2D_sh2,two2D_sv2,two2D_ch2,two2D_cv2,two2D_chd,two2D_cvd
140,0.17,0.7,43.2618,140,25768.9,-0.107079,48.8892,12.1607,122.799,0.0751147,14.2447,500,0.628748,-1.20498,0.832483,-0.211243,0.419008,-225.377,14368.1,107.77,12730.2,19388.6,2.04789,0.214161,3.67076,1.2079,1.83815,0.591177,14547.6,124.09,12909.7,0.522457,0.985292,0.0173985,27844.6,-0.00169713,1.35235,12.3939,10.6884,123.104,80.3344,1.1662,12.1707,11.2878,122.169,127.868,0.934808,-47.5339 
141,0.17,0.7,43.2718,141,26521.1,-0.0324244,50.3864,12.0712,122.814,-0.00360945,-19.9056,3.62238e-11,2.56146,1.15064,1.57271,2.50278,-0.125325,-177.133,14880,126.117,12990.7,19802.1,3.67682,2.266,3.80343,3.61814,0.990034,0.735034,15021.1,138.944,13131.8,0.52619,0.98407,0.0191181,28546.8,-0.00173573,1.4017,12.4354,10.6584,123.222,80.2938,1.20449,12.1081,11.1993,122.141,127.716,1.08115,-47.4226 
142,0.17,0.7,43.3018,142,28153,-0.363796,53.3243,12.2417,122.832,1.08297,-401.474,472.766,-2.59758,-1.66964,-2.55612,0.340575,-2.36224,-106.685,15755.4,114.806,13562.2,35403.9,-1.92581,-0.99787,-1.21258,1.01234,-1.69048,0.748134,15840.3,122.532,13647.2,0.529831,0.986644,0.0162703,29897,-0.00168944,1.48978,12.4099,10.6601,123.216,80.0702,1.24063,12.1737,11.3479,122.17,127.371,1.04601,-47.3012 
143,0.17,0.7,43.2018,143,22990.4,-0.340578,44.3013,12.1443,122.683,0.0631733,121.902,116.235,0.846684,-1.33387,-3.6586,2.08504,0.144095,-193.573,13273.6,72.4188,11125.7,17764.6,2.06556,-0.114987,-1.22084,3.30392,1.36297,1.22622,13427.8,86.436,11279.8,0.536124,0.988861,0.0139193,25046,-0.00174846,1.27852,12.3138,10.5206,122.95,79.4314,1.02903,12.1982,11.1846,122.065,126.578,0.884945,-47.1471 
144,0.17,0.7,43.1818,144,25062.6,-0.389411,47.792,12.315,122.926,0.0183561,-243.792,15.6341,-3.18092,1.25706,-11.3574,-3.97684,0.261218,-164.338,14022.8,111.616,12345.2,19305.1,-2.14613,2.29186,-9.28782,-2.94204,1.29601,0.13907,14153.7,123.516,12476.1,0.524132,0.984958,0.0179107,27004,-0.00174174,1.3274,12.5058,10.5506,123.329,80.0005,1.13016,12.1989,11.3284,122.216,127.292,1.1132,-47.2918 
145,0.17,0.7,43.2518,145,25102.7,-0.330542,47.5257,12.26,122.885,0.100677,25.776,404.896,0.846358,0.92775,-0.908503,-0.118773,0.836411,-84.5115,14096.7,94.6861,12161.2,19052.1,1.3785,1.4599,0.155789,0.413373,1.36856,0.967382,14164,100.806,12228.5,0.529311,0.987698,0.0149583,26759.4,-0.00161305,1.35859,12.2884,10.5481,123.205,80.1322,1.09961,12.3492,11.3356,122.174,127.5,1.0314,-47.3673 
146,0.17,0.7,43.2818,146,27726.4,-0.336358,52.2705,12.2531,122.933,1.96147,-797.102,499.17,-0.711809,3.15577,-1.48571,2.23897,-2.02342,-82.211,15824.7,107.033,12983,71746.5,-0.194148,3.67343,-0.450392,2.75663,-1.50576,1.10524,15890.2,112.986,13048.5,0.541769,0.98771,0.0157003,29330.1,-0.00155986,1.49694,12.5407,10.5383,123.279,79.8917,1.22056,12.1005,11.0779,122.221,127.077,1.05873,-47.1855 
147,0.17,0.7,43.2418,147,24182.2,0.0261055,45.4921,12.1576,122.885,-0.0161618,-5.06991,3.21751e-12,-0.449129,-3.56378,-1.0729,0.298368,-1.41805,-102.302,13498.2,103.442,11869,18007.2,0.195037,-2.91962,0.215435,0.942535,-0.773884,1.09205,13579.7,110.85,11950.5,0.524541,0.985916,0.0167999,25888.7,-0.00157287,1.25585,12.4933,10.7458,123.335,80.3738,1.08166,12.2549,11.285,122.183,128.022,1.15192,-47.6477 
148,0.17,0.7,43.3518,148,29314.7,-0.0337894,53.2929,12.4413,123.065,-0.128378,68.0675,500,0.745461,-0.598449,0.343801,-0.653284,0.115557,-84.7301,16135,144.13,13980.1,21868.3,1.27898,-0.0649264,1.41085,-0.119761,0.64908,0.552712,16202.5,150.266,14047.6,0.528257,0.984029,0.019324,30671.5,-0.00136448,1.44748,12.7654,10.9468,123.439,80.3041,1.23307,12.3766,11.5276,122.372,127.659,1.06721,-47.3554 
149,0.17,0.7,43.1318,149,29066.6,-0.358916,54.3573,12.364,123.067,0.402674,-117.622,45.303,-0.644097,2.09467,0.813382,-3.03881,-0.897088,-83.7624,16506,122.237,13736.1,23420,-0.116667,2.6221,1.86824,-2.51139,-0.369658,-0.251642,16572.7,128.302,13802.8,0.538256,0.986633,0.0168348,30789.6,-0.00168719,1.53077,12.6261,10.6704,123.447,80.5401,1.23464,12.2757,11.4412,122.403,127.933,1.04439,-47.3931 
150,0.17,0.7,43.0318,150,27366.3,-0.123868,50.7707,12.2618,122.799,0.170167,35.0045,500,-0.129941,-2.51209,1.72014,-1.95889,0.147987,-74.1446,15492.6,116.022,12733.4,20459.7,0.336928,-2.04522,2.65388,-1.49203,0.614855,-37.7877,15551.6,121.391,12792.5,0.541343,0.986524,0.0171798,28727.8,-0.00128115,1.46565,12.4902,10.547,123.129,80.4475,1.18129,12.1886,11.1185,122.144,127.724,0.985393,-47.276 
151,0.17,0.7,43.4018,151,28348.9,-0.322676,53.6662,12.1561,122.653,0.411133,326.377,498.318,-2.69592,-0.552611,-0.676346,2.14903,1.0577,-106.965,15800.1,102.195,13641.7,25605,-2.02239,0.12092,0.670717,2.82256,1.73124,0.798162,15885.3,109.941,13726.9,0.529087,0.988033,0.0145392,30023.9,-0.00152608,1.52291,12.3596,10.4787,122.945,79.9467,1.28135,12.0408,11.1073,122.045,127.274,0.90012,-47.3271 
152,0.17,0.7,43.2318,152,24267.1,-0.00962697,45.6866,12.0597,122.853,0.0627896,-54.6747,500,-4.02047,-3.91766,-5.25575,0.457176,2.75793,-178.018,13301.8,110.274,12062.4,18047.5,-2.89954,-2.79673,-3.01389,1.57811,3.87886,0.0735583,13443.6,123.165,12204.2,0.516783,0.98422,0.0182512,26013.9,-0.00146366,1.24926,12.4225,10.6807,123.343,80.3835,1.10158,12.1754,11.3301,122.094,127.831,1.24897,-47.4479 
153,0.17,0.7,43.2118,153,23406.1,-0.339732,45.0536,12.1398,122.769,-0.104678,56.2039,489.667,-0.683558,-2.05262,-1.17185,1.46233,0.276232,-150.425,13082.5,70.983,11605.6,17996.3,0.26363,-1.10543,0.722531,2.40951,1.22342,0.794365,13202.3,81.8756,11725.5,0.522253,0.989264,0.0126995,25279.5,-0.00168537,1.24158,12.3846,10.6571,123.054,79.4694,1.06472,12.1185,11.3444,122.085,126.726,0.968577,-47.2563 
154,0.17,0.7,43.2218,154,23231.3,-0.304117,44.4977,12.1154,122.697,0.0394378,73.0702,66.2268,-0.64464,3.1457,-5.67904,0.652674,-0.947309,-167.652,13001.2,83.6469,11423.8,17643.5,0.41102,4.20136,-3.56772,1.70833,0.10835,2.24687,13134.8,95.7869,11557.4,0.524575,0.987399,0.0150377,25038.9,-0.00153453,1.24488,12.3647,10.5697,122.986,79.8231,1.04924,12.074,11.3124,122.06,127.267,0.92546,-47.4437 
155,0.17,0.7,43.1718,155,25181.2,-0.0863016,46.7477,12.293,122.943,-0.00746981,47.9432,500,-2.20297,-0.0548709,-1.48007,0.909936,-0.0163071,-218.667,13951.4,105.774,12358,18719,-0.82608,1.32202,1.27371,2.28682,1.36058,0.76487,14125.6,121.608,12532.1,0.522518,0.985158,0.0175613,27033.7,-0.00150476,1.30421,12.4715,10.6938,123.312,79.8793,1.09907,12.404,11.4099,122.279,127.185,1.03258,-47.3061 
156,0.17,0.7,43.1618,156,24503.2,-0.0513374,47.4062,11.808,122.957,0.00785609,12.5193,0.292877,-3.52569,-2.48222,-2.48466,-1.08161,-5.97839,-145.032,14070.9,88.3344,11715.9,18225.6,-2.61246,-1.569,-0.658205,-0.168381,-5.06516,0.934658,14186.4,98.8365,11831.5,0.537917,0.987955,0.0151552,26372.8,-0.00162213,1.38936,12.091,10.4417,123.362,79.6139,1.12221,12.0056,10.9408,122.288,126.652,1.07362,-47.0384 
157,0.17,0.7,43.0818,157,27510.2,-0.010454,51.4645,12.1671,122.935,-0.0368518,10.2724,2.96253e-11,0.532487,-4.50988,-2.19302,0.383233,1.09933,-195.062,15639.7,105.092,13042.9,20396.3,1.76074,-3.28163,0.263482,1.61149,2.32759,0.901747,15795,119.217,13198.2,0.537443,0.986964,0.016367,29389.2,-0.00162945,1.48904,12.4027,10.5913,123.288,80.1482,1.20225,12.3353,11.0694,122.271,127.507,1.01702,-47.359 
158,0.17,0.7,43.2918,158,28750.5,-0.381316,53.9468,12.3779,122.49,0.0846244,300.438,3.86531,0.198752,-1.39172,0.320839,-0.448929,-2.75632,-87.176,16050.4,127.58,13864.7,22565,0.747676,-0.842799,1.41869,0.0999948,-2.20739,2.80994,16119.9,133.892,13934.1,0.529005,0.985673,0.0173928,30472,-0.00167124,1.48665,12.5424,10.7759,122.863,80.157,1.23632,12.3593,11.4275,121.803,127.547,1.06035,-47.39 
159,0.17,0.7,43.1918,159,23751.1,0.0335666,45.3064,12.0156,122.639,-0.0766289,22.8253,3.19841e-12,-1.72937,-0.102165,-0.332056,-4.80337,-5.98352,-143.456,13479.8,97.7282,11512.8,17778.4,-0.826069,0.801138,1.47455,-3.90007,-5.08022,1.19581,13594,108.116,11627.1,0.531642,0.986273,0.0168406,25569.9,-0.00161631,1.27308,12.3797,10.6825,123.04,80.4692,1.05046,12.169,11.3551,121.983,128.071,1.0567,-47.6017 
