cyc,time,charge,freq,cyc,ROIsum,fBg,fA1,fWidth1,fCtr1,fA2,fWidth2,fCtr2,box1,box2,box3,box4,box5,box6,box7,box8,box9,Nfit,BZ-2,BZ-1,BZ0,BZ1,BZ2,Excited,c5,c7,c9,fraction95,fraction75,fraction97,sum95,two2D_bg,two2D_a1,two2D_sh1,two2D_sv1,two2D_ch1,two2D_cv1,two2D_a2,two2D_sh2,two2D_sv2,two2D_ch2,two2D_cv2,two2D_chd,two2D_cvd
102,0.36,0.4,43.312,102,21892.4,-0.0696339,45.5001,10.9527,118.085,0.00986401,38.1011,500,0.560973,-1.81892,-0.772214,-3.09427,-0.0044682,-72.3701,10847.4,771.19,9214.01,16235.2,1.01667,-1.36323,0.139177,-2.63858,0.451227,1.05812,10873.9,787.965,9240.5,0.505752,0.88746,0.135757,21500.5,-0.000690942,1.22319,11.1176,10.8379,118.383,85.7926,0.968819,10.8816,12.3789,117.486,135.761,0.897344,-49.968 
103,0.36,0.4,43.222,103,15721.3,0.00738786,33.679,10.8694,118.236,-0.081938,-18.7179,500,-0.55285,-0.000727115,1.17841,-3.87925,0.163393,-93.5997,7903.21,533.644,6980.98,11966.8,0.0365217,0.588645,2.35715,-3.28988,0.752766,-4.29453,7937.47,555.34,7015.24,0.495937,0.890918,0.127266,16005,-0.00101773,0.888702,11.2012,10.8097,118.441,85.5569,0.727954,10.9924,12.3957,117.555,135.467,0.886283,-49.9101 
104,0.36,0.4,43.262,104,18644.3,-0.233035,39.3671,10.9586,118.075,-0.202475,370.369,120.017,-0.418733,3.78629,6.19643,-3.97513,1.04188,-33.1616,9455.81,651.328,7810.14,16485,-0.209924,3.9951,6.61405,-3.76632,1.25069,0.161036,9467.95,659.015,7822.27,0.512791,0.891418,0.134345,18463.6,-0.00073672,1.08029,11.089,10.6947,118.408,85.8016,0.827079,10.9073,12.26,117.338,135.995,1.07063,-50.1933 
105,0.36,0.4,43.232,105,20035.6,-0.293458,42.497,-11.0206,117.874,0.30498,-30.5215,61.0408,-0.245822,2.10903,-2.18795,-3.07076,1.67757,7.60906,9926.88,702.844,8763.02,15549.1,-0.293734,2.06112,-2.28377,-3.11867,1.62966,-0.138813,9924.09,701.08,8760.23,0.496245,0.889975,0.128482,19998.4,-0.00104397,1.10744,11.2243,10.9153,118.262,85.7995,0.931095,10.8984,12.2545,117.113,135.913,1.14956,-50.1139 
106,0.36,0.4,43.362,106,18137.2,-0.0293761,38.8431,-10.7141,118.162,-0.000734067,-0.207771,500,1.08022,-0.706556,-0.491341,3.03388,-4.43968,-76.1537,9018.99,628.367,7882.1,13547.7,1.55974,-0.227036,0.467699,3.5134,-3.96016,0.654487,9046.86,646.019,7909.98,0.498633,0.888917,0.130773,18143.3,-0.000880182,1.02196,11.0225,10.8994,118.463,86.4875,0.836926,10.7655,12.3992,117.506,136.725,0.956891,-50.238 
107,0.36,0.4,43.212,107,12432,0.000999713,26.7199,10.9203,118.095,-0.0187813,9.87543,1.16376e-10,0.325737,1.63856,0.534514,3.19208,3.47346,-119.714,6180.28,454.899,5639.14,9504.79,1.07954,2.39237,2.04212,3.94589,4.22726,0.8508,6224.09,482.649,5682.95,0.487801,0.880511,0.135284,12759.5,-0.000987542,0.679881,11.2981,11.0699,118.469,85.9838,0.582026,10.9986,12.6586,117.42,136.112,1.04919,-50.1287 
108,0.36,0.4,43.242,108,17527.7,-0.110829,37.7186,10.7372,117.896,0.0109448,37.8323,0.055771,1.69251,2.83377,1.23394,2.66815,-2.82204,-66.6936,8982.45,578.3,7487.86,13197.3,2.11246,3.25372,2.07385,3.0881,-2.40208,0.74479,9006.86,593.759,7512.27,0.51042,0.896567,0.127093,17646,-0.000903682,1.0168,11.0486,10.8866,118.01,86.0225,0.804971,10.6482,12.2554,117.382,136.291,0.62875,-50.2682 
109,0.36,0.4,43.062,109,20371.5,-0.0384505,42.8727,10.7986,118.021,0.0757129,43.1542,478.936,3.41135,2.43877,0.983226,0.68246,0.608779,-41.4748,10101.6,723.543,8761.44,15177.4,3.67251,2.69993,1.50554,0.943616,0.869935,0.844654,10116.8,733.156,8776.62,0.500586,0.887452,0.133359,20209.9,-0.00081862,1.15524,10.9616,10.8136,118.342,86.2081,0.922423,10.9449,12.2905,117.275,136.325,1.06709,-50.1164 
110,0.36,0.4,43.112,110,18738.9,-0.267123,40.0471,10.9204,117.989,0.109715,-31.9069,452.261,1.09607,0.874398,3.09168,0.60564,2.10388,-52.1227,9418.18,656.912,8228.69,14350.5,1.42428,1.2026,3.74809,0.933843,2.43208,0.615221,9437.25,668.994,8247.77,0.49874,0.889636,0.129994,18922.2,-0.000948384,1.07395,11.0967,10.7194,118.42,86.2287,0.882236,10.8305,12.0425,117.277,136.201,1.14334,-49.9719 
111,0.36,0.4,43.252,111,23060.7,-0.0430755,48.0475,10.933,118.024,-0.00351561,-52.0879,437.911,-0.671638,-0.23273,-1.56919,-1.20633,1.20028,11.8551,11051,819.432,9991.65,17106.4,-0.746286,-0.307378,-1.71849,-1.28098,1.12563,0.412985,11046.7,816.684,9987.31,0.490265,0.885443,0.130913,22532.1,-0.00082596,1.23035,11.258,10.9097,118.363,86.7321,1.03723,10.9712,12.5633,117.44,136.958,0.922763,-50.2263 
112,0.36,0.4,43.412,112,18483.2,-0.260707,39.7527,10.8459,118.201,0.169897,-1053.99,77.8079,-0.40871,1.47169,-1.32154,0.609799,0.213527,-13.1587,9172.51,587.597,8145.37,19864.7,-0.325853,1.55455,-1.15583,0.692656,0.296384,2.08845,9177.32,590.647,8150.19,0.494733,0.898772,0.117775,18550,-0.000910107,1.04871,11.1903,10.6226,118.34,85.9473,0.884387,10.6327,12.1751,117.669,136.111,0.670973,-50.1636 
113,0.36,0.4,43.192,113,12564.8,-0.0192872,26.5718,11.139,118.08,0.00622467,-1.50625,0.000181919,0.657702,2.29981,-0.112788,-0.895856,-1.19182,-5.41861,6205.75,448.134,5642.31,9635.55,0.691821,2.33393,-0.0445494,-0.861737,-1.1577,1.04632,6207.74,449.39,5644.29,0.488849,0.887559,0.127906,12698.7,-0.000959265,0.672396,11.4578,11.1411,118.341,85.6815,0.574793,11.2603,12.5869,117.441,136.089,0.900134,-50.4079 
114,0.36,0.4,43.182,114,13312.5,-0.245452,28.4665,11.1384,118.13,-1.20377,1799.23,292.77,-1.37694,3.27199,-2.32146,-4.54966,-2.62316,-39.6217,6357.54,492.692,6156.8,80828,-1.12746,3.52148,-1.82249,-4.30018,-2.37367,0.701345,6372.04,501.876,6171.3,0.473088,0.878863,0.130289,13469,-0.000881311,0.695849,11.3013,11.1222,118.487,86.2124,0.634251,10.9978,12.6038,117.396,136.47,1.09087,-50.2579 
115,0.36,0.4,43.162,115,21141.3,-0.000728843,43.6949,11.0315,117.649,-0.00786203,0.85801,2.66256e-11,-1.07451,-1.8958,0.0678645,1.75982,2.89319,14.9342,10432.3,803.408,8915.92,15691.5,-1.16854,-1.98984,-0.120209,1.66578,2.79915,1.10133,10426.9,799.946,8910.46,0.504349,0.881632,0.141909,20673.9,-0.000802164,1.14128,11.4164,10.9925,117.916,85.8263,0.940692,10.8424,12.4518,116.995,135.989,0.921364,-50.1625 
116,0.36,0.4,43.012,116,17851.6,-0.225523,37.7663,10.9446,117.963,0.406477,-86.4746,497.602,4.94518,0.915044,0.0819183,0.385752,1.97154,-20.6893,9022.1,620.17,7525.54,14599.8,5.07545,1.04532,0.342468,0.516026,2.10181,0.962288,9029.67,624.966,7533.11,0.51036,0.891964,0.132566,17692.7,-0.000721429,1.02568,11.1545,10.7045,118.157,85.8182,0.8071,10.6555,12.3626,117.368,135.95,0.789453,-50.1314 
117,0.36,0.4,43.172,117,18671,-0.257406,39.2883,11.0657,118.103,-0.258417,623.753,12.0341,4.37662,2.59969,1.34463,0.447247,1.07581,-116.042,9137.09,635.015,8191.55,19399.8,5.10731,3.33037,2.806,1.17793,1.8065,0.802785,9179.56,661.913,8234.02,0.492236,0.887951,0.128982,18648.7,-0.000883073,1.01298,11.2558,10.9373,118.289,86.0083,0.849666,10.9394,12.5195,117.602,136.493,0.68639,-50.4848 
118,0.36,0.4,43.202,118,14012.5,-0.141913,29.6053,11.1519,118.153,-5.65013,1444.01,499.029,2.18861,2.0397,-1.55722,-2.36741,0.59469,-44.6023,6734.69,456.93,6397.89,276345,2.46946,2.32055,-0.995519,-2.08656,0.875539,1.38534,6751.02,467.268,6414.21,0.477868,0.891961,0.118318,14127.4,-0.000940808,0.726469,11.5835,11.0425,118.438,85.8309,0.654387,10.9995,12.7625,117.571,136.202,0.867013,-50.3716 
119,0.36,0.4,43.312,119,19019.5,-0.239221,40.3347,10.9151,117.605,0.383518,-617.203,186.389,4.32976,0.343441,2.0895,2.60099,2.29804,-69.9805,9299.3,734.714,8291.71,22037.5,4.77041,0.784089,2.9708,3.04164,2.73869,0.792333,9324.92,750.935,8317.32,0.493647,0.87648,0.142599,18889.8,-0.000819766,1.04589,11.1679,10.8474,117.919,85.136,0.878738,10.7237,12.4971,116.846,135.073,1.07305,-49.9367 
120,0.36,0.4,43.222,120,16804.5,-0.00665511,35.4328,11.015,117.679,0.0225819,-87.4499,499.996,1.77486,1.89353,-0.968184,-2.38902,0.133627,-107.662,8596.94,636.774,7184.89,12769.6,2.45278,2.57144,0.387651,-1.7111,0.811545,0.91409,8636.34,661.729,7224.29,0.509691,0.881766,0.144372,16944.3,-0.00095252,0.970953,11.1844,10.781,117.907,85.6563,0.753679,11.0247,12.2863,116.945,135.539,0.961543,-49.8828 
121,0.36,0.4,43.262,121,18466.8,-0.0142595,38.4126,11.0213,117.53,-0.0163176,-13.2742,500,-0.862981,2.81852,-0.737765,-1.25467,0.356357,-13.7308,8876.95,687.831,8151.54,13788.7,-0.776522,2.90498,-0.564847,-1.16822,0.442816,1.67387,8881.98,691.013,8156.56,0.486363,0.880166,0.134994,18262,-0.000788431,0.987717,11.2034,10.954,117.851,86.03,0.844695,10.9885,12.5021,116.886,136.137,0.964965,-50.1065 
122,0.36,0.4,43.232,122,21477,-0.121747,44.6198,11.0192,117.825,0.092093,-43.1951,5.5016e-12,1.39772,1.17849,1.84685,-3.4943,2.42703,-95.3793,10153,856.047,9346.39,16135.2,1.9983,1.77907,3.04801,-2.89372,3.02761,0.562022,10187.9,878.156,9381.3,0.485684,0.868928,0.147074,20976.4,-0.000711739,1.10511,11.3634,11.131,118.159,86.1692,0.979395,10.7938,12.6097,117.182,136.419,0.976523,-50.2501 
123,0.36,0.4,43.362,123,21515.3,-0.0162867,44.6328,10.9817,117.897,0.0433028,-34.352,500,0.638171,-0.927281,4.70685,-2.45168,1.66626,-23.3474,10897.4,800.663,8858.37,16004.2,0.785183,-0.780268,5.00087,-2.30467,1.81327,-0.107763,10905.9,806.075,8866.92,0.516798,0.885469,0.143441,21102.9,-0.000813092,1.1977,11.3492,11.0209,118.175,85.8564,0.943745,10.78,12.3019,117.219,135.759,0.956557,-49.9023 
124,0.36,0.4,43.212,124,16927.1,0.0146407,35.1569,11.1298,117.944,-0.0120302,-7.64181,5.44286e-08,-0.811375,1.77755,-1.9999,-2.23368,-4.23701,-65.3922,7974.55,657.86,7607.18,12740.7,-0.399618,2.1893,-1.17638,-1.82192,-3.82525,0.766307,7998.48,673.017,7631.11,0.476831,0.871649,0.139757,16774.3,-0.000902342,0.856935,11.4092,11.2871,118.1,86.5711,0.772627,11.1664,12.7057,117.374,137.09,0.726702,-50.5192 
125,0.36,0.4,43.242,125,21086.5,0.00780359,44.0301,10.9342,117.843,0.0107775,-9.01024,4.67191e-11,-1.35502,1.98656,1.86952,-3.6108,-0.349701,-75.0771,10115.8,769.968,9296.49,15675.5,-0.882276,2.4593,2.815,-3.13806,0.123039,-1.04428,10143.2,787.371,9323.97,0.486118,0.880402,0.134617,20865.8,-0.0007957,1.13161,11.1524,10.9379,118.177,86.217,0.980023,10.9689,12.2259,117.102,136.417,1.07448,-50.2004 
126,0.36,0.4,43.062,126,18283.9,-0.0837017,39.157,10.828,118.044,0.0325786,-3.80221,500,0.371141,-1.08551,-0.325508,2.78025,-0.971611,-81.3384,9249.85,587.881,7934.53,13806.4,0.883307,-0.573345,0.698825,3.29242,-0.459445,0.818098,9279.62,606.735,7964.3,0.503272,0.897327,0.123065,18438.6,-0.000979819,1.05056,11.1155,10.7542,118.317,85.8252,0.855838,10.734,12.2016,117.395,136.18,0.922699,-50.3548 
127,0.36,0.4,43.112,127,17725.7,-0.2505,37.9957,10.8811,117.593,0.130328,53.6206,11.5426,0.4451,0.9316,2.3968,-2.20666,0.840857,-39.5207,9076.92,582.249,7526.3,13686.2,0.693951,1.18045,2.8945,-1.95781,1.08971,0.257974,9091.39,591.41,7540.76,0.511808,0.897795,0.126236,17763.3,-0.000853351,1.0398,11.0719,10.6932,117.842,86.4216,0.815896,10.7485,12.0839,116.914,136.702,0.928007,-50.2804 
128,0.36,0.4,43.252,128,21537.5,0.0136549,44.9501,10.881,117.608,-0.0107405,-47.9464,9.85978e-12,3.12909,2.18393,5.28423,-0.0154414,-1.60916,-42.8063,10862.6,758.753,8821.56,15938.6,3.39863,2.45347,5.82331,0.254098,-1.33962,0.450106,10878.3,768.675,8837.23,0.517002,0.889951,0.138101,21041.1,-0.000653188,1.22313,11.0773,10.9399,117.84,85.9608,0.952095,10.7569,12.1843,116.975,136.14,0.864379,-50.1789 
129,0.36,0.4,43.412,129,21300.5,0.144957,44.2564,10.8379,117.853,-0.158756,69.2163,1.40982e-06,3.47924,1.41077,6.4941,-2.57505,-3.52997,-45.4508,10664,723.095,8911.51,15971.8,3.76543,1.69696,7.06648,-2.28885,-3.24377,-0.0100396,10680.6,733.63,8928.15,0.509864,0.892695,0.131467,20948,-0.000726203,1.18387,11.226,10.9587,118.186,86.4702,0.956577,10.7388,12.215,117.152,136.784,1.0339,-50.3137 
130,0.36,0.4,43.192,130,12348.7,-0.249433,26.8494,-11.0414,118.049,-0.0246625,182.454,375.409,-0.777591,2.11798,2.43177,-0.155375,0.3538,-109.091,6271.22,400.331,5511.21,9797.1,-0.0906715,2.80489,3.80561,0.531545,1.04072,0.529713,6311.15,425.618,5551.14,0.497138,0.89444,0.123759,12695,-0.000952011,0.710318,11.1158,10.7969,118.15,85.4759,0.559116,11.2393,12.6194,117.402,135.791,0.748462,-50.3149 
131,0.36,0.4,43.182,131,12307.6,-0.258808,26.6934,11.1147,117.836,0.227131,-15.5738,494.314,2.67227,-1.66641,-2.07613,-5.03419,-1.5563,-68.2056,6469.18,422.237,5365.99,9773.36,3.10174,-1.23694,-1.21719,-4.60472,-1.12683,0.760582,6494.14,438.047,5390.96,0.511602,0.894421,0.130194,12693.7,-0.00103393,0.697258,11.5067,11.098,118.036,86.0342,0.563154,10.9319,12.3684,117.12,136.251,0.91601,-50.2169 
132,0.36,0.4,43.162,132,18992.4,-0.0258082,39.7235,10.9785,117.677,-0.0333419,1598.24,0.100375,-1.73083,-0.0614636,0.208918,-1.43552,1.58734,-68.6602,9647.49,731.008,7889.31,15931.4,-1.2985,0.370871,1.07359,-1.00318,2.01967,0.0764474,9672.62,746.923,7914.44,0.515207,0.880952,0.148101,18774.2,-0.000841289,1.06728,11.2118,11.0515,117.986,86.7079,0.83161,10.9126,12.3625,116.924,136.523,1.06262,-49.8153 
133,0.36,0.4,43.012,133,17368.8,-0.232487,36.6575,11.0111,117.694,0.0342362,253.438,499.206,1.90022,0.772405,-0.980873,0.837403,1.24326,-55.3413,9023.32,681.531,7037.85,13422.3,2.24869,1.12087,-0.283934,1.18587,1.59173,1.04843,9043.57,694.359,7058.1,0.527003,0.881551,0.153419,17160.4,-0.00075074,1.01369,11.1286,10.9247,118.067,86.1576,0.740437,10.8295,12.4757,116.867,136.299,1.20007,-50.141 
134,0.36,0.4,43.172,134,13974.5,-0.168262,30.483,10.7585,117.92,-0.0914062,283.65,1.03343,2.66236,-4.24789,2.2905,-0.305804,0.909291,-60.5238,7154.98,529.591,6036.74,11519.9,3.04346,-3.86679,3.0527,0.0752988,1.29039,0.150863,7177.14,543.62,6058.89,0.507402,0.882963,0.141836,14144.9,-0.000877044,0.815254,10.9205,10.9506,118.151,85.9428,0.635618,10.9573,12.3397,117.171,135.957,0.980009,-50.014 
135,0.36,0.4,43.202,135,12534.1,0.00214382,26.5395,11.0528,118.071,-0.0144033,-3.35598,500,-0.945986,-2.65415,-0.868712,-0.0623624,-0.762828,-81.2626,6100.31,482.83,5596.27,9550.61,-0.434297,-2.14247,0.154666,0.449326,-0.251139,1.06955,6130.05,501.667,5626.02,0.486513,0.874726,0.141085,12600,-0.000909357,0.658409,11.589,11.1179,118.368,85.737,0.567411,11.0586,12.9724,117.344,136.326,1.02447,-50.5888 
