cyc,time,charge,freq,cyc,ROIsum,fBg,fA1,fWidth1,fCtr1,fA2,fWidth2,fCtr2,box1,box2,box3,box4,box5,box6,box7,box8,box9,Nfit,BZ-2,BZ-1,BZ0,BZ1,BZ2,Excited,c5,c7,c9,fraction95,fraction75,fraction97,sum95,two2D_bg,two2D_a1,two2D_sh1,two2D_sv1,two2D_ch1,two2D_cv1,two2D_a2,two2D_sh2,two2D_sv2,two2D_ch2,two2D_cv2,two2D_chd,two2D_cvd,two2D_int1,two2D_int2,two2D_sumint
168,0.46,0.3,43.1509,168,23481.9,-0.000172122,48.5602,11.0211,117.885,-0.0553264,8.52812,500,0.937376,1.72724,3.02122,-0.433538,-2.75512,180.657,11228.6,768.719,10441.6,17437.4,-0.200175,0.589689,0.74612,-1.57109,-3.89267,1.17239,11162.5,726.843,10375.4,0.483346,0.897706,0.114297,23094.3,-0.00103362,1.2423,11.3458,10.9287,118.173,87.6198,1.10096,10.9562,12.2766,117.294,138.107,0.878818,-50.4871,343.658,330.374,674.032 
169,0.46,0.3,43.2109,169,14370.5,-0.117132,30.6107,10.9582,118.115,0.163693,-107.798,499.351,2.00795,3.2004,0.177392,0.841937,0.140128,96.608,6717.53,459.379,6921.21,11494.1,1.39963,2.59208,-1.03924,0.233622,-0.468187,1.38237,6682.18,436.985,6885.85,0.457655,0.89731,0.104667,14600.9,-0.00106724,0.740596,11.3763,10.9521,118.471,87.5272,0.717199,11.0887,12.4049,117.518,138.175,0.952312,-50.6482,205.863,220.097,425.96 
170,0.46,0.3,43.2409,170,22129.9,0.0128876,46.5721,10.9014,118.012,-0.00343507,-1.09571,0.00712607,2.75948,-0.969627,-1.97214,-4.64391,-1.23942,16.7501,10410.2,667.88,10353.6,16527.4,2.654,-1.0751,-2.18308,-4.74938,-1.34489,0.674092,10404,663.998,10347.5,0.466473,0.899534,0.105712,22303.6,-0.00118769,1.14797,11.3766,10.924,118.337,88.5174,1.13269,10.7749,11.8828,117.435,139.509,0.902642,-50.992,318.29,323.549,641.838 
171,0.46,0.3,43.1909,171,15029.7,-0.277047,31.7037,11.2885,117.812,0.0171524,129.127,236.638,-1.10231,4.06331,4.59621,-0.213497,0.967611,110.036,7110.18,491.321,7086.94,11722.5,-1.79518,3.37045,3.21048,-0.906365,0.274744,0.227159,7069.91,465.815,7046.66,0.465936,0.896618,0.108553,15173.6,-0.001256,0.750097,11.6558,11.3302,118.13,87.2719,0.714347,11.2254,12.791,117.207,138.04,0.923032,-50.7682,221.003,228.828,449.831 
172,0.46,0.3,43.1809,172,16799.1,-0.328044,36.1919,11.1103,117.807,-0.178064,198.584,498.852,-0.597386,2.78988,1.3672,-0.116661,-1.46235,95.7964,7707.91,631.819,8124.22,14240.9,-1.20059,2.18667,0.160787,-0.719865,-2.06555,1.09813,7672.85,609.613,8089.16,0.451999,0.877933,0.121901,16975.4,-0.00130788,0.824319,11.5882,11.3399,117.942,87.2104,0.83472,11.0276,12.5702,117.303,138.06,0.638915,-50.8496,241.67,258.144,499.814 
173,0.46,0.3,43.1609,173,24072.7,-0.334314,50.2337,11.164,117.87,-0.10062,973.95,333.643,-0.716099,-0.248498,-2.89623,-5.11187,-3.27191,168.7,11304.7,835.274,10981.1,21446.3,-1.77836,-1.31076,-5.02075,-6.17413,-4.33417,0.730331,11242.9,796.169,10919.4,0.472387,0.889738,0.11841,23800.2,-0.00119405,1.22587,11.4164,11.1588,118.169,88.2129,1.15264,11.0603,12.1914,117.231,138.97,0.937546,-50.7574,348.408,346.745,695.154 
174,0.46,0.3,43.2009,174,13340.2,-0.294769,29.3062,-11.016,118.051,-0.223743,-321.507,486.046,-1.46949,-2.14189,-0.55537,-3.47327,-1.02211,119.241,6305.69,442.394,6600.37,12851.2,-2.22032,-2.89272,-2.05703,-4.2241,-1.77294,0.843775,6262.05,414.754,6556.73,0.453696,0.896132,0.104364,13802.3,-0.00129527,0.689692,11.3625,11.1247,118.149,87.19,0.679647,11.1057,12.4919,117.541,138.087,0.607961,-50.8968,194.498,210.355,404.853 
175,0.46,0.3,43.2309,175,20860.2,-0.0544142,43.7349,10.8939,117.831,0.0598823,3.23168,3.67276e-12,-3.01641,-3.03106,-2.76962,-3.81822,0.899692,30.6201,9843.48,655.434,9516.01,15516.1,-3.20922,-3.22386,-3.15523,-4.01103,0.706885,0.755265,9832.28,648.336,9504.8,0.473553,0.896544,0.111627,20762.8,-0.000932085,1.10648,11.1713,10.8384,118.165,87.7716,1.02378,10.8416,12.1278,117.182,138.514,0.983152,-50.7427,298.889,300.316,599.206 
176,0.46,0.3,43.1709,176,18615.2,-0.0204472,39.4876,10.8051,117.955,-0.000251823,-22.3665,0.329054,5.15569,0.141116,0.0219787,-0.569256,-0.636122,136.309,8801.2,626.936,8623.35,13889.6,4.29739,-0.717183,-1.69462,-1.42756,-1.49442,-0.635113,8751.31,595.34,8573.46,0.470228,0.893615,0.113409,18610.8,-0.00101541,0.996607,11.066,10.8646,118.238,87.3941,0.905949,10.9573,12.3311,117.321,138.047,0.916963,-50.6533,267.316,273.092,540.408 
177,0.46,0.3,43.2209,177,16286.4,-0.274782,34.64,11.1122,117.572,0.134864,-11.2812,405.112,-0.945577,0.577931,-2.40605,-4.65809,-4.61911,96.48,7702.88,577.011,7539.05,12580.2,-1.55309,-0.0295774,-3.62107,-5.26559,-5.22662,0.769299,7667.57,554.647,7503.74,0.470494,0.887635,0.119843,16296.9,-0.00104867,0.855057,11.3185,10.9641,117.832,86.968,0.788887,11.0248,12.4222,116.962,137.465,0.870205,-50.4969,236.731,241.036,477.766 
178,0.46,0.3,43.2909,178,23108.8,-0.05664,48.7059,10.9654,117.499,-0.0566309,30.1218,500,-1.54279,-1.55761,2.77195,-3.25606,-4.21106,124.94,11827.5,795.657,9711.85,17441.5,-2.3295,-2.34433,1.19852,-4.04277,-4.99777,1.09576,11781.8,766.697,9666.12,0.514537,0.897762,0.127485,22897.8,-0.00107989,1.33754,11.1595,10.7658,117.672,87.0918,1.02685,10.8454,12.3467,116.911,137.588,0.761121,-50.4962,358.505,306.759,665.264 
179,0.46,0.3,43.0509,179,22932.1,-0.261805,48.3222,10.9225,117.717,-0.498604,-618.38,429.209,4.60573,1.2024,3.71485,-2.83187,-0.622888,86.8495,10872.4,746.236,10317.2,27218.7,4.05886,0.655536,2.62111,-3.37874,-1.16976,0.0595267,10840.6,726.104,10285.5,0.478215,0.895083,0.115079,22668.8,-0.00101467,1.21685,11.2338,10.8641,118.103,87.6078,1.10795,10.7461,12.3138,117.124,138.602,0.979163,-50.9939,331.327,327.085,658.412 
180,0.46,0.3,43.1009,180,23186.1,0.221891,48.446,-10.8331,117.801,0.219421,-124.623,1.41936e-11,2.38574,1.63584,-2.76951,-2.1602,-1.20818,137.747,11203.4,740.75,10290.8,17974.8,1.51838,0.768479,-4.50423,-3.02756,-2.07553,0.384707,11153,708.821,10240.4,0.486405,0.899912,0.113088,22929.4,-0.00104684,1.2407,11.2729,10.9672,118.202,88.6835,1.10658,10.7583,12.2042,117.163,139.428,1.03885,-50.7445,342.212,324.14,666.352 
181,0.46,0.3,43.3409,181,22833.5,0.0332134,48.111,-10.8225,117.864,0.145433,-102.755,2.33536e-12,1.92957,1.06734,-1.35433,-2.52459,-1.35745,87.2606,10736.6,745.233,10344.4,17436.4,1.38011,0.517879,-2.45325,-3.07405,-1.90691,0.556873,10704.7,725.006,10312.5,0.474414,0.894035,0.114658,22564,-0.000996853,1.21346,11.0994,10.8654,118.115,87.3121,1.09208,10.8911,12.3866,117.271,138.212,0.843826,-50.9004,326.487,328.678,655.165 
182,0.46,0.3,43.1509,182,23954.1,-0.29406,50.4741,10.9693,117.713,0.401536,90.7154,127.439,1.85874,1.194,-1.4044,-1.61713,-5.83178,153.914,11467.5,779.49,10806,19209.5,0.889579,0.224846,-3.34272,-2.58629,-6.80094,0.71222,11411.2,743.813,10749.7,0.479998,0.897609,0.113052,23773.3,-0.00115361,1.27528,11.3004,10.9155,118.11,87.6883,1.16344,10.8621,12.0492,117.018,138.33,1.09203,-50.6416,350.946,339.713,690.659 
183,0.46,0.3,43.2109,183,11372.6,-0.0226478,24.7034,10.7074,117.956,-0.00886935,38.173,3.27971e-12,0.633388,1.03156,2.23457,-0.431107,-2.19945,83.0256,5542.88,321.983,5420.14,8621.69,0.110597,0.50877,1.18899,-0.953897,-2.72224,1.63658,5512.5,302.738,5389.76,0.470722,0.912319,0.0937673,11710.7,-0.000995421,0.607708,11.3278,11.0941,118.246,87.5291,0.582358,10.7411,12.281,117.39,138.522,0.8559,-50.9932,170.385,171.384,341.769 
184,0.46,0.3,43.2409,184,19923,-0.134001,42.0839,10.8899,117.77,-0.240748,150.583,499.822,-2.02921,-2.32105,-3.25632,0.118815,-2.7675,182.485,9315.53,644.907,9165.61,16098.9,-3.17827,-3.47011,-5.55444,-1.03024,-3.91656,0.676119,9248.74,602.607,9098.83,0.469184,0.897648,0.108735,19712.4,-0.000841542,1.04083,11.1563,10.9526,118.126,87.6419,0.996416,10.6662,12.1059,117.03,138.238,1.0962,-50.5959,283.736,287.042,570.778 
185,0.46,0.3,43.1909,185,12809,-0.0185892,27.3053,-10.945,117.849,0.0370238,-30.7466,0.00290795,-3.78233,-0.244973,-5.92804,-0.329034,0.81564,58.3142,5924.13,458.941,6236.65,9765.86,-4.14952,-0.612162,-6.66242,-0.696223,0.448451,0.42919,5902.78,445.424,6215.31,0.452307,0.883349,0.11662,13050.4,-0.00102139,0.64209,11.4436,11.2873,118.194,87.3307,0.643164,11.1069,12.3494,117.117,138.345,1.07713,-51.0147,185.032,196.814,381.847 
186,0.46,0.3,43.1809,186,17209.8,-0.266184,36.3827,11.1044,117.853,-0.0197042,322.325,474.045,3.9703,2.5036,-0.335167,1.25461,-1.07778,100.479,8176.34,575.019,7954.86,13358.5,3.33761,1.8709,-1.60055,0.621919,-1.71047,1.63528,8139.57,551.728,7918.09,0.471986,0.893958,0.113756,17245.4,-0.00111224,0.888421,11.4353,11.0834,118.14,87.1787,0.830257,10.9761,12.482,117.208,138.065,0.931776,-50.8861,251.209,253.772,504.981 
187,0.46,0.3,43.1609,187,22689.6,-0.0350944,47.0772,10.9792,117.692,-0.0368952,-7.62022,499.913,-1.48855,-1.51243,-3.39886,-2.38849,-1.22467,120.723,11082.3,799.02,9782.79,16835,-2.24871,-2.27259,-4.91918,-3.14865,-1.98483,0.662468,11038.1,771.036,9738.61,0.496373,0.891074,0.127282,22237.5,-0.000952657,1.23311,11.3369,10.8809,117.942,87.5185,1.02781,10.9492,12.3673,116.995,137.918,0.94648,-50.3995,339.358,310.503,649.861 
188,0.46,0.3,43.2009,188,12424.9,-0.0477898,26.4766,11.2372,117.661,-0.00828222,-25.3768,5.47131e-06,0.0419275,0.319157,-0.488555,-2.77003,-0.414348,53.9337,5728.64,414.946,6321.91,9692.17,-0.297679,-0.020449,-1.16777,-3.10964,-0.753954,0.781705,5708.9,402.444,6302.17,0.440624,0.890183,0.105252,12956.4,-0.00131971,0.604611,11.8843,11.178,117.958,87.0557,0.635465,11.337,12.5303,117.019,137.826,0.939684,-50.7707,179.19,201.395,380.586 
