cyc,time,charge,freq,cyc,ROIsum,fBg,fA1,fWidth1,fCtr1,fA2,fWidth2,fCtr2,box1,box2,box3,box4,box5,box6,box7,box8,box9,Nfit,BZ-2,BZ-1,BZ0,BZ1,BZ2,Excited,c5,c7,c9,fraction95,fraction75,fraction97,sum95,two2D_bg,two2D_a1,two2D_sh1,two2D_sv1,two2D_ch1,two2D_cv1,two2D_a2,two2D_sh2,two2D_sv2,two2D_ch2,two2D_cv2,two2D_chd,two2D_cvd
120,0.23,0.53,43.1693,120,5533.93,-0.0227327,16.0263,9.13324,121.515,0.012199,-23.4973,500,-1.64435,-2.37953,3.11577,-2.34709,-1.48009,-161.034,4119.83,4.02299,2946.6,4774.24,-0.630362,-1.36554,5.14376,-1.3331,-0.466101,-2.81398,4248.1,15.6839,3074.87,0.57289,0.993581,0.0093085,7415.21,-0.00146175,0.585716,9.72294,8.99306,121.607,81.9174,0.413718,9.44924,9.43864,121.107,129.475,0.50054,-47.5573 
121,0.23,0.53,43.1893,121,4818.57,-0.0289458,14.8319,8.96933,121.566,-0.00135751,-13.4129,500,-6.23949,-1.04727,-4.63418,0.0431674,0.570287,-243.808,3792.8,17.4891,2707.02,4331.22,-4.7043,0.487925,-1.5638,1.57836,2.10548,0.254031,3987,35.1438,2901.22,0.571592,0.984809,0.0218272,6975.26,-0.0015885,0.550229,9.60278,8.92653,121.77,81.6276,0.377553,9.47846,9.48429,121.033,129.743,0.737071,-48.1158 
122,0.23,0.53,43.2793,122,9579.03,-0.110975,25.9934,9.12396,121.43,0.637167,515.122,0.000643466,-2.94313,-3.1023,-0.0807786,-0.329141,-3.18658,-302.253,6612.41,29.064,4594.31,18405,-1.03992,-1.19909,3.72564,1.57407,-1.28337,-1.09621,6853.17,50.9509,4835.07,0.579143,0.987156,0.0190421,11833.3,-0.00140182,0.982214,9.49677,8.63364,121.657,81.736,0.669774,9.15224,9.18779,120.865,129.52,0.792425,-47.7838 
123,0.23,0.53,43.1943,123,5086.63,-0.134268,15.8616,9.07219,121.641,-0.070734,111.735,500,-2.64932,0.589523,-5.42083,-1.47172,1.08204,-165.254,3863.68,13.3577,2910.67,4941.7,-1.60876,1.63008,-3.33971,-0.431156,2.1226,-1.05275,3995.31,25.3242,3042.3,0.56044,0.989029,0.0151022,7128.88,-0.00152305,0.562493,9.48797,8.91736,121.77,82.113,0.399391,9.50167,9.45783,121.037,129.637,0.733088,-47.524 
124,0.23,0.53,43.1593,124,6601.89,-0.338689,19.6488,9.25304,121.645,1.41109,-9.21207,25.3169,-3.25116,-2.25936,-0.418609,-3.98911,-0.371683,-131.109,4772.08,13.3632,3581.63,6341.71,-2.4256,-1.4338,1.23251,-3.16355,0.453875,1.23096,4876.52,22.8571,3686.07,0.562253,0.991864,0.0112938,8673.16,-0.00159893,0.707548,9.54617,8.63766,121.666,81.887,0.507624,9.39359,9.38752,121.336,129.608,0.329645,-47.7214 
125,0.23,0.53,43.0893,125,9437.25,-0.275857,26.0203,9.08041,121.562,-0.35765,2961.45,72.7267,-0.0795401,-2.38661,-0.120269,-1.64796,-1.54677,-183.146,6591.72,16.4045,4420.28,42170.8,1.07368,-1.23339,2.18618,-0.494739,-0.393546,-0.920753,6737.6,29.6666,4566.17,0.588912,0.992353,0.0118267,11440.8,-0.00139239,1.0013,9.32622,8.58229,121.732,81.3549,0.652887,9.11399,9.2164,121.118,128.881,0.613436,-47.5264 
126,0.23,0.53,43.3293,126,9365.96,-0.193163,25.9459,9.13786,121.715,0.0115947,1044.64,499.999,-3.38225,2.3889,-3.77558,1.0957,2.1775,-156.867,6536.16,10.7336,4523.01,8112.36,-2.3945,3.37665,-1.80008,2.08345,3.16525,1.40627,6661.11,22.0927,4647.96,0.581832,0.994229,0.00867991,11448.5,-0.00151584,0.991679,9.35357,8.56886,121.958,81.83,0.654742,9.26708,9.286,121.101,129.249,0.856879,-47.4187 
127,0.23,0.53,43.2143,127,8178.61,-0.0805175,23.0491,9.13372,121.421,0.0335053,120.235,497.448,-0.212582,-0.0667681,-4.62823,0.00326167,-1.30862,-184.021,5897.84,-0.23872,4019.23,6984.38,0.946148,1.09196,-2.31077,1.16199,-0.149886,4.125,6044.42,13.0867,4165.81,0.584838,0.996225,0.00575358,10335.2,-0.00162046,0.838364,9.62931,8.98977,121.559,81.9331,0.575981,9.2786,9.3846,120.859,129.525,0.700368,-47.5921 
128,0.23,0.53,43.1743,128,4210.57,-0.36592,14.3982,9.34193,121.321,1.26373,98.6608,41.3961,1.66807,1.85517,-6.25463,-2.07047,-0.887959,-314.936,3670.46,1.1287,2587.17,8437.43,3.65114,3.83824,-2.2885,-0.0874079,1.09511,1.3686,3921.32,23.934,2838.03,0.572916,0.989432,0.0152974,6844.48,-0.00192235,0.528796,9.80404,8.79692,121.179,81.8758,0.364702,9.54859,9.3855,121.124,129.838,0.0556479,-47.9619 
129,0.23,0.53,43.2093,129,7930.03,-0.048057,21.4532,9.18071,121.384,0.200083,-54.7567,7.29941e-08,-2.40936,-1.57939,-4.21169,-0.371206,2.30612,-125.882,5518.61,20.6575,3851.08,6768.21,-1.61672,-0.786746,-2.6264,0.42144,3.09876,-0.73973,5618.88,29.773,3951.35,0.579937,0.990812,0.01369,9688.77,-0.00125687,0.787699,9.60313,8.89439,121.619,81.8136,0.528687,9.3478,9.5815,120.756,129.457,0.862269,-47.6433 
130,0.23,0.53,43.1643,130,5613.29,-0.0251092,16.7722,8.92933,121.486,-0.0463437,9.79997,500,2.22419,-0.157338,-0.316734,0.614157,-0.740082,-197.935,4233.79,13.0956,2975.77,4890.11,3.47053,1.08901,2.17595,1.8605,0.506262,0.760944,4391.45,27.4286,3133.43,0.57639,0.989188,0.015869,7618.89,-0.00146577,0.630097,9.3614,8.77307,121.695,82.2342,0.421745,9.40713,9.42496,120.978,129.953,0.7171,-47.7187 
131,0.23,0.53,43.1843,131,4315.26,-0.00545623,13.8207,-8.99439,121.615,0.0035409,12.4072,0.000250199,-4.03252,-3.0344,-3.80886,-1.56342,-3.19932,-192.578,3528.66,10.0633,2564.4,4048.08,-2.81991,-1.82178,-1.38363,-0.350804,-1.98671,0.83455,3682.05,24.0084,2717.8,0.568097,0.988718,0.0160121,6481.39,-0.00162702,0.491986,9.93889,8.91159,121.712,81.4077,0.354575,9.25262,9.72244,121.18,129.291,0.531241,-47.8832 
132,0.23,0.53,43.2193,132,8567.8,-0.300062,23.8769,9.21951,121.418,-0.0311414,381.912,254.477,-2.28137,-0.13905,-2.2838,-1.72618,-3.22365,-137.474,6033.63,17.7715,4160.84,7553.22,-1.41574,0.726586,-0.552531,-0.860546,-2.35801,0.876121,6143.13,27.7263,4270.35,0.582752,0.992163,0.011819,10541.6,-0.00143284,0.898479,9.33151,8.75661,121.616,81.8395,0.591857,9.33319,9.31859,120.786,129.573,0.830239,-47.7332 
133,0.23,0.53,42.9893,133,8703.88,-0.282963,24.2169,9.13204,121.533,-0.177327,618.307,316.49,-4.27838,0.848177,-0.252555,-0.753078,-0.333154,-248.213,6293.51,23.3657,4003.04,10768.4,-2.71545,2.41111,2.87331,0.809853,1.22978,0.376533,6491.23,41.3395,4200.75,0.60004,0.988978,0.0178053,10818,-0.00136707,0.923508,9.35453,8.84647,121.675,81.4896,0.577126,9.07941,9.39354,121.04,129.167,0.635209,-47.6774 
134,0.23,0.53,43.1493,134,8982.26,-0.233588,24.1776,9.1654,121.496,-0.18347,-646.689,457.081,-1.49755,-2.54963,-0.652729,-1.74128,-0.683958,-193.8,6146.54,8.37758,4237.62,11076.1,-0.277241,-1.32932,1.78789,-0.520967,0.536352,-8.08899,6300.91,22.4111,4391.99,0.582088,0.993814,0.00931223,10824.7,-0.00118289,0.906821,9.44623,8.68947,121.703,81.9168,0.609176,9.16643,9.32429,120.99,129.561,0.712851,-47.6438 
135,0.23,0.53,43.2293,135,9162.48,-0.0983651,25.4261,9.14983,121.704,0.154985,-68.6674,1.12701e-07,-6.68018,-1.84562,-4.75432,-4.54508,-4.91424,-132.498,6448.31,12.7585,4485.49,7919.81,-5.84587,-1.01131,-3.08571,-3.71078,-4.07993,0.825996,6553.85,22.353,4591.03,0.58088,0.994067,0.00888919,11282.6,-0.0015583,0.95744,9.41974,8.66514,121.859,81.8285,0.6476,9.2387,9.3218,121.226,129.542,0.632846,-47.714 
136,0.23,0.53,43.0393,136,9207.96,-0.172127,25.61,9.0461,121.551,0.0586967,398.495,4.21564e-05,-0.280487,0.94445,3.89584,-5.40451,0.593171,-188.956,6634.32,12.253,4290.03,8303.09,0.909321,2.13426,6.27545,-4.2147,1.78298,0.0888386,6784.83,25.9357,4440.54,0.597331,0.993355,0.0106446,11358.6,-0.00150596,1.00325,9.47414,8.46352,121.674,82.3031,0.647278,9.00248,9.14814,121.08,129.989,0.594068,-47.6862 
137,0.23,0.53,43.1993,137,5891.73,-0.00858276,17.5994,-9.02875,121.547,-0.0112205,7.36598,3.63618e-09,2.15747,0.347618,-1.68809,-5.0791,-0.146898,-188.199,4467.18,19.6005,3130.84,5175.42,3.34251,1.53266,0.68199,-3.89405,1.03814,0.747528,4617.08,33.2285,3280.74,0.577406,0.987562,0.0183157,7996.25,-0.0015466,0.66013,9.49859,8.74637,121.616,82.0439,0.433277,9.30753,9.6296,121.03,129.91,0.586143,-47.8659 
138,0.23,0.53,43.1543,138,7103.89,0.000180195,20.3613,9.01118,121.496,0.00824646,-9.77302,2.46257e-12,-2.54028,-3.69068,0.70911,-3.08362,-2.0672,-171.105,5202.97,10.5754,3559.47,5975.49,-1.46287,-2.61328,2.86392,-2.00621,-0.989796,1.68055,5339.26,22.9655,3695.76,0.583788,0.992529,0.0113173,9145.89,-0.00146799,0.787378,9.38843,8.55951,121.503,81.7388,0.520057,9.2928,9.13878,121.06,129.581,0.443833,-47.8421 
139,0.23,0.53,43.3793,139,9434.63,-0.0242456,25.141,9.18863,121.457,0.00632336,-1.31072,500,0.258436,0.579457,-5.14964,-2.39025,-4.91587,-138.056,6730.68,19.3543,4209.27,7520.46,1.12774,1.44876,-3.41104,-1.52095,-4.04657,0.467197,6840.65,29.3513,4319.24,0.605932,0.992547,0.0123632,11289.5,-0.00131475,1.00063,9.57634,8.52778,121.681,81.5662,0.608216,9.387,9.1358,120.872,129.051,0.809224,-47.4844 
140,0.23,0.53,43.1393,140,8769.53,-0.324111,24.6916,9.20323,121.482,0.144064,183.382,482.469,-0.224429,-1.17415,-5.71486,-3.54094,-4.77024,-190.048,6223.84,0.667613,4295.55,8257.51,0.972251,0.0225294,-3.3215,-2.34426,-3.57356,0.597128,6375.22,14.4294,4446.94,0.581916,0.996055,0.00594176,10955.6,-0.00160051,0.95407,9.3487,8.50703,121.735,81.7879,0.63404,9.26999,9.15608,120.797,129.358,0.937708,-47.5702 
141,0.23,0.53,43.2243,141,9363.83,-0.0406429,24.8944,9.23771,121.498,-0.000174305,10.6948,0.000104125,1.46067,-0.115462,-1.5373,0.160721,-4.3735,-282.632,6251.91,35.243,4655.19,7486.25,3.24033,1.6642,2.02202,1.94038,-2.59384,0.677667,6477.04,55.7091,4880.31,0.563037,0.985171,0.0205947,11503.8,-0.00130778,0.911494,9.55686,8.70101,121.789,82.0164,0.661128,9.21592,9.37425,120.886,129.69,0.903001,-47.6735 
142,0.23,0.53,43.2043,142,6455.1,-0.00877064,18.5995,8.9106,121.344,0.00716023,-0.293808,4.20581,-2.86194,-1.33952,-1.90204,-2.86926,0.1449,-198.355,4893.89,-4.92554,3106.57,5395.22,-1.61295,-0.0905308,0.595928,-1.62027,1.39389,1.44674,5051.89,9.4378,3264.56,0.600387,0.996741,0.00529729,8414.39,-0.00139627,0.733049,9.27502,8.75173,121.511,81.5989,0.463872,9.10419,9.23229,120.88,129.232,0.631544,-47.6333 
143,0.23,0.53,43.1793,143,3763.11,0.0119166,12.9164,8.96336,121.603,-0.066298,5.07067,5.44988e-13,-3.89783,-3.00016,-1.2744,-0.796525,-3.90532,-248.768,3400.85,4.70983,2294.12,3779.78,-2.33141,-1.43374,1.85845,0.769899,-2.33889,1.5347,3599.01,22.7237,2492.27,0.583681,0.989071,0.0165183,6166.05,-0.00185574,0.509024,9.71478,8.6317,121.813,82.273,0.330258,9.58121,9.22726,120.804,129.886,1.00903,-47.6126 
