cyc,time,charge,freq,cyc,ROIsum,fBg,fA1,fWidth1,fCtr1,fA2,fWidth2,fCtr2,box1,box2,box3,box4,box5,box6,box7,box8,box9,Nfit,BZ-2,BZ-1,BZ0,BZ1,BZ2,Excited,c5,c7,c9,fraction95,fraction75,fraction97,sum95,two2D_bg,two2D_a1,two2D_sh1,two2D_sv1,two2D_ch1,two2D_cv1,two2D_a2,two2D_sh2,two2D_sv2,two2D_ch2,two2D_cv2,two2D_chd,two2D_cvd
24,0.07,0.69,43.1864,24,5896.88,-0.0149524,17.018,9.18961,121.404,-0.0481386,-2.62811,499.988,-3.90575,-2.2336,-1.77693,0.921219,0.462456,-260.625,4294.72,10.6139,3346.63,5095.1,-2.26466,-0.592513,1.50525,2.56231,2.10354,0.545782,4502.32,29.4864,3554.23,0.55154,0.988669,0.0150523,8163.17,-0.00155589,0.632449,9.47702,8.72364,121.562,82.4033,0.460705,9.60055,9.40103,120.658,130.167,0.903658,-47.7634 
25,0.07,0.69,43.2064,25,5789.3,-0.302821,16.2295,9.86434,121.345,0.175703,-339.232,499.777,-2.5678,-4.19685,-7.9769,-2.49582,-0.786257,-194.193,4346.43,14.7329,3037.02,7151.86,-1.34501,-2.97407,-5.53133,-1.27304,0.436526,0.482421,4501.12,28.7949,3191.7,0.577913,0.988929,0.0163474,7788.57,-0.0014803,0.583773,10.1113,9.08712,121.504,82.197,0.390897,9.98904,9.69644,120.675,129.876,0.829072,-47.6791 
26,0.07,0.69,43.2964,26,8989.18,0.00487092,24.2616,9.09003,121.555,-0.0219358,-3.18132,1.03133e-11,-1.62408,-1.55614,-6.94851,-0.198541,-4.24438,-334.416,6199.78,31.4294,4369.39,7181.53,0.481646,0.549586,-2.73705,1.90719,-2.13865,-0.412834,6466.15,55.6453,4635.76,0.57523,0.985164,0.0216333,11241,-0.0012718,0.916625,9.35533,8.66628,121.663,82.3833,0.611941,9.15515,9.55017,121.084,130.256,0.578659,-47.8731 
27,0.07,0.69,43.2114,27,5888.42,0.0196021,17.1495,9.09596,121.66,-0.0161005,-0.148625,1.67698e-11,-3.41811,-5.29315,-9.92688,-6.29262,-2.63938,-349.299,4279.51,21.1236,3372.34,5078.1,-1.21867,-3.09371,-5.528,-4.09318,-0.439939,0.615403,4557.74,46.4172,3650.57,0.547948,0.98249,0.0228864,8317.84,-0.00158649,0.606831,9.65208,8.88286,121.939,82.8456,0.454842,9.70363,9.55243,120.961,130.65,0.97817,-47.8045 
28,0.07,0.69,43.1764,28,7013.76,-0.0287667,20.4935,9.04187,121.567,0.0142526,22.2652,497.649,-1.55881,-2.72141,-7.8304,-2.21176,-4.0233,-286.785,5301.38,9.41037,3619.4,6042.44,0.246999,-0.9156,-4.21878,-0.40595,-2.21749,0.438306,5529.81,30.1772,3847.83,0.58251,0.99054,0.0142412,9493.08,-0.00172404,0.812734,9.41911,8.4728,121.703,82.6546,0.518435,9.39228,9.24753,121.02,130.311,0.682117,-47.6564 
29,0.07,0.69,43.1064,29,9964.42,-0.220147,25.3642,9.51762,121.298,0.192199,63.5175,438.147,-6.03435,-3.7659,-7.51348,-1.69313,-9.20481,-313.1,6722.95,36.5105,4675.91,8256.02,-4.06284,-1.7944,-3.57047,0.278375,-7.23331,0.782058,6972.34,59.1828,4925.3,0.578839,0.985363,0.0216555,12045.4,-0.00116566,0.919962,9.69352,9.0547,121.628,81.945,0.63194,9.52626,9.56,120.744,129.757,0.883736,-47.8116 
30,0.07,0.69,43.3464,30,8909.64,-0.328529,24.2724,9.4995,121.38,0.0105687,283.489,427.408,-4.27496,-0.35258,-9.2217,-2.36102,-5.2464,-289.232,6184.67,15.5608,4608.25,7603.54,-2.45374,1.46864,-5.57926,-0.539798,-3.42518,0.470122,6415.06,36.5048,4838.64,0.562781,0.99014,0.0137071,11398.9,-0.00160942,0.893433,9.68092,8.69285,121.558,82.7279,0.634391,9.45208,9.3968,120.741,130.429,0.816932,-47.7009 
31,0.07,0.69,43.2314,31,8369.33,-0.0562057,22.8294,9.20691,121.643,0.0133956,47.5594,500,-2.53601,-4.26095,-3.2244,-2.29402,-1.28597,-289.881,5986.32,31.9836,4117.62,6863.05,-0.710714,-2.43565,0.426204,-0.468715,0.539332,1.16086,6217.22,52.9745,4348.52,0.581255,0.985308,0.0219483,10696.2,-0.00152406,0.863853,9.55563,8.80796,121.818,82.0715,0.567626,9.48605,9.47522,121.038,129.701,0.780647,-47.6298 
32,0.07,0.69,43.1914,32,5093.35,0.00696131,15.0393,9.04321,121.28,-0.00763213,-19.0931,500,-1.99237,-1.70399,3.9014,-1.26192,0.946895,-218.589,3937.35,9.19413,2814.99,4432.11,-0.615973,-0.327592,6.65419,0.114475,2.32329,0.183374,4111.46,25.0227,2989.1,0.571812,0.989462,0.0151866,7190.24,-0.00148706,0.564165,9.64038,8.87145,121.393,82.3034,0.380698,9.43872,9.689,120.687,130.115,0.706655,-47.8118 
33,0.07,0.69,43.2264,33,8217.45,-0.0137952,22.782,9.09416,121.613,-0.00811994,-6.18486,500,-1.33796,-3.74989,0.981252,-3.05351,-2.04627,-290.999,5847.1,17.346,4136.41,6746.14,0.494388,-1.91754,4.64594,-1.22116,-0.213929,-1.59885,6078.89,38.4179,4368.2,0.574666,0.989061,0.0159429,10578.1,-0.00156128,0.855081,9.47538,8.71524,121.732,82.5026,0.596819,9.36318,9.26409,121.087,130.184,0.64496,-47.6815 
34,0.07,0.69,43.1814,34,6001.29,-0.0274943,17.8136,-8.93237,121.435,-0.0321109,-0.434529,500,-1.22684,-2.4425,-5.74062,-1.44892,-3.77253,-236.561,4330.72,13.9892,3383.03,5180.26,0.26272,-0.952938,-2.7615,0.0406403,-2.28297,0.51502,4519.15,31.1192,3571.46,0.551267,0.988093,0.0157973,8197.75,-0.00159689,0.646985,9.38961,8.75154,121.464,82.3565,0.484267,9.4042,9.34353,120.887,130.263,0.577842,-47.9068 
35,0.07,0.69,43.2014,35,5237.83,-0.0403724,15.1142,-9.51983,121.726,0.0210123,-21.5597,453.011,-1.82452,-0.874851,-1.67096,-0.134881,-0.470954,-240.143,3889.04,10.1496,2981,4698.67,-0.312404,0.637267,1.35328,1.37724,1.04116,0.669654,4080.32,27.5389,3172.29,0.555314,0.988327,0.0157398,7347.78,-0.00148248,0.556044,9.66638,8.8542,121.957,83.0714,0.39402,9.921,9.51158,121.402,131.149,0.554458,-48.0777 
36,0.07,0.69,43.2364,36,8888.44,-0.270296,24.0004,9.32167,121.6,0.415613,-290.649,368.565,-1.47858,1.4241,2.62938,0.323308,-2.17136,-192.979,6208.44,24.5169,4204.62,11215.3,-0.263437,2.63924,5.05966,1.53845,-0.956218,0.368938,6362.16,38.491,4358.33,0.586307,0.989523,0.0160083,10851.2,-0.00133626,0.904902,9.54416,8.73119,121.715,82.4511,0.603312,9.25256,9.3285,121.236,130.194,0.479058,-47.7433 
37,0.07,0.69,43.0064,37,9620.95,-0.024955,25.565,9.18513,121.545,-0.00845786,10.0488,500,-0.731431,-2.02776,-3.13016,-4.09643,-0.200195,-211.745,6461.63,16.6191,4719.47,7646.87,0.601873,-0.694458,-0.463555,-2.76312,1.13311,0.787959,6630.3,31.9521,4888.14,0.568389,0.991637,0.0118979,11665.1,-0.00133131,0.943609,9.53875,8.68935,121.735,82.3963,0.675969,9.30048,9.25382,120.992,130.136,0.743527,-47.7392 
38,0.07,0.69,43.1664,38,8427.35,-0.0223222,23.1009,9.18236,121.567,-0.00118241,11.0502,480.596,-2.73258,0.694416,1.23733,-1.65382,0.389474,-235.719,5788.01,18.9764,4320.22,6905.67,-1.24832,2.17868,4.20585,-0.169564,1.87373,0.385144,5975.76,36.0454,4507.98,0.562743,0.989554,0.0145155,10619,-0.00153322,0.834864,9.5864,8.84289,121.751,82.4323,0.608027,9.5544,9.25954,120.995,130.1,0.756661,-47.6681 
39,0.07,0.69,43.2464,39,9131.56,-0.0271212,24.7801,-9.26652,121.445,0.0153254,4.60624,500,-4.29829,1.06406,3.59664,-1.73049,-1.75258,-260.998,6372.36,21.8264,4573.41,7477.36,-2.65485,2.7075,6.88352,-0.0870564,-0.109141,-0.021298,6580.26,40.7259,4781.31,0.571947,0.989285,0.0154482,11505,-0.00155385,0.922558,9.63384,8.68587,121.594,82.9177,0.651854,9.28793,9.29623,120.855,130.963,0.739361,-48.0448 
40,0.07,0.69,43.0564,40,9935.32,-0.108292,25.8591,9.57191,121.369,0.10165,-7.5264,499.998,-0.668539,-0.354277,-4.33107,-0.000357338,-1.54169,-186.197,6678.39,22.6135,4968.68,8082.53,0.503897,0.818159,-1.98619,1.17208,-0.369253,15.3212,6826.7,36.0965,5116.99,0.564321,0.990832,0.012828,12097.2,-0.0015373,0.921526,9.90386,8.92717,121.587,82.6038,0.68107,9.51683,9.50781,120.812,130.432,0.775192,-47.8281 
41,0.07,0.69,43.2164,41,6212.61,-0.0132367,17.8295,9.24383,121.62,0.000772127,3.34955,5.44962e-05,0.390851,-0.359427,-4.35851,-0.407655,-0.663611,-181.416,4708.95,16.083,3252.33,5365.28,1.53318,0.782902,-2.07385,0.734674,0.478718,2.42472,4853.46,29.2198,3396.83,0.581099,0.989574,0.0155987,8352.19,-0.00162478,0.682348,9.72069,8.72591,121.828,82.0593,0.454515,9.56174,9.39166,121.059,129.8,0.768904,-47.7403 
42,0.07,0.69,43.1714,42,7993.18,-0.303987,22.3895,9.3383,121.465,0.36645,233.58,362.282,-1.5961,1.09318,1.70972,-0.307804,-0.306627,-311.336,5777.69,1.06754,3961.93,9592.65,0.364296,3.05358,5.63052,1.6526,1.65377,0.544263,6025.68,23.6121,4209.92,0.581523,0.993189,0.0102261,10361.9,-0.0015827,0.853897,9.52932,8.67949,121.652,82.2832,0.564568,9.46182,9.22998,120.91,129.968,0.742012,-47.6849 
43,0.07,0.69,43.3964,43,8680.85,-0.333994,24.0804,9.40335,121.631,-0.142518,471.604,216.156,-5.62898,-2.2461,-1.58844,-3.46249,-0.986086,-245.698,6317.9,17.1194,4179.96,9559.25,-4.08189,-0.699011,1.50575,-1.91539,0.561006,1.32525,6513.61,34.911,4375.67,0.591042,0.990708,0.0144842,11020.5,-0.0016073,0.919441,9.61071,8.68796,121.827,82.8632,0.600366,9.32487,9.2757,121.282,130.626,0.544559,-47.7624 
44,0.07,0.69,43.1564,44,9030.93,-0.0269395,24.6722,9.20251,121.757,0.0146722,6.0496,500,-3.182,-1.77867,-4.99151,-0.585139,-0.21367,-205.247,6422.44,14.0886,4438.6,7394,-1.88961,-0.486286,-2.40674,0.707244,1.07871,0.196865,6585.93,28.951,4602.09,0.581483,0.992366,0.0114556,11326.1,-0.00162509,0.93078,9.61318,8.76546,121.864,82.8411,0.628181,9.33898,9.34202,121.351,130.667,0.512936,-47.8259 
45,0.07,0.69,43.2414,45,9460.74,-0.158927,25.4583,9.23603,121.524,-0.300708,-12.6589,301.233,-0.530418,-0.344649,-3.69858,-5.30504,-0.426794,-258.741,6514.79,3.71252,4738.08,7778.3,1.0988,1.28457,-0.440137,-3.67581,1.20243,0.169785,6720.89,22.4486,4944.18,0.568921,0.994189,0.00829453,11813.4,-0.00165739,0.984395,9.49368,8.48831,121.734,82.9336,0.6894,9.42767,9.17385,121.097,130.69,0.637744,-47.7565 
46,0.07,0.69,43.2214,46,6753.87,-0.299951,19.3648,-9.33295,121.567,0.48904,570.101,467.39,-4.02424,-0.716826,-8.1323,-2.50251,1.97389,-225.16,4938.07,14.8179,3561.52,14959.3,-2.60646,0.700947,-5.29676,-1.08474,3.39166,-0.0819976,5117.41,31.1222,3740.87,0.570471,0.989469,0.0150941,8970.51,-0.00157973,0.732013,9.65467,8.58634,121.773,81.9803,0.520151,9.31989,9.08029,121.092,129.593,0.681034,-47.6124 
47,0.07,0.69,43.1964,47,4819.66,-0.13025,14.5671,9.03024,121.66,0.0327444,126.69,500,-2.0646,-3.59458,-5.62952,-3.302,-3.7074,-245.775,3720.14,18.595,2698.87,4417.26,-0.517016,-2.047,-2.53436,-1.75442,-2.15982,0.718799,3915.91,36.3922,2894.64,0.567738,0.983997,0.0226352,6897.38,-0.0014213,0.544021,9.58673,8.74876,121.797,82.6245,0.367722,9.57148,9.42424,120.98,130.685,0.817068,-48.0605 
