cyc,time,charge,freq,cyc,ROIsum,fBg,fA1,fWidth1,fCtr1,fA2,fWidth2,fCtr2,box1,box2,box3,box4,box5,box6,box7,box8,box9,Nfit,BZ-2,BZ-1,BZ0,BZ1,BZ2,Excited,c5,c7,c9,fraction95,fraction75,fraction97,sum95,two2D_bg,two2D_a1,two2D_sh1,two2D_sv1,two2D_ch1,two2D_cv1,two2D_a2,two2D_sh2,two2D_sv2,two2D_ch2,two2D_cv2,two2D_chd,two2D_cvd
160,0.19,0.68,43.2382,160,25050.2,-0.19658,48.2689,12.071,122.843,-0.11927,-69.0603,499.231,-3.55545,-2.86815,-3.25511,0.0839356,-1.09432,-125.523,14142.8,80.1024,12353.4,19235.4,-2.76507,-2.07777,-1.67435,0.874318,-0.303941,0.718446,14242.8,89.1918,12453.4,0.526151,0.98916,0.0130214,27069.8,-0.00185784,1.37843,12.1946,10.5224,123.145,79.9149,1.14645,12.2614,11.0912,122.251,127.229,0.893352,-47.3143 
161,0.19,0.68,43.2482,161,27149.9,-0.115214,51.1546,12.1488,122.673,0.0600343,-16.4875,500,-3.20235,-5.21955,4.09808,2.15067,1.77542,-160.247,15132.1,107.654,13231.1,20263.1,-2.19332,-4.21052,6.11615,3.1597,2.78445,-0.081268,15259.8,119.258,13358.7,0.52585,0.986508,0.016179,29019.3,-0.00163445,1.4432,12.4209,10.5297,123.011,79.4857,1.22907,12.2137,11.1023,122.048,126.687,0.962848,-47.2017 
162,0.19,0.68,43.2782,162,26622.7,-0.356041,51.3787,12.0459,122.882,0.189328,-8.65879,500,0.72923,1.47967,1.09357,-0.192956,1.62655,-149.665,15162.1,99.8775,12828.3,20200.7,1.67163,2.42207,2.97837,0.749443,2.56895,0.713355,15281.3,110.715,12947.5,0.533989,0.98748,0.0155077,28617.2,-0.00173093,1.5113,12.2093,10.2395,123.29,80.1552,1.2242,11.9685,11.0128,122.065,127.371,1.22561,-47.2161 
163,0.19,0.68,43.1782,163,22157.4,-0.0526421,42.3876,-12.1027,122.791,0.0198371,6.70793,500,-1.80478,1.20753,-2.46792,-1.68245,-6.73002,-196.225,12566.6,80.2666,10921.7,16704.3,-0.569208,2.44311,0.00322658,-0.446879,-5.49445,1.00079,12722.9,94.4757,11078,0.527193,0.987172,0.0154669,24133.2,-0.00170043,1.19021,12.4482,10.6056,123.163,80.3371,1.00507,12.1787,11.2753,122.048,127.719,1.11501,-47.382 
164,0.19,0.68,43.1582,164,26012.5,-0.310164,47.9653,12.5133,122.984,0.0665723,-95.8772,193.915,-3.90581,-1.05085,-0.23569,-0.173996,-1.28534,-208.753,14294.7,126.758,12824.3,19746.4,-2.59135,0.263615,2.39323,1.14046,0.0291204,-0.937709,14461,141.874,12990.5,0.519409,0.983121,0.0197215,27841.2,-0.00163259,1.29964,12.6883,10.8615,123.38,80.0301,1.1053,12.6125,11.6453,122.269,127.333,1.1106,-47.3027 
165,0.19,0.68,43.2282,165,24432.5,-0.333235,47.0125,12.0926,122.75,-0.934519,374.458,12.5251,-4.46783,-3.30569,-1.67529,2.48709,0.482827,-140.695,13663.7,111.09,12049.9,29898.3,-3.58191,-2.41977,0.0965435,3.37301,1.36875,1.08299,13775.8,121.278,12162,0.523742,0.984827,0.018038,26302.6,-0.00171397,1.29657,12.3736,10.6497,123.115,80.3193,1.11254,12.0879,11.3295,122.103,127.764,1.01214,-47.4449 
166,0.19,0.68,43.2582,166,28541.5,-0.00942006,53.5416,12.1112,122.734,-0.0577991,-26.9112,499.883,2.25065,-1.87171,-0.665704,-4.32431,0.989991,-126.237,15944.9,134.744,13774.1,21159.9,3.04553,-1.07683,0.924053,-3.52943,1.78487,0.195211,16045.4,143.885,13874.6,0.528919,0.98455,0.0187453,30336.3,-0.00167797,1.53985,12.4021,10.4277,123.125,80.0709,1.2766,12.2041,11.164,122.008,127.354,1.11712,-47.2833 
167,0.19,0.68,43.2182,167,23146,-0.337872,44.6059,-12.1277,122.809,-0.0745683,214.434,105.449,2.06649,1.26063,-7.46873,2.92556,-2.78626,-132.005,12938.1,84.8626,11497.5,18130.8,2.89769,2.09184,-5.80633,3.75676,-1.95506,6.89539,13043.2,94.4214,11602.6,0.521856,0.98749,0.0147695,24993.9,-0.00168988,1.24689,12.3446,10.5036,123.111,80.479,1.06668,12.141,11.2306,122.161,127.887,0.949769,-47.4076 
168,0.19,0.68,43.3282,168,28492.1,-0.0270487,53.4644,12.1889,122.709,0.676503,-408.792,500,0.620148,-6.54226,-2.53934,-0.521913,-0.261797,-148.591,16006.1,123.791,13748.2,30216.7,1.55578,-5.60662,-0.668072,0.413722,0.673838,0.816027,16124.5,134.551,13866.6,0.530287,0.985607,0.0175605,30407,-0.00174978,1.49818,12.4899,10.7086,123.044,80.4916,1.26697,12.2061,11.1922,121.977,127.911,1.06758,-47.4192 
169,0.19,0.68,43.1082,169,27578.9,-0.0764048,52.2397,12.0861,122.931,0.0109675,53.3442,499.976,-3.16569,0.713874,-2.01243,-0.399951,-0.227178,-104.196,15425.9,120.315,13324.1,20572.4,-2.5096,1.36997,-0.700241,0.256142,0.428915,0.393633,15508.9,127.86,13407,0.528985,0.985778,0.0172644,29318.1,-0.00160705,1.48072,12.3484,10.5132,123.283,80.384,1.23978,12.1509,11.1563,122.227,127.726,1.0561,-47.3424 
170,0.19,0.68,43.0082,170,28288.6,-0.382267,54.4022,12.0918,122.989,0.839138,-495.182,473.518,0.0190249,-0.891124,-3.28722,-3.90347,-3.7501,-76.6391,16060.7,100.935,13577.4,34941,0.501601,-0.408549,-2.32207,-3.42089,-3.26753,0.739603,16121.7,106.484,13638.4,0.534375,0.988573,0.0141786,30169.3,-0.00180984,1.58224,12.269,10.3057,123.397,80.0307,1.29708,12.1028,10.9403,122.22,127.434,1.17757,-47.4037 
171,0.19,0.68,43.3782,171,27809.3,0.0312608,52.179,12.0943,122.76,-0.0298403,-11.7806,1.75006e-11,-0.679033,-0.582907,2.42558,0.266073,1.33759,-63.1415,15039.1,115.164,13771,20554.9,-0.281448,-0.185322,3.22075,0.663658,1.73518,0.374954,15089.4,119.736,13821.3,0.514552,0.986304,0.0157078,29325.3,-0.00145191,1.43504,12.3831,10.5574,123.144,80.3646,1.27904,12.1542,11.1513,122.056,127.683,1.08834,-47.3183 
172,0.19,0.68,43.2082,172,24592.1,-0.020702,46.809,12.1129,122.724,0.0144252,17.1815,1.02853e-11,-0.254096,-4.34091,-3.97771,-1.50901,-1.3239,-121.029,13674.9,86.8736,12261.6,18465.5,0.507988,-3.57882,-2.45354,-0.746921,-0.561817,0.640934,13771.3,95.6375,12358.1,0.519669,0.987993,0.0140555,26500.1,-0.00176986,1.29699,12.4852,10.5674,123.095,80.2654,1.1131,12.26,11.3457,122.093,127.782,1.00178,-47.517 
173,0.19,0.68,43.1882,173,23227.9,-0.329777,44.1559,12.2734,122.75,0.182443,604.693,288.78,-1.7955,0.276215,1.70361,-2.54878,0.765921,-94.6636,12843.8,87.264,11644.3,21233.4,-1.19943,0.872286,2.89575,-1.95271,1.36199,-0.464063,12919.2,94.1189,11719.7,0.516964,0.987411,0.0145779,24990.5,-0.00166982,1.18368,12.4763,10.8883,123.124,79.9288,1.03301,12.3631,11.5137,122.091,127.382,1.03288,-47.4529 
174,0.19,0.68,43.1982,174,21918.1,-0.355694,42.5856,-12.1271,122.559,0.258058,45.709,0.984127,-1.14844,-1.53897,-3.33115,-0.615436,-1.06786,-165.984,11961.3,77.8703,11387.8,17195.7,-0.103287,-0.493815,-1.24084,0.429718,-0.022708,0.132845,12093.5,89.8896,11520.1,0.504756,0.98716,0.0141701,23959.2,-0.00181295,1.15402,12.4477,10.4217,122.957,80.1218,1.05812,12.1924,11.1675,121.898,127.644,1.05955,-47.522 
175,0.19,0.68,43.1482,175,24195.3,-0.382,46.9074,12.1275,122.911,-0.69622,209.045,497.88,-0.322436,-1.09499,-4.20833,-1.62649,-3.58785,-72.35,13673.3,89.4726,12018.7,23256.4,0.133133,-0.639419,-3.29719,-1.17092,-3.13228,0.593275,13730.9,94.7116,12076.3,0.524691,0.988073,0.0142414,26169.6,-0.00188426,1.31308,12.4194,10.4868,123.298,80.2617,1.12605,12.0955,11.135,122.208,127.853,1.09039,-47.5915 
176,0.19,0.68,43.1382,176,26406.7,-0.133613,49.4118,12.2489,122.81,-0.124061,2.32141,500,-4.14478,-0.291164,4.49708,-0.135576,-0.559732,-57.8142,14775.1,104.498,12793.9,19712,-3.78074,0.0728766,5.22516,0.228465,-0.195692,-2.37091,14821.1,108.685,12840,0.528452,0.98733,0.0153532,28046.3,-0.00158966,1.38791,12.4771,10.6394,123.137,80.1789,1.15683,12.3573,11.2934,122.149,127.63,0.988384,-47.4512 
177,0.19,0.68,43.0582,177,28464.9,-0.371106,52.9679,12.4676,123.007,1.40155,-297.862,267.083,-3.14074,-1.09986,-2.67518,2.54296,1.45191,-143.744,16116.1,121.789,13631.4,35087.7,-2.23562,-0.194746,-0.86495,3.44807,2.35702,1.34463,16230.6,132.198,13745.9,0.534096,0.985947,0.0174076,30388.9,-0.00184634,1.5,12.588,10.7015,123.355,80.2119,1.20675,12.54,11.3929,122.285,127.51,1.07001,-47.2977 
178,0.19,0.68,43.2682,178,27299.8,-0.356205,52.1508,12.1453,122.717,0.0847841,689.136,210.558,-5.83137,-0.414256,2.07045,-2.94876,-3.83784,-73.4905,15749.5,101.171,12841,22520.9,-5.36862,0.0484947,2.99595,-2.48601,-3.37509,1.36602,15808,106.493,12899.5,0.543333,0.988348,0.0149798,29094.5,-0.00176136,1.53159,12.3954,10.384,123.019,80.1841,1.2056,12.1275,11.0716,122.055,127.647,0.964052,-47.4634 
179,0.19,0.68,43.1682,179,23617.2,-0.0468789,45.1124,12.038,122.905,-0.0209969,18.444,1.28887e-11,-1.45859,-0.520031,3.02829,-0.166549,-0.0120014,-177.586,12931,84.7491,12070.3,17691.1,-0.340378,0.59818,5.26471,0.951662,1.10621,0.305482,13072.5,97.6085,12211.7,0.509637,0.987102,0.0145103,25650.5,-0.00182371,1.2355,12.441,10.5336,123.338,80.1671,1.10328,12.2643,11.2955,122.173,127.505,1.16547,-47.3376 
