cyc,time,charge,freq,cyc,ROIsum,fBg,fA1,fWidth1,fCtr1,fA2,fWidth2,fCtr2,box1,box2,box3,box4,box5,box6,box7,box8,box9,Nfit,BZ-2,BZ-1,BZ0,BZ1,BZ2,Excited,c5,c7,c9,fraction95,fraction75,fraction97,sum95,two2D_bg,two2D_a1,two2D_sh1,two2D_sv1,two2D_ch1,two2D_cv1,two2D_a2,two2D_sh2,two2D_sv2,two2D_ch2,two2D_cv2,two2D_chd,two2D_cvd
60,0.09,0.78,43.2382,60,28983.6,-0.328424,53.2666,12.5184,122.847,-0.0627028,298.518,99.5322,1.62672,-0.37288,-0.862507,0.154541,0.81981,-152.274,16195.3,125.438,13918.2,22316.3,2.58555,0.585949,1.05515,1.11337,1.77864,0.851777,16316.6,136.465,14039.5,0.530151,0.985575,0.0175904,30777.3,-0.00163621,1.47152,12.7291,10.7984,123.187,79.8211,1.23612,12.5231,11.3466,122.164,127.148,1.02352,-47.3273 
61,0.09,0.78,43.2482,61,28143.9,-0.227269,52.6414,12.3353,122.804,0.285602,-361.419,500,-2.18323,-0.884884,-2.1639,-1.79027,-3.42755,-11.9163,15832.9,115.628,13531.1,24498.6,-2.10819,-0.80985,-2.01383,-1.71524,-3.35252,0.79861,15842.4,116.49,13540.6,0.531816,0.987296,0.0156005,29789.2,-0.00172357,1.47898,12.5089,10.6932,123.135,80.42,1.21546,12.4169,11.3306,122.061,127.872,1.07441,-47.452 
62,0.09,0.78,43.2782,62,27077.3,-0.285609,51.9043,12.1054,122.674,0.327772,-74.7123,1.66984e-05,-1.4559,-2.25317,0.0058056,-0.262313,-2.36208,-154.797,15174.9,118.685,13272.5,21251.1,-0.481187,-1.27845,1.95524,0.712403,-1.38736,5.07884,15298.2,129.894,13395.8,0.525787,0.985359,0.0175487,29095.9,-0.00174538,1.44819,12.3922,10.5439,123.049,79.9261,1.23471,12.0297,11.2328,122.068,127.168,0.980627,-47.2414 
63,0.09,0.78,43.1782,63,21485.1,-0.400895,41.7636,12.2617,122.636,0.489203,-213.912,440.497,-1.91619,-2.75505,-6.56832,-3.89328,1.04447,-86.0351,12000.9,75.6786,11000.6,20076.9,-1.37445,-2.21331,-5.48484,-3.35154,1.58621,0.493921,12069.4,81.9086,11069.1,0.514235,0.988263,0.0134478,23470.6,-0.00184129,1.12892,12.5524,10.585,123.075,80.7282,1.01862,12.1692,11.203,121.901,128.374,1.17364,-47.6457 
64,0.09,0.78,43.1582,64,22362.5,-0.337386,43.4712,-12.0541,122.852,0.302609,-203.743,0.126163,-4.54745,-1.42643,-4.68,-3.89869,-3.14791,-213.708,12297.3,97.6741,11416.9,19065.2,-3.20179,-0.0807643,-1.98868,-2.55303,-1.80225,0.793417,12467.5,113.149,11587.1,0.510916,0.984366,0.0176704,24402.3,-0.00168743,1.18025,12.1904,10.6543,123.158,80.3998,1.04535,12.2073,11.2993,122.28,127.932,0.877611,-47.5326 
65,0.09,0.78,43.2282,65,23906.6,-0.0273488,45.649,11.9943,123.117,-0.0159327,9.072,499.381,-8.74966,-2.55617,-2.89611,-1.13362,1.49067,-269.343,13441.4,108.592,11776.1,17828.5,-7.05368,-0.860184,0.495857,0.562364,3.18665,1.13515,13655.9,128.096,11990.6,0.525101,0.98385,0.0192994,26006.3,-0.00162858,1.29088,12.3187,10.5303,123.503,80.2894,1.08658,12.1662,11.2057,122.478,127.809,1.02504,-47.5197 
66,0.09,0.78,43.2582,66,28623,-0.157781,53.2267,12.3877,123.096,0.0993503,-302.395,0.164809,-0.183474,-3.34243,-3.92702,-0.579435,0.688057,-175.453,16186.8,130.136,13700.6,22442.3,0.921304,-2.23766,-1.71746,0.525343,1.79284,-1.39991,16326.6,142.841,13840.4,0.53386,0.98492,0.0186569,30582.2,-0.00179039,1.50095,12.5925,10.718,123.416,80.194,1.22422,12.4527,11.3518,122.503,127.64,0.912761,-47.446 
67,0.09,0.78,43.2182,67,23371.7,-0.201588,44.5392,12.1865,122.58,0.279355,435.12,17.7183,-0.725937,3.28388,-1.42523,-0.30924,0.169521,-195.463,13204.3,94.9703,11450.8,21626.1,0.504843,4.51466,1.03633,0.92154,1.4003,0.876298,13360,109.124,11606.5,0.527757,0.985907,0.0170247,25314.6,-0.00166578,1.24529,12.3933,10.6857,122.945,80.1607,1.03564,12.2745,11.3778,121.931,127.449,1.01458,-47.288 
68,0.09,0.78,43.3282,68,26199.1,-0.356696,49.9877,12.1937,122.827,-0.107196,89.7956,49.1579,-3.33321,0.0543501,2.4692,-0.782564,-1.9652,-195.221,14879.8,122.56,12578.1,20155.7,-2.10396,1.2836,4.92771,0.44669,-0.735945,-0.290618,15035.3,136.697,12733.6,0.534097,0.984339,0.0193918,28150.9,-0.00162898,1.40411,12.3705,10.6618,123.154,80.1246,1.15497,12.1096,11.3324,122.22,127.524,0.933414,-47.3993 
69,0.09,0.78,43.1082,69,27536.6,-0.0806123,52.1481,12.1952,122.669,0.114617,-45.0319,500,-2.55543,3.61252,3.54655,0.610497,-0.0314623,-220.18,15778.1,127.322,13201.3,20870.5,-1.16902,4.99893,6.31938,1.99691,1.35495,0.531938,15953.5,143.266,13376.7,0.536586,0.984528,0.0193474,29731.5,-0.00182224,1.50695,12.4188,10.5237,123.086,80.5721,1.20623,12.2487,11.2229,121.921,128.124,1.16547,-47.5516 
70,0.09,0.78,43.0082,70,27299.1,-0.32977,52.9818,11.9517,122.87,0.461728,-76.8496,500,2.74492,0.723689,0.381888,0.327537,1.49192,-168.975,15482.9,109.093,13227,21768.6,3.80891,1.78768,2.50987,1.39153,2.5559,0.791779,15617.5,121.329,13361.6,0.53157,0.986587,0.016452,29379.9,-0.0018014,1.49378,12.3002,10.5083,123.202,80.1366,1.25946,11.9054,11.1032,122.253,127.632,0.949041,-47.4952 
71,0.09,0.78,43.3782,71,28191.1,-0.308661,53.8967,12.1604,122.605,0.0695008,-61.7337,5.65443e-07,0.949055,-3.10057,-2.15609,2.01249,4.37805,-143.645,15924.6,92.0074,13647.8,21475.3,1.85355,-2.19607,-0.347105,2.91698,5.28255,1.04622,16039,102.409,13762.2,0.530845,0.98895,0.0135223,30214.1,-0.00186368,1.54156,12.409,10.4273,122.973,79.5907,1.27181,12.2056,11.0733,121.892,126.718,1.08034,-47.1277 
72,0.09,0.78,43.2082,72,22168,-0.3685,43.5209,12.0244,122.871,0.365273,192.903,175.759,-1.38365,1.36161,2.83186,0.17376,-0.436778,-140.05,12440.8,74.6586,11219.4,19329.3,-0.501789,2.24347,4.59558,1.05562,0.445081,0.413677,12552.4,84.8,11331,0.518194,0.988316,0.0135987,24223.3,-0.00182596,1.19893,12.2129,10.6077,123.222,80.1925,1.04632,12.1211,11.1727,122.231,127.623,0.990732,-47.4304 
73,0.09,0.78,43.1882,73,21819.6,-0.375961,42.5522,-12.1401,122.984,-0.336875,-55.287,85.0052,2.42117,0.519094,5.30882,1.49181,1.43706,-159.668,12359.9,86.5568,10950.5,17423,3.42655,1.52448,7.31959,2.49719,2.44245,0.574696,12487.1,98.1187,11077.6,0.522537,0.986436,0.0160542,23897.1,-0.00190063,1.18661,12.3712,10.543,123.26,80.2063,1.01336,12.2187,11.2275,122.475,127.645,0.784993,-47.4383 
74,0.09,0.78,43.1982,74,23163.5,-0.351469,44.1554,12.2976,122.781,0.267262,212.611,4.99711,1.56852,-1.69145,2.31937,1.05844,-2.09163,-170.162,12702.6,86.7717,11888.2,19526.4,2.63999,-0.619989,4.4623,2.1299,-1.02017,0.412239,12838.1,99.0935,12023.7,0.508993,0.986672,0.0149546,25222.6,-0.00183923,1.18224,12.5705,10.7291,123.135,79.8165,1.07301,12.2241,11.4326,122.196,127.091,0.938897,-47.2749 
75,0.09,0.78,43.1482,75,25710.2,-0.386932,49.0803,12.2726,122.753,0.280828,39.3347,147.792,-0.349906,-1.92862,1.49472,0.335855,-1.35195,-98.3705,14611,110.584,12582.5,19967.8,0.269507,-1.3092,2.73355,0.955268,-0.732537,-0.426262,14689.3,117.707,12660.9,0.529726,0.986171,0.0168375,27730.1,-0.00192206,1.35622,12.5466,10.735,123.095,79.8684,1.12672,12.3281,11.4539,122.154,127.275,0.940587,-47.4068 
76,0.09,0.78,43.1382,76,26833.6,-0.191533,50.7195,12.2089,122.672,-0.0265443,227.788,0.651465,-5.6111,-1.43002,-1.00057,0.0447662,0.950972,-184.812,15101.8,128.231,12961.5,20354.8,-4.44739,-0.266306,1.32685,1.20848,2.11468,21.8354,15249,141.614,13108.7,0.530381,0.984008,0.0195121,28751,-0.00171434,1.39309,12.5746,10.7893,123.057,79.6454,1.14711,12.3852,11.5185,122.042,126.99,1.01463,-47.3448 
77,0.09,0.78,43.0582,77,29122.4,-0.263493,54.4967,12.3017,122.743,-0.156893,348.854,499.922,-4.66631,-3.79124,-3.84959,-0.241676,0.846542,-181.031,16485.7,143.524,13825.9,23605.6,-3.5264,-2.65133,-1.56978,0.898228,1.98645,0.677188,16629.9,156.633,13970.1,0.536118,0.983784,0.0202357,31019.1,-0.00167351,1.51491,12.5684,10.8184,123.067,80.2598,1.24539,12.2712,11.3954,122.106,127.607,0.961135,-47.3468 
78,0.09,0.78,43.2682,78,29017,-0.0434222,53.6032,12.4176,122.649,-0.125767,32.2478,500,1.74593,-3.09096,-2.90648,0.793931,-0.588296,-214.216,16474.1,129.192,13713.2,21800.2,3.09479,-1.7421,-0.208763,2.14279,0.760563,1.05158,16644.7,144.703,13883.8,0.537879,0.985014,0.0188376,30945.1,-0.00174502,1.51783,12.7192,10.6876,122.978,80.1561,1.24067,12.3866,11.2901,121.921,127.41,1.05713,-47.2539 
79,0.09,0.78,43.1682,79,21745.6,-0.332982,42.8954,11.892,122.946,0.260188,177.804,84.3342,0.586263,-1.30173,-0.271074,1.75305,1.11615,-177.268,12338.6,69.9266,10852.8,18111.8,1.70247,-0.185525,1.96134,2.86926,2.23236,0.771403,12479.8,82.763,10994,0.524281,0.988528,0.0136777,23803.7,-0.00176994,1.21556,12.1195,10.4742,123.366,79.82,1.02839,11.9749,11.1054,122.223,127.14,1.14274,-47.3195 
