cyc,detuning,freq,VVA,cyc,ROIsum,fBg,fA1,fWidth1,fCtr1,fA2,fWidth2,fCtr2,box1,box2,box3,box4,box5,box6,box7,box8,box9,Nfit,BZ-2,BZ-1,BZ0,BZ1,BZ2,Excited,c5,c7,c9,fraction95,fraction75,fraction97,sum95,two2D_bg,two2D_a1,two2D_sh1,two2D_sv1,two2D_ch1,two2D_cv1,two2D_a2,two2D_sh2,two2D_sv2,two2D_ch2,two2D_cv2,two2D_chd,two2D_cvd
0,-0.005,47.2177,8,0,15982,0.0746426,26.0182,-13.0174,116.992,-0.0272518,-62.4909,8.61003,-2.56461,1.83182,-2.68842,2.09348,-6.41589,-248.511,2662.67,151.67,12733.8,11080.9,-0.999804,3.39663,0.4412,3.65829,-4.85108,0.731832,2860.62,169.666,12931.7,0.192154,0.905966,0.0235982,14887.1,0.000299488,0.177031,14.0411,13.1692,117.217,93.3801,0.96921,13.0585,12.5602,116.474,142.442,0.743202,-49.0624 
1,0.19,47.4127,3.3,1,17636.9,0.0316745,27.1197,13.9938,117.044,-0.00758143,1.49554,6.72765,-3.64743,-2.2585,-6.09795,0.500489,-7.50982,-255.004,2325.62,150.21,14510.3,12354.6,-2.04173,-0.652805,-2.88656,2.10618,-5.90413,0.692233,2528.74,168.676,14713.4,0.155978,0.895471,0.0206813,16212.2,-3.18451e-06,0.109023,16.6721,17.7431,118.087,94.0207,1.00207,13.8461,-13.2567,116.467,142.837,1.61998,-48.8166 
2,0.008,47.2307,1.35,2,16268.4,0.0385693,26.4309,13.2043,117.176,0.0121099,-38.7367,85.1963,-1.85489,-6.02608,-2.8967,0.369773,-5.9496,-246.156,1415.55,130.581,14368.3,11376.4,-0.304917,-4.47611,0.203257,1.91975,-4.39962,1.0288,1611.62,148.406,14564.4,0.106332,0.861217,0.0184245,15156.5,4.89996e-05,0.0725363,15.5943,16.9612,118.351,96.3883,1.08613,13.1303,-12.5869,116.658,142.302,1.69286,-45.9135 
3,0.1,47.3227,2,3,16156.7,-0.0214145,26.3324,-13.3382,116.976,-0.00429624,9.14123,500,-2.67715,-0.138165,1.23526,-2.11107,-3.56155,-290.138,1419.73,120.366,14419.4,11434.9,-0.850224,1.68876,4.8891,-0.284144,-1.73463,-0.318221,1650.83,141.376,14650.5,0.108068,0.869665,0.0174656,15275.8,-0.00013569,0.0649774,16.7092,18.4903,118.545,96.5978,1.09259,13.1645,-12.5012,116.412,142.638,2.13335,-46.0401 
4,0.006,47.2287,1.32,4,17323.4,-0.000269696,27.997,13.2046,116.794,-0.00280408,-0.996269,7.54545e-12,2.33497,0.317812,-6.54962,1.78672,-1.90807,-217.978,1196.62,154.804,15533.6,12034.8,3.70752,1.69036,-3.80452,3.15928,-0.535521,1.90216,1370.25,170.588,15707.3,0.0857585,0.821109,0.0196137,15978,3.84552e-05,0.0495405,18.0291,20.7979,119.442,98,1.16704,13.099,-12.6374,116.289,142.504,3.15297,-44.504 
5,0.03,47.2527,1.6,5,15923.9,0.0378079,25.923,13.1776,116.997,0.0491328,-124.849,470.006,2.01289,4.32742,1.97036,3.93998,-3.69232,-266.913,1642.55,142.607,13827.2,11320,3.69357,6.0081,5.33172,5.62066,-2.01164,0.714,1855.16,161.935,14039.8,0.124406,0.867487,0.0208047,14912.2,-1.29312e-05,0.0855937,-15.937,16.2025,118.219,95.7533,1.02919,13.1922,12.7586,116.52,143.161,1.699,-47.408 
6,0.012,47.2347,1.4,6,15842.9,0.0652227,25.5649,13.1718,117.052,-0.0511312,-39.1087,86.5222,1.09764,2.67993,-6.16346,0.950512,-6.44239,-226.323,1566.93,144.568,13749.2,11026.9,2.52273,4.10502,-3.31327,2.3756,-5.0173,5.92475,1747.21,160.957,13929.5,0.118844,0.861168,0.020842,14701.6,0.000109027,0.0808293,16.4553,-15.9146,118.185,95.0351,1.03594,13.0675,12.667,116.561,142.287,1.62349,-47.2518 
7,-1,46.2227,10,7,15524.5,0.0579117,25.2053,13.057,117.069,0.0193314,-110.919,499.996,-4.18516,-0.082895,-2.9014,1.60975,-7.90131,-217.47,639.415,119.4,14361.2,10783.2,-2.81581,1.28646,-0.162693,2.9791,-6.53196,0.968981,812.638,135.148,14534.4,0.0567103,0.774571,0.0168403,14329.6,-0.000622849,0.011436,84.906,21.6053,103,88.89,1.11956,12.9888,-12.3714,116.548,142.41,-13.5478,-53.5204 
8,0.175,47.3977,3,8,18194.5,0.0296664,27.7881,14.0781,116.918,0.0937754,-53.231,434.758,-2.00683,0.440048,-4.72098,4.35411,-0.967765,-233.801,2112.77,147.391,15249.7,12897.5,-0.534647,1.91223,-1.77662,5.82629,0.504416,1.29951,2299.01,164.321,15436,0.138042,0.888825,0.0192327,16654.4,1.91996e-05,0.10071,16.7681,16.738,117.477,95.1463,1.03181,14.0636,13.3997,116.39,143.423,1.08751,-48.2764 
9,0.004,47.2267,1.32,9,15842.5,0.0325452,25.7845,13.203,116.867,-0.0358235,8.03998,46.4118,-3.64121,2.12434,-5.78766,-2.26711,-5.63584,-265.562,1717.76,131.403,13710.8,11091.6,-1.96903,3.79651,-2.44332,-0.594931,-3.96366,0.52781,1929.29,150.633,13922.4,0.129682,0.87979,0.0195412,14877.1,-4.11699e-06,0.0950464,15.7109,-15.1706,117.516,95.8417,1.03915,13.0707,-12.6307,116.329,142.828,1.18701,-46.9861 
10,0.145,47.3677,2.6,10,16251.7,0.0375003,25.7579,13.4999,116.954,-0.0165519,-4.20057,499.981,1.25244,-0.667723,0.258183,5.24314,-8.96954,-257.912,1769.59,135.295,13912,11322,2.87644,0.956278,3.50619,6.86714,-7.34554,0.488932,1975.02,153.971,14117.5,0.130759,0.87995,0.0196951,15104.3,-1.68802e-05,0.0885429,16.6438,-16.3186,117.984,94.1376,1.00835,13.4877,12.8931,116.446,141.949,1.53761,-47.8115 
11,-0.003,47.2197,1.9,11,15863.7,0.0438952,25.7619,13.1825,117.036,-0.0518075,-3.87293,175.875,-0.765504,0.0786642,-0.611192,1.59899,-3.53526,-224.734,2790.98,154.554,12635.8,11061.8,0.649589,1.49376,2.21899,3.01408,-2.12017,0.577837,2969.99,170.827,12814.8,0.199492,0.908549,0.0239676,14887.7,0.00024312,0.19739,13.5761,12.6543,117.359,93.3466,0.951308,13.1352,12.5744,116.466,142.413,0.892492,-49.0666 
12,-1,46.2227,10,12,15537.9,0.0499372,25.3059,13.1107,116.963,0.0500503,-188.205,465.057,1.4558,1.6458,-5.9192,2.05072,-6.44521,-218.051,558.721,121.452,14606.1,11107.1,2.8288,3.01881,-3.17319,3.42372,-5.0722,4.09293,732.407,137.241,14779.8,0.050589,0.753056,0.0168177,14477.6,0.000649089,0.00939809,0.022312,96.382,112.242,56.9416,1.14935,13.0239,-12.1188,116.45,142.283,-4.20724,-85.3413 
13,0.016,47.2387,1.4,13,16816.6,0.00881262,27.3743,13.3075,116.967,-0.00587166,-10.7016,222.681,-1.76805,0.483672,-3.61259,2.42989,-5.92939,-313.747,1155.96,144.994,15344.3,11860.7,0.207535,2.45925,0.338569,4.40547,-3.95381,0.902063,1405.87,167.713,15594.2,0.0883728,0.82729,0.0194267,15908.4,-0.000192125,0.0558077,-16.5222,17.4084,119.224,98,1.13157,13.3638,-12.7433,116.435,142.389,2.78942,-44.3886 
14,0.002,47.2247,1.32,14,16259.3,0.00891527,26.6878,12.989,116.98,-0.00926148,-13.3106,8.60342e-13,1.36233,2.15576,-1.9922,2.38064,-2.6653,-217.243,1902.9,137.765,13850.3,11288.5,2.73025,3.52368,0.743644,3.74857,-1.29738,0.921297,2075.94,153.496,14023.4,0.137319,0.885429,0.0197647,15117.7,0.000168295,0.108089,15.311,14.8875,117.638,94.9322,1.07875,12.8418,12.4364,116.432,142.328,1.206,-47.396 
15,-1,46.2227,10,15,12659.2,-0.000532022,21.5126,12.6143,116.855,0.00880735,-10.4624,6.54747e-11,-0.116284,0.285477,-3.97407,-1.96536,-7.52754,-285.904,507.161,85.268,11998.7,8836.88,1.68397,2.08573,-0.373549,-0.165103,-5.72728,0.850354,734.894,105.971,12226.5,0.0607074,0.7985,0.0157152,12105.5,0.000753657,-0.0160406,22.4,-10.5576,148,55.0001,1.00445,12.5187,11.807,116.375,142.491,31.625,-87.4911 
16,0.205,47.4277,3.6,16,17294.8,0.00689797,26.6755,-14.0117,116.949,0.00047161,-22.8097,7.60234e-11,-2.6032,-2.28794,-1.99115,1.6398,-9.47579,-212.782,2311.13,148.308,14181.7,12167.8,-1.26337,-0.948114,0.688515,2.97963,-8.13596,1.10308,2480.62,163.716,14351.2,0.156731,0.896462,0.0205819,15827.3,1.66286e-05,0.107706,17.3261,17.2319,117.709,94.23,0.978252,13.7986,-13.3023,116.411,142.678,1.29858,-48.4477 
17,-1,46.2227,10,17,15085.1,-0.00373596,25.4669,12.8832,116.778,-0.00179109,-2.25266,31.1259,-3.24348,-1.27403,-5.70044,-0.88821,-10.1275,-249.01,583.532,99.6692,14342.9,10680.7,-1.67554,0.293922,-2.56455,0.679739,-8.55952,0.783142,781.877,117.701,14541.2,0.0546567,0.791491,0.0146914,14305.2,-0.00068846,0.00937521,-95.2754,-21.3357,103.936,93.2518,1.1652,12.6762,-12.049,116.2,143.038,-12.2646,-49.7863 
18,-0.004,47.2187,7,18,16615.7,0.00611239,27.2722,13.2085,117.032,-0.0636461,-232.895,496.69,-0.518387,2.93467,-4.67984,2.796,-11.9702,-254.185,2251.04,123.405,13990.3,12209,1.08215,4.53521,-1.47878,4.39653,-10.3697,0.193934,2453.5,141.811,14192.7,0.156746,0.908143,0.0180733,15652.7,2.0932e-05,0.152564,13.9492,-13.025,117.463,93.4783,1.06005,13.2196,12.532,116.467,141.809,0.995892,-48.3308 
19,0.06,47.2827,1.8,19,16853.8,0.0431094,27.4821,13.1431,116.813,-0.0106801,-43.3613,17.6461,0.51376,1.36637,-4.30792,1.49327,-8.69028,-253.857,1446.41,171.726,14973.7,11773.3,2.11223,2.96484,-1.11098,3.09174,-7.09181,-31.6833,1648.62,190.109,15175.9,0.104593,0.832086,0.0225555,15762.2,-8.52327e-05,0.0730593,16.1514,-17.2938,118.062,96.5394,1.12993,13.2178,12.5422,116.357,142.116,1.70492,-45.5764 
20,-0.002,47.2207,1.5,20,15173,-0.000206032,25.343,12.8609,116.893,-0.0449903,59.3593,0.0719291,-2.04147,0.24457,-5.0183,1.93103,-7.98993,-220.654,3436.47,116.922,11378.8,10697.2,-0.652071,1.63397,-2.23951,3.32043,-6.60054,0.506469,3612.23,132.9,11554.5,0.251584,0.939509,0.0207482,14358,0.000263403,0.282869,13.0154,11.127,116.881,92.8762,0.899375,12.8674,12.2119,116.401,142.767,0.48032,-49.8908 
21,0.16,47.3827,2.8,21,16937,0.00628066,26.8794,13.6605,117.004,-0.0177693,-14.9453,122.718,-2.5474,-0.762206,-8.04904,1.37726,-12.0429,-294.871,1978.13,146.241,14525.7,11961.7,-0.690675,1.09452,-4.33559,3.23399,-10.1862,0.601652,2213.01,167.594,14760.6,0.13883,0.882979,0.020487,15940.4,-0.000167562,0.101949,15.9213,16.1323,117.822,94.5543,1.01385,13.7085,-13.2178,116.433,143.335,1.3887,-48.7809 
22,0.075,47.2977,2,22,15832.7,0.00333308,25.4418,13.5027,117.009,-0.0101475,-9.77312,133.036,-1.24567,2.42444,-5.5027,1.0983,-7.03081,-227.05,1613.71,130.126,13899.5,11186.3,0.183997,3.85411,-2.64336,2.52797,-5.60114,-0.574902,1794.57,146.567,14080.3,0.120528,0.874946,0.0188144,14889.3,-0.000156459,0.0922161,14.953,-15.2818,117.84,95.4824,1.01488,13.5181,12.7653,116.463,142.41,1.37774,-46.9278 
23,0,47.2227,1.32,23,15683.7,-0.0312541,26.2431,12.9736,117.165,0.0134355,2.88357,6.41814e-11,-0.478378,2.26521,-1.12618,0.262277,-11.2003,-282.012,1836.77,115.912,13621,11084.6,1.29738,4.04097,2.42533,2.03803,-9.42452,-5.43016,2061.4,136.333,13845.7,0.137998,0.896268,0.0178154,14937.9,-5.72193e-05,0.121814,14.1884,-13.3127,117.756,94.6091,1.06083,13.009,12.3178,116.537,142.45,1.21916,-47.8413 
24,0.115,47.3377,2.2,24,16650.8,-0.0025888,27.2479,-13.2844,117.124,0.00102829,0.139179,82.7102,-2.773,-0.997575,-1.93878,3.67356,-9.14728,-311.158,1577.11,139.356,14808.9,11783.4,-0.813722,0.961704,1.97978,5.63284,-7.188,-2.45754,1824.96,161.888,15056.7,0.115302,0.865623,0.0194214,15827.7,0.00132577,-0.0659818,-0.935403,-0.51592,129.179,69.5456,1.08879,13.3576,-12.7669,116.597,142.434,12.5827,-72.8885 
25,0.045,47.2677,1.7,25,15698,0.00890402,25.6832,13.2911,116.877,-0.0221338,-0.416478,0.000132392,-2.32565,-2.7506,-8.45886,0.178414,-7.55522,-291.878,1415.12,132.103,14103.6,11112.6,-0.487774,-0.912717,-4.7831,2.01629,-5.71734,0.516107,1647.61,153.239,14336,0.109986,0.860021,0.0193102,14980.1,-0.0002922,0.0732921,16.4717,-16.0103,118.095,96.3717,1.03597,13.2964,12.8574,116.249,142.41,1.84633,-46.0388 
26,0.13,47.3527,2.4,26,16873.9,-0.0108586,26.738,13.6742,116.934,-0.0134525,15.2791,1.88856e-11,-1.9263,2.83695,-2.40899,0.992825,-8.47705,-240.042,1643.76,141.565,14703.6,11908.9,-0.414818,4.34842,0.613967,2.5043,-6.96557,-6.11379,1834.97,158.947,14894.8,0.116973,0.868366,0.0192788,15687.1,-0.000124883,0.0789467,16.6089,17.6437,118.131,95.7645,1.04965,13.6964,-12.8953,116.443,142.666,1.68752,-46.9013 
27,-0.001,47.2217,1.35,27,15110.6,-0.0239173,25.4189,-12.8886,117.147,0.00694854,4.31526,1.01071e-11,0.658637,2.42179,-4.27218,-2.19694,-7.01508,-283.987,1993.94,122.536,12972.4,10665.9,2.44683,4.20998,-0.695799,-0.408749,-5.22689,3.13851,2220.15,143.1,13198.6,0.153168,0.898637,0.0195812,14494.8,-0.000124512,0.129175,14.3465,-13.7187,117.913,94.8112,1.01752,12.8605,12.3405,116.468,142.797,1.44475,-47.9862 
28,-0.005,47.2177,8,28,14931.2,-0.00442209,24.6921,-13.0694,117.108,-0.0520503,62.0334,500,-1.93863,1.89334,-8.2526,-0.0766118,-6.75869,-255.02,1931.3,116.472,12763.2,10610.4,-0.332842,3.49913,-5.04102,1.52918,-5.1529,0.083193,2134.43,134.939,12966.4,0.150385,0.900386,0.0188099,14193.2,-6.44733e-05,0.123041,14.2806,-13.874,117.385,94.2508,0.982002,13.0901,12.4081,116.603,142.44,0.781758,-48.1891 
29,0.19,47.4127,3.3,29,16748.4,0.0522348,26.3539,13.8615,116.879,-0.0243463,22.9192,6.10477e-08,-4.07823,-3.1434,-7.37962,-0.626892,-8.73549,-239.479,2113.25,142.376,14173.3,11910,-2.57029,-1.63546,-4.36375,0.881045,-7.22755,0.707445,2304,159.718,14364,0.147102,0.891811,0.0200718,15662.5,-0.000262432,0.108564,15.863,16.6821,117.535,94.7365,0.978652,13.9218,-13.2237,116.377,142.967,1.15802,-48.231 
30,0.008,47.2307,1.35,30,16073.5,0.0212734,26.3412,13.163,117.029,-0.0504178,14.7503,42.9629,-4.98557,-2.91983,-4.58854,-0.102416,-10.2825,-265.034,1292.8,155.424,14381,11311.4,-3.31672,-1.25098,-1.25084,1.56644,-8.61361,0.902778,1503.91,174.615,14592.1,0.0997646,0.831125,0.021568,15074.6,-3.33694e-05,0.0629272,16.274,18.2482,118.714,97.9091,1.09668,13.1309,-12.4134,116.449,142.29,2.26499,-44.3805 
31,0.1,47.3227,2,31,15457.8,-0.0165881,25.4422,13.2712,116.949,-0.0499994,-19.4907,192.932,-1.32277,0.996587,-5.24657,-1.01426,-9.73841,-297.593,1202.47,121.347,14140.3,11023.3,0.551099,2.87045,-1.49884,0.859603,-7.86455,0.705083,1439.52,142.896,14377.4,0.0971959,0.851994,0.0179794,14810.5,-0.000358546,0.0621544,-16.3207,16.5059,118.786,96.8118,1.06677,13.3446,12.4806,116.329,142.281,2.45663,-45.4694 
32,0.006,47.2287,1.32,32,15280.9,-0.0141448,25.3284,13.1681,116.884,-0.0169082,19.9538,8.00714,-2.59662,-2.57775,-5.94901,-1.32136,-8.55939,-296.909,979.392,115.933,14152.5,10868.4,-0.727061,-0.70819,-2.20989,0.548198,-6.68983,0.774196,1215.89,137.433,14389,0.0832935,0.834861,0.0172902,14597.7,-0.000333382,0.0437942,18.3512,18.6892,119.907,98,1.09609,13.098,12.3202,116.355,143.646,3.55198,-45.6455 
33,0.03,47.2527,1.6,33,15634.6,-0.0209708,25.9903,13.1581,117.043,-0.00160973,-3.20221,200.297,-5.55248,-3.06139,-4.84068,0.608616,-10.9929,-296.727,1649.23,136.768,13859.2,11132.9,-3.68406,-1.19298,-1.10386,2.47703,-9.12449,0.912589,1885.59,158.255,14095.5,0.125752,0.871935,0.0202628,14994.4,-0.000234685,0.0981672,15.018,-14.3965,117.639,95.341,1.03678,13.2448,-12.6447,116.458,143.154,1.18164,-47.8133 
34,0.012,47.2347,1.4,34,16443.7,0.00503118,27.463,-12.9851,117.247,-0.0328327,3.68131,364.617,0.1499,-3.77478,-3.37596,2.41774,-8.5411,-324.274,1350.71,148.583,14840.2,11612.8,2.19177,-1.73292,0.707775,4.45961,-6.49923,1.81074,1609,172.064,15098.5,0.102808,0.842359,0.0205612,15650.6,-0.000182281,0.0716517,-16.3392,16.9954,119.092,97.7321,1.16264,12.9713,12.2108,116.632,142.54,2.45963,-44.8083 
35,-1,46.2227,10,35,15875.5,-0.0338736,26.5191,13.1483,116.925,-0.00153851,8.13593,15.5785,-1.5107,-4.01886,-6.59023,-2.78928,-7.42414,-269.574,507.588,117.396,15320,11351.1,0.186734,-2.32142,-3.19536,-1.09184,-5.72671,0.736977,722.313,136.916,15534.7,0.0476158,0.750911,0.0159761,15169.6,0.000280661,-0.0233283,-6.17416,-5.07537,118.616,76.4984,1.20724,13.0367,-12.1606,116.286,143.25,2.33027,-66.7514 
36,0.175,47.3977,3,36,16840.1,-0.00308738,26.3934,13.808,117.02,-0.00771244,3.83975,7.84568e-12,-0.816844,-0.600965,1.67756,-0.570623,-11.5594,-227.088,2002.52,126.042,14326,11864.7,0.613067,0.828946,4.53738,0.859289,-10.1295,2.37879,2183.4,142.486,14506.8,0.139294,0.897503,0.0177715,15674.8,-0.000130692,0.103649,15.9775,16.1871,117.761,95.6912,1.01553,13.8237,12.9205,116.509,143.367,1.2518,-47.6757 
37,0.004,47.2267,1.32,37,16035,-0.0108368,26.4876,13.1761,116.852,0.0174126,6.1195,9.15552e-11,-4.54536,-0.716564,-4.66013,-0.563619,-7.57041,-234.076,1309.95,140.447,14431.2,11364.6,-3.07145,0.757349,-1.7123,0.910294,-6.0965,0.814135,1496.41,157.397,14617.7,0.0991599,0.844544,0.0194492,15090.8,-0.00016939,0.0679297,16.1891,17.0927,118.254,97.5616,1.12352,13.0809,-12.2521,116.307,142.719,1.94722,-45.1577 
38,0.145,47.3677,2.6,38,15921.4,-0.00237725,25.7223,13.4555,116.857,-0.0122751,-7.90312,102.9,-4.16415,-3.03608,-1.66344,-2.92779,-8.92718,-233.854,1755.05,128.108,13817.2,11270,-2.69164,-1.56356,1.28159,-1.45527,-7.45466,1.10785,1941.32,145.042,14003.5,0.129728,0.884371,0.0187224,14964.6,-0.000111461,0.0956346,15.423,-15.8339,117.403,95.5158,1.02048,13.3629,-12.7092,116.309,142.635,1.09304,-47.119 
39,-0.003,47.2197,1.9,39,14972.6,0.0171958,24.7874,13.042,117.122,0.0301755,-64.3259,115.061,-6.09892,-5.01707,-7.22302,0.358153,-9.56253,-227.26,2411.21,117.207,12317.3,10586.9,-4.66792,-3.58607,-4.36102,1.78915,-8.13153,0.769957,2592.23,133.663,12498.3,0.18235,0.917233,0.0193198,14215.7,7.75626e-05,0.17331,13.5341,12.3511,117.4,93.8097,0.951851,13.0542,12.3488,116.556,143.212,0.844138,-49.4021 
40,-1,46.2227,10,40,17020.6,0.00968527,27.5696,13.3006,116.903,-0.00607554,5.0203,3.17851e-11,-3.27214,-2.2753,-5.02879,0.927276,-8.79908,-214.446,657.58,168.916,15879.6,11938,-1.92183,-0.924992,-2.32818,2.27758,-7.44877,0.774973,828.394,184.445,16050.4,0.0525787,0.719609,0.0207299,15755.3,0.000673631,0.0367926,3.90642,5.30846,119.818,61.4207,1.2095,13.0992,-12.5271,116.343,142.146,3.47549,-80.725 
41,0.016,47.2387,1.4,41,15843.7,0.00228021,26.1124,13.1696,117.078,-0.0410898,17.2281,234.742,-1.36508,-0.222262,-4.83486,1.49701,-6.76213,-243.907,1041.55,120.064,14494.7,11217.8,0.170743,1.31356,-1.76323,3.03283,-5.22631,0.286838,1235.83,137.726,14689,0.0829609,0.836801,0.0169786,14896.6,-0.000151417,0.0531698,17.1715,17.1643,119.935,98,1.13032,13.0351,-12.2573,116.48,142.458,3.4552,-44.4576 
42,0.002,47.2247,1.32,42,15349.4,0.012739,25.497,13.0199,116.956,-0.00230167,-20.0785,85.9734,-4.05601,-1.47928,-3.03557,-0.727255,-10.4634,-258.416,1717.52,118.278,13333.5,10808.2,-2.42884,0.147895,0.21878,0.899919,-8.83624,1.02188,1923.35,136.99,13539.3,0.132509,0.889171,0.0182973,14514.9,-1.36701e-05,0.100819,14.8852,-14.8955,117.436,94.7697,1.04993,12.922,12.2313,116.426,142.406,1.01036,-47.636 
43,-1,46.2227,10,43,15135.1,-0.00807873,25.3796,12.9896,116.799,0.00666463,-12.3204,44.9763,-3.28276,0.0208267,-7.2113,-4.57786,-11.6326,-267.554,550.952,116.722,14485.9,10734.6,-1.59804,1.70554,-3.84187,-2.89315,-9.94787,0.768218,764.069,136.096,14699,0.0529349,0.762363,0.0167698,14434.1,0.000678571,-0.0170217,21.9551,-10.2885,148,55,1.15564,12.8088,-12.1538,116.163,141.706,31.8366,-86.7064 
44,0.205,47.4277,3.6,44,16245,-0.0471017,25.256,14.183,117.06,0.0359657,35.3604,120.942,-4.06986,-3.6388,-9.03178,-2.53107,-8.78052,-239.961,2247.98,150.405,13578.4,11702.2,-2.55889,-2.12783,-6.00983,-1.0201,-7.26955,0.683463,2439.12,167.781,13769.6,0.159997,0.892556,0.0219532,15244.8,-0.000363325,0.10492,17.5476,16.8597,117.956,94.0447,0.916972,13.9927,13.4898,116.325,143.009,1.63117,-48.9641 
45,-1,46.2227,10,45,15405.3,-0.00960222,25.5285,-13.1394,117.066,0.00521748,-7.32087,2.12372e-10,-5.19848,-1.37033,-5.02036,1.29596,-7.82074,-296.21,529.125,133.841,14746.2,10920.6,-3.33333,0.49482,-1.29005,3.16111,-5.95558,0.813658,765.067,155.29,14982.1,0.0520509,0.737894,0.0187357,14698.4,0.000423957,-0.0158313,-1.85883,16.8722,111.661,72.1084,1.1515,13.0219,-12.2329,116.458,143.304,-4.79675,-71.1957 
46,-0.004,47.2187,7,46,14445.9,-0.00246459,24.2686,-12.9412,117.133,-0.0051645,-5.25069,134.246,-2.50812,-5.40341,-5.92608,-1.16439,-4.56211,-280.044,1922.78,117.359,12364.1,10224.8,-0.744765,-3.64005,-2.39936,0.598974,-2.79875,0.732928,2145.84,137.638,12587.2,0.154913,0.89908,0.0197453,13851.9,0.00170391,0.0019625,23.9717,0.121519,124.808,77.428,0.958981,-12.9847,12.3174,116.526,141.973,8.2816,-64.545 
47,0.06,47.2827,1.8,47,15846.6,-0.0327508,26.0944,13.3333,116.841,-0.005002,7.18959,102.026,-3.49617,-3.45978,-3.40422,-0.701728,-13.5566,-244.561,1404.78,121.684,14354.9,11327.3,-1.95623,-1.91984,-0.324344,0.83821,-12.0167,0.97891,1599.58,139.393,14549.7,0.105717,0.867678,0.0173423,15130.8,-0.000320046,0.0751341,-16.3428,-15.3439,117.857,96.6731,1.08181,13.2227,-12.5697,116.218,143.23,1.63936,-46.5566 
48,-0.002,47.2207,1.5,48,14518.1,-0.00804918,24.534,12.7803,117.012,-0.00535613,-0.169159,6.81901e-12,-1.46507,-3.54814,-2.18213,2.7536,-5.29226,-283.719,2795.75,94.7139,11565.7,10207.2,0.321432,-1.76164,1.39088,4.5401,-3.50576,-0.412048,3021.74,115.259,11791.7,0.216023,0.937426,0.0176872,13988.1,8.05725e-05,0.22847,12.7995,11.5396,117.154,92.8385,0.916793,12.8499,12.1432,116.426,142.381,0.727835,-49.542 
49,0.16,47.3827,2.8,49,16122.4,-0.0620862,25.5835,13.9639,116.916,0.0365354,15.3488,0.00818828,-2.98856,-3.03009,-3.23067,0.851769,-5.99704,-290.378,1803,144.167,14033.5,11647.7,-1.16012,-1.20165,0.426196,2.6802,-4.16861,1.12447,2034.3,165.194,14264.8,0.132956,0.875574,0.020887,15300.5,-0.000245835,0.0967116,16.4173,14.9723,117.524,95.2715,0.978859,13.7895,-13.1295,116.242,142.17,1.28227,-46.8987 
50,0.075,47.2977,2,50,15394.1,0.00527793,25.0561,13.4081,117.347,-0.010917,0.906781,3.13956e-11,-1.23903,-3.41282,-5.84249,-2.66507,-10.8695,-279.979,1564.92,138.93,13569.4,10936.8,0.52392,-1.64987,-2.31659,-0.90212,-9.10653,0.827778,1787.94,159.204,13792.4,0.122337,0.865182,0.0208205,14614.9,-0.000212575,0.0862936,16.5116,-15.2691,118.744,95.9807,1.00836,13.3103,-12.655,116.737,142.475,2.00747,-46.4944 
51,0,47.2227,1.32,51,14874.2,-0.0193304,25.0596,12.9335,117.063,-0.0125997,8.39619,500,0.101383,0.317256,-3.45463,3.42905,-6.54394,-296.31,1747.45,109.422,13059.8,10554.2,1.96717,2.18304,0.276938,5.29483,-4.67816,0.945094,1983.47,130.878,13295.8,0.138234,0.896481,0.0178099,14348.6,-0.000230244,0.102872,-15.6713,-14.5623,117.844,95.1297,1.04677,12.8255,12.0671,116.342,142.568,1.50215,-47.4383 
52,0.115,47.3377,2.2,52,15415.7,-0.026204,25.222,13.394,117.008,0.0134304,-5.51226,127.683,-3.61757,-0.263415,-6.47996,-2.96946,-13.7468,-279.812,1450.31,126.716,13784.4,10999.7,-1.85567,1.49849,-2.95615,-1.20756,-11.9849,0.820902,1673.19,146.978,14007.3,0.113823,0.866758,0.0189626,14700,-0.000231136,0.0726927,16.7626,16.5969,118.353,96.5882,1.04476,13.2492,12.4189,116.33,142.313,2.02231,-45.7244 
53,0.045,47.2677,1.7,53,15140.1,-0.01297,25.0282,13.1986,116.659,-0.00379714,2.57894,228.268,-3.78559,1.37598,-0.407961,1.75296,-10.5125,-239.682,1306.1,94.1325,13691.7,10753.9,-2.27638,2.88519,2.61047,3.26218,-9.00327,2.03515,1497.02,111.488,13882.7,0.103903,0.884698,0.0145779,14407.9,-0.000193472,0.0785373,15.4852,-14.0506,117.522,95.7561,1.05714,13.1606,12.3011,115.999,142.449,1.52276,-46.6925 
54,0.13,47.3527,2.4,54,15840,-0.0171323,25.486,13.5765,117.056,-0.0159555,-4.27273,91.4864,1.74004,4.30253,-0.46741,-1.26223,-9.47643,-230.114,1723.49,112.282,13804,11266,3.18901,5.7515,2.43053,0.186743,-8.02746,0.311527,1906.78,128.945,13987.2,0.127844,0.89418,0.0166983,14914.9,-0.000208658,0.0951951,16.5879,-14.4369,117.7,95.5696,0.993871,13.5775,-12.9106,116.413,142.675,1.28694,-47.1058 
55,-0.001,47.2217,1.35,55,14652.7,-0.0407973,24.9787,12.9273,116.86,0.0467303,-39.9973,490.381,-3.55883,-4.39272,-5.29295,-0.61797,-14.135,-197.578,1844.6,109.886,12771.5,10572.5,-2.31473,-3.14862,-2.80476,0.626127,-12.8909,0.863401,2001.98,124.194,12928.8,0.142735,0.90207,0.0173875,14025.8,-0.000100965,0.138986,13.5269,-12.258,117.042,93.4659,1.04093,12.7288,11.9191,116.148,141.638,0.894027,-48.1719 
56,-0.005,47.2177,8,56,14635.7,-0.00437631,24.6971,12.8695,116.801,-0.020306,7.59464,3.11203e-11,-1.23824,-4.28977,-2.48544,1.73736,-9.62368,-231.427,1957.56,97.6518,12484.3,10351.7,0.218996,-2.83254,0.429024,3.1946,-8.16645,1.05995,2141.9,114.41,12668.7,0.153831,0.914514,0.0163637,13923.8,0.00185321,-0.00842402,9.42612,-0.32658,119.667,74.1897,0.993132,12.7672,12.1226,116.195,142.507,3.47234,-68.3175 
57,0.19,47.4127,3.3,57,16064.2,-0.0321397,25.4449,13.8567,116.826,0.208953,-196.552,222.964,-1.68732,0.879576,-8.44873,-2.34324,-7.80775,-256.033,1953.15,129.713,13741.9,12814.7,-0.07515,2.49175,-5.22439,-0.731074,-6.19558,0.463309,2157.09,148.253,13945.8,0.142601,0.892638,0.0192067,15126.7,-0.000255366,0.0974318,-16.8586,16.0973,117.34,95.0913,0.9642,13.7562,-13.1164,116.143,142.644,1.19709,-47.5525 
58,0.008,47.2307,1.35,58,15336.6,-0.0150424,25.795,12.9808,116.913,0.00709727,-6.73305,192.442,0.489577,1.40257,-9.40757,1.52374,-10.2758,-245.574,1161.21,121.278,14066.6,10901.7,2.03589,2.94888,-6.31495,3.07005,-8.72952,0.0965285,1356.82,139.06,14262.2,0.0928012,0.847919,0.0176441,14620.7,-0.00021161,0.063689,16.44,-15.616,119.195,97.2051,1.09664,12.9114,12.3269,116.219,142.037,2.97561,-44.8322 
59,0.1,47.3227,2,59,16101.4,-0.0234593,26.4471,13.3913,116.897,0.00249904,4.20985,500,-4.01111,-2.48243,-7.19468,3.03606,-12.0045,-248.783,1151.84,122.655,14703,11529.5,-2.44459,-0.915907,-4.06164,4.60258,-10.438,0.693636,1350,140.67,14901.2,0.0887687,0.845773,0.0170926,15208.1,-0.000231482,0.0653643,16.8953,-15.0055,118.751,98,1.09279,13.2233,-12.731,116.213,142.891,2.53807,-44.8909 
60,0.006,47.2287,1.32,60,15066.7,0.0035947,24.8991,13.1275,117.131,-0.00475597,-2.18344,299.891,-1.87592,0.977837,3.74295,-0.789175,-11.0178,-273.315,1209.09,121.224,13628.2,10640.8,-0.154928,2.69883,7.18493,0.931818,-9.29685,-4.26831,1426.8,141.015,13845.9,0.0997517,0.852545,0.0184156,14303.5,-0.000196713,0.0663072,16.6986,-15.8362,119.355,97.8407,1.05847,13.0455,12.2998,116.445,141.778,2.90926,-43.9375 
61,0.03,47.2527,1.6,61,15745.8,-0.0110699,25.9985,13.2037,116.876,-0.0165485,1.09687,159.935,-2.43332,-3.6009,-6.20114,0.906362,-7.94666,-239.386,1615.54,132.233,13901.2,11175.4,-0.925972,-2.09354,-3.18644,2.41371,-6.43931,0.688567,1806.22,149.567,14091.9,0.121128,0.87343,0.0191767,14911.7,-0.000147552,0.102262,14.8818,-14.0194,117.489,95.8728,1.04961,13.1311,12.6013,116.181,142.399,1.30723,-46.5266 
62,0.012,47.2347,1.4,62,15183.9,-0.0336291,25.8254,12.9187,116.707,-0.00462338,34.8461,149.278,-4.12782,-4.52789,-6.07586,-2.57785,-11.3454,-255.544,1420.24,116.658,13746.2,10866,-2.51873,-2.9188,-2.85768,-0.968761,-9.73634,0.849598,1623.79,135.162,13949.8,0.111241,0.872853,0.0175356,14597.1,-0.000275251,0.0833283,-14.7393,-15.7508,118.205,96.3861,1.0838,12.9512,12.1508,116.077,142.174,2.128,-45.7881 
63,-1,46.2227,10,63,14819.5,-0.0141824,25.3653,12.8421,116.87,-0.0128684,14.8562,2.40785e-11,-2.19477,-3.92827,-6.23188,-3.38859,-8.40205,-284.031,531.472,127.25,14360.9,10610.2,-0.406303,-2.1398,-2.65495,-1.60013,-6.61358,0.802088,757.713,147.817,14587.1,0.0528991,0.745493,0.0183247,14323.8,0.000259323,-0.0189863,-6.07281,2.48969,117.618,74.8926,1.15891,12.8409,-11.9814,116.249,142.014,1.36899,-67.121 
64,0.175,47.3977,3,64,15777.7,-0.0822187,25.4779,13.8174,117.082,0.0750714,-0.987296,488.493,-4.44454,2.55808,-12.052,0.122583,-13.0835,-256.239,1930.98,136.733,13739.3,11462.5,-2.83108,4.17155,-8.8251,1.73605,-11.47,0.487467,2135.08,155.288,13943.4,0.141373,0.887091,0.0201031,15102.5,-0.000493218,0.0981633,17.0298,-15.9171,118.14,94.8649,0.973052,13.7186,13.0044,116.367,142.333,1.77324,-47.4679 
65,0.004,47.2267,1.32,65,15722,0.0365353,26.1839,13.0624,116.769,-0.033916,-14.6545,8.44797e-12,-5.06127,0.367292,-8.29699,-3.66479,-10.3742,-281.421,1329.17,142.94,14229.6,11150.2,-3.28924,2.13932,-4.75293,-1.89276,-8.60212,0.710147,1553.33,163.318,14453.8,0.103588,0.844597,0.0203902,14995.4,-0.000184886,0.0712435,16.2025,-16.5574,117.97,97.3334,1.10334,12.984,12.2945,116.183,141.375,1.78703,-44.0416 
66,0.145,47.3677,2.6,66,15647.2,-0.00521206,24.6244,13.7886,116.831,-0.0301633,2.34957,1.84867e-10,-6.84369,1.00138,-7.16226,1.28268,-11.7965,-245.441,1763.58,121.261,13435.1,11055.3,-5.29821,2.54685,-4.07131,2.82816,-10.251,0.714204,1959.09,139.034,13630.7,0.133858,0.889525,0.0184431,14635.6,-0.000164784,0.0901754,17.1105,-15.7316,117.562,96.0848,0.960931,13.6791,12.9156,116.22,143.632,1.34161,-47.5468 
67,-0.003,47.2197,1.9,67,14916.4,-0.0165289,25.3643,12.848,116.936,0.00482421,-7.02032,107.578,-2.3977,-4.6124,-5.18903,1.3571,-9.82351,-252.109,2994.82,119.575,11800.8,10609.6,-0.810244,-3.02494,-2.01411,2.94456,-8.23605,0.819213,3195.63,137.831,12001.6,0.222582,0.929818,0.0207172,14357.1,4.24151e-05,0.242095,13.0147,11.4104,116.83,92.898,0.955403,12.7467,12.01,116.218,141.852,0.612737,-48.9538 
68,-1,46.2227,10,68,15892.9,-0.0442658,26.665,13.1347,116.758,0.0397772,1.24307,482.305,-5.58207,2.11275,-3.7025,-0.465834,-15.48,-261.365,603.223,154.207,15198.3,11402.9,-3.93633,3.75849,-0.41101,1.17991,-13.8342,0.968964,811.41,173.133,15406.5,0.0535957,0.728118,0.0202811,15139.5,0.000415567,-0.0328188,-1.34197,6.4544,112.083,75.853,1.18433,12.8768,-12.4117,116.146,142.289,-4.0627,-66.4359 
69,0.016,47.2387,1.4,69,15242.6,-0.0452443,25.5333,13.1681,116.803,-0.00945263,47.2048,270.611,-2.82731,-3.70436,-13.1527,-0.654837,-11.0139,-296.261,1122.79,117.968,14032.7,10959.7,-0.961832,-1.83889,-9.42172,1.21064,-9.14837,0.532657,1358.77,139.421,14268.6,0.0928843,0.847771,0.0176812,14628.6,-0.000258429,0.0549015,17.9842,16.8283,119.471,98,1.1128,12.8874,-12.117,116.154,141.854,3.31742,-43.8536 
70,0.002,47.2247,1.32,70,14963.7,-0.0271111,25.2026,13.0188,117.005,-0.00144502,3.0575,96.6209,-2.7032,-1.90834,-13.7794,-0.208098,-10.3613,-269.799,1745.03,111.937,13158.1,10681.1,-1.00434,-0.209493,-10.3817,1.49075,-8.66241,0.446816,1959.93,131.474,13373,0.136137,0.894942,0.0177882,14396.8,-0.0001997,0.111894,14.7321,-13.625,117.41,94.0656,1.04972,12.8819,12.1053,116.344,141.876,1.06652,-47.8109 
71,-1,46.2227,10,71,16468.1,-0.0444758,27.5344,13.2234,116.854,0.0695838,-112.439,500,-6.07701,-2.55279,-10.1332,-0.758566,-11.4089,-279.351,562.103,153.543,15862.2,12107.3,-4.31802,-0.793788,-6.61521,1.00043,-9.64988,0.67535,784.616,173.772,16084.7,0.0498378,0.72068,0.0195129,15743.4,0.00027046,-0.0224652,-4.2527,-6.61419,111.871,79.787,1.20322,13.1215,-12.5851,116.21,142.197,-4.33914,-62.4097 
72,0.205,47.4277,3.6,72,16661.3,-0.0246727,25.7461,-14.2256,117.071,-0.000942921,2.24269,500,-0.200013,0.334104,-11.9806,-0.807125,-13.2851,-317.603,2128.12,156.503,14039.3,11922.8,1.79985,2.33397,-7.98085,1.19274,-11.2853,0.427467,2381.1,179.501,14292.3,0.151924,0.883451,0.0226124,15673,-0.00030113,0.106099,17.7415,15.6714,117.923,94.3554,0.955282,14.132,-13.2493,116.403,142.412,1.51992,-48.0566 
73,-1,46.2227,10,73,16311.6,-0.0176507,27.651,-13.0965,116.832,0.00073815,3.23278,500,-5.71837,-3.90689,-4.37181,-2.18351,-15.2847,-299.954,501.305,139.321,15887.4,11788.6,-3.82964,-2.01815,-0.594341,-0.29478,-13.396,0.970479,740.23,161.041,16126.3,0.0470354,0.724258,0.0180634,15737.7,0.000177459,-0.0316839,-2.65439,5.97242,112.968,77.262,1.24612,12.9873,-12.2307,116.208,142.34,-3.24018,-65.0782 
74,-0.004,47.2187,7,74,15484.5,-0.0337836,25.8866,13.1943,117.169,-0.0438725,8.78501,500,-3.371,1.26546,-3.79597,-0.935824,-17.1298,-310.856,2505.24,126.168,12943.5,11131.4,-1.41362,3.22283,0.118787,1.02155,-15.1724,1.00972,2752.85,148.678,13191.1,0.183272,0.913646,0.0203402,15020.6,0.00210587,0.0484756,3.54052,-0.115437,129.999,76.5312,0.992763,13.0892,12.3534,116.473,142.934,13.5261,-66.4024 
75,0.06,47.2827,1.8,75,16819,-0.0416507,27.7151,13.3522,116.85,0.0259161,-19.7496,4.45104,-3.64627,-1.08053,-7.90854,-3.10526,-14.055,-311.567,1551.7,157.955,15204.6,12063.3,-1.68442,0.88132,-3.98483,-1.14341,-12.0931,0.778921,1799.87,180.516,15452.8,0.111303,0.850692,0.0210657,16171,-0.000394739,0.0787383,16.6016,-16.4108,118.177,96.9321,1.12747,13.2642,12.7147,116.202,142.03,1.97488,-45.0979 
76,-0.002,47.2207,1.5,76,15197.5,-0.011391,25.5094,13.0258,116.84,0.00150621,-4.32671,1.19764e-10,1.28058,0.576569,-10.7297,1.62808,-7.90086,-288.196,2040.73,112.967,13036.6,10817,3.09527,2.39127,-7.10032,3.44277,-6.08616,-0.667849,2270.29,133.836,13266.2,0.155416,0.906483,0.0182451,14607.8,-0.000100105,0.142828,-14.5327,-12.5498,116.891,94.7763,1.02862,12.8423,12.2322,116.186,142.767,0.70497,-47.991 
77,0.16,47.3827,2.8,77,15555.1,-0.0306478,24.9987,13.6551,116.891,0.00983158,32.8103,8.90429,-3.62824,0.397983,-2.58304,0.278434,-12.8996,-316.271,1858.33,146.206,13465.2,11122.9,-1.63677,2.38946,1.39991,2.26991,-10.9082,1.21585,2110.26,169.108,13717.2,0.14194,0.87701,0.0222056,14867.2,-0.000321313,0.0933255,16.7908,16.6379,117.896,95.7525,0.984098,13.5917,12.6363,116.281,142.409,1.61463,-46.6569 
78,0.075,47.2977,2,78,15785.9,-0.0311731,25.6203,13.4196,116.906,-0.00110726,10.504,1.30552e-11,-5.38943,-0.658515,-4.55186,0.153096,-11.3832,-293.784,1666.77,128.867,13808.5,11192.7,-3.53954,1.19137,-0.852092,2.00298,-9.53336,0.920593,1900.78,150.14,14042.5,0.127055,0.878557,0.0193151,14960.3,-0.000168332,0.0932411,15.7866,15.282,117.951,95.7852,1.02972,13.42,12.5408,116.25,142.757,1.7011,-46.9714 
79,0,47.2227,1.32,79,15916.6,-0.0281888,26.6717,13.0824,116.975,-0.00338515,-31.7796,371.224,-2.68903,-2.18599,-10.5297,-0.405763,-12.3744,-257.683,1468.88,125.163,14329,11362.3,-1.06647,-0.563429,-7.28456,1.2168,-10.7518,0.605162,1674.14,143.822,14534.3,0.110206,0.869309,0.017902,15191,-0.000271327,0.0865661,15.6123,-14.7919,118.116,96.0999,1.10862,13.1123,12.3024,116.367,142.118,1.74975,-46.0183 
80,0.115,47.3377,2.2,80,16395.4,-0.0218768,26.7904,13.3859,116.923,0.000297574,-22.8399,321.436,-3.2608,0.761952,-6.03612,-2.80923,-9.82254,-284.666,1528.57,141.624,14670.7,11674.3,-1.46834,2.55442,-2.45119,-1.01676,-8.03007,0.764579,1755.31,162.238,14897.5,0.112448,0.860773,0.0196665,15610,-0.000328656,0.0758637,16.9905,-16.5878,118.314,96.198,1.08214,13.3262,12.7668,116.225,142.297,2.0889,-46.0991 
81,0.045,47.2677,1.7,81,15957.8,-0.01922,26.1676,13.3297,116.91,-0.000714915,-0.813272,13.6877,-0.0395977,0.389033,-9.2606,-4.4245,-11.2634,-308.531,1339.36,134.082,14402.2,11354.8,1.90314,2.33177,-5.37513,-2.48176,-9.32069,0.584697,1585.12,156.424,14648,0.104231,0.852737,0.0192921,15207.7,-0.000255723,0.067186,-16.9994,17.1064,118.516,97.5883,1.10362,13.2772,12.2553,116.245,142.361,2.27036,-44.7731 
82,0.13,47.3527,2.4,82,16171.5,-0.0834101,26.5659,13.5787,116.747,-0.188774,224.858,486.664,-1.13826,-0.519597,-6.54517,0.277496,-8.9761,-300.518,1620.16,159.934,14491.2,13124.7,0.754018,1.37268,-2.76061,2.16978,-7.08383,0.50241,1859.53,181.695,14730.5,0.119515,0.853976,0.0222168,15558.9,-0.000500519,0.0822345,16.3731,-17.2529,117.639,97.195,1.06868,13.4789,-12.628,116.111,142.727,1.52807,-45.5317 
83,-0.001,47.2217,1.35,83,15456.5,-0.0180486,25.9516,13.0128,117.056,0.00623859,3.54879,4.85146e-10,-4.43129,-1.00728,-3.82836,1.25117,-10.1192,-275.358,2131.11,129.847,13181.6,10994,-2.69743,0.726574,-0.360647,2.98502,-8.3853,0.953355,2350.45,149.786,13400.9,0.158672,0.899668,0.0201744,14813.3,-0.000107868,0.149173,13.8611,-12.8127,117.358,93.698,1.03256,13.0151,12.235,116.42,141.921,0.937972,-48.2229 
84,-0.005,47.2177,8,84,14481.1,-0.034613,24.3854,13.0601,117.016,-0.12265,104.052,474.638,1.57778,-1.24971,-7.99961,-0.736959,-12.3183,-294.884,2411.28,133.615,12014.1,10782.9,3.43459,0.607095,-4.28599,1.11985,-10.4615,0.552888,2646.17,154.968,12249,0.188503,0.907041,0.0227746,14037.8,-0.000174316,0.176422,13.9608,12.0989,117.383,93.5135,0.92213,13.0412,12.4805,116.309,142.138,1.07367,-48.6246 
85,0.19,47.4127,3.3,85,16259,-0.0497244,25.9183,13.8439,116.817,0.00721456,37.0978,0.905402,-1.90883,1.85333,-5.54072,2.70918,-10.3287,-263.668,2030.23,152.145,13898.6,11689.1,-0.248584,3.51358,-2.22023,4.36943,-8.66841,0.317738,2240.25,171.238,14108.6,0.145837,0.882017,0.0218689,15361.3,-0.000308095,0.102629,16.7015,16.3324,118.195,94.9964,0.977857,13.7629,-13.0433,116.076,142.623,2.11858,-47.6269 
86,0.008,47.2307,1.35,86,14930.6,-0.0269704,25.0126,13.1334,116.994,0.00152678,-1.30248,6.01844e-11,-2.3109,1.09423,-9.29884,-0.602689,-13.937,-292.962,1297.68,115.745,13638.2,10693.8,-0.466194,2.93893,-5.60943,1.24201,-12.0923,0.598955,1531.03,136.959,13871.5,0.106089,0.864643,0.017863,14431.5,-0.000388694,0.067215,-16.66,17.0711,118.922,97.8865,1.07239,13.0305,12.1123,116.321,141.933,2.60045,-44.0466 
87,0.1,47.3227,2,87,15383.5,-0.0253663,25.1732,13.3942,116.96,-0.0153612,-22.4087,500,-0.321684,2.75366,-5.40219,2.61133,-11.9927,-256.981,1222.12,109.865,14025.8,10987.4,1.29646,4.3718,-2.16591,4.22947,-10.3746,0.180439,1426.81,128.473,14230.5,0.097319,0.863876,0.0163585,14661.2,-0.000289575,0.0623324,-17.3988,16.2289,118.881,96.875,1.07462,13.2695,12.2686,116.23,142.361,2.6504,-45.4859 
88,0.006,47.2287,1.32,88,14356.4,-0.0170379,24.5172,12.9499,117.064,0.0030048,-7.20498,500,-1.24236,-0.308238,-12.7826,-1.36055,-14.6735,-337.379,976.952,104.978,13517,10336.3,0.88202,1.81615,-8.53385,0.763835,-12.5491,0.515698,1245.69,129.409,13785.7,0.0885575,0.846167,0.0169982,14066.4,-0.000469015,0.0552832,16.83,-15.4889,119.527,98,1.07848,12.9651,12.0177,116.33,142.243,3.19709,-44.2425 
89,0.03,47.2527,1.6,89,16823.9,-0.0112784,27.4692,13.3903,116.775,0.00509272,-3.96706,1.43478e-10,-4.362,-3.25677,-7.98376,-0.406983,-11.2426,-277.744,1719.51,159.509,14848.1,11974.4,-2.61312,-1.50789,-4.486,1.3419,-9.49372,0.73232,1940.74,179.621,15069.3,0.121637,0.860609,0.0214855,15955.2,-0.000201808,0.09478,15.875,-15.6621,117.911,96.0831,1.10075,13.2862,-12.678,116.077,142.711,1.8336,-46.6284 
90,0.012,47.2347,1.4,90,15870.7,-0.0370328,26.2625,-13.2878,116.988,0.00349942,5.59617,500,-2.58243,-0.146684,-8.18323,-1.21582,-15.3336,-260.086,1527.78,155.051,14200,11360.8,-0.944737,1.49101,-4.90785,0.42187,-13.6959,0.721708,1734.94,173.884,14407.1,0.114642,0.850779,0.0217494,15133.6,-0.000289199,0.0743865,17.0907,17.7632,118.902,97.6115,1.09291,13.0843,12.3028,116.263,142.466,2.63983,-44.854 
91,-1,46.2227,10,91,16794,-0.00864919,27.9598,13.1875,116.79,-0.00504545,2.34105,1.92486e-10,-4.46002,1.13102,-6.49118,1.32273,-13.5769,-321.779,614.644,153.872,16119.9,12003.5,-2.43386,3.15718,-2.43886,3.34889,-11.5507,0.754081,870.953,177.173,16376.2,0.0540938,0.737467,0.0195402,16100.8,-0.000963637,0.0180786,18.1187,-65.898,128.994,98,1.22636,13.0878,12.343,116.043,142.62,12.9512,-44.6204 
92,0.175,47.3977,3,92,16249.6,-0.0515694,25.9348,13.8353,116.849,-0.0324561,-78.0285,385.849,-1.99905,-1.37676,-10.4913,4.37115,-8.45786,-285.29,1901.02,143.944,14009.7,11763,-0.202654,0.419639,-6.89852,6.16755,-6.66147,0.0385948,2128.26,164.602,14237,0.138481,0.880788,0.0208536,15368.6,-0.00028762,0.0960392,16.6767,-16.5731,117.546,95.5083,0.988665,13.7039,-13.0338,116.202,142.639,1.34429,-47.1306 
93,0.004,47.2267,1.32,93,15085.5,-0.049626,25.4508,13.0962,116.832,0.0329693,3.51582,2.4332,1.13445,3.06437,-12.8085,-2.08706,-9.66639,-310.767,1180.15,144.975,13943.9,10854.1,3.09126,5.02119,-8.89489,-0.130244,-7.70957,-0.0316204,1427.68,167.479,14191.5,0.0976145,0.829677,0.0212768,14625.7,-0.00045145,0.0609638,-16.8128,16.8835,119.087,98,1.07841,13.0399,12.3619,116.113,142.03,2.9738,-44.0303 
94,0.145,47.3677,2.6,94,15482.1,-0.00829677,24.9386,13.5226,116.76,0.00348876,-5.86043,12.5957,-4.27255,-0.582898,-5.52487,-0.647335,-10.991,-293.626,1701.55,132.88,13496.5,10978.8,-2.42366,1.26599,-1.8271,1.20155,-9.14216,0.832766,1935.44,154.143,13730.4,0.131621,0.877675,0.0202612,14704.7,-0.000185177,0.0868669,17.4842,-15.2071,117.697,94.5221,0.999401,13.3388,12.693,116.064,141.726,1.63247,-47.2041 
95,-0.003,47.2197,1.9,95,14401.1,0.0207301,23.9849,12.9441,117.162,-0.0570044,-18.4572,499.715,-3.617,0.142378,-13.5018,-1.35641,-15.1805,-338.154,3043.04,101.921,11155,10140.8,-1.48773,2.27165,-9.24325,0.772854,-13.0513,0.554279,3312.39,126.408,11424.4,0.237668,0.937397,0.0199753,13937,-0.000585453,0.0349194,-14306.2,11.6723,139.961,93.4259,0.890575,12.8891,12.0565,116.429,142.616,23.5316,-49.1898 
96,-1,46.2227,10,96,16593.9,-0.0419124,27.5392,13.261,116.932,-0.0144031,22.2653,24.4167,0.765043,-0.652698,-10.2089,0.522253,-17.3814,-312.546,514.82,124.515,15983.8,11898.8,2.73306,1.31532,-6.27291,2.49027,-15.4134,0.585882,763.774,147.147,16232.7,0.0481566,0.747858,0.0164242,15860.2,0.000374793,-0.0240068,-6.48599,6.06388,115.199,78.5894,1.23582,13.0921,-12.3056,116.295,141.645,-1.09567,-63.0555 
97,0.016,47.2387,1.4,97,15883.7,0.0325543,26.2216,13.0916,116.943,-0.0232181,-7.94903,8.29604e-11,-3.05487,-0.4149,-7.68066,-0.285527,-15.7959,-306.964,1169.86,142.255,14400.3,11181,-1.122,1.51797,-3.81491,1.64734,-13.863,0.755996,1414.37,164.483,14644.8,0.0940782,0.8309,0.0202703,15034,-0.000132737,0.0547501,17.6439,-18.2902,119.519,98,1.11397,13.0132,12.3363,116.279,142.55,3.24056,-44.5497 
98,0.002,47.2247,1.32,98,16002.4,-0.0174378,26.6367,13.1762,117.023,-0.0107259,-22.3731,500,-1.32682,0.939852,-2.51083,-1.73336,-9.55758,-302.304,1811.85,145.35,14143.1,11433,0.576708,2.84338,1.29621,0.170163,-7.65405,1.46836,2052.65,167.24,14383.9,0.133033,0.875211,0.0209689,15429.7,-0.000283561,0.107509,15.3557,14.3686,117.87,95.5065,1.09014,13.0996,-12.3475,116.335,143.008,1.53498,-47.5019 
99,-1,46.2227,10,99,16237.1,-0.0389499,27.4027,13.0403,116.729,-0.0248696,34.2861,500,-2.04568,-0.0568259,-5.80144,2.4125,-10.8877,-337.365,551.222,139.443,15669,11660.3,0.0786142,2.06747,-1.55285,4.5368,-8.76343,0.572617,819.946,163.872,15937.7,0.0524194,0.740878,0.0185885,15642,-0.00100096,0.0178277,18.5886,-63.1397,129.774,98,1.23601,12.8524,12.1078,115.981,142.827,13.7927,-44.8267 
100,0.205,47.4277,3.6,100,16371.4,-0.0212904,25.4357,14.2342,117.128,-0.00672828,14.9441,4.1351e-12,1.51907,1.76839,-8.381,-0.407372,-13.9884,-325.114,1943.71,138.69,14030.9,11789.4,3.56623,3.81555,-4.28669,1.63978,-11.9413,0.405155,2202.68,162.232,14289.9,0.142179,0.885825,0.0204849,15492.3,-0.000362175,0.0916428,18.0308,16.6753,118.003,95.1499,0.971652,14.059,13.038,116.459,142.59,1.54485,-47.4403 
101,-1,46.2227,10,101,17199.2,-0.0787609,28.7437,13.3071,116.81,0.200829,-772.218,486.784,-5.73364,0.379577,-10.2207,2.55389,-13.1864,-314.348,630.956,163.633,16518.7,17500,-3.75428,2.35894,-6.26199,4.53325,-11.207,0.56305,881.346,186.395,16769.1,0.0534907,0.72987,0.0200649,16476.6,-0.000500002,0.0244405,-19.1163,27.5454,123.788,98,1.27848,13.0728,12.2567,116.086,142.524,7.70206,-44.5239 
102,-0.004,47.2187,7,102,15169.5,-0.0106108,25.2346,13.1054,116.974,0.00118383,-2.55495,6.79225,1.44557,3.18293,-13.279,-2.1446,-12.5997,-352.705,2519.83,122.772,12638.5,10765.7,3.66646,5.40382,-8.83719,0.076294,-10.3788,0.12237,2800.77,148.312,12919.5,0.189039,0.91519,0.020709,14815.9,-0.000181292,0.181407,-13.8882,12.1734,117.236,93.683,0.973018,13.1127,12.364,116.206,142.504,1.02962,-48.8213 
103,0.06,47.2827,1.8,103,14988.6,-0.0962754,25.2084,13.3484,116.729,-0.00292116,22.2181,63.9547,-2.50916,-0.113677,-9.82166,-2.03364,-14.6702,-280.726,1291.62,124.664,13874.6,10956.1,-0.741504,1.65398,-6.28635,-0.265988,-12.9025,0.660974,1515.23,144.992,14098.3,0.103594,0.856563,0.0185927,14626.6,-0.000579873,0.0678945,16.1006,16.6872,118.239,98,1.05452,13.1899,12.4735,116.007,143.352,2.23198,-45.3525 
104,-0.002,47.2207,1.5,104,13864.2,0.0165601,23.7801,12.585,117.14,-0.0185208,-0.535355,270.08,-0.746933,4.61575,1.06689,0.846368,-10.438,-262.552,4147.63,96.4607,9674.45,9742.66,0.906285,6.26897,4.37332,2.49959,-8.78474,0.16911,4356.76,115.473,9883.59,0.321568,0.955674,0.0210684,13548.5,4.16035e-05,0.355638,12.8291,-10.9646,117.089,92.6305,0.784433,12.7236,11.9532,116.517,142.262,0.571687,-49.6319 
105,0.16,47.3827,2.8,105,16416,-0.027429,25.9965,13.8555,116.954,-0.00352633,-6.92532,500,1.44208,0.900272,-11.5376,-1.69689,-12.0547,-328.911,1847.22,146.727,14191.4,11726.3,3.51314,2.97133,-7.39552,0.374174,-9.98362,0.297037,2109.2,170.544,14453.4,0.135633,0.87604,0.0212737,15550.8,0.00167842,-0.070664,17.9222,0.0917622,117.414,92.4973,1.02094,13.661,12.7538,116.298,142.022,1.11639,-49.525 
106,0.075,47.2977,2,106,15597.4,-0.0766399,25.8192,13.4586,116.906,0.159083,-36.1843,0.357331,2.99539,2.48129,-12.4834,0.0634664,-12.7721,-335.005,1577.62,121.885,14022.4,11499.3,5.10483,4.59072,-8.26456,2.1729,-10.6626,-0.170828,1844.46,146.144,14289.3,0.121879,0.878226,0.0184918,15133.5,-0.000319697,0.0970321,15.1922,-13.9697,117.682,95.2982,1.08131,13.2421,12.2211,116.16,141.737,1.52191,-46.4383 
107,0,47.2227,1.32,107,16388.5,-0.0127312,27.6799,12.9128,116.851,-0.000255507,-11.0084,363.823,-1.26499,3.16202,-4.13751,0.797676,-6.76912,-255.846,1743.07,141.197,14461,11635.5,0.346003,4.77301,-0.915524,2.40867,-5.15813,1.62964,1946.87,159.723,14664.8,0.124918,0.874453,0.0196689,15585.1,-0.000107365,0.107469,14.7238,-14.5139,117.677,94.9603,1.16037,12.7888,12.0868,116.215,141.726,1.46225,-46.7661 
108,0.115,47.3377,2.2,108,15494,0.0243429,25.7898,13.2499,116.862,-0.0218077,-42.8858,6.99013e-12,-3.65094,2.21632,-1.32763,2.0078,-9.81815,-265.434,1471.03,95.4478,14055,11154.3,-1.97957,3.88769,2.01511,3.67916,-8.14678,4.70161,1682.45,114.668,14266.5,0.112537,0.893438,0.0145901,14950.3,-0.000409463,0.0790714,16.0267,15.5613,117.99,94.8911,1.08468,13.1857,12.2948,116.193,140.995,1.79734,-46.1042 
109,0.045,47.2677,1.7,109,15461.6,-0.0678601,25.528,13.4576,116.825,-0.0031113,22.0404,352.349,-0.193975,-1.14249,-3.21804,1.41119,-9.35253,-267.647,1432.12,148.792,14034.5,11185.8,1.49132,0.542807,0.152556,3.09649,-7.66723,1.06399,1645.31,168.173,14247.7,0.110456,0.848268,0.0212806,14895.7,0.000962046,0.0526671,-1.50404,0.0202881,117.201,92.0759,1.0295,13.4177,12.7502,116.187,142.512,1.01365,-50.4358 
110,0.13,47.3527,2.4,110,15988.3,-0.0574663,26.0064,13.6046,116.979,0.0518538,-30.9926,313.135,-0.426501,0.626824,-11.6752,-0.0230225,-14.7927,-317.251,1545.09,116.106,14311,11569.9,1.57114,2.62447,-7.67989,1.97462,-12.795,0.46312,1797.79,139.079,14563.7,0.117181,0.880761,0.0172875,15342,-0.000400944,0.0826165,16.8714,15.1909,117.981,95.6509,1.05936,13.5302,12.5812,116.344,142.655,1.63705,-47.0037 
111,-0.001,47.2217,1.35,111,14650.9,-0.0863378,25.0118,13.115,116.843,-0.207791,354.067,451.585,-1.24913,-2.40776,-9.33191,4.38105,-14.7501,-343.544,1780.65,117.666,13119.3,13073.5,0.914073,-0.244556,-5.0055,6.54426,-12.5869,0.517709,2054.3,142.543,13393,0.14158,0.89172,0.0192288,14509.7,-0.000442591,0.115138,14.5662,-13.7201,117.493,94.4705,1.04064,12.9364,12.0844,116.064,141.798,1.42855,-47.3273 
112,-0.005,47.2177,8,112,15397.6,-0.0265318,25.9793,12.9899,117.016,-0.00511848,-29.3845,24.9064,-0.481483,1.3451,-2.4952,2.5784,-7.59914,-296.359,3294.1,103.624,11983.1,10990.6,1.38461,3.2112,1.23699,4.4445,-5.73305,0.727789,3530.16,125.084,12219.2,0.237019,0.941613,0.018508,14894,-3.52233e-05,0.260586,-13.2036,-11.5786,116.976,92.7679,0.929454,13.0014,12.3591,116.292,142.172,0.684347,-49.4042 
113,0.19,47.4127,3.3,113,16589.5,-0.0727652,25.8631,14.252,117.055,0.0242812,-93.272,481.792,-2.81369,-4.04829,-4.66586,4.75705,-11.4639,-326.778,2136.77,128.61,14129.3,12072.9,-0.756049,-1.99065,-0.550585,6.81469,-9.40626,0.906504,2397.06,152.273,14389.6,0.151911,0.899953,0.0191208,15779.3,-0.000325482,0.110705,16.7258,15.4955,117.66,94.667,0.978988,14.0026,-13.0674,116.326,142.554,1.33359,-47.887 
114,0.008,47.2307,1.35,114,15486,-0.0294926,26.2817,13.0402,116.589,-0.0065001,18.0138,6.94071e-12,-3.48237,0.475803,-5.49129,2.43136,-16.6443,-300.473,1311.81,112.633,14212.2,11160.4,-1.59037,2.3678,-1.7073,4.32336,-14.7523,0.849693,1551.15,134.391,14451.6,0.103471,0.868343,0.016842,14991.1,-0.000375258,0.0671767,16.4263,-17.1974,118.379,98,1.13227,12.8038,12.1412,115.906,142.929,2.47312,-44.9288 
115,0.1,47.3227,2,115,16693.5,-0.026548,27.0038,13.5395,116.743,-0.0188367,8.51253,197.898,-2.26639,0.737748,-7.45772,0.520639,-8.96558,-321.78,1280.25,147.562,15118.6,11907.3,-0.240229,2.76391,-3.40539,2.5468,-6.93941,0.354345,1536.56,170.863,15374.9,0.0970345,0.837103,0.0200608,15835.2,-0.000237457,0.059185,18.1542,18.0493,119.51,98,1.12696,13.256,12.6169,116.052,142.773,3.45799,-44.7732 
116,0.006,47.2287,1.32,116,16133,-0.0494813,26.3329,13.5208,116.772,-0.00398566,-4.45169,187.002,0.756968,0.338288,-6.25867,0.0445572,-13.1198,-275.009,1271.11,136.67,14678,11591,2.48863,2.06995,-2.79535,1.77622,-11.3882,0.643847,1490.17,156.584,14897,0.0971148,0.844676,0.0189947,15344.4,-0.000232167,0.0629324,-17.0514,16.4566,118.91,97.4827,1.11202,13.2944,12.3972,116.096,142.169,2.81374,-44.686 
117,0.03,47.2527,1.6,117,15522.3,7.84564e-05,25.999,13.1253,116.93,-0.00622688,12.5956,7.48278e-12,0.448475,4.6664,-4.99982,2.93662,-7.8223,-284.598,1480.55,124.685,13992.6,11111.2,2.24051,6.45843,-1.41575,4.72866,-6.03026,1.23668,1707.24,145.294,14219.3,0.11434,0.870373,0.018475,14931.2,-0.000317498,0.0848079,-14.6871,16.1955,118.24,96.7457,1.09375,13.1181,12.1594,116.3,142.52,1.94066,-45.7745 
118,0.012,47.2347,1.4,118,16227.4,-0.0542918,26.8712,13.3466,116.684,-0.00784889,-5.05018,379.296,-2.26903,0.897755,-4.38356,2.21483,-8.8752,-281.872,1424.83,133.183,14712.2,11676.2,-0.494157,2.67263,-0.833807,3.98971,-7.10033,0.527843,1649.35,153.594,14936.7,0.106133,0.85987,0.0185902,15540.5,-0.000352888,0.0758864,15.7628,17.0864,117.844,96.7859,1.13608,13.2241,12.2026,115.987,141.988,1.85758,-45.2024 
119,-1,46.2227,10,119,16661.6,-0.0164142,27.3612,13.2562,116.849,-0.0164117,0.157368,3.79581e-10,-2.90684,-0.393819,-11.4352,-0.51332,-11.4516,-265.85,561.169,155.564,15837,11807.3,-1.23285,1.28017,-8.08718,1.16067,-9.77765,0.514483,772.929,174.815,16048.7,0.0492367,0.716434,0.0196709,15698.2,0.000529893,-0.0406919,-1.72994,5.00334,112.687,78.3413,1.24453,13.0363,-12.1538,116.148,142.113,-3.46042,-63.7721 
120,0.175,47.3977,3,120,15763.5,-0.0190197,25.1365,13.7077,117.096,-0.0015259,2.24082,108.925,1.59052,-0.678254,-11.4358,-1.39609,-11.5817,-300.945,1887.63,144.472,13507.3,11216.8,3.48549,1.21672,-7.64584,0.498886,-9.68671,0.369751,2127.34,166.265,13747,0.142659,0.879683,0.021794,14912.1,-0.000244423,0.0901885,17.295,17.0563,118.209,94.9373,0.990545,13.4769,12.7324,116.438,141.94,1.77129,-47.0031 
121,0.004,47.2267,1.32,121,15518.9,0.00417735,25.4611,13.4153,116.908,-0.00872842,11.4924,0.977976,-0.576961,-0.863076,-11.9714,2.6965,-16.1971,-308.648,1597.16,130.782,13830.3,11122.5,1.36651,1.0804,-8.08445,4.63998,-14.2536,0.469912,1843.01,153.132,14076.2,0.123411,0.873054,0.0196462,14933.8,-0.0002411,0.0995034,15.7652,-13.3511,117.412,95.1513,1.06944,13.1892,12.2359,116.25,141.725,1.16242,-46.5741 
122,0.145,47.3677,2.6,122,16330.2,-0.0012095,26.2111,13.6814,116.924,0.0930424,-202.122,3.52115e-11,-1.77319,-1.97973,-4.9732,1.41636,-11.6591,-300.105,1749.27,149.795,14354.8,12285.9,0.116485,-0.0900496,-1.19384,3.30604,-9.76947,0.84355,1988.32,171.526,14593.8,0.127779,0.868834,0.021192,15560.6,-0.000322599,0.0871181,16.6945,16.5459,118.034,95.7417,1.04203,13.5304,12.8053,116.282,142.157,1.75235,-46.4151 
123,-0.003,47.2197,1.9,123,14574.5,-0.0135996,24.4997,12.9847,116.757,-0.00450883,-2.64688,262.894,-0.11174,2.88542,-1.11366,4.21544,-9.72231,-288.288,2542.19,125.858,11901.6,10356.3,1.70353,4.70069,2.51689,6.03071,-7.90704,0.64273,2771.82,146.734,12131.3,0.197228,0.915214,0.0217955,14053.9,-2.66616e-06,0.190606,13.7118,11.7864,116.819,92.4032,0.940365,12.9612,-12.13,116.221,141.493,0.597572,-49.0898 
124,-1,46.2227,10,124,17400.6,-0.0886707,28.8462,13.4514,116.846,0.0165988,106.782,6.35559,-0.775314,-0.795455,-8.49104,-0.279023,-9.10882,-329.58,581.606,159.351,16781.5,12689.1,1.29996,1.27982,-4.34049,1.79625,-7.03355,0.379753,844.129,183.216,17044,0.0505616,0.724725,0.0194174,16695.1,0.00029455,-0.029928,4.1547,7.13261,112.949,78.9554,1.28546,13.232,12.3487,116.18,141.529,-3.23124,-62.5735 
125,0.016,47.2387,1.4,125,16324.8,-0.0051931,26.7707,13.2678,116.948,0.00806417,-8.04362,346.354,0.0470641,1.68049,-8.16095,1.35359,-12.423,-314.824,1183.57,139.279,14874.2,11564.7,2.02942,3.66285,-4.19623,3.33595,-10.4406,0.251821,1434.34,162.076,15124.9,0.0925347,0.834902,0.0193575,15500.5,-0.000221774,0.0588908,16.8508,-17.303,119.344,97.9784,1.13969,13.1906,12.3705,116.211,141.929,3.1335,-43.9508 
126,0.002,47.2247,1.32,126,16017.3,-0.0584321,26.8396,13.2098,116.674,-0.0365964,136.259,375.119,-2.23476,-1.3217,-6.13114,6.85795,-10.6373,-343.907,1865.93,140.845,14095.3,11703.9,-0.0692675,0.843787,-1.80017,9.02344,-8.47181,-2.79765,2139.86,165.748,14369.2,0.138027,0.88063,0.0208065,15503.2,-0.000271375,0.116486,14.2017,-14.3498,117.24,95.0759,1.0718,13.1328,12.5267,115.965,142.249,1.27421,-47.1728 
127,-1,46.2227,10,127,17220.6,-0.0384196,28.1973,13.4202,116.637,-0.0252589,26.3729,198.159,1.15003,3.52291,-8.72473,-0.277659,-13.6049,-288.82,608.187,176.5,16224,12340.3,2.96865,5.34154,-5.08748,1.54097,-11.7863,0.275554,838.243,197.414,16454,0.0519342,0.708144,0.0216235,16140.5,0.000597669,0.108374,-6.46199,0.215805,115.028,70.5458,1.22536,13.1118,-12.6234,115.987,141.612,-0.958192,-71.066 
128,0.205,47.4277,3.6,128,16889.5,-0.0168361,25.4649,14.4817,116.751,4.70028e-06,9.81519,0.402738,1.15848,0.961668,-5.6149,1.95286,-10.2771,-347.706,2213.93,135.526,13965.3,12004.8,3.34789,3.15108,-1.23608,4.14227,-8.08769,1.93822,2490.89,160.705,14242.2,0.158291,0.89855,0.0203625,15736.2,-9.61235e-05,0.104144,17.6584,16.5338,117.613,95.2369,0.9294,14.1253,13.5519,116.09,143.531,1.5235,-48.2944 
129,-1,46.2227,10,129,16000.2,-0.0468252,26.1925,13.4718,116.756,0.0114168,15.7289,18.9165,-1.63804,-0.286363,-18.2657,0.830124,-12.3228,-355.003,580.52,131.987,15346.3,11492.6,0.597316,1.949,-13.795,3.06548,-10.0874,0.244963,863.293,157.694,15629,0.0560642,0.757768,0.0182473,15398.3,0.000426597,-0.0288961,-7.20309,-2.30339,119.006,74.826,1.18678,13.1349,-12.2298,116.06,142.023,2.94589,-67.1975 
130,-0.004,47.2187,7,130,15276.2,-0.0068124,25.4486,13.0692,116.845,0.00201838,-36.4741,305.466,-0.599871,4.04998,-11.1513,1.38874,-13.165,-343.621,2275.36,108.304,12817.4,10829.4,1.56382,6.21367,-6.82394,3.55243,-11.0014,-0.050584,2549.06,133.187,13091.1,0.173125,0.916224,0.0183965,14723.8,-5.88895e-07,0.156041,13.8404,-12.8471,117.024,93.986,0.996768,12.9172,12.3858,116.154,142.547,0.869561,-48.5609 
131,0.06,47.2827,1.8,131,16245.5,-0.0512183,26.5953,13.3381,116.975,-0.0251132,-56.404,7.45529e-12,-2.3636,1.03272,-9.61279,-1.98939,-12.1759,-312.871,1503.41,154.463,14486.8,11593.8,-0.39353,3.00279,-5.67266,-0.0193176,-10.2059,0.573118,1752.62,177.119,14736,0.113386,0.849723,0.0216615,15457.1,-0.000146778,0.0756615,16.6577,-16.7437,118.829,95.7832,1.11233,13.0923,12.3618,116.258,141.635,2.57128,-45.8523 
132,-0.002,47.2207,1.5,132,15063.9,0.0173895,24.6869,13.1745,116.876,0.00362026,-11.3813,72.501,-1.06448,3.83798,-4.76,4.44455,-9.70416,-326.253,5155.81,101.278,9658.44,10588.9,0.989844,5.89231,-0.651343,6.49888,-7.64983,1.12822,5415.69,124.903,9918.31,0.369931,0.961205,0.022672,14639.7,0.000157557,0.412972,13.4594,11.2639,116.771,92.07,0.742169,13.0498,12.3707,116.256,141.57,0.514623,-49.4999 
133,0.16,47.3827,2.8,133,15160.4,-0.0732566,24.5554,13.7334,116.814,-0.277813,-453.896,480.186,0.610152,-3.03294,-10.3837,2.58176,-10.2051,-282.783,1815.22,118.917,13209.8,15082.8,2.39076,-1.25233,-6.82246,4.36237,-8.42448,0.299984,2040.46,139.394,13435.1,0.140382,0.893216,0.018754,14535.1,-0.000387564,0.0916866,16.753,16.2421,118.196,94.175,0.978966,13.4951,12.582,116.093,141.932,2.10344,-47.7565 
134,0.075,47.2977,2,134,16541.4,-0.0748914,27.0967,13.5735,117.041,0.00847374,37.3091,113.041,-6.51744,-1.79358,-7.454,3.80822,-11.7655,-341.055,1756.6,115.571,14704.2,11983.3,-4.36991,0.353951,-3.15893,5.95576,-9.61797,0.708508,2028.26,140.267,14975.8,0.127118,0.892042,0.016961,15955.8,-0.000311681,0.102441,15.6235,-14.2613,117.733,94.7616,1.09718,13.4209,12.5104,116.323,142.323,1.40973,-47.5617 
135,0,47.2227,1.32,135,15897.8,-0.039269,26.8735,13.0157,116.654,0.0115218,9.83172,69.0778,-2.05372,1.57614,-6.95719,1.97359,-6.3944,-316.039,1929.41,129.037,13929.8,11390.1,-0.0637081,3.56616,-2.97715,3.9636,-4.40438,36.2254,2181.15,151.922,14181.6,0.14191,0.891352,0.0193519,15370,0.0016316,-0.224629,9.08188,-0.0434101,116.555,93.4741,1.09199,12.8793,12.2422,116.028,142.576,0.526913,-49.102 
136,0.115,47.3377,2.2,136,16876.7,-0.02729,27.2554,13.6105,116.849,0.00479097,12.251,500,-4.01221,1.49636,-8.51747,2.63161,-12.7765,-317.929,1520.36,134.202,15183.8,12077.9,-2.0103,3.49827,-4.51365,4.63352,-10.7746,0.507605,1773.6,157.224,15437.1,0.109956,0.865702,0.0184161,16130.1,-0.00040207,0.0779078,16.6376,-16.2561,118.29,96.3354,1.10371,13.6166,12.7313,116.184,141.992,2.10555,-45.6565 
137,0.045,47.2677,1.7,137,16842.1,-0.0505681,27.6758,13.4258,116.904,0.037528,62.3825,436.431,-1.83322,1.10911,-14.5559,1.55489,-11.1478,-356.447,1392.3,130.832,15260.5,12172,0.411236,3.35356,-10.067,3.79934,-8.90331,0.117408,1676.22,156.643,15544.4,0.103903,0.859448,0.0182249,16132.5,0.00105665,0.037644,3.79957,5.38794,120.031,62.2955,1.15195,13.2308,-12.5291,116.254,142.81,3.77674,-80.5141 
138,0.13,47.3527,2.4,138,15840.8,-0.0207669,25.4512,13.6069,116.756,0.00994859,8.05086,1.97519e-10,-5.95367,3.43095,-6.44152,3.32825,-10.3167,-288.287,1657.69,145.044,13945.5,11276.2,-4.1384,5.24622,-2.81099,5.14351,-8.50139,0.444584,1887.33,165.92,14175.1,0.125236,0.866666,0.0211067,15070.2,-0.000253857,0.0865482,16.0923,15.9889,117.999,95.9811,1.01045,13.4988,12.8582,116.148,142.36,1.85112,-46.3788 
139,-0.001,47.2217,1.35,139,15024.7,-0.000992275,25.3743,12.8662,116.751,-0.0072099,-43.0039,311.275,-2.48151,-0.526897,-7.14585,2.76779,-8.58545,-340.315,2746.49,114.138,12158.1,10637.8,-0.33864,1.61598,-2.8601,4.91066,-6.44257,0.0817328,3017.57,138.781,12429.2,0.207013,0.925511,0.020154,14576.7,7.53474e-05,0.206817,13.3297,11.8788,117.064,92.6303,0.983065,12.7258,12.0168,116.059,141.917,1.00481,-49.2869 
140,-0.005,47.2177,8,140,15350.7,0.00471301,25.4023,13.1054,116.974,-0.0040596,-2.49739,14.1625,1.63287,3.0145,-7.49435,4.89572,-9.83219,-305.169,2701.44,102.636,12503.3,10837.5,3.55444,4.93607,-3.65121,6.81729,-7.91062,1.9747,2944.52,124.734,12746.3,0.198973,0.930984,0.0177074,14798.6,0.00240189,-0.872671,0.0286603,28.1511,119.185,80.2355,0.970453,13.0206,12.2489,116.249,142.398,2.93664,-62.1621 
141,0.19,47.4127,3.3,141,16235.5,-0.109706,25.354,14.4001,116.933,0.000258183,-5.41785,47.555,-3.17482,-0.116072,-6.71702,0.308088,-10.675,-335.006,1973.15,154.571,14008.9,11885.3,-1.06537,1.99337,-2.49814,2.41753,-8.56561,0.676332,2240,178.829,14275.7,0.144363,0.877416,0.0225552,15516.4,-0.000518944,0.0900026,17.48,18.0681,117.648,94.915,0.963652,14.1392,-13.0453,116.31,142.597,1.33811,-47.6824 
142,0.008,47.2307,1.35,142,15359.7,-0.0387722,25.4916,13.2605,116.783,0.00235408,-0.636171,1.67308,-4.73408,-0.0887779,-7.21983,5.77924,-10.6464,-344.121,1274.94,126.693,14080.7,11004.1,-2.56724,2.07806,-2.88614,7.94608,-8.47959,0.261636,1549.05,151.612,14354.8,0.10397,0.853767,0.0190846,14899,-0.000393316,0.0630401,-17.2105,17.4216,118.654,98,1.09484,13.101,12.1861,116.112,142.694,2.5414,-44.6937 
143,0.1,47.3227,2,143,17216.1,-0.075269,28.4621,13.4387,116.583,0.0390718,-27.8329,491.82,-1.34731,-1.54058,-4.66337,2.24441,-11.1726,-347.745,1423.49,141.651,15782.2,12486.9,0.842348,0.64908,-0.284058,4.43407,-8.98298,0.914992,1700.48,166.832,16059.2,0.10222,0.853468,0.0187775,16635.5,-0.000496613,0.0750395,-16.157,-16.275,118.535,97.6035,1.16948,13.4282,12.6176,115.889,142.3,2.6464,-44.697 
144,0.006,47.2287,1.32,144,15506,-0.191841,26.019,13.1516,116.931,-0.116641,-50.2274,5.03967e-14,-1.00672,-0.949874,-1.11757,3.08938,-10.5622,-316.776,1088.13,121.208,14294.1,11330.2,0.987936,1.04478,2.87174,5.08403,-8.56756,-1.02103,1340.45,144.147,14546.5,0.0901529,0.841618,0.017927,14868.7,-0.000276095,0.0543944,17.1044,-17.4357,119.642,98,1.13171,12.9361,12.1338,116.357,142.391,3.2858,-44.3908 
145,0.03,47.2527,1.6,145,15534.3,-0.00203732,25.6759,13.1509,116.856,-0.00934505,17.0712,15.6167,-4.17776,0.0393872,-4.54666,1.44695,-12.0671,-339.141,1615.24,108.012,13730.8,10997.2,-2.04228,2.17487,-0.275707,3.58243,-9.93164,0.957533,1885.38,132.57,14001,0.126482,0.890432,0.0171432,14906.3,-0.000110184,0.0925882,15.4249,-14.7774,117.701,95.3535,1.07998,12.9913,12.1736,116.209,142,1.49241,-46.6462 
146,0.012,47.2347,1.4,146,14762.7,-0.0746929,24.3995,13.4895,116.814,0.0902509,-110.096,403.085,-4.89813,-2.98568,-6.10612,4.06848,-11.513,-330.748,1460.29,125,13345,11038,-2.8155,-0.90305,-1.94085,6.15112,-9.43035,0.782869,1723.74,148.95,13608.5,0.119874,0.868644,0.0197641,14379.6,-0.000397544,0.0756123,16.4825,16.2312,118.134,97.1021,1.01872,13.159,12.3986,116.154,143.233,1.97942,-46.1308 
147,-1,46.2227,10,147,16246.5,-0.0421583,26.7373,13.3775,116.951,-0.0160099,-30.2797,291.528,-3.423,-1.25078,-6.225,2.97635,-13.4339,-308.597,644.653,163.177,15457.8,11659.4,-1.47985,0.692371,-2.3387,4.9195,-11.4908,0.758834,890.461,185.523,15703.7,0.0574682,0.732813,0.0212991,15494.9,0.000569164,-0.0167471,-7.21107,5.25541,116.761,77.4467,1.1899,13.0067,-12.395,116.235,142.374,0.525519,-64.9276 
148,0.175,47.3977,3,148,15655.8,-0.0913783,24.9526,14.0439,116.875,-0.0246487,6.65462,9.57169,-0.0366491,0.117009,-3.34557,3.53442,-10.5743,-328.392,1985.59,131.545,13607,11413,2.03115,2.1848,0.790024,5.60221,-8.50648,0.624104,2247.16,155.325,13868.6,0.148377,0.892092,0.0202141,15144.9,-0.000517331,0.0936778,17.1325,17.4046,118.063,94.8135,0.980883,13.835,12.6091,116.198,142.121,1.86482,-47.3079 
149,0.004,47.2267,1.32,149,15291.5,0.0285646,25.4131,13.2296,116.847,-0.0905449,32.9182,3.842e-13,-3.92732,4.07548,-5.2885,4.48717,-12.7601,-331.819,1367.73,131.35,13922.6,11041.6,-1.83794,6.16485,-1.10975,6.57655,-10.6707,-0.265429,1632.04,155.377,14186.9,0.110081,0.857186,0.0197761,14825.8,-0.000345887,0.0764501,15.2362,16.3175,118.007,96.5957,1.09282,13.159,12.0437,116.133,142.02,1.87441,-45.4246 
150,0.145,47.3677,2.6,150,17158.9,-0.082519,27.5233,13.8818,116.761,0.00978036,53.2008,3.6982,-1.87998,0.589131,-5.23299,7.99921,-9.71366,-318.949,1984.25,129.171,15032,12454.7,0.128357,2.59747,-1.21631,10.0076,-7.70532,1.3191,2238.31,152.267,15286,0.136032,0.893616,0.0180189,16454.3,-0.00037237,0.106304,16.1259,-15.1813,117.684,94.4546,1.07301,13.6818,12.9032,116.122,142.007,1.5619,-47.5525 
151,-0.003,47.2197,1.9,151,14680.5,-0.0272204,24.6032,13.0865,117.027,-0.0323556,50.6829,472.531,-0.476141,2.71594,-6.09156,1.33531,-11.9948,-322.11,2750.05,112.199,11878.5,10534.6,1.5521,4.74418,-2.03508,3.36355,-9.96654,0.130969,3006.62,135.523,12135.1,0.210367,0.926886,0.0201577,14292.3,-6.79032e-05,0.209267,13.7416,11.5196,117.23,93.2406,0.927416,12.9931,12.2594,116.405,142.351,0.824711,-49.1108 
152,-1,46.2227,10,152,17025.5,-0.0180193,28.3889,13.3129,116.635,-0.00995739,31.5975,1.24143e-11,-4.36102,-3.01048,-12.0623,5.43625,-15.9089,-386.632,574.418,136.926,16435,12313.4,-1.9265,-0.575961,-7.19324,7.87077,-13.4744,0.529832,882.384,164.923,16743,0.0536295,0.753531,0.0178218,16453.3,0.000282949,-0.0364566,2.81596,5.06939,113.523,79.7064,1.28334,13.0494,-12.2555,115.946,141.8,-2.42322,-62.0934 
153,0.016,47.2387,1.4,153,15175.8,-0.0347957,25.2364,13.2185,116.909,0.0223611,-34.767,237.795,-3.4025,-0.150397,-8.67456,4.31865,-15.8919,-302.36,1145.93,121.084,13901.9,10884.7,-1.49862,1.75348,-4.8668,6.22253,-13.988,0.606799,1386.77,142.979,14142.7,0.0953794,0.84715,0.0182827,14539.5,-0.000284998,0.054301,-17.5988,-18.4652,119.486,98,1.09727,12.9349,12.1391,116.312,142.754,3.17425,-44.7545 
154,0.002,47.2247,1.32,154,16658.7,-0.0536727,27.4456,-13.4061,116.839,-0.00501401,3.79907,382.972,-3.01508,0.754416,-11.1158,5.06112,-10.2815,-340.239,2161.06,138.95,14365.2,11978.2,-0.872684,2.89681,-6.831,7.20352,-8.13915,-0.189551,2432.08,163.588,14636.2,0.15159,0.894687,0.0201737,16043.8,-0.000147117,0.135516,15.0425,13.5021,117.274,94.6785,1.10211,13.0825,-12.3919,116.067,142.48,1.2064,-47.802 
155,-1,46.2227,10,155,16320.2,-0.00747431,27.1553,13.2023,116.758,-0.00691977,-22.0877,500,-0.760193,0.124854,-6.94389,3.41004,-11.59,-309.614,575.275,144.383,15709.2,11675.7,1.18936,2.07441,-3.04478,5.3596,-9.64046,0.250397,821.894,166.803,15955.8,0.052481,0.737919,0.0188937,15660.8,0.000326044,-0.0206418,-6.54917,5.65163,111.43,83.3716,1.18983,13.0792,-12.6103,116.109,142.132,-4.67899,-58.7602 
156,0.205,47.4277,3.6,156,14120.1,-0.102801,22.8421,13.9378,117.064,0.0478684,5.82609,132.419,-1.65819,1.28254,-5.00969,2.33103,-13.363,-345.334,2005.68,119.977,12114.2,10373,0.516282,3.45701,-0.660741,4.50551,-11.1885,0.803961,2280.76,144.984,12389.2,0.165239,0.899892,0.0211021,13802.7,-0.000550675,0.100297,16.8278,16.4325,118.281,93.8472,0.879231,13.6949,12.7027,116.252,142.073,2.02898,-48.2254 
157,-1,46.2227,10,157,17243.1,-0.0401869,28.1416,13.5214,116.837,-0.000825223,-30.4376,500,-2.4339,4.49018,-8.20142,4.9412,-14.6648,-329.977,621.836,150.16,16461.4,12387.7,-0.356126,6.56795,-4.04587,7.01897,-12.587,-0.189223,884.675,174.055,16724.3,0.0538181,0.74388,0.0188107,16438.3,0.000395662,-0.020585,-85.9766,0.0248085,104.37,88.8882,1.24129,13.2433,12.5205,116.132,142.574,-11.7621,-53.686 
158,-0.004,47.2187,7,158,15850.1,-0.0176348,26.2963,13.2255,116.874,-0.00114109,5.58242,6.79107e-12,-0.95869,-1.89774,-4.9125,6.09998,-14.6973,-306.498,2395.81,154.091,13337.9,11321.6,0.971246,0.0321935,-1.05263,8.02991,-12.7674,0.78009,2639.94,176.285,13582,0.172871,0.895369,0.023351,15271.2,-9.82926e-05,0.15994,13.9955,13.3735,117.259,93.8338,1.03126,13.1023,12.2612,116.223,142.359,1.03585,-48.5254 
159,0.06,47.2827,1.8,159,15691.1,-0.0453882,25.5107,13.5622,116.998,-0.0281831,-4.70296,14.2763,-0.131469,2.18589,-10.9849,4.5839,-15.9277,-300.14,1439.01,107.931,14077.6,11267.2,1.75843,4.07579,-7.20509,6.4738,-14.0378,0.193601,1678.08,129.665,14316.7,0.111927,0.880885,0.0164099,14992.6,-0.000238063,0.0778042,16.3862,-15.5083,118.486,95.9509,1.09036,13.293,12.131,116.31,141.704,2.17614,-45.7529 
160,-0.002,47.2207,1.5,160,16149.8,-0.0171417,26.9844,13.072,117.186,-0.0146023,3.03129,495.616,-1.48912,2.80495,-2.83863,4.75816,-11.2547,-313.566,3065.69,127.744,12908,11484.3,0.485318,4.77939,1.11025,6.7326,-9.28024,0.709914,3315.45,150.45,13157.7,0.213183,0.92643,0.0206287,15552.2,0.000118756,0.241159,-13.1544,-11.5117,117.275,93.1972,1.01268,12.9572,12.1746,116.463,142.484,0.811408,-49.2871 
161,0.16,47.3827,2.8,161,16229.5,-0.0324023,26.125,13.7227,116.746,0.00886153,-3.26804,7.42339e-11,-5.19986,-0.810078,-3.36455,4.37705,-9.234,-312.073,1768.7,139.367,14279,11671.5,-3.23482,1.15496,0.565528,6.34209,-7.26896,1.23166,2017.28,161.965,14527.5,0.129913,0.876804,0.020124,15527.9,-0.00036166,0.0894662,15.9691,16.8524,117.797,95.764,1.02872,13.6598,12.7979,116.044,142.413,1.75324,-46.649 
162,0.075,47.2977,2,162,15921.3,-0.0626884,26.3331,13.403,116.72,0.046911,-5.40128,5.12702,2.34442,-3.58687,-10.7444,1.76247,-13.1721,-362.24,1662.98,121.117,14140.2,11497.7,4.62535,-1.30594,-6.18253,4.0434,-10.8912,0.363342,1951.51,147.348,14428.8,0.126967,0.883289,0.0184644,15370.3,-0.000238146,0.0968296,15.5863,-14.5855,117.54,96.1503,1.06968,13.0781,12.6102,115.983,142.735,1.55689,-46.5849 
163,0,47.2227,1.32,163,15498.8,-0.0469601,25.8843,13.2618,116.887,-0.0473256,11.2871,500,-0.889235,2.73824,-9.27129,-2.67699,-12.5635,-379.601,1568.72,122.192,13919.6,11192.1,1.50101,5.12849,-4.4908,-0.286746,-10.1732,0.460321,1871.08,149.68,14222,0.123933,0.877198,0.0190186,15097.5,-0.000288156,0.0879932,15.9529,15.2068,117.763,96.3058,1.11321,12.9395,11.9819,116.141,141.999,1.62202,-45.6927 
164,0.115,47.3377,2.2,164,15456.9,-0.0471243,24.9014,13.6977,116.95,-0.038244,-0.575019,327.741,0.211376,0.121692,-11.2889,1.64547,-12.7431,-344.922,1514.04,122.44,13793.5,11104.4,2.38326,2.29357,-6.9451,3.81735,-10.5712,0.230218,1788.78,147.416,14068.2,0.120277,0.873958,0.0189373,14872.2,-0.000310355,0.0728228,17.5145,16.3302,118.488,96.3851,1.02224,13.4138,12.6097,116.245,142.301,2.24355,-45.9161 
165,0.045,47.2677,1.7,165,15378.2,-0.039853,25.5808,13.2348,116.777,-0.0435696,-48.2211,477.352,0.540996,1.42521,-11.2558,0.618261,-11.526,-337.205,1334.03,146.591,13961,11089.6,2.66428,3.5485,-7.0092,2.74155,-9.40271,0.0601232,1602.62,171.008,14229.6,0.108022,0.842649,0.0216586,14836.1,-0.000385398,0.0677462,16.3087,17.6802,118.753,97.4255,1.08847,13.1538,12.1723,116.015,141.832,2.73761,-44.4068 
166,0.13,47.3527,2.4,166,16788.2,-0.0535516,27.3972,13.532,116.858,-0.0121757,14.7148,297.112,0.237089,-0.492807,-5.05393,3.19602,-16.1305,-336.221,1701.08,144.459,14869.9,12074.6,2.35418,1.62429,-0.819741,5.31311,-14.0134,0.852075,1968.9,168.806,15137.7,0.122696,0.869536,0.0201285,16046.9,-0.000255696,0.0864491,16.4436,-16.6129,118.611,95.8574,1.12431,13.2112,12.5004,116.108,141.96,2.50337,-46.1027 
167,-0.001,47.2217,1.35,167,14904,0.000145726,25.2968,-12.956,116.825,-0.0227351,-4.45815,500,-0.715729,-0.516188,-9.10594,1.96127,-10.7442,-344.558,1615.56,93.994,13273.1,10672.5,1.45386,1.6534,-4.76675,4.13086,-8.57464,0.218982,1890.01,118.944,13547.6,0.130442,0.900793,0.0159158,14489.2,-0.000228367,0.0944453,15.0596,-15.0877,117.694,95.4857,1.09146,12.7541,11.807,116.096,141.8,1.59805,-46.3147 
168,-0.005,47.2177,8,168,16699.9,-0.00345358,26.9294,13.4849,116.791,-0.0174285,-2.31616,33.8786,0.264938,3.07835,-7.45729,4.7343,-12.9131,-315.285,2185.56,142.606,14146.7,11822.7,2.2502,5.06361,-3.48676,6.71957,-10.9279,-8.14564,2436.7,165.436,14397.8,0.153962,0.893804,0.0207278,15826.7,1.14658e-05,0.13878,15.0611,-13.018,117.323,93.629,1.04883,13.3219,12.6885,116.125,142.065,1.19739,-48.4359 
169,0.19,47.4127,3.3,169,16921.1,-0.0132701,26.2823,14.1396,116.718,0.0183555,-63.399,499.817,0.88549,-0.572462,-8.76859,4.93893,-14.6977,-294.21,2214.93,146.115,14209.5,12135.4,2.73805,1.2801,-5.06347,6.79149,-12.8452,0.286733,2449.28,167.419,14443.9,0.154217,0.89316,0.0209055,15882.1,-0.000122369,0.110701,16.4617,16.1758,117.402,94.4151,0.990539,13.8604,13.0808,116.075,142.052,1.32652,-47.637 
170,0.008,47.2307,1.35,170,15624,-0.0528321,26.5278,12.9642,116.87,0.151811,-56.4117,1.42614e-11,-1.90364,-1.69835,-1.27709,4.17707,-9.20838,-358.459,1223.12,110.158,14390.8,11474.2,0.35348,0.558778,3.23716,6.43419,-6.95126,0.108798,1508.64,136.114,14676.3,0.0995304,0.86364,0.0167975,15157.6,-0.00031703,0.0661742,15.911,-16.7558,118.604,98,1.15177,12.8203,12.0705,116.146,141.801,2.45822,-43.8015 
171,0.1,47.3227,2,171,16489.5,-0.0238433,26.7816,13.475,116.922,-0.0138056,6.95142,499.056,3.46911,0.690114,-2.97146,3.45719,-12.0774,-302.822,1419.68,163.557,14829.9,11751,5.37591,2.59691,0.842121,5.36398,-10.1706,0.789907,1660.89,185.485,15071.1,0.105944,0.836515,0.0221687,15677.1,-0.000255947,0.0635915,17.4174,19.1101,119.736,98,1.11019,13.2896,12.5028,116.228,142.067,3.50778,-44.0667 
172,0.006,47.2287,1.32,172,15889.6,-0.0032382,26.6472,12.9662,116.785,-0.02731,3.59571,161.599,-0.52438,2.07415,-5.58513,4.42761,-12.4553,-306.377,1210.21,143.746,14563.4,11250.8,1.40479,4.00332,-1.72678,6.35678,-10.5261,-2.53875,1454.25,165.932,14807.5,0.0955158,0.833557,0.0202251,15225.2,-0.000264815,0.0585869,16.6063,18.2554,119.699,98,1.14261,12.8979,-12.2576,116.098,141.33,3.60117,-43.3303 
173,0.03,47.2527,1.6,173,15152.9,0.000187868,25.1293,13.0972,116.797,-0.0066748,-10.4186,93.84,-2.03957,0.286298,-0.523761,5.23337,-6.58978,-336.396,1532.2,104.455,13472.5,10716.3,0.078629,2.4045,3.71263,7.35157,-4.47158,0.590928,1800.15,128.814,13740.5,0.123477,0.888711,0.0169762,14578.8,-0.000168611,0.0902136,15.1562,-14.6425,117.713,95.5298,1.05166,13.0947,12.2009,116.152,141.923,1.56125,-46.3928 
174,0.012,47.2347,1.4,174,15552.5,-0.00960554,25.577,13.2507,116.902,0.00285147,6.56726,144.02,0.42979,1.69954,-8.66118,0.484448,-14.5226,-311.442,1346.24,134.679,14051.7,11033.4,2.39086,3.66061,-4.73904,2.44552,-12.5615,0.461692,1594.32,157.231,14299.8,0.107051,0.852817,0.0198524,14893.1,-0.000237472,0.0704312,16.0362,-16.6306,118.996,96.3686,1.09625,13.1143,12.1802,116.154,141.475,2.84151,-45.1063 
175,-1,46.2227,10,175,15614.9,0.0152006,26.1657,13.169,116.726,-0.0326791,5.54151,7.1525e-11,-1.68418,-3.28399,-5.28507,3.58197,-13.6481,-333.006,637.534,131.906,15077.4,11223,0.412673,-1.18714,-1.09137,5.67883,-11.5512,0.858964,902.786,156.02,15342.6,0.0595056,0.767792,0.018388,15171.4,0.000321322,-0.0660496,1.85148,-2.90103,124.929,72.2926,1.18673,13.0058,-12.1323,115.994,142.078,8.93517,-69.7854 
176,0.175,47.3977,3,176,16738.3,-0.0366553,26.4697,13.8928,116.845,-0.0457022,62.4004,463.813,3.18982,0.0732601,-6.56212,2.76506,-14.2432,-343.821,1958.27,147.642,14434.4,12063.9,5.35477,2.23821,-2.23222,4.93001,-12.0783,-0.248784,2232.13,172.539,14708.3,0.14029,0.880847,0.0211521,15910.8,-0.000320476,0.0940333,17.2649,-16.3953,118,95.3105,0.999216,13.8082,-13.2605,116.187,142.727,1.81281,-47.4167 
177,0.004,47.2267,1.32,177,15063.7,0.0250494,24.6749,13.1455,116.828,0.00658565,-18.4251,40.126,-0.771737,-0.569575,-1.06121,4.97551,-11.9224,-298.88,1456.83,123.356,13353.6,10563.1,1.11023,1.31239,2.70273,6.85748,-10.0404,-0.39143,1694.9,144.999,13591.6,0.118234,0.869782,0.0192733,14335.1,-4.17695e-05,0.0805506,15.8323,-15.1907,118.42,95.4865,1.0343,13.0639,12.2716,116.213,141.325,2.20699,-45.8382 
178,0.145,47.3677,2.6,178,16268.7,-0.0324186,25.7911,13.8524,117.003,-0.0482591,12.7011,477.714,-1.70351,0.975756,-5.64535,3.48048,-9.26516,-306.276,1629.7,111.279,14254.9,11650.2,0.225025,2.9043,-1.78827,5.40902,-7.33662,-2.04882,1873.66,133.457,14498.9,0.122002,0.889166,0.0166733,15357.6,-0.000270376,0.0828204,16.9745,15.8345,118.618,94.9931,1.00533,13.7708,13.0645,116.337,142.659,2.28114,-47.6663 
179,-0.003,47.2197,1.9,179,14385.6,0.00555801,23.7212,13.1464,117.086,-0.0169268,-0.67338,23.2672,3.64273,0.29278,-9.04582,3.81567,-9.51132,-324.981,2552.68,110.3,11604.4,10152,5.68905,2.3391,-4.95318,5.86199,-7.465,4.36501,2811.53,133.833,11863.3,0.203081,0.923103,0.0203582,13844.4,0.000160228,0.186454,13.9703,-11.7144,117.752,92.9166,0.921837,12.88,12.0908,116.346,142.286,1.40656,-49.3691 
180,-1,46.2227,10,180,16334.6,-0.0353194,26.9358,13.4232,116.761,-0.00306864,-26.5695,500,-5.1367,-0.604736,-5.23382,4.87226,-11.8113,-303.489,543.501,151.236,15692.1,11772.8,-3.22572,1.30625,-1.41185,6.78325,-9.90032,0.781054,785.241,173.213,15933.8,0.050324,0.721488,0.0196319,15603.7,0.000316056,0.00370412,-0.0373757,0.22237,114.369,76.4945,1.1953,13.1583,-12.4487,116.01,141.863,-1.64128,-65.3684 
181,0.016,47.2387,1.4,181,16605.7,0.0053168,26.8706,13.4012,116.787,-0.0123584,0.52216,73.1831,0.564037,-1.36622,-5.40331,4.26338,-9.14715,-298.677,1240.61,136.372,15044.7,11722.6,2.44472,0.514465,-1.64194,6.14407,-7.26647,9.42672,1478.52,158,15282.6,0.0942253,0.842452,0.0186888,15691.3,-0.000139662,0.059382,17.1646,-17.2277,119.106,98,1.14028,13.2831,12.4043,116.113,141.74,2.99295,-43.7398 
182,0.002,47.2247,1.32,182,16572.3,-0.00461683,27.0488,13.3277,116.819,-0.0115734,-3.19473,246.175,2.38406,-0.161005,-6.01504,4.22755,-10.356,-343.996,1789.78,129.025,14533.1,11736.6,4.55011,2.00504,-1.68295,6.3936,-8.18991,1.54714,2063.79,153.935,14807.1,0.130335,0.884541,0.0187906,15834.4,-9.37495e-05,0.111928,14.7826,-13.6789,118.092,94.1599,1.09238,13.2684,12.5404,116.109,141.485,1.98314,-47.325 
183,-1,46.2227,10,183,16431.2,-0.00733445,26.6484,13.4245,116.832,-0.0193725,-2.48717,379.991,-0.203357,4.43381,-6.28925,5.05336,-12.8383,-304.69,624.119,151.773,15441.5,11647.2,1.7152,6.35236,-2.45215,6.97191,-10.9198,2.47049,866.816,173.837,15684.2,0.0560931,0.740217,0.0200085,15453.2,0.000552938,-0.0422643,0.0751572,2.37775,117.008,75.5691,1.15744,13.2977,-12.5871,116.279,141.678,0.728477,-66.1092 
184,0.205,47.4277,3.6,184,16624,0.00057733,25.3758,14.2275,116.89,-0.00203733,-1.46616,2.04047,-0.314078,2.13467,0.218235,3.83279,-6.96497,-325.984,2013.69,163.742,13961.6,11752.9,1.73856,4.18731,4.32351,5.88542,-4.91234,0.614745,2273.35,187.347,14221.3,0.146676,0.873959,0.0236925,15499.1,-0.000229979,0.0862855,18.1661,18.4437,118.425,94.9479,0.945128,14.1191,-13.3398,116.307,141.987,2.11806,-47.0392 
185,-1,46.2227,10,185,16022.2,-0.0294831,26.446,13.3728,116.763,0.00466718,10.9135,500,1.00238,-2.35956,-5.71717,0.139836,-8.65265,-376.461,541.147,121.465,15456.1,11514.4,3.37286,0.0109185,-0.97622,2.51031,-6.28217,0.284452,841.012,148.725,15756,0.0542797,0.763667,0.017091,15494,0.000226495,-0.0651505,1.51314,-3.96166,121.518,78.6261,1.16499,13.2385,12.5529,116.089,140.924,5.42963,-62.2983 
186,-0.004,47.2187,7,186,15688.4,-0.00681066,25.3579,13.469,116.629,0.0124329,-10.6459,250.079,-0.842209,4.40079,-10.7935,-0.279959,-11.8693,-318.11,2183.3,135.858,13200.7,11122.8,1.16085,6.40385,-6.78741,1.7231,-9.86627,0.0785342,2436.69,158.893,13454,0.163001,0.897573,0.0212922,14948.9,-1.9209e-05,0.144902,14.2695,13.0582,117.386,93.2227,0.990023,13.3889,12.4877,115.983,141.684,1.40284,-48.4613 
187,0.06,47.2827,1.8,187,16069.8,-0.0639994,26.2606,13.6002,116.958,0.0717452,41.4038,6.29571,0.424251,-2.30583,-9.05862,5.31505,-10.6837,-319.907,1553.41,162.722,14448.9,11723.1,2.43862,-0.291463,-5.02988,7.32942,-8.66937,-0.19116,1808.23,185.887,14703.7,0.11679,0.847529,0.0227582,15482.7,-0.00037121,0.0818347,16.1634,-16.3978,118.601,97.2301,1.07295,13.3087,12.6335,116.191,142.155,2.41059,-44.9253 
188,-0.002,47.2207,1.5,188,14588.3,0.0111469,24.254,13.0129,116.914,0.0306691,-42.8127,20.6336,-0.00159266,-1.94001,-3.80606,7.94968,-11.8468,-301.999,4782.03,102.327,9668.01,10317.1,1.90002,-0.0383961,-0.00283973,9.85128,-9.94522,1.00161,5022.58,124.196,9908.56,0.35277,0.958522,0.0225682,14237.5,8.57657e-05,0.400867,13.1839,-10.9635,116.635,92.1661,0.776016,12.978,11.8803,116.246,141.724,0.389402,-49.5578 
189,0.16,47.3827,2.8,189,16747.3,0.0206085,26.5671,13.8049,116.754,-0.0319249,11.5682,4.64728e-11,-1.36129,-1.55065,-0.413109,3.88385,-15.4346,-270.245,1859.58,134.838,14513.1,11951.2,0.340368,0.151012,2.99021,5.58551,-13.733,1.64087,2074.84,154.407,14728.4,0.13155,0.884773,0.0189461,15772.2,-0.000191697,0.094894,16.068,-16.4949,117.294,94.9792,1.04589,13.6967,12.7572,116.174,141.826,1.12008,-46.847 
190,0.075,47.2977,2,190,15429.9,-0.0186358,25.2689,13.3667,116.644,-0.0312363,-15.6399,500,-0.0390547,4.24408,-4.77629,3.02014,-7.67998,-315.085,1700.33,118.529,13519,11011.1,1.94495,6.22808,-0.808284,5.00414,-5.69598,1.12113,1951.3,141.345,13770,0.132225,0.887498,0.0185577,14757.4,-0.000198746,0.0996388,15.4873,-14.2372,117.534,94.5434,1.01016,13.2543,12.6884,115.966,141.691,1.56785,-47.148 
191,0,47.2227,1.32,191,15938.4,-0.0151785,26.5189,12.9977,116.819,-0.00593226,3.76024,7.35906,1.96388,1.94956,-7.95064,2.06045,-14.3733,-332.646,1959.9,121.751,13762.3,11221.3,4.05847,4.04414,-3.76148,4.15504,-12.2787,0.00557603,2224.86,145.838,14027.3,0.145699,0.897093,0.018792,15270.3,-1.84375e-05,0.12826,14.3578,13.0672,117.636,92.881,1.07314,12.9603,12.3321,116.133,140.824,1.50312,-47.9433 
192,0.115,47.3377,2.2,192,16590.6,-0.0315505,26.9689,13.4952,116.898,-0.0157063,-11.4195,440.902,-2.65892,-3.53527,-3.46742,6.17853,-9.55118,-291.823,1436.95,148.886,15009.9,11853.6,-0.821382,-1.69773,0.207652,8.01606,-7.71365,1.10336,1669.4,170.017,15242.3,0.10536,0.848734,0.0201337,15844.8,-0.000357906,0.0708436,16.6786,-17.5641,119.119,97.8907,1.12626,13.3597,12.4637,116.141,141.725,2.97761,-43.8345 
193,0.045,47.2677,1.7,193,16084.9,-0.0334542,25.989,-13.5897,116.862,-0.0573038,12.9879,153.844,0.0433926,3.26681,-6.72422,5.1309,-13.5034,-357.484,1579.44,122.068,14278,11521.5,2.29438,5.51779,-2.22226,7.38189,-11.2525,2.29251,1864.19,147.955,14562.7,0.120992,0.878046,0.0183716,15407.5,-0.000238905,0.0853034,16.3478,-15.5687,118.396,95.9785,1.08242,13.338,12.3795,116.089,141.975,2.30639,-45.9967 
194,0.13,47.3527,2.4,194,16191.1,-0.0625327,26.1793,13.7049,116.71,0.0174089,35.3375,285.269,1.16872,-0.43937,-5.82341,1.13204,-12.5229,-339.543,1610.38,122.092,14388.1,11699.7,3.30673,1.69864,-1.54739,3.27005,-10.3849,0.576853,1880.84,146.679,14658.6,0.121241,0.879914,0.0180991,15513.3,-0.000312601,0.0822288,16.737,15.7827,118.191,96.348,1.06431,13.4364,12.6598,115.98,142.336,2.21107,-45.9884 
