cyc,state,freq,VVA,sweepfreq,Blackmantime,dimerswitchtime,squaretime,cyc,ROIsum,fBg,fA1,fWidth1,fCtr1,fA2,fWidth2,fCtr2,box1,box2,box3,box4,box5,box6,box7,box8,box9,Nfit,BZ-2,BZ-1,BZ0,BZ1,BZ2,Excited,c5,c7,c9,fraction95,fraction75,fraction97,sum95,two2D_bg,two2D_a1,two2D_sh1,two2D_sv1,two2D_ch1,two2D_cv1,two2D_a2,two2D_sh2,two2D_sv2,two2D_ch2,two2D_cv2,two2D_chd,two2D_cvd
0,75,47.3227,2.5,46.05,0.2,-0.19,-0.01,0,3830.85,-0.0156785,9.65605,-9.93447,114.037,0.020187,5.31518,5.74745e-12,-2.58851,-2.07731,-3.4024,-2.45615,-2.19474,-8.33876,598.817,-18.9786,4098.54,3126.26,-2.53601,-2.02481,-3.29738,-2.40364,-2.14223,0.734169,605.459,-18.3748,4105.18,0.115451,1.05609,-0.00831382,5244.32,-0.000721818,0.075414,10.5657,10.1657,113.989,91.1904,0.475248,9.88646,10.4009,113.33,140.12,0.658596,-48.9299 
1,7,43.248,4,46.05,-0.2,0.19,0.01,1,2422.23,-0.134084,-7.43809,9.56513,114.561,-0.197837,208.397,4.98773e-06,-1.12849,-2.27776,0.158453,0.699584,-2.87798,10.8638,-37.3036,-26.9545,3497.08,3658.17,-1.19689,-2.34617,0.0216405,0.631178,-2.94639,1.00371,-45.957,-27.7411,3488.42,-0.0117961,0.486297,-0.0148668,3895.96,-0.000711595,-0.0204091,12.4209,8.3871,90,112.895,0.474818,9.36165,9.37897,113.784,139.693,-23.7838,-26.7984 
2,97,43.248,4,48.5,-0.2,0.19,0.01,2,8118.78,-0.107079,20.2031,9.33002,114.402,0.0171412,96.2453,8.8887,0.774017,-0.851249,-3.50865,-0.544678,0.114382,58.9219,4033.55,-22.6345,4778.38,6189.85,0.403001,-1.22226,-4.25068,-0.915693,-0.256634,0.319049,3986.62,-26.9011,4731.45,0.427146,1.01195,-0.0105843,9333.15,-0.000577295,0.673773,9.15184,8.20698,114.07,90.8294,0.654242,9.35317,9.29931,113.699,140.56,0.371539,-49.7305 
3,97,43.248,0,48.5,-0.2,0.19,0.01,3,9030.58,-0.0383349,21.1346,9.48708,114.413,0.0340793,10.7941,23.7282,-0.848866,1.88272,2.27171,2.69227,0.372748,37.3877,4711.45,-23.917,4682.82,6539.08,-1.08429,1.6473,1.80087,2.45685,0.137328,0.63678,4681.67,-26.6243,4653.04,0.471011,1.01005,-0.0106527,9939.61,-0.000260838,0.732954,9.4805,8.45876,114.124,88.9344,0.630822,9.45477,9.30768,113.624,138.522,0.499774,-49.5871 
4,95,43.248,0,40,-0.2,0.19,0.01,4,4858.24,-0.00913668,11.7566,9.69463,114.157,-0.0121373,-4.79028,500,-1.94871,-1.48074,0.0569294,-0.356945,-5.03675,0.979331,-0.307652,0.639637,5423.75,3712.18,-1.95488,-1.4869,0.0445963,-0.363111,-5.04292,1.00507,-1.08773,0.568722,5422.97,-0.000177534,11.764,0.000193149,6126.86,-0.000457894,0.0128693,13.2482,-10.5993,124.451,107.498,0.736764,9.30225,9.34981,113.501,139.014,10.9494,-31.5161 
5,75,46.2227,0,46.05,0.2,-0.19,-0.01,5,3278.73,-0.0213979,-9.34434,8.90235,114.349,0.00500779,-19.3582,498.394,0.282563,-2.85128,-2.01659,-1.5604,-2.42666,-28.5053,-37.5661,-13.0641,4133.3,2711.15,0.462053,-2.67179,-1.65761,-1.38091,-2.24717,0.77885,-14.8606,-10.9999,4156.01,-0.00317438,0.435661,-0.00489949,4681.43,-0.000699355,0.00878186,9.77665,-12.3479,118.109,106.309,0.585444,9.017,9.24997,113.713,139.872,4.3961,-33.5636 
6,75,47.3227,2.5,46.05,0.2,-0.19,-0.01,6,3260.76,-0.122345,-8.67316,9.76526,114.507,1.01488,-693.972,469.957,0.00295389,0.451853,-2.10924,-1.79205,0.388434,7.69749,492.899,-23.7897,3584.3,25684.3,-0.0455152,0.403384,-2.20618,-1.84052,0.339965,0.341216,486.768,-24.3471,3578.17,0.107452,1.09593,-0.0126934,4530.1,-0.000672547,0.0741883,10.1941,8.85781,114.134,91.3512,0.466195,9.41254,9.70796,113.745,140.124,0.388455,-48.7725 
7,7,43.248,4,46.05,-0.2,0.19,0.01,7,2745.87,-0.000203062,-7.40007,9.43248,114.687,0.00281226,11.2767,1.21065e-06,-2.22222,0.278219,0.355543,-2.45204,1.25581,-15.0334,-38.4622,-21.6496,3539.33,2273.29,-2.12756,0.37288,0.544866,-2.35738,1.35047,1.2458,-26.4876,-20.561,3551.31,-0.00664433,0.42401,-0.0107802,3986.49,-0.000674873,0.0113204,7.65747,-8.02076,131.97,109.062,0.48128,9.2611,9.49596,113.861,140.218,18.1084,-31.1567 
8,97,43.248,4,48.5,-0.2,0.19,0.01,8,8198.83,-0.0641676,20.7559,9.23102,114.39,0.0961111,107.197,7.23112e-07,-0.929621,-4.96824,-1.41279,-1.61288,-1.63071,40.7775,4054.35,-40.871,4927.49,6572.55,-1.18639,-5.225,-1.92632,-1.86965,-1.88748,0.840732,4021.87,-43.8238,4895.01,0.420996,1.01944,-0.0167684,9553.23,-0.000743385,0.677692,9.23045,8.23924,113.952,90.7761,0.679152,9.46936,9.21426,113.733,140.21,0.219076,-49.4338 
9,97,43.248,0,48.5,-0.2,0.19,0.01,9,9901.88,-0.0823778,22.7894,9.84779,114.527,0.00535981,-168.511,463.601,-2.88581,-1.30387,-2.04044,-1.49868,4.45028,30.7042,5051.12,-22.6917,5352.75,7335.18,-3.07915,-1.4972,-2.42712,-1.69202,4.25694,0.453172,5026.67,-24.9151,5328.29,0.455,1.00875,-0.00868853,11047.6,-0.00041461,0.764624,9.66341,8.53125,114.169,89.2809,0.684903,9.91913,9.43057,113.76,139.111,0.409106,-49.8302 
10,95,43.248,0,40,-0.2,0.19,0.01,10,4349.97,-0.120509,11.2994,-9.57167,114.468,0.66761,42.7255,136.895,-3.10195,-1.56062,-7.62179,-0.201941,-2.08879,11.8673,-57.2713,-17.8528,5174.65,4449.32,-3.17667,-1.63534,-7.77124,-0.276666,-2.16352,0.482726,-66.724,-18.7121,5165.2,-0.011564,0.670794,-0.00671828,5769.95,-0.000509527,-0.0147028,13.909,7.48613,104.043,81.0413,0.696358,9.31332,9.54674,113.742,139.17,-9.6991,-58.1286 
11,75,46.2227,0,46.05,0.2,-0.19,-0.01,11,2818.26,-0.0310254,-7.82707,9.23036,114.242,0.044982,-22.519,279.804,-0.861997,-2.56276,-1.70559,-2.57075,0.119981,-23.9369,-38.6138,-8.12352,3590.32,2384.84,-0.711273,-2.41203,-1.40414,-2.42002,0.270705,0.789697,-19.5472,-6.3902,3609.38,-0.0048157,0.636094,-0.00327201,4059.06,-0.000473871,-0.0053353,27.3029,10.5602,97.332,81.2235,0.515496,9.02688,9.16663,113.494,138.817,-16.1618,-57.5938 
12,75,47.3227,2.5,46.05,0.2,-0.19,-0.01,12,3476.71,-0.0749417,8.75217,10.0004,114.703,0.132292,-13.9967,500,2.27411,1.21792,-7.11535,-0.7807,-2.98305,28.1539,506.097,-8.51144,3688.45,2909.5,2.09684,1.04064,-7.4699,-0.957978,-3.16032,0.116064,483.672,-10.5501,3666.02,0.104549,1.03969,-0.00532949,4626.28,-0.000566061,0.0734674,10.318,8.99154,114.91,89.8329,0.449083,9.77553,9.94306,113.857,138.996,1.05392,-49.1636 
13,7,43.248,4,46.05,-0.2,0.19,0.01,13,2216.64,-0.0143538,-6.76883,-9.08962,114.137,0.00470166,-4.06864,500,-0.563776,-0.248972,-3.68016,-1.30514,-1.15347,13.2142,-61.8521,-12.8302,3123.09,2003.5,-0.646983,-0.332178,-3.84657,-1.38834,-1.23667,0.483734,-72.3777,-13.7871,3112.56,-0.0210106,0.749989,-0.00822672,3444.81,-0.00055645,-0.00295032,6.12911,-4994.59,109.028,98.238,0.442474,8.96915,9.3494,113.575,139.62,-4.54695,-41.382 
14,97,43.248,4,48.5,-0.2,0.19,0.01,14,8039.92,-0.0190221,20.5079,8.94989,114.41,-0.00187242,-8.32115,500,-1.36776,-0.679954,-4.43491,-0.698842,0.58499,23.2275,3943.03,-28.7457,4760.87,5975.45,-1.51402,-0.826211,-4.72742,-0.845099,0.438733,0.367486,3924.53,-30.4276,4742.37,0.422746,1.01375,-0.0119605,9283.41,-0.000539531,0.693769,8.77548,8.08206,114.033,89.6896,0.685575,9.194,9.01377,113.657,139.488,0.376005,-49.7988 
15,97,43.248,0,48.5,-0.2,0.19,0.01,15,9201.96,-0.0437961,22.1005,9.2689,114.548,0.0140123,-8.74089,324.281,-0.348874,-1.54814,-3.05209,-0.307347,0.379521,6.59914,4690.8,-39.3042,4986.96,6672.44,-0.390427,-1.58969,-3.1352,-0.348901,0.337968,0.388403,4685.54,-39.7821,4981.7,0.454251,1.01508,-0.01493,10314.9,-0.000437157,0.750294,9.31526,8.43681,114.278,90.3903,0.686551,9.47854,9.20068,113.803,139.813,0.47482,-49.4229 
16,95,43.248,0,40,-0.2,0.19,0.01,16,5167.03,-0.0625177,12.6252,9.45139,114.22,-0.0147351,39.6504,76.7233,-2.06801,-3.88446,-2.99961,-3.20868,-0.9844,-28.8111,-50.9481,-10.8188,5770.71,3903.46,-1.88659,-3.70304,-2.63677,-3.02726,-0.802984,0.781301,-27.999,-8.73248,5793.66,-0.0042951,0.646914,-0.00278424,6518.83,-0.000297014,-0.0110101,10.5554,-9.3817,102.954,79.0199,0.785506,9.29038,9.39155,113.602,139.846,-10.6479,-60.8264 
17,75,46.2227,0,46.05,0.2,-0.19,-0.01,17,2918.62,-0.0172741,-8.03741,9.13459,114.165,-0.00992273,2.65779,499.986,-1.09457,-1.80703,-4.93713,0.0656531,-0.19754,-35.6107,-12.1481,-22.6587,3695.61,2390.87,-0.870343,-1.5828,-4.48867,0.289884,0.0266914,0.322489,16.2171,-20.08,3723.98,0.003839,-0.857012,-0.0100324,4224.31,-0.000542272,-0.00789732,6.66255,7.00828,104.743,83.8903,0.510977,9.06895,9.42279,113.422,138.917,-8.6781,-55.027 
18,75,47.3227,2.5,46.05,0.2,-0.19,-0.01,18,3503.75,-0.00104655,-8.27003,9.841,114.644,-0.0042054,8.21601,1.03529e-11,-1.12477,-3.21478,-6.44883,-1.50504,-0.373148,-73.8931,567.575,-18.155,3469.5,2650.49,-0.659481,-2.74949,-5.51826,-1.03975,0.0921377,0.44118,626.433,-12.8042,3528.36,0.135783,1.0371,-0.00672986,4613.48,-0.000378709,0.0773336,10.1756,9.14739,114.484,90.664,0.431237,9.85326,9.64874,113.888,139.503,0.595916,-48.8387 
19,7,43.248,4,46.05,-0.2,0.19,0.01,19,2759.32,-0.0124806,-7.18403,9.41903,114.27,0.0266465,19.5081,1.60073e-12,-3.72448,-0.819326,0.0671422,-2.76502,-1.51074,-9.25051,-58.9952,-8.44225,3437.67,2219.69,-3.66623,-0.761078,0.183638,-2.70678,-1.4525,1.02185,-51.6268,-7.7724,3445.04,-0.01344,0.791476,-0.00417334,3841.27,-0.000355425,-0.00340023,15.365,-25.8529,101.808,84.2114,0.477336,9.12376,9.20775,113.656,139.308,-11.8478,-55.0963 
20,97,43.248,4,48.5,-0.2,0.19,0.01,20,8297.54,-0.0379006,19.5639,9.46196,114.211,0.064503,-42.5135,499.996,2.04607,-1.48262,-1.58916,-0.336635,-1.89167,-21.9574,4077.4,-14.9749,4612.28,6115.3,2.18433,-1.34436,-1.31264,-0.198375,-1.75341,0.458584,4094.89,-13.3849,4629.77,0.439059,1.00575,-0.00535414,9326.53,-0.000251932,0.640714,9.26567,8.47333,113.887,88.4638,0.615827,9.5563,9.32558,113.479,137.843,0.408702,-49.3793 
21,97,43.248,0,48.5,-0.2,0.19,0.01,21,9779.14,-0.0328484,22.774,9.56286,114.216,-0.00612266,50.2994,499.992,-2.5803,0.2455,-1.88545,-0.3871,-1.34617,-52.9574,4991.41,-7.3393,5186.02,7099.64,-2.24684,0.578959,-1.21853,-0.0536412,-1.01271,0.691726,5033.6,-3.50452,5228.2,0.460048,1.00122,-0.00123631,10941.5,-0.000275595,0.767447,9.50466,8.52433,113.781,90.4676,0.684408,9.56152,9.39654,113.597,140.054,0.184779,-49.586 
22,95,43.248,0,40,-0.2,0.19,0.01,22,5111.67,-0.0209071,12.4436,-9.33636,114.308,0.0409708,5.57329,500,-2.5799,-1.57866,-0.50634,-0.845298,-2.03016,-22.7179,-17.9183,-6.51408,5645.1,3789.42,-2.43685,-1.43561,-0.220243,-0.702249,-1.88711,0.96704,0.177382,-4.86902,5663.2,2.77177e-05,-0.0212601,-0.00158629,6399.59,-0.000384277,0.00830094,-13.1876,13.048,120.314,108.598,0.784643,9.14209,9.2773,113.713,139.051,6.60093,-30.4538 
23,75,46.2227,0,46.05,0.2,-0.19,-0.01,23,3046.93,-0.0969119,-8.24987,9.35547,114.249,0.0852193,107.687,23.7613,-0.359141,-2.81804,-6.08114,-1.35028,-1.06068,-35.9095,-34.0576,-16.6725,3754.62,2811.25,-0.133028,-2.59193,-5.62892,-1.12417,-0.834564,0.454171,-5.45432,-14.0722,3783.22,-0.00127748,0.181323,-0.00689925,4269.59,-0.000552058,0.011173,11.0949,3.85304,118.906,104.177,0.526554,9.05095,9.34289,113.647,138.588,5.25911,-34.4105 
24,75,47.3227,2.5,46.05,0.2,-0.19,-0.01,24,3664.23,0.00282342,8.70024,9.79964,114.539,0.000154296,3.1218,4.06924,-0.803955,-2.50574,-8.45557,-0.905543,-0.671434,-0.880482,562.383,-14.0995,3569.07,2775.49,-0.798411,-2.50019,-8.44448,-0.899999,-0.66589,0.365505,563.084,-14.0357,3569.77,0.122492,1.04561,-0.00729568,4596.92,-0.000330827,0.0749507,9.73147,9.72583,114.496,90.1204,0.439038,9.77182,9.88403,113.977,139.387,0.519201,-49.267 
25,7,43.248,4,46.05,-0.2,0.19,0.01,25,2874.42,-0.0822104,-7.58783,9.45719,114.358,0.167211,-76.8552,220.179,-2.92904,-1.66329,-0.931442,1.98574,-0.552731,-52.4941,26.2111,-6.12958,3500.59,2754.35,-2.5985,-1.33275,-0.270359,2.31629,-0.22219,0.871716,68.0246,-2.32836,3542.41,0.0167098,1.06372,-0.00121225,4070.95,-0.000385807,-0.00479472,6.26562,-12.8791,105.409,78.8769,0.456065,9.12617,9.8434,113.663,139.788,-8.25361,-60.9111 
26,97,43.248,4,48.5,-0.2,0.19,0.01,26,8063.71,-0.0540044,19.9175,9.10152,114.415,0.0769211,13.5894,393.866,-3.121,-0.338975,2.73533,-0.407493,1.4747,-19.1804,3962.64,-17.9288,4631.3,5935.29,-3.00023,-0.218201,2.97688,-0.286719,1.59548,-1.78941,3977.91,-16.5399,4646.58,0.431044,1.00733,-0.00660041,9228.55,-0.000464702,0.669406,9.0757,8.18598,113.97,90.6171,0.662093,9.3242,8.99659,113.717,140.166,0.25325,-49.5485 
27,97,43.248,0,48.5,-0.2,0.19,0.01,27,9153.47,-0.0106404,22.3489,9.10964,114.438,-0.0136625,-24.2626,500,-1.1309,-1.19718,0.410666,-0.710983,-0.368136,-38.2428,4779.72,-25.3399,4832.12,6638.32,-0.890097,-0.956376,0.892276,-0.470178,-0.127331,1.57503,4810.18,-22.5706,4862.58,0.466786,1.00828,-0.00862424,10304.9,-0.000304761,0.791755,9.11465,8.19526,114.075,89.2782,0.689329,9.2668,8.96476,113.758,138.571,0.316957,-49.2925 
28,95,43.248,0,40,-0.2,0.19,0.01,28,4882.81,-0.0131854,11.3906,9.44264,114.375,-0.0210725,-35.4254,397.162,-3.03901,-4.12823,-8.43355,-1.88866,-3.13798,-60.3386,-31.5459,-14.8628,5235.87,3525.64,-2.65907,-3.7483,-7.67368,-1.50872,-2.75804,0.581766,16.516,-10.4936,5283.93,0.00275849,-8.93852,-0.00367175,5987.35,-6.8668e-06,-0.00829449,-11.1824,12.1836,109.026,78.496,0.735684,9.07664,9.14475,113.674,139.14,-4.64716,-60.644 
29,75,46.2227,0,46.05,0.2,-0.19,-0.01,29,2882.3,-0.00418151,-8.16653,8.73783,114.606,-0.000503499,11.9227,2.22268e-11,1.38937,-4.22471,-4.38636,-1.51814,-1.97261,-7.11239,-102.427,-9.50892,3648.21,2323.13,1.43416,-4.17993,-4.29679,-1.47336,-1.92782,0.588577,-96.7615,-8.9939,3653.88,-0.0239977,0.860096,-0.00455494,4032.12,-8.14601e-05,-0.00406028,45.9344,36.0208,91.9204,80.2706,0.530837,8.95701,9.07562,113.918,139.019,-21.9981,-58.748 
30,75,47.3227,2.5,46.05,0.2,-0.19,-0.01,30,3471.09,-0.0744013,-8.10385,10.3478,114.143,-0.254546,51.4618,17.5711,-2.68418,-4.86836,-6.82563,-2.65551,-2.45157,-111.358,589.868,-7.86551,3533.37,3156.27,-1.98298,-4.16717,-5.42324,-1.95432,-1.75037,0.645032,678.569,0.198219,3622.07,0.142213,0.999489,0.0001008,4771.5,-0.000469398,0.064051,10.7343,10.2782,114.162,90.5876,0.425194,9.97083,9.90406,113.392,139.952,0.769811,-49.3645 
31,7,43.248,4,46.05,-0.2,0.19,0.01,31,2030.27,0.00602371,-6.60696,8.65935,114.626,0.000176706,6.97098,3.67089e-13,-0.447609,-2.50053,-1.68174,-1.22102,-1.82368,-25.4574,-94.1604,-10.9058,3047.74,1862.48,-0.287311,-2.34023,-1.36115,-1.06072,-1.66338,0.797231,-73.8827,-9.06239,3068.02,-0.0217752,0.82328,-0.00547103,3392.97,-0.000688368,-0.0150954,-12.3386,-10.0582,90,111.208,0.43344,8.93979,9.37107,114.004,139.564,-24.0039,-28.3564 
32,97,43.248,4,48.5,-0.2,0.19,0.01,32,7762.98,-0.00845593,19.2346,9.03805,114.42,-0.00287308,-10.8202,500,-2.70077,-0.943596,1.64925,-2.28836,-2.877,-22.3639,3796.41,-23.6813,4497.28,5660.19,-2.55995,-0.802777,1.93089,-2.14754,-2.73618,1.30574,3814.22,-22.0619,4515.09,0.427782,1.01023,-0.00908274,8916.28,-0.000392753,0.650199,8.92456,8.18103,113.995,90.1791,0.624251,9.34923,9.10105,113.764,139.746,0.2314,-49.567 
33,97,43.248,0,48.5,-0.2,0.19,0.01,33,9226.58,-0.0222535,21.95,9.29545,114.528,-0.00708295,6.24957,500,-1.52779,1.00266,0.124611,-0.740616,-1.50428,-42.6625,4811.86,-16.793,4778.07,6643.45,-1.25916,1.27129,0.661879,-0.471982,-1.23565,1.64035,4845.85,-13.7037,4812.05,0.471227,1.00497,-0.0052736,10283.5,-0.000169113,0.789409,9.05516,8.2698,114.129,89.3372,0.666509,9.32893,9.05552,113.757,138.776,0.371328,-49.439 
34,95,43.248,0,40,-0.2,0.19,0.01,34,4969.2,-0.0752075,12.2007,9.7162,114.278,0.183726,-106.65,70.8512,-2.38587,-2.01547,-1.01671,-1.95207,-0.113986,-11.2837,0.656767,-5.37507,5620.7,4496.89,-2.31481,-1.94442,-0.874609,-1.88102,-0.0429359,0.876079,9.64464,-4.55799,5629.69,0.00151379,5.78159,-0.00149366,6371.19,-0.000300916,-0.0108268,9.28879,10.5449,106.653,80.6046,0.77975,9.21667,9.20258,113.717,138.342,-7.06473,-57.7371 
35,75,46.2227,0,46.05,0.2,-0.19,-0.01,35,2850.44,-0.100744,-7.78609,9.41942,114.526,0.196473,-67.9279,494.363,-1.07382,-2.44234,-4.9389,-1.37568,1.72971,-42.7004,-13.5975,-14.1169,3540.02,2821.93,-0.804943,-2.17347,-4.40115,-1.10681,1.99858,0.321625,20.415,-11.0249,3574.03,0.00502947,18.205,-0.00571486,4059.07,-0.000432334,-0.00859754,-6.14592,15.5046,107.086,72.1218,0.493677,9.16736,9.22601,113.75,138.965,-6.66314,-66.8436 
36,75,47.3227,2.5,46.05,0.2,-0.19,-0.01,36,3440.12,-0.0354448,8.45306,10.033,114.362,-0.0293267,5.93386,500,0.990327,1.81353,-1.33619,-4.33848,1.22232,-32.4527,601.11,-27.3562,3549.31,2766.5,1.19467,2.01788,-0.927502,-4.13413,1.42667,-1.19574,626.96,-25.0063,3575.16,0.134342,1.07504,-0.0130527,4666.89,-0.000516084,0.0813149,10.1278,9.39119,113.883,90.0089,0.439906,9.71709,9.72954,113.718,138.433,0.165232,-48.4244 
37,7,43.248,4,46.05,-0.2,0.19,0.01,37,2875.66,-0.0197841,-7.27497,9.3374,114.009,0.0581064,-4.04549,0.124688,-1.86666,-2.40968,-3.52384,1.35042,-1.99868,-22.6208,-13.4756,-29.3345,3356.55,2218.98,-1.72422,-2.26725,-3.23896,1.49286,-1.85624,0.573474,4.54271,-27.6964,3374.57,0.00118988,-0.103417,-0.015351,3817.81,-0.000319748,-0.694399,0.0517031,4.05709,109.594,98.7706,0.457959,9.26608,9.35096,113.667,138.008,-4.07341,-39.2379 
38,97,43.248,4,48.5,-0.2,0.19,0.01,38,7561.64,-0.0494506,19.3955,8.76188,114.44,0.0235037,37.2981,422.052,-1.59182,-0.580853,-3.20826,0.198293,-0.726927,-17.7629,3730.75,-16.7891,4308.93,5560.67,-1.47997,-0.469005,-2.98456,0.310141,-0.615079,0.430261,3744.9,-15.5028,4323.08,0.433941,1.0073,-0.00664982,8629.98,-0.000413304,0.658893,8.78497,8.10458,113.978,89.6587,0.637232,8.97396,9.00485,113.937,139.2,0.0415855,-49.541 
39,97,43.248,0,48.5,-0.2,0.19,0.01,39,9080.59,-0.088796,22.5494,9.19375,114.35,1.45662,2854.56,236.88,-1.22362,2.36115,-1.43827,-1.47991,-0.584487,-3.70705,4635.75,-30.9691,5023.2,142106,-1.20028,2.38449,-1.39158,-1.45657,-0.561145,0.374596,4638.7,-30.7007,5026.15,0.449563,1.01172,-0.01138,10318.3,-0.000476609,0.770829,9.06171,8.31397,114.001,89.5301,0.697371,9.33669,9.18839,113.68,138.973,0.320883,-49.4434 
40,95,43.248,0,40,-0.2,0.19,0.01,40,4846.04,-0.0485929,11.7075,9.46176,114.531,0.00357051,37.7164,235.439,-4.24885,-3.39635,-6.99791,-1.79224,-2.42103,-60.9789,15.1096,6.75308,5288.22,3610.44,-3.86488,-3.01239,-6.22998,-1.40828,-2.03706,0.623625,63.6815,11.1687,5336.79,0.0104494,0.765157,0.00384031,6094.25,-0.000208482,-0.00701862,-24.4437,-2.3883,115.197,88.4857,0.751379,9.21398,9.05553,113.865,138.791,1.33154,-50.3058 
41,75,46.2227,0,46.05,0.2,-0.19,-0.01,41,2837.24,-0.0905464,-7.72868,9.30266,114.753,0.110171,-89.8862,254.373,-4.26214,-2.20316,-2.80175,-1.69963,-0.330148,-58.0823,-59.9594,-13.2644,3635.59,2662.87,-3.89641,-1.83743,-2.07029,-1.3339,0.0355809,0.772557,-13.6947,-9.05848,3681.85,-0.00330248,0.463489,-0.00455278,4146.8,-0.000552083,0.00956413,-9.9806,0.48545,127.445,93.1517,0.492311,9.17311,9.37971,113.955,137.786,13.4897,-44.6343 
42,75,47.3227,2.5,46.05,0.2,-0.19,-0.01,42,3156.63,-0.133018,8.59139,-9.73663,114.523,0.0697653,50.0501,145.387,-5.79273,-4.49158,-5.68168,-2.03964,-0.131153,-4.64866,498.465,-24.9251,3504.09,2836.79,-5.76346,-4.46231,-5.62313,-2.01037,-0.101882,0.686928,502.168,-24.5884,3507.79,0.112443,1.09372,-0.0130814,4465.98,-0.00074197,0.0819813,9.98191,8.88163,114.42,90.1109,0.443268,9.56699,9.83739,113.606,139.649,0.813366,-49.5377 
43,7,43.248,4,46.05,-0.2,0.19,0.01,43,2255,-0.0730606,-6.60627,9.49486,114.194,-0.0831162,30.8548,5.47233e-06,-1.55118,-2.74629,-3.28848,-0.690129,1.01025,-28.6376,-47.5881,-19.6247,3123.52,2125.41,-1.37085,-2.56597,-2.92784,-0.509806,1.19057,0.526538,-24.7772,-17.551,3146.33,-0.00701791,0.446505,-0.0103824,3530.57,-0.000660393,0.00233839,-8.93511,-0.286057,95.5565,98.8251,0.434746,9.12766,9.27243,113.489,138.483,-17.9328,-39.6576 
44,97,43.248,4,48.5,-0.2,0.19,0.01,44,8307.91,-0.071707,19.839,9.50613,114.493,0.188778,-74.9753,275.712,1.43192,0.127191,2.9607,-0.946614,0.876841,-25.055,4237.83,-27.2376,4641.91,6600.05,1.58969,0.284956,3.27623,-0.78885,1.03461,0.392912,4257.79,-25.4233,4661.87,0.446979,1.01056,-0.0101478,9525.7,-0.000474693,0.656125,9.42666,8.5064,114.05,89.0732,0.608822,9.69233,9.45477,113.788,138.659,0.261836,-49.5856 
45,97,43.248,0,48.5,-0.2,0.19,0.01,45,9177.16,-0.0216608,22.5106,9.12809,114.294,0.0172416,-52.0411,499.317,-1.50744,1.14069,0.61049,0.322897,3.29053,0.317378,4796.95,-17.4711,4953.13,6718.23,-1.50944,1.13869,0.606493,0.320899,3.28853,0.842271,4796.7,-17.4941,4952.88,0.461511,1.00642,-0.00654912,10393.5,-0.000437248,0.794573,9.21727,8.16351,113.879,88.6956,0.693655,9.28849,9.11831,113.652,138.063,0.227668,-49.3669 
46,95,43.248,0,40,-0.2,0.19,0.01,46,4545.33,-0.050123,11.5109,9.42163,114.487,-0.0477339,-8.41467,500,-1.84098,-3.86446,-3.81853,-3.16951,-0.0160126,-23.7406,-14.9082,-17.8725,5260.46,3543.52,-1.6915,-3.71497,-3.51955,-3.02002,0.133476,0.70205,4.00208,-16.1534,5279.37,0.0006704,-0.164923,-0.00566826,5969.69,-0.000370911,-0.00638627,11.6096,18.1585,109.143,70.8283,0.733164,9.1175,9.30483,113.805,139.652,-4.66203,-68.8234 
47,75,46.2227,0,46.05,0.2,-0.19,-0.01,47,2592.97,-0.00162751,-7.24236,8.95703,114.506,-0.00479466,11.7507,4.74323e-11,-1.84789,-0.821168,-1.01293,0.675867,-2.44114,-4.83246,-32.3795,-10.2346,3292.34,2113.57,-1.81746,-0.790739,-0.952071,0.706295,-2.41071,0.819159,-28.5302,-9.88469,3296.19,-0.00771887,0.622544,-0.00555483,3696.17,-0.460344,0.460483,-4627.71,-1849.39,132.253,112.904,0.46027,9.10171,9.17772,113.906,138.522,18.3471,-25.6173 
48,75,47.3227,2.5,46.05,0.2,-0.19,-0.01,48,3388.71,-0.0677728,-7.95396,10.4155,114.565,0.0223541,-97.3892,500,-0.793377,-2.18455,-5.21825,-0.918001,-1.13184,-51.6584,579.331,-16.2786,3457.68,2767.74,-0.468098,-1.85927,-4.56769,-0.592722,-0.806558,0.4493,620.479,-12.5379,3498.83,0.135649,1.03666,-0.00664498,4574.15,-0.000423132,0.0740569,10.7087,9.01048,114.246,89.6485,0.426204,9.75099,9.68684,113.836,138.821,0.410087,-49.1729 
49,7,43.248,4,46.05,-0.2,0.19,0.01,49,2118.74,0.00888725,-6.34914,9.21734,114.64,-0.0183682,2.24495,5.90338e-13,-2.12682,-5.10415,-4.1476,-1.21026,-0.656381,1.54354,-46.469,-24.2505,3060.42,1906.43,-2.13654,-5.11387,-4.16703,-1.21998,-0.6661,0.686772,-47.6984,-24.3623,3059.19,-0.0139911,0.528033,-0.0148882,3409.19,-0.000715777,0.0124211,0.267042,2.61014,126.199,102.571,0.423569,9.16317,9.25675,113.877,138.77,12.3224,-36.1985 
50,97,43.248,4,48.5,-0.2,0.19,0.01,50,7707.1,-0.026811,19.1034,9.10021,114.291,0.00301478,25.7627,500,-0.223199,-0.480189,-0.00237238,-2.63767,1.82837,-13.2714,3930.44,-25.2915,4296.21,5661.75,-0.139632,-0.396623,0.164761,-2.5541,1.91193,1.16254,3941.01,-24.3305,4306.79,0.447452,1.01092,-0.0105161,8807.68,-0.000397812,0.646551,9.14473,8.29286,113.992,88.943,0.594671,9.16991,9.34191,113.678,138.671,0.314434,-49.7279 
51,97,43.248,0,48.5,-0.2,0.19,0.01,51,8741.14,-0.0631376,21.3815,-9.21499,114.285,0.00289171,20.6748,497.046,-2.53728,-1.35023,-1.81064,0.126722,1.48357,-6.19532,4408.53,-21.3435,4798.32,6415.94,-2.49827,-1.31122,-1.73262,0.165732,1.52258,0.550413,4413.47,-20.8949,4803.26,0.448471,1.00835,-0.00807817,9841.15,-0.000377742,0.751064,9.0892,8.10892,113.88,89.7475,0.673394,9.24971,9.15302,113.58,139.265,0.299955,-49.5177 
52,95,43.248,0,40,-0.2,0.19,0.01,52,4185.13,-0.00232178,10.4934,9.2228,114.354,0.0189528,2.42701,4.99013e-12,-0.852798,-0.0246534,-0.52126,0.0719401,-2.36136,-42.1712,-20.0368,-0.977297,4685.39,3151.97,-0.587257,0.240887,0.00982116,0.337481,-2.09582,1.00469,13.5541,2.07642,4718.98,0.00253536,0.788587,0.000809896,5346.01,-0.000342996,0.00134125,2605.29,-5.30402,118.586,80.9264,0.660687,9.13262,9.15587,113.853,138.545,4.73252,-57.6188 
53,75,46.2227,0,46.05,0.2,-0.19,-0.01,53,2274.83,-0.115396,-6.98797,8.94376,114.483,-0.49675,335.966,302.208,-2.52913,-1.45544,-0.512749,-3.53229,-2.0372,-17.568,-111.985,-31.4685,3197.1,7467.4,-2.41851,-1.34482,-0.291506,-3.42166,-1.92658,0.968999,-97.9912,-30.1963,3211.1,-0.0277552,0.649659,-0.0176281,3530.55,-0.000589255,-0.00730917,-14.195,-17.4933,109.268,70.0045,0.450563,9.06482,9.27327,113.959,138.374,-4.69109,-68.3693 
54,75,47.3227,2.5,46.05,0.2,-0.19,-0.01,54,3040.78,0.00249987,-7.75405,-9.54766,114.29,-0.00570587,4.10079,499.871,-3.71632,-0.747785,1.14727,-1.65899,-0.442735,-28.5152,459.316,-24.4858,3217.04,2410.78,-3.53676,-0.568232,1.50638,-1.47944,-0.263182,1.34699,482.03,-22.4209,3239.75,0.116349,1.08861,-0.012913,4142.95,-0.000488479,0.0729112,9.22222,9.34967,113.826,89.7003,0.40127,9.58503,9.81754,113.784,138.127,0.0416428,-48.4263 
55,7,43.248,4,46.05,-0.2,0.19,0.01,55,2544.19,-0.0102837,-6.89707,9.40287,114.454,-0.00125615,18.5738,499.997,-1.251,-0.230497,-4.76189,-1.40514,-0.247132,-45.9878,-56.8683,-16.1672,3226.61,2111.92,-0.961424,0.0590764,-4.18274,-1.11556,0.0424412,0.320786,-20.2373,-12.8371,3263.25,-0.00551842,0.473916,-0.00729948,3667.23,-0.000394158,-0.0146878,-13.9085,9.24347,90,112.164,0.44835,9.25688,9.28604,113.683,138.257,-23.6828,-26.0927 
56,97,43.248,4,48.5,-0.2,0.19,0.01,56,7672.01,-0.024984,18.9298,9.17185,114.425,0.00320652,32.2593,500,-0.733389,-2.29656,0.532651,-0.223509,0.841673,-33.4411,3921.21,-38.291,4307.32,5655.32,-0.52282,-2.086,0.95379,-0.0129397,1.05224,2.54906,3947.85,-35.8695,4333.96,0.446325,1.01616,-0.015482,8845.22,-0.000502141,0.645577,9.18228,8.31377,114.023,90.202,0.598809,9.46319,9.12525,113.811,139.713,0.212699,-49.5107 
57,97,43.248,0,48.5,-0.2,0.19,0.01,57,8499.58,-0.0133796,20.5274,9.19678,114.468,0.0417883,17.9283,500,0.378937,-1.89411,-1.63311,-3.39558,-1.1773,2.43085,4414.77,-21.0658,4532.02,6170,0.363631,-1.90942,-1.66372,-3.41088,-1.1926,0.787057,4412.83,-21.2419,4530.08,0.462958,1.0085,-0.00871302,9531.83,-0.000303213,0.7167,9.13075,8.35502,114.065,90.346,0.606475,9.51714,9.30318,113.884,139.527,0.181487,-49.1812 
58,95,43.248,0,40,-0.2,0.19,0.01,58,3827.83,-0.10038,10.4384,9.1251,114.45,0.542732,-244.492,50.4448,-1.98407,-0.543769,-2.83777,-1.44653,-3.01577,-42.8366,-108.042,-9.20645,4707.84,7420.35,-1.71434,-0.274038,-2.29831,-1.1768,-2.74604,0.720044,-73.9213,-6.10455,4741.96,-0.0139884,0.87373,-0.00237707,5284.49,-0.000355935,-0.0051617,7.79406,5866.56,107.3,71.4781,0.670239,9.1071,9.30176,113.727,138.954,-6.42682,-67.4757 
59,75,46.2227,0,46.05,0.2,-0.19,-0.01,59,2620.12,-0.00202304,-7.50743,9.07787,114.812,0.0102492,-4.95692,500,-0.809528,-3.23742,-4.08809,-5.0526,-3.07448,-23.7944,-72.6104,-20.4588,3483.3,2220.21,-0.659701,-3.08759,-3.78843,-4.90277,-2.92466,0.753408,-53.6573,-18.7357,3502.26,-0.0137446,0.620711,-0.00995264,3903.89,-0.00070308,0.00120937,2437.28,-5.46461,90.1867,81.6217,0.478486,9.15265,9.39,114.386,138.312,-24.1993,-56.6901 
60,75,47.3227,2.5,46.05,0.2,-0.19,-0.01,60,2541.52,-0.145841,-7.42409,9.66374,114.66,-0.124028,-148.258,458.438,0.983628,0.465809,-4.42616,-3.89954,-2.5397,-9.33135,470.763,-17.9912,2983.04,2934.11,1.04238,0.524566,-4.30865,-3.84078,-2.48094,0.524611,478.196,-17.3155,2990.47,0.123967,1.06765,-0.0107812,3857.43,-0.000793629,0.0851824,8.68564,8.50396,114.367,89.7429,0.381679,9.6483,9.74142,113.983,138.524,0.384123,-48.7807 
61,7,43.248,4,46.05,-0.2,0.19,0.01,61,2324.54,-0.101265,-6.5102,9.51987,114.656,0.0762768,4.97576,353.845,-1.62122,-1.92622,-1.67077,-3.97331,-1.50397,-36.4825,-49.1172,-13.1121,3078.36,2029.89,-1.39149,-1.6965,-1.21133,-3.74359,-1.27425,0.869989,-20.0576,-10.4703,3107.42,-0.00574498,0.522597,-0.00624565,3491.33,-0.000577025,0.00754933,-17.4138,-5.24253,121.456,101.537,0.421346,9.16624,9.27188,113.819,138.357,7.63662,-36.8207 
62,97,43.248,4,48.5,-0.2,0.19,0.01,62,8121.6,-0.00720233,20.0329,8.95498,114.421,0.0162811,-1.6778,500,-2.5055,-0.430858,3.29236,-1.96643,-1.50504,52.8499,3914.51,-32.8188,4588.39,5840.78,-2.83828,-0.76364,2.6268,-2.29921,-1.83782,1.51383,3872.42,-36.6458,4546.29,0.429804,1.01684,-0.0150723,9009.72,-0.000226072,0.663671,8.88773,8.17921,114.094,89.4497,0.649891,9.1654,9.13689,113.785,139.033,0.308606,-49.5833 
63,97,43.248,0,48.5,-0.2,0.19,0.01,63,9555.16,-0.0209781,22.2616,9.43022,114.472,-0.00379095,20.1666,473.543,-0.138981,-1.50465,-0.162755,-0.0312141,-0.731936,3.23333,4831.1,-8.16485,5006.07,6836.45,-0.15934,-1.52501,-0.203473,-0.0515735,-0.752295,0.924407,4828.52,-8.39899,5003.49,0.460629,1.00305,-0.0031018,10482.5,-9.37386e-05,0.770259,9.29582,8.26272,114.126,89.0492,0.668889,9.39593,9.42549,113.724,138.615,0.402108,-49.5659 
64,95,43.248,0,40,-0.2,0.19,0.01,64,4023.53,-0.00429413,10.2946,9.40717,114.54,0.0561226,-13.1866,500,-3.8699,0.49017,-0.816918,-3.79121,-2.99922,-57.5857,-6.76815,-3.97222,4720.75,3176.65,-3.5073,0.852772,-0.0917153,-3.42861,-2.63662,0.989591,39.1009,0.197694,4766.62,0.00720704,0.99123,7.63949e-05,5425.38,-0.000279234,-0.0265647,-9.15939,-8.24112,90,112.403,0.663912,9.05918,9.17625,113.893,138.606,-23.8935,-26.2029 
65,75,46.2227,0,46.05,0.2,-0.19,-0.01,65,2829.67,-0.0255141,-7.83887,8.71795,114.606,0.0700398,-2.05164,500,-1.3236,-2.03677,-2.6526,-1.57552,-1.53515,13.4664,-12.6659,-14.4063,3432.38,2229.33,-1.4084,-2.12156,-2.82219,-1.66031,-1.61994,0.707011,-23.3924,-15.3814,3421.66,-0.00608688,0.464966,-0.00835,3843.08,-0.000440674,0.00106741,9.94758,-0.0376969,116.982,95.4996,0.5,8.95159,9.1148,113.98,137.621,3.0014,-42.1216 
66,75,47.3227,2.5,46.05,0.2,-0.19,-0.01,66,3525.67,-0.0489353,8.26779,10.3333,114.813,-0.106709,-40.201,500,1.14916,-1.91059,-5.01691,-1.51164,-0.462705,-63.9866,504.968,5.05068,3601.04,2920.8,1.55207,-1.50769,-4.2111,-1.10873,-0.0597983,0.210702,555.936,9.68411,3652.01,0.118721,0.970418,0.004861,4682.71,-0.000431509,0.0698913,10.4825,9.1975,114.446,90.241,0.428131,10.0347,9.88321,114.151,138.809,0.295425,-48.5675 
67,7,43.248,4,46.05,-0.2,0.19,0.01,67,2502.33,-0.0702554,-6.7575,9.4698,114.305,-0.250547,-537.901,135.572,0.207197,-2.47076,-2.06389,-2.96149,-1.895,-41.9578,-71.7275,-15.9385,3131.93,6470.35,0.471394,-2.20657,-1.53549,-2.69729,-1.6308,0.797928,-38.3065,-12.9002,3165.36,-0.0108255,0.629194,-0.00756418,3538.54,-0.000306815,-0.0171951,13.7214,-8.67954,90,110.531,0.442759,9.0169,9.26122,113.701,138.733,-23.7012,-28.2021 
68,97,43.248,4,48.5,-0.2,0.19,0.01,68,8229.85,-0.0297871,19.9597,9.12549,114.577,0.00978765,41.6747,105.692,-1.51007,-1.63236,-2.12589,-0.802261,-0.0907299,2.29014,4004.39,-16.5559,4572.43,5942.62,-1.52449,-1.64678,-2.15473,-0.816681,-0.10515,0.655123,4002.57,-16.7217,4570.61,0.436611,1.00736,-0.00678512,9167.36,-0.000211372,0.685051,8.99884,8.02502,114.203,89.8166,0.638014,9.26071,9.19363,113.9,139.1,0.303138,-49.2836 
69,97,43.248,0,48.5,-0.2,0.19,0.01,69,8624.21,-0.0530314,21.3358,9.06199,114.401,0.106153,52.5859,0.100557,-1.46487,0.356098,2.5807,-3.20314,-0.793193,-1.97647,4399.38,-9.96662,4691.44,6475.73,-1.45242,0.368543,2.60559,-3.19069,-0.780748,2.06362,4400.95,-9.8235,4693.01,0.453517,1.00392,-0.00387085,9704.06,-0.000253238,0.749387,8.94247,8.11578,114.062,89.0756,0.670326,9.15412,8.93366,113.747,138.262,0.315336,-49.1867 
70,95,43.248,0,40,-0.2,0.19,0.01,70,3842,-0.0930221,10.1105,9.2978,114.888,0.768692,487.853,54.4248,-1.71935,-1.24225,-4.43494,-2.90165,-2.044,-18.4992,-6.4944,-7.00196,4545.4,15268,-1.60287,-1.12577,-4.20197,-2.78517,-1.92751,0.639108,8.24086,-5.66239,4560.14,0.0015967,-4.93964,-0.00229261,5161.2,-0.00098697,0.00553058,22.2062,-63.1839,134.977,113,0.664146,9.03277,8.85981,114.203,138.317,20.7734,-25.3168 
71,75,46.2227,0,46.05,0.2,-0.19,-0.01,71,2718.61,-0.00498631,-7.18202,9.06355,115.039,0.0407225,-13.5578,491.075,-0.279736,0.932848,-3.60193,-0.582615,-3.82228,-31.4159,-62.2184,-16.5222,3345.35,2137.02,-0.081918,1.13067,-3.20629,-0.384797,-3.62447,0.480072,-37.1945,-14.2473,3370.38,-0.00986243,0.598683,-0.00784806,3771.33,-0.000265099,-0.013389,16.3231,9.41629,90,110.604,0.47525,9.04207,9.0886,114.161,137.393,-24.161,-26.7892 
72,75,47.3227,2.5,46.05,0.2,-0.19,-0.01,72,3185.44,-0.0910411,-8.15736,9.74786,114.527,1.25336,-951.051,313.504,-0.778435,-2.76507,-0.813819,-1.16458,-2.62512,-49.4404,542.659,-18.8777,3366,41392.4,-0.467122,-2.45375,-0.191193,-0.853262,-2.31381,0.969551,582.04,-15.2976,3405.38,0.131382,1.04821,-0.00834411,4430.12,-0.000523941,0.0802092,9.24974,9.20826,114.592,90.246,0.424324,9.60939,9.68247,113.658,138.723,0.933821,-48.4773 
73,7,43.248,4,46.05,-0.2,0.19,0.01,73,2516.11,-0.112246,-7.34538,9.17292,114.453,0.0661196,-96.9887,108.117,-1.96125,0.191735,1.56453,-1.71277,-2.07964,-23.0613,-47.7958,-7.06925,3284.15,2402.15,-1.81604,0.336946,1.85496,-1.56756,-1.93443,1.59337,-29.4266,-5.39933,3302.52,-0.00794795,0.756946,-0.00302078,3702.42,-0.000971407,0.00424142,-21.9273,63.108,134.994,113,0.436694,9.11473,9.68236,113.896,138.914,21.0979,-25.9141 
74,97,43.248,4,48.5,-0.2,0.19,0.01,74,7865.63,-0.0730295,19.7319,9.07844,114.457,0.0613652,-124.541,126.669,-2.30143,0.507358,0.192284,-2.59592,-0.648134,-20.6257,3964.05,-17.5015,4430.47,6080.22,-2.17155,0.637232,0.452032,-2.46604,-0.51826,1.11116,3980.48,-16.008,4446.9,0.442007,1.00709,-0.00667549,9005.47,-0.000436963,0.664035,8.9764,8.32892,114.102,90.2353,0.61352,9.17131,9.38629,113.72,139.363,0.382543,-49.1274 
75,97,43.248,0,48.5,-0.2,0.19,0.01,75,8155.81,-0.0253742,19.9597,9.13208,114.639,0.0105509,-33.4239,500,1.0562,-0.544162,-2.44027,-0.609243,-1.67839,-25.3881,4402.93,-18.8983,4213.34,5945.08,1.21606,-0.3843,-2.12054,-0.449381,-1.51853,0.348866,4423.16,-17.0599,4233.56,0.480408,1.0068,-0.00747863,9207.08,-0.000287927,0.730873,9.10947,8.13612,114.303,87.9448,0.604028,9.23865,8.92015,113.879,137.158,0.424019,-49.2131 
76,95,43.248,0,40,-0.2,0.19,0.01,76,4598.1,-0.0727808,11.5088,9.39782,114.177,0.00533699,58.2959,61.272,-1.37031,-0.715799,-0.824006,-0.895944,0.590405,-18.9136,-25.1258,0.498731,5159.27,3531.02,-1.25122,-0.596705,-0.585819,-0.776851,0.709498,0.765775,-10.0604,1.86831,5174.33,-0.00172358,1.48146,0.000664691,5836.94,-0.000256578,-0.00919835,13.0238,-7.40207,106.803,82.9617,0.70535,9.02353,9.55253,113.668,138.144,-6.86458,-55.1822 
77,75,46.2227,0,46.05,0.2,-0.19,-0.01,77,2777.15,-0.0757013,-7.42615,9.27919,114.239,0.157891,-77.6281,160.335,-0.594584,-0.475138,1.76058,-1.33305,-3.3446,-31.477,-46.9067,-8.16609,3409.2,2642.21,-0.396382,-0.276936,2.15698,-1.13485,-3.1464,1.77102,-21.8341,-5.88676,3434.27,-0.00565813,0.67943,-0.0031676,3858.89,-0.000438413,0.00231795,15.2365,0.0203857,118.259,97.5534,0.473008,8.99278,9.4321,113.763,138.2,4.49594,-40.6463 
78,75,47.3227,2.5,46.05,0.2,-0.19,-0.01,78,3207.97,-0.0122422,-7.90859,9.80887,114.196,0.0367756,-16.0603,499.851,-1.13297,-0.983844,-1.26814,-0.434582,-2.28221,-23.3381,524.104,-10.1418,3315.56,2544.53,-0.986021,-0.83689,-0.974228,-0.287628,-2.13526,0.813367,542.694,-8.45185,3334.15,0.125907,1.02802,-0.00469152,4310.28,-0.000464511,0.0772583,9.90834,9.02426,113.795,90.2,0.40829,9.52091,9.99537,113.481,138.923,0.314786,-48.7226 
79,7,43.248,4,46.05,-0.2,0.19,0.01,79,2239.55,-0.00206188,-6.49946,9.12701,114.526,0.000427945,0.651128,499.986,-2.19137,-2.35024,0.291214,-3.42706,-2.65912,-36.8052,-36.289,-4.515,3043.25,1931.09,-1.95962,-2.11849,0.754719,-3.1953,-2.42737,1.08436,-6.97231,-1.84985,3072.57,-0.00201219,0.682921,-0.00111028,3465.03,-0.000497171,-0.0145178,11.003,-9.35451,90,112.651,0.416894,9.21972,9.32499,113.918,138.161,-23.9183,-25.5099 
80,97,43.248,4,48.5,-0.2,0.19,0.01,80,7761.96,-0.101096,19.5281,9.221,114.597,-0.0550618,161.842,491.899,-0.312458,0.245005,-0.466849,-0.551365,-3.28715,-17.21,3804.81,-19.3101,4526.18,6151.92,-0.204091,0.353372,-0.250116,-0.442998,-3.17878,0.932812,3818.52,-18.0639,4539.89,0.426717,1.00835,-0.00738373,8948.59,-0.000576139,0.61751,9.34179,8.424,114.232,89.4879,0.626355,9.31064,9.35002,113.898,139.125,0.334637,-49.6371 
81,97,43.248,0,48.5,-0.2,0.19,0.01,81,9120.22,-0.0518685,22.0789,9.23899,114.585,-0.00523321,-6.42615,0.265506,-1.63126,0.311152,-0.343012,-0.842891,-2.27137,15.302,4697.77,-20.72,4909.58,6641.54,-1.72761,0.214799,-0.535718,-0.939244,-2.36772,0.899969,4685.59,-21.8281,4897.39,0.458488,1.00822,-0.00827839,10219.6,-0.000332972,0.76632,9.19485,8.3253,114.132,89.9842,0.683764,9.2412,9.13621,113.965,139.45,0.167207,-49.4654 
82,95,43.248,0,40,-0.2,0.19,0.01,82,3941.08,-0.0211084,10.3467,9.12679,114.373,0.0316657,-22.9137,500,-3.40753,-2.32893,-3.79815,-2.43142,-1.46487,-27.3145,-23.7616,-15.0439,4643.93,3097.69,-3.23554,-2.15694,-3.45416,-2.25943,-1.29288,0.721415,-2.00459,-13.066,4665.69,-0.000380361,0.0806023,-0.00518547,5270.22,-0.000319325,-0.00818353,9.80276,-15.9046,112.314,71.0787,0.674237,8.85794,9.0429,113.775,137.694,-1.46182,-66.6151 
83,75,46.2227,0,46.05,0.2,-0.19,-0.01,83,2557.44,-0.047905,-7.39022,8.79671,114.82,0.0566428,-75.1207,500,-3.03467,-0.101048,-3.16539,-0.387264,-1.47089,-40.9638,-68.8395,-1.44813,3321.56,2254.79,-2.77673,0.156891,-2.64952,-0.129325,-1.21295,0.599265,-36.2103,1.51816,3354.19,-0.00964573,1.07918,0.000833073,3754.03,-0.000669017,0.00138199,-2502.89,-8.24243,110.146,85.1547,0.472612,8.89914,9.35304,114.149,138.248,-4.00351,-53.0931 
84,75,47.3227,2.5,46.05,0.2,-0.19,-0.01,84,3530.58,-0.00372984,-8.24075,9.81484,114.675,0.0087333,11.1009,2.82318e-12,-3.37981,-1.35851,0.681732,-0.854611,-1.35578,-31.159,557.579,-16.4782,3495.62,2636.12,-3.18361,-1.16231,1.07413,-0.658411,-1.15958,1.21104,582.399,-14.2219,3520.44,0.127705,1.04464,-0.00749755,4560.5,-0.000333071,0.081559,9.98649,8.77295,114.211,89.4166,0.442569,9.59791,9.59246,113.898,138.131,0.313212,-48.7139 
85,7,43.248,4,46.05,-0.2,0.19,0.01,85,2211.88,-0.1244,-6.79846,9.14215,114.694,-0.367395,55.8347,122.334,-0.904637,-2.22304,-6.66917,-5.39696,-3.33671,-24.1293,-97.6829,-20.6261,3151.04,2691.05,-0.752701,-2.0711,-6.3653,-5.24502,-3.18477,0.638723,-78.463,-18.8788,3170.26,-0.0223929,0.703698,-0.0110914,3503.93,-0.000743467,-0.0434034,0.123552,-1.44781,105.44,75.2672,0.450844,9.09911,9.1239,114.014,137.728,-8.57453,-62.4605 
86,97,43.248,4,48.5,-0.2,0.19,0.01,86,7050.4,-0.0573848,18.0982,8.82148,114.379,0.0246823,45.5366,12.7708,-3.10881,-2.39285,2.16916,0.457399,-0.996675,-15.6365,3600.43,-26.0103,3951.89,5233.82,-3.01035,-2.29439,2.36608,0.555858,-0.898216,1.72114,3612.88,-24.878,3964.35,0.446443,1.0122,-0.0116952,8092.6,-0.00043615,0.632652,8.862,8.04282,114.009,88.5167,0.583535,9.0568,8.96237,113.661,137.559,0.347343,-49.0419 
87,97,43.248,0,48.5,-0.2,0.19,0.01,87,8503.52,-0.0115822,21.4035,8.95487,114.643,0.0178904,1.24453,4.08105,-1.12097,-2.40945,2.95988,1.17908,-0.583265,14.3927,4536.11,-30.2912,4490.86,6240.08,-1.21159,-2.50008,2.77863,1.08845,-0.673892,6.35915,4524.64,-31.3335,4479.4,0.471987,1.01227,-0.0130538,9586.37,-0.000389464,0.761493,8.99626,8.20169,114.15,88.766,0.650854,9.1615,8.96088,114.125,137.855,0.0248834,-49.0894 
88,95,43.248,0,40,-0.2,0.19,0.01,88,3761.54,-0.000129109,9.87346,9.20617,114.643,-0.00665358,0.998204,9.01907e-12,-2.55004,-2.54811,0.427502,-1.6869,-1.9408,-34.1295,-39.8757,-9.8613,4488.76,2959.21,-2.33514,-2.33321,0.85731,-1.472,-1.7259,1.12232,-12.6902,-7.38989,4515.94,-0.00249301,0.495276,-0.00302354,5090.33,-0.000261139,-0.00408051,7.86625,7002.67,106.658,70.0674,0.640596,9.11737,9.18625,113.897,137.761,-7.23865,-67.6932 
89,75,46.2227,0,46.05,0.2,-0.19,-0.01,89,2915.41,-0.105118,-8.04749,9.35046,114.643,0.0558014,56.4952,11.6667,-0.254899,-0.00241759,-3.3677,-0.721863,-2.52759,-22.3826,-23.0751,-18.7596,3666.36,2552.19,-0.113961,0.13852,-3.08582,-0.580925,-2.38666,0.488157,-5.24652,-17.1388,3684.19,-0.00126182,0.148882,-0.00864351,4157.89,-0.000568492,0.00807426,-9.70165,14.1627,123.81,106.788,0.524641,8.88113,9.12285,113.962,138.736,9.84792,-31.9478 
90,75,47.3227,2.5,46.05,0.2,-0.19,-0.01,90,3193.66,-0.0138052,-8.49576,9.35812,114.556,0.0102623,0.067681,1.76794e-12,-2.41482,-1.14257,-2.86563,-0.706273,0.216853,3.19287,485.844,-14.9846,3414.3,2588.15,-2.43492,-1.16267,-2.90584,-0.726378,0.196749,0.586831,483.3,-15.2158,3411.76,0.111396,1.05831,-0.00828348,4338.59,-0.000559736,0.0707042,10.0882,9.10222,114.201,89.6331,0.435236,9.41985,9.8582,113.98,138.66,0.221669,-49.0266 
91,7,43.248,4,46.05,-0.2,0.19,0.01,91,2199.06,-4.22396e-05,-6.6256,8.97225,114.357,-0.019477,10.0892,500,-4.23433,-0.288958,-5.72035,-2.31066,-3.54684,1.73307,-79.9067,-41.3452,3059.1,1941.58,-4.24525,-0.299871,-5.74217,-2.32157,-3.55775,0.644813,-81.2872,-41.4707,3057.72,-0.0240927,0.528316,-0.025624,3373.93,-0.000558643,-0.0147813,14.0979,9.5414,90,112.092,0.443158,9.09321,9.10585,113.572,137.96,-23.5718,-25.8681 
92,97,43.248,4,48.5,-0.2,0.19,0.01,92,7404.66,-0.0422257,18.7267,9.07578,114.69,0.01061,182.078,0.485235,-2.48898,-1.27981,2.40151,-2.26513,-2.71848,14.4688,3778.99,-29.9905,4236.73,5595.64,-2.58009,-1.37092,2.21929,-2.35623,-2.80958,1.32175,3767.47,-31.0382,4225.2,0.441055,1.01463,-0.0137177,8541.95,-0.000527218,0.631381,9.1133,8.26295,114.364,90.1873,0.589628,9.21236,9.30057,113.981,139.736,0.383345,-49.5487 
93,97,43.248,0,48.5,-0.2,0.19,0.01,93,8731.6,-0.0113023,21.4332,-9.11057,114.69,-0.074035,75.887,2.98591e-11,1.88306,-1.54126,2.28205,0.23983,-1.55324,0.215567,4651.01,-33.7636,4573.13,6539.55,1.8817,-1.54262,2.27933,0.238473,-1.5546,-0.750253,4650.84,-33.7792,4572.96,0.473692,1.01287,-0.0137948,9818.29,-0.000391895,0.752759,9.13694,8.43178,114.28,89.1335,0.623837,9.28445,9.40162,113.968,138.733,0.311995,-49.5995 
94,95,43.248,0,40,-0.2,0.19,0.01,94,3970.92,-0.00714778,10.3017,9.03671,114.488,0.00760987,1.94666,0.0105195,-3.62623,-0.391676,0.463121,-3.42984,-0.0131342,-19.3325,-37.0403,-8.61115,4602.46,3030.98,-3.5045,-0.269945,0.706585,-3.3081,0.108597,1.11274,-21.6412,-7.21123,4617.86,-0.00416454,0.63166,-0.00288492,5196.55,-0.000510783,0.00912676,-12.4652,-12.3997,125.799,108.295,0.644318,8.94815,9.42588,113.849,138.785,11.9499,-30.4898 
95,75,46.2227,0,46.05,0.2,-0.19,-0.01,95,2513.99,-0.100489,7.484,8.81927,114.684,-0.148589,192.685,198.861,-2.38604,0.643121,-2.8144,-1.81029,-0.33699,-45.6428,-58.4958,-20.8664,3273.26,3080.66,-2.09864,0.930522,-2.2396,-1.52289,-0.0495898,0.550299,-22.1396,-17.5613,3309.61,-0.00595516,0.418741,-0.00987095,3717.72,-0.000629706,0.0108408,14.1081,-6.65352,123.104,102.564,0.478678,8.81261,9.13479,113.917,137.915,9.18699,-35.3509 
96,75,47.3227,2.5,46.05,0.2,-0.19,-0.01,96,2893.27,-0.0992704,-7.72253,9.59577,114.841,0.144563,-41.0311,134.625,-2.4526,-2.03471,-3.69138,-4.58754,-1.64192,-26.4275,524.811,-17.9308,3164.75,2605.41,-2.28619,-1.8683,-3.35856,-4.42113,-1.47551,0.749542,545.862,-16.0171,3185.81,0.131665,1.05413,-0.00934803,4145.82,-0.000647961,0.0652263,10.5282,9.9824,115.186,89.5899,0.410897,9.5126,9.6191,113.841,137.651,1.345,-48.0613 
97,7,43.248,4,46.05,-0.2,0.19,0.01,97,2516.01,-0.00363512,-7.16994,9.07887,114.564,0.0223711,-6.26203,500,-1.53593,0.271223,-2.04755,-2.93094,-0.431106,-1.19709,-37.3926,-12.3868,3276.42,2123.62,-1.52839,0.278761,-2.03248,-2.9234,-0.423568,0.6934,-36.4391,-12.3002,3277.38,-0.00993704,0.628646,-0.00696165,3667,-0.000622448,0.00834367,11.0957,6.8608,119.965,101.216,0.450189,9.15931,9.41925,113.828,139.264,6.13726,-38.0482 
98,97,43.248,4,48.5,-0.2,0.19,0.01,98,7013.82,-0.0233974,18.0224,-8.91304,114.64,0.0285998,3.94568,0.226407,-0.94492,0.0627779,-3.23575,-3.13111,-2.54173,-5.27051,3634.01,-29.8131,3901.18,5232.84,-0.911733,0.0959649,-3.16937,-3.09792,-2.50855,0.669568,3638.21,-29.4315,3905.38,0.45188,1.01436,-0.0140778,8051.28,-0.000478204,0.638548,8.92771,8.06312,114.368,89.1866,0.578157,9.0661,8.89569,113.867,138.458,0.501277,-49.271 
99,97,43.248,0,48.5,-0.2,0.19,0.01,99,8591.52,-0.0432013,21.5216,8.89896,114.638,-0.0046929,19.149,459.587,0.213975,0.0513876,-1.46812,0.800517,-0.0645661,-1.10327,4496.27,-28.5486,4513.36,6237.53,0.220922,0.0583346,-1.45423,0.807464,-0.0576191,-2.4207,4497.15,-28.4687,4514.24,0.468539,1.0112,-0.0117536,9598.24,-0.000315854,0.774264,8.85361,8.17929,114.187,89.8272,0.644874,9.09726,9.1374,114.056,139.353,0.130249,-49.5253 
100,95,43.248,0,40,-0.2,0.19,0.01,100,3970.72,-0.0225564,10.3283,9.06751,114.473,0.0170189,-71.1742,50.8543,-1.55976,-1.56284,-1.06758,-0.533282,-2.12146,-37.247,-17.93,4.76623,4644.21,3088.1,-1.32523,-1.32831,-0.598515,-0.298747,-1.88692,0.889933,11.7386,7.46337,4673.88,0.00221767,0.47334,0.00293289,5293.23,-0.000469392,-0.000477201,-0.129571,13.6698,113.592,85.1272,0.677008,9.09428,8.962,113.776,138.177,-0.184,-53.0501 
101,75,46.2227,0,46.05,0.2,-0.19,-0.01,101,2686.63,-0.00254786,-7.4607,8.98163,114.652,0.00121142,12.747,7.18643e-13,0.156118,0.317961,-0.130513,-1.76219,1.59994,-21.885,-4.45558,-6.32373,3386.21,2181.87,0.293922,0.455765,0.145094,-1.62438,1.73774,0.856077,12.9766,-4.73898,3403.64,0.00336261,2.77077,-0.00257141,3859.09,-0.000310325,-0.00156872,-134.415,15.5886,90,70,0.48599,8.91691,9.12875,114.107,137.117,-24.1072,-67.1175 
102,75,47.3227,2.5,46.05,0.2,-0.19,-0.01,102,3204.6,-0.0193461,-7.49778,9.57653,114.613,0.0218976,9.07458,346.461,-1.90775,0.940482,-3.99325,-3.61532,-1.2559,-63.3703,542.376,1.82258,3158.84,2343.88,-1.50873,1.33951,-3.1952,-3.21629,-0.856871,0.570398,592.853,6.41137,3209.32,0.140507,0.981426,0.00366655,4219.38,-0.000296355,0.072333,10.0051,9.1354,114.442,90.1218,0.393809,9.49226,9.83797,113.829,138.219,0.613334,-48.0974 
103,7,43.248,4,46.05,-0.2,0.19,0.01,103,2280.6,-0.0638937,-6.60629,9.03702,114.67,0.121562,-99.8303,0.00558269,-0.220911,-2.40015,-3.85051,-0.464227,-0.640826,-20.6557,-40.4905,-17.5236,2946.11,2338.52,-0.0908477,-2.27009,-3.59039,-0.334164,-0.510763,0.471711,-24.0375,-16.0279,2962.56,-0.00723224,0.461494,-0.0100664,3323.65,-0.000394605,-0.0130721,-14.7317,8.42445,90,111.552,0.424602,8.91461,9.2599,113.913,137.929,-23.913,-26.377 
104,97,43.248,4,48.5,-0.2,0.19,0.01,104,6915.38,-0.0912028,18.1427,8.84957,114.515,0.00149205,123.983,194.241,0.174892,0.354269,2.68132,-2.48302,0.104219,-9.95818,3604.77,-30.5351,3935.23,5232.62,0.237596,0.416973,2.80673,-2.42031,0.166923,-1.32363,3612.7,-29.814,3943.16,0.447755,1.01465,-0.0141248,8068.47,-0.000536467,0.650876,8.79924,7.90241,114.258,89.1709,0.599967,8.93767,8.75325,113.753,138.112,0.505521,-48.9414 
105,97,43.248,0,48.5,-0.2,0.19,0.01,105,7759.17,-0.0189265,19.9073,8.79638,114.696,0.00466694,15.4768,500,0.346359,1.42846,-2.43695,0.477413,-2.36496,9.17063,4160.12,-17.5692,4135.46,5702.83,0.288614,1.37071,-2.55244,0.419668,-2.4227,0.118677,4152.81,-18.2333,4128.16,0.470967,1.00774,-0.00820297,8817.63,-0.000401136,0.732523,8.71946,8.06099,114.393,88.504,0.614187,9.066,8.83066,113.975,137.707,0.418694,-49.203 
106,95,43.248,0,40,-0.2,0.19,0.01,106,4176.68,0.00448702,10.7386,9.40975,114.398,-0.00479388,1.22244,1.37376e-12,-2.16184,-0.106401,-5.40179,-1.72215,-0.612924,-21.7902,-65.76,-0.611629,4975.05,3289.64,-2.02464,0.0308057,-5.12738,-1.58494,-0.475717,0.441576,-48.4033,0.966253,4992.41,-0.00865424,1.0362,0.000356402,5593.02,-0.000371167,-0.0234235,9.42045,9.50576,90,111.194,0.697312,9.14244,9.16625,113.787,138.274,-23.7866,-27.0791 
107,75,46.2227,0,46.05,0.2,-0.19,-0.01,107,2856.62,-0.0244208,-8.05781,9.10296,114.689,0.0566916,-19.2014,499.56,-0.84584,-0.378804,-2.43773,-1.59365,-1.61103,0.558633,-71.9031,-11.3659,3684.53,2423.22,-0.849358,-0.382322,-2.44477,-1.59717,-1.61455,0.645077,-72.3481,-11.4064,3684.08,-0.0176861,0.783758,-0.00573609,4090.66,-0.000530296,-0.00689745,7.11843,19.8823,112.015,70.5211,0.520506,8.91795,9.33826,114.057,139.66,-2.04166,-69.1387 
108,75,47.3227,2.5,46.05,0.2,-0.19,-0.01,108,2734.91,-0.117638,-7.31258,-9.94833,114.324,0.249415,-163.542,102.852,-2.28973,-1.25779,-0.68656,-2.40258,-3.22109,-27.7361,477.115,-14.3855,3022.1,3696.03,-2.11508,-1.08315,-0.337267,-2.22794,-3.04644,0.961717,499.208,-12.3771,3044.19,0.12673,1.04536,-0.00754617,3939.14,-0.000631473,0.0714904,10.06,9.04112,114.124,89.4091,0.391361,9.53592,9.58773,113.81,137.993,0.313795,-48.5837 
109,7,43.248,4,46.05,-0.2,0.19,0.01,109,2560.46,-0.0578558,6.93033,-9.58859,114.377,0.0436714,8.02909,1.11869,0.1883,-0.575223,-3.73154,-0.746557,-2.60576,-28.4714,-47.2006,-14.5845,3310.07,2174.65,0.367576,-0.395946,-3.37298,-0.567281,-2.42649,0.472569,-24.5221,-12.5228,3332.74,-0.00655412,0.528072,-0.00696997,3741.48,-0.000556089,0.0367307,0.120453,106.897,129.827,112.743,0.465588,9.08756,9.18457,113.792,138.398,16.0346,-25.6551 
110,97,43.248,4,48.5,-0.2,0.19,0.01,110,8029.61,-0.0123624,19.5638,9.29713,114.53,-0.013687,-4.68312,500,1.59216,0.636391,1.67665,0.0448425,0.401319,-18.0853,4067.52,-16.4693,4603.95,5923.12,1.70604,0.750269,1.90441,0.158721,0.515197,0.621739,4081.93,-15.1597,4618.35,0.438885,1.00654,-0.00608346,9300.67,-0.000586244,0.608951,9.48732,8.89743,114.154,90.0289,0.592232,9.46398,9.83775,113.848,139.905,0.305992,-49.8759 
111,97,43.248,0,48.5,-0.2,0.19,0.01,111,8768.53,-0.0728632,21.2268,9.36214,114.619,0.231708,-7.71654,484.73,-0.870154,-0.460337,-2.33029,-1.21166,-1.96157,-2.49582,4681.69,-18.551,4590.34,6527.47,-0.854439,-0.444621,-2.29886,-1.19594,-1.94586,0.658909,4683.68,-18.3703,4592.33,0.474392,1.00691,-0.00742352,9873.01,-0.000420554,0.73535,9.30934,8.52243,114.225,89.2301,0.614179,9.44224,9.47647,113.842,138.211,0.38277,-48.9814 
112,95,43.248,0,40,-0.2,0.19,0.01,112,4038.02,-0.0881596,10.1945,9.55484,114.408,0.01991,-38.1828,488.142,-2.35084,1.97599,-3.81351,-2.45467,-1.78546,-50.6686,-48.805,-7.70966,4733.27,3195.65,-2.03179,2.29503,-3.17541,-2.13563,-1.46642,0.512541,-8.44563,-4.04062,4773.63,-0.00156814,0.544293,-0.00156168,5385.76,-0.000502005,0.00749816,13.5981,11.1608,123.079,107.515,0.669772,9.02431,9.15218,113.799,138.52,9.27997,-31.0053 
113,75,46.2227,0,46.05,0.2,-0.19,-0.01,113,3082.57,-0.0789636,-8.08419,-9.39309,114.569,0.0192614,48.1083,19.0158,-1.38323,-2.13176,-3.38948,0.180888,0.563417,-26.8138,-26.3326,-14.1028,3729.02,2502.12,-1.21439,-1.96292,-3.05181,0.349727,0.732257,0.407086,-4.97442,-12.1612,3750.38,-0.00117516,0.189455,-0.00600919,4232.96,-0.000560276,0.0129828,13.3258,-5.37097,120.791,102.337,0.530923,9.22102,9.11503,113.858,137.565,6.93271,-35.2275 
114,75,47.3227,2.5,46.05,0.2,-0.19,-0.01,114,2864.37,-0.114991,-7.64116,9.84849,114.868,0.189664,27.9214,90.3695,-0.638937,1.05692,-1.50527,1.05197,1.20065,-40.638,511.283,-2.94985,3117.49,2622.15,-0.38305,1.31281,-0.993493,1.30786,1.45654,1.36787,543.653,-0.00715467,3149.86,0.132501,1.00002,-4.18421e-06,4103,-0.000610093,0.0726549,9.99549,9.18044,114.008,89.8234,0.394348,9.56313,9.78637,114.032,138.475,-0.0247213,-48.6518 
115,7,43.248,4,46.05,-0.2,0.19,0.01,115,2674.54,-0.0783252,-7.30981,9.16222,114.423,0.07573,-158.283,92.8984,-0.724255,0.749257,-2.40834,-1.72913,-3.98868,-32.5144,-60.0237,-11.197,3316.75,2570.44,-0.519521,0.953991,-1.99887,-1.52439,-3.78394,0.709159,-34.1248,-8.84257,3342.65,-0.00911679,0.68801,-0.00489692,3743.07,-0.000467614,-0.0788523,10.0714,-0.117318,116.711,98.6234,0.473127,8.89473,9.33121,113.833,139.022,2.87726,-40.3989 
116,97,43.248,4,48.5,-0.2,0.19,0.01,116,7111.49,-0.0246187,17.9463,-8.98444,114.818,0.0147974,13.1951,500,-2.5195,-0.383407,-3.44547,3.16593,-1.34725,-1.1449,3650.08,-22.2755,3998.06,5255.15,-2.5123,-0.376198,-3.43105,3.17314,-1.34004,0.23524,3650.99,-22.1926,3998.97,0.446887,1.01075,-0.0103285,8169.83,-0.000454869,0.634381,8.86858,8.10365,114.348,89.2391,0.566435,9.26586,9.12171,114.166,138.368,0.181433,-49.1291 
117,97,43.248,0,48.5,-0.2,0.19,0.01,117,8205.5,-0.0101378,20.0446,9.02723,114.493,0.022459,-14.7978,500,-2.64425,1.5491,-0.212957,-0.311683,1.05818,-6.86112,4280.96,-22.3653,4262.53,5901.24,-2.60105,1.59231,-0.126552,-0.26848,1.10139,0.581497,4286.43,-21.8685,4268,0.470557,1.00901,-0.00952856,9109.27,-0.00021741,0.733526,9.06179,8.0628,114.172,88.0317,0.624361,9.04223,8.8535,113.801,137.218,0.37158,-49.1862 
118,95,43.248,0,40,-0.2,0.19,0.01,118,3829.1,-0.00771725,9.74611,9.01655,114.62,0.00977968,-0.445221,1.36339e-11,-2.42062,-3.00663,2.49987,-2.08921,-1.75007,-32.8366,-34.5091,-1.15897,4359.59,2860.81,-2.21385,-2.79986,2.91339,-1.88245,-1.54331,1.52721,-8.35357,1.21881,4385.74,-0.00168843,1.34288,0.000511663,4947.54,-0.000200058,-0.00712169,12.6711,-17.3176,109.317,71.4078,0.633894,8.85492,9.1333,114.077,137.298,-4.76008,-65.89 
119,75,46.2227,0,46.05,0.2,-0.19,-0.01,119,2891.8,-0.0609408,-7.60316,9.16699,114.622,0.123419,-14.752,2.12135,-3.33781,-3.73657,-1.16496,-2.38236,-2.20662,-22.4152,-22.4812,-4.83727,3486.57,2328.17,-3.19667,-3.59543,-0.882675,-2.24121,-2.06547,0.92633,-4.62671,-3.21413,3504.43,-0.00116973,0.451323,-0.00169237,3955.38,-0.0002532,-0.000562525,-3466.4,29.7788,94.3721,70.0023,0.479241,9.01615,9.45461,114.092,138.258,-19.72,-68.2555 
120,75,47.3227,2.5,46.05,0.2,-0.19,-0.01,120,3192.16,-0.0727814,-7.64003,10.1563,115.078,-0.194282,212.715,9.50593,-1.59449,0.637082,0.185257,-0.256216,-1.11982,-26.7544,491.245,-4.65606,3287.89,3871.29,-1.42603,0.805547,0.522187,-0.0877509,-0.95135,1.45911,512.556,-2.71871,3309.2,0.120546,1.00937,-0.0015157,4251.95,-0.00044502,0.0768452,10.1665,8.69871,114.189,89.3116,0.409885,9.68136,9.7027,114.252,137.564,-0.0624547,-48.2524 
121,7,43.248,4,46.05,-0.2,0.19,0.01,121,1942.78,-0.06728,-6.70731,8.74473,114.828,-0.0321869,173.661,0.059689,-0.0525502,-2.37037,-1.39058,-1.80419,-1.7377,-36.388,-69.4769,-12.1407,2925.06,2091.33,0.176576,-2.14124,-0.932327,-1.57507,-1.50858,0.844109,-40.4925,-9.50574,2954.05,-0.0122795,0.708809,-0.005963,3297.58,-0.000659366,-0.0201067,-9.3466,9.42587,90,112.149,0.418652,8.78734,9.4418,114.104,138.962,-24.1043,-26.813 
122,97,43.248,4,48.5,-0.2,0.19,0.01,122,7086.72,-0.0799286,18.1735,8.96873,114.585,0.621289,84.7296,429.194,-1.28412,-3.189,1.26024,0.349515,0.796807,-8.6586,3661.81,-25.5988,4016.16,7019.63,-1.2296,-3.13448,1.36928,0.404036,0.851328,1.78719,3668.71,-24.9718,4023.05,0.4466,1.01206,-0.0115665,8214.76,-0.000519246,0.632257,8.94814,8.11993,114.237,89.079,0.582574,9.294,8.88706,113.947,138.247,0.290316,-49.1679 
123,97,43.248,0,48.5,-0.2,0.19,0.01,123,8075.7,-0.063836,20.1558,9.10777,114.602,0.0894485,16.6562,500,-0.376349,-2.55725,-0.809207,2.02766,-1.30686,-10.6246,4443.7,-22.8003,4176.74,6024.45,-0.309449,-2.49035,-0.675406,2.09456,-1.23996,0.742271,4452.16,-22.031,4185.2,0.484909,1.00874,-0.00979183,9181.43,-0.000405259,0.739727,9.12926,8.19375,114.234,87.8918,0.607277,9.10334,8.91074,113.936,137.039,0.297905,-49.1471 
124,95,43.248,0,40,-0.2,0.19,0.01,124,4207.42,0.018499,10.74,9.13032,114.434,-0.0423252,33.0337,6.72622e-05,-4.93854,-2.95339,-0.766269,-1.92283,-0.961134,-30.4443,-28.5449,-7.49143,4833.63,3237.67,-4.74684,-2.76169,-0.382869,-1.73113,-0.769435,0.963157,-4.29482,-5.28688,4857.88,-0.000782996,0.317034,-0.00200881,5485.11,-0.000476609,0.0114007,-13.8459,9.05763,121.621,103.767,0.70735,8.98721,8.92694,113.864,137.172,7.75663,-33.4053 
125,75,46.2227,0,46.05,0.2,-0.19,-0.01,125,2365.63,-0.122793,-6.8685,9.50573,114.854,0.268261,211.671,456.897,-0.338144,-1.84656,-2.25108,-2.73226,-1.35019,-9.42465,-57.0172,-6.70226,3185.54,3973.89,-0.278799,-1.78722,-2.13239,-2.67292,-1.29085,0.738747,-49.5101,-6.0198,3193.04,-0.0139127,0.824553,-0.003485,3558.63,-0.000831025,0.00483903,-9.25382,70.8753,128.806,113,0.438419,9.23689,9.24648,114.077,137.137,14.7282,-24.1373 
126,75,47.3227,2.5,46.05,0.2,-0.19,-0.01,126,2893.24,-0.069939,-7.38021,9.59007,114.551,-0.0304519,111.391,208.19,-1.01053,-1.30415,-2.01322,-0.297315,-2.35584,-36.5751,541.394,2.74744,2911.46,2414.44,-0.780222,-1.07384,-1.55261,-0.0670112,-2.12554,0.72271,570.527,5.39593,2940.6,0.146537,0.983718,0.00336883,3893.4,-0.000391351,0.0725888,9.39841,9.8014,114.524,89.3896,0.373258,9.56191,9.58335,114.045,137.299,0.478566,-47.9093 
127,7,43.248,4,46.05,-0.2,0.19,0.01,127,2134.28,-0.0153978,-6.19594,9.30025,114.471,-0.00433767,17.9854,500,-3.04895,-3.05956,-2.60105,-0.137991,0.811388,-14.9302,-80.1245,-19.7642,2956.36,1878.39,-2.95494,-2.96555,-2.41303,-0.0439797,0.905399,0.677062,-68.2321,-18.6831,2968.25,-0.0207652,0.676051,-0.0117308,3285.9,-0.000609615,-0.81195,-0.215343,-2.83459,111.554,91.3632,0.407028,9.26629,9.18438,113.757,137.489,-2.20362,-46.126 
128,97,43.248,4,48.5,-0.2,0.19,0.01,128,7161.13,-0.07736,18.3576,-8.95064,114.895,-0.0671889,81.7981,499.754,-0.743049,0.629757,-0.0258049,3.42431,-0.991535,-10.22,3690.75,-26.0024,4017.06,5527.82,-0.678697,0.694109,0.1029,3.48867,-0.927183,0.961602,3698.89,-25.2623,4025.2,0.448494,1.0121,-0.0116963,8247.37,-0.000413713,0.661223,8.81721,7.92013,114.476,89.0133,0.581012,9.07565,8.97549,114.2,138.212,0.276394,-49.1986 
129,97,43.248,0,48.5,-0.2,0.19,0.01,129,7389.34,-0.0157615,19.1382,8.77456,114.484,-0.00298609,-1.05355,500,-2.45016,0.0217261,3.54446,0.556068,0.577472,-26.0046,3992.5,-27.219,3954.35,5466.76,-2.28642,0.18547,3.87195,0.719812,0.741216,-0.197993,4013.21,-25.3359,3975.07,0.471863,1.01117,-0.0118805,8505.04,-0.000411906,0.691044,8.6621,8.26189,114.071,88.5741,0.580991,8.93356,9.02078,113.922,138.06,0.14909,-49.4855 
130,95,43.248,0,40,-0.2,0.19,0.01,130,4292.94,-0.0796138,11.2546,9.2652,114.847,0.0100929,-155.028,500,-1.20769,-2.94276,-5.87658,-1.17158,-0.363219,-13.2209,-18.238,7.32711,5019.13,3445.46,-1.12444,-2.85951,-5.71009,-1.08833,-0.279971,0.483826,-7.70707,8.28447,5029.66,-0.00135788,-1.13494,0.003025,5675.81,-0.000327655,-0.025565,8.86928,10.093,90,113,0.683533,9.14531,9.50997,114.303,138.68,-24.303,-25.6799 
131,75,46.2227,0,46.05,0.2,-0.19,-0.01,131,2327.09,-0.0836919,-6.80949,8.81691,114.546,0.1868,-25.3039,116.107,-1.31808,-0.143221,-1.45614,-2.45852,-2.41341,-20.0772,-46.3114,-8.23633,3015.2,2108.33,-1.19165,-0.0168008,-1.2033,-2.3321,-2.28699,0.828854,-30.3192,-6.7825,3031.19,-0.00893074,0.718659,-0.0041389,3394.93,-0.000432957,-0.00727077,6.99987,-14.9058,109.849,75.3147,0.448969,8.79443,8.93734,114.058,138.337,-4.20884,-63.0223 
132,75,47.3227,2.5,46.05,0.2,-0.19,-0.01,132,2926.07,-0.0802881,-7.70277,9.43341,114.428,0.145529,-49.6568,497.182,-4.33521,0.102467,-0.662232,-0.0866624,-1.73354,-58.9037,496.501,-19.9065,3145.51,2600.68,-3.96431,0.473368,0.0795698,0.284239,-1.36264,1.01772,543.42,-15.6411,3192.43,0.130917,1.05304,-0.00910749,4150.87,-0.000565891,0.0752097,9.66101,9.15082,114.415,89.8138,0.407484,9.38951,9.68794,113.785,138.26,0.630392,-48.446 
133,7,43.248,4,46.05,-0.2,0.19,0.01,133,2016.96,-0.0156593,-6.42953,8.49531,114.548,-0.00863968,21.7826,500,-2.79248,-1.15659,-2.63943,-3.08481,-1.20851,-47.1699,-72.5511,-29.0315,2860.31,1784.22,-2.49546,-0.859578,-2.0454,-2.78779,-0.91149,0.775224,-34.9785,-25.6158,2897.89,-0.0107971,0.438293,-0.0165528,3239.63,-0.000648631,-0.000611845,2725.03,2.68403,127.299,98.308,0.41758,8.83217,9.19405,113.917,138.057,13.3814,-39.749 
134,97,43.248,4,48.5,-0.2,0.19,0.01,134,7398.42,-0.0167208,18.666,-9.12564,114.696,-0.00599789,12.6675,500,-1.79116,-0.742372,-1.29668,-0.327521,-1.43566,-40.682,3863.62,-8.97773,4212.16,5547.58,-1.53499,-0.486208,-0.784353,-0.0713573,-1.17949,0.806638,3896.03,-6.03185,4244.56,0.448212,1.00272,-0.00262464,8692.38,-0.00047513,0.656479,8.94457,8.1263,114.342,89.1205,0.582206,9.22034,9.22993,114.124,138.337,0.217996,-49.2167 
135,97,43.248,0,48.5,-0.2,0.19,0.01,135,8231.68,-0.0096858,20.5211,9.04643,114.521,0.0173719,-4.86355,500,-0.525159,-0.162561,-0.594602,1.717,0.696966,-28.4162,4371.31,-7.11526,4380.43,6046.04,-0.34623,0.0163684,-0.236743,1.89593,0.875896,1.10736,4393.94,-5.05757,4403.06,0.468967,1.00202,-0.00212042,9369.41,-0.000358039,0.735788,9.05186,8.13927,114.097,89.1114,0.63426,9.03384,9.0127,113.997,138.286,0.0995002,-49.1744 
136,95,43.248,0,40,-0.2,0.19,0.01,136,3864.23,-0.0210852,10.2703,8.87085,114.526,0.0582487,5.30194,4.723e-12,-2.2868,-3.10679,-3.243,0.732735,-1.31036,-36.6467,-52.2504,-9.0337,4495.09,2975.87,-2.05604,-2.87604,-2.78149,0.963489,-1.07961,0.644751,-23.0599,-6.38002,4524.28,-0.00453099,0.673775,-0.00260445,5089.38,-0.000264403,-0.0211077,9.67718,-10.0081,90,112.374,0.653677,8.91545,9.10657,113.985,138.01,-23.9848,-25.636 
137,75,46.2227,0,46.05,0.2,-0.19,-0.01,137,2404.43,-0.0146972,-6.6934,8.98699,114.701,0.0107544,-2.41958,499.999,-0.201217,-1.66045,-1.26379,-2.74063,-0.433271,-50.9049,-42.5048,-8.44248,3056.73,1959.04,0.119318,-1.33992,-0.622722,-2.42009,-0.112736,0.857701,-1.95716,-4.75633,3097.28,-0.000559514,0.190372,-0.00283685,3497.97,-7.582e-05,-0.00219687,22.028,5945.13,95.5471,70.0777,0.447142,8.97637,9.0796,113.957,138.275,-18.4094,-68.1975 
138,75,47.3227,2.5,46.05,0.2,-0.19,-0.01,138,2765.88,-0.0254851,-7.03738,9.82986,114.645,0.00309159,-3.71521,209.784,0.389016,0.0688897,-2.29546,-0.733214,-2.60385,-58.3977,426.864,-7.81689,2954.56,2252.3,0.756731,0.436605,-1.56003,-0.3655,-2.23614,0.474443,473.38,-3.58817,3001.07,0.122492,1.01344,-0.00220734,3864.59,-0.000514447,0.0571625,11.0219,9.32276,114.454,89.4339,0.388452,9.51993,9.50902,114.091,137.455,0.362665,-48.0213 
139,7,43.248,4,46.05,-0.2,0.19,0.01,139,2010.5,-0.109311,-6.50673,8.61679,115.046,-0.214398,301.089,133.229,-1.14265,-2.15536,-5.48046,-2.58557,0.414562,-43.5155,-80.3108,-19.2005,2832.97,3926.57,-0.868647,-1.88135,-4.93244,-2.31157,0.688567,0.46994,-45.6491,-16.0495,2867.63,-0.0142887,0.619091,-0.0104172,3194.78,-0.000548508,-0.0137153,-11.1112,-8.60866,90.6155,110.517,0.424236,8.66745,9.12864,114.423,137.72,-23.8073,-27.2034 
140,97,43.248,4,48.5,-0.2,0.19,0.01,140,7161.05,-0.0234273,18.3303,8.81452,114.667,0.0283166,5.82289,500,-1.33374,0.687089,1.74236,0.513597,0.239434,-15.5261,3694.95,-17.8287,3954.09,5265.1,-1.23597,0.784853,1.93789,0.611361,0.337198,0.204259,3707.32,-16.7045,3966.46,0.452696,1.00795,-0.00781855,8189.41,-0.000336313,0.661714,8.80628,7.88413,114.451,88.9394,0.588881,8.93709,8.83272,113.863,137.929,0.588238,-48.9896 
141,97,43.248,0,48.5,-0.2,0.19,0.01,141,9115.66,0.00380099,21.5121,9.14076,114.58,-0.00242133,-10.2254,0.0210528,-2.35546,0.103364,2.73001,1.40552,-0.465573,-40.9929,4348.37,-29.4973,4847.76,6401.98,-2.09734,0.361485,3.24625,1.66364,-0.207451,-0.0942714,4381.02,-26.5289,4880.41,0.442712,1.01071,-0.0101146,9895.89,-4.21427e-05,0.712419,9.13155,8.36185,114.121,90.2046,0.66624,9.36342,9.2814,113.934,139.821,0.187223,-49.6164 
142,95,43.248,0,40,-0.2,0.19,0.01,142,3514.33,-0.0986476,9.89484,8.84535,114.743,-0.0201304,115.23,1.83448,-2.19021,-3.53427,-3.86794,-2.9921,-4.33183,-61.3108,-75.4806,-0.768595,4304.09,2924.69,-1.80415,-3.14821,-3.09582,-2.60605,-3.94577,0.787957,-26.6443,3.67107,4352.93,-0.00544632,1.31773,0.00155114,4892.17,-0.00043449,-0.0195737,11.2444,-8.79096,90,111.217,0.634555,8.79909,9.14044,114.164,138.168,-24.1638,-26.951 
143,75,46.2227,0,46.05,0.2,-0.19,-0.01,143,2394.37,-0.088659,-6.98599,8.88399,114.498,-0.207731,35.839,442.186,-2.43198,-1.38422,-2.48656,-1.99428,-1.45026,-48.4392,-86.2065,-20.4843,3093.56,2262.72,-2.12697,-1.07921,-1.87654,-1.68928,-1.14525,0.762981,-47.6229,-16.9767,3132.14,-0.0136389,0.615824,-0.0100852,3491.69,-0.000550352,0.00647184,-9.50524,4.67637,113.261,99.3957,0.447854,8.91501,9.19105,113.987,137.163,-0.725378,-37.7669 
144,75,47.3227,2.5,46.05,0.2,-0.19,-0.01,144,3028.38,-0.0119608,-7.77659,-9.59924,114.748,-0.017954,11.3108,6.08979e-12,-3.10842,-1.54903,-0.92699,-4.10838,-3.5016,-45.4333,499.02,-4.84525,3210.8,2436.69,-2.82234,-1.26295,-0.354827,-3.82229,-3.21552,0.969086,535.209,-1.55532,3246.99,0.1273,1.00511,-0.000883151,4204.31,-0.000554086,0.0739587,10.2766,8.74177,114.093,89.6682,0.401991,9.56298,9.92697,113.997,139.067,0.0969498,-49.3988 
145,7,43.248,4,46.05,-0.2,0.19,0.01,145,2369.28,-0.00736432,-6.62458,9.27651,114.63,-0.013637,8.53839,500,-1.7931,-1.38123,-3.18229,-1.79496,-0.546454,-3.50329,-38.9139,-6.56688,3110.11,2004.29,-1.77104,-1.35918,-3.13817,-1.7729,-0.524395,0.633635,-36.1234,-6.3132,3112.9,-0.0103759,0.765789,-0.00374994,3481.45,-0.000288579,-0.00304815,33.779,32.4017,90.0001,79.308,0.429521,9.1308,9.27549,113.983,138.282,-23.9828,-58.9742 
146,97,43.248,4,48.5,-0.2,0.19,0.01,146,6810.63,-0.00516708,17.3761,-8.77343,114.564,7.52237e-05,7.13997,500,0.927165,1.97022,0.284095,-1.45858,-0.754818,-12.3026,3457.56,-26.3447,3788.56,4962.7,1.00463,2.04768,0.439027,-1.38111,-0.677352,0.693605,3467.36,-25.4538,3798.36,0.446853,1.01301,-0.0124987,7759.5,-0.000323448,0.631939,8.79048,7.74464,114.235,88.4955,0.577188,8.90282,8.74429,113.942,137.584,0.293314,-49.0887 
147,97,43.248,0,48.5,-0.2,0.19,0.01,147,8362.82,-0.0249132,20.1939,9.28517,114.505,0.0316566,-2.76574,500,-0.263338,-1.03908,6.33483,0.608981,1.44731,-39.3554,4470.1,-26.5507,4296.43,6106.71,-0.0155277,-0.791271,6.83045,0.856792,1.69512,0.203498,4501.44,-23.7009,4327.78,0.479293,1.0093,-0.010191,9391.84,-0.000283339,0.744914,9.18472,8.04745,114.185,88.626,0.612482,9.40874,8.91276,113.875,137.957,0.309778,-49.3307 
148,95,43.248,0,40,-0.2,0.19,0.01,148,3648.73,-0.000338767,9.96565,8.86519,114.833,-0.00401091,3.75481,4.49662e-12,-2.67841,-0.865305,1.41524,0.704773,-1.6485,-36.5349,-66.2526,-14.9257,4347.96,2876.49,-2.44835,-0.635255,1.87534,0.934824,-1.41845,2.10843,-37.1512,-12.2801,4377.06,-0.0075681,0.633532,-0.005195,4908.93,-0.000307346,-0.022905,11.723,9.6179,90,111.5,0.649767,8.87571,8.94118,114.227,137.363,-24.2271,-25.8628 
149,75,46.2227,0,46.05,0.2,-0.19,-0.01,149,2499.25,-0.0116747,-7.19288,8.92404,114.598,-0.010666,12.3733,500,-2.76223,-2.80474,1.99229,-0.769417,-1.79612,-28.78,-99.0754,-15.2675,3273.84,2093.88,-2.58101,-2.62352,2.35473,-0.588197,-1.6149,1.46602,-76.151,-13.1835,3296.76,-0.0208679,0.76748,-0.00742109,3649.19,-0.000600271,0.00569829,-14.3136,-3.2065,101.751,94.0558,0.467059,9.01977,9.18706,114.114,137.872,-12.3633,-43.8165 
150,75,47.3227,2.5,46.05,0.2,-0.19,-0.01,150,2791.76,-0.096216,-7.60361,9.41031,114.603,0.237846,-36.6593,81.2744,-0.934656,1.2042,0.414349,-0.305914,0.356145,-33.7495,433.864,-12.1951,3057.48,2613.1,-0.722144,1.41671,0.839372,-0.0934029,0.568656,0.582235,460.747,-9.75117,3084.36,0.116761,1.03846,-0.0058579,3946.08,-0.000579483,0.0723813,8.6694,9.4147,113.946,88.9381,0.385212,9.67345,9.75511,114.072,137.209,-0.126372,-48.2711 
151,7,43.248,4,46.05,-0.2,0.19,0.01,151,2198.66,-0.0331028,-5.95875,9.3106,114.852,-0.0744867,34.816,500,-3.8248,-1.23715,-1.9638,-0.359066,-1.57913,-27.6098,-1.02754,-9.04888,2749.7,1890.46,-3.65095,-1.0633,-1.6161,-0.185215,-1.40528,0.795969,20.9647,-7.04959,2771.69,0.00664917,2.42987,-0.00470731,3152.98,-0.000264219,-0.00258217,7.54969,5098.22,108.281,100.677,0.374927,9.2193,9.54686,114.174,138.027,-5.8927,-37.3501 
152,97,43.248,4,48.5,-0.2,0.19,0.01,152,7058.67,-0.0436057,18.3045,8.78178,114.685,-0.0127287,11.3989,1.76551e-12,-2.02122,-0.549047,-0.200047,-0.996705,0.662904,-24.7331,3560.02,-17.3966,4040.99,5237.54,-1.86549,-0.393309,0.111428,-0.840967,0.818641,1.05136,3579.72,-15.6056,4060.69,0.438245,1.00769,-0.00712983,8168.31,-0.000420032,0.64504,8.75929,7.82631,114.442,88.3999,0.611944,8.90574,8.82901,114.011,137.607,0.430996,-49.2073 
153,97,43.248,0,48.5,-0.2,0.19,0.01,153,8326.67,-0.0616887,21.0766,8.91334,114.843,0.310746,-194.283,447.209,1.22484,0.169659,1.1123,-1.14048,2.45957,8.8393,4292.45,-23.189,4542,8080.9,1.16919,0.114001,1.00098,-1.19614,2.40391,0.713345,4285.41,-23.829,4534.96,0.455415,1.00983,-0.00977399,9409.91,-0.000375576,0.730146,8.94733,8.20576,114.503,89.5828,0.669806,8.93733,8.96232,114.162,138.802,0.340323,-49.2187 
154,95,43.248,0,40,-0.2,0.19,0.01,154,3793.21,-0.0894427,10.2656,9.0143,114.855,0.142548,-77.2334,43.1232,-3.4285,-1.0714,-2.39828,-3.16789,-0.0331869,-2.81669,-59.6454,-12.8067,4505.05,3370.79,-3.41077,-1.05367,-2.36281,-3.15015,-0.015451,0.76355,-57.4018,-12.6027,4507.29,-0.0113986,0.72243,-0.00517732,5035.84,-2.04273,2.04339,-7662.69,-2788.57,94.1422,112.829,0.658566,8.88117,9.10474,114.22,138.4,-20.0776,-25.5701 
155,75,46.2227,0,46.05,0.2,-0.19,-0.01,155,2579.15,-0.00184597,7.62064,8.63537,114.845,-0.0248397,32.2405,5.00783e-12,-4.43486,-4.39189,-3.66154,-2.91677,-0.206954,-16.2525,-61.4364,-18.0507,3333.95,2168.31,-4.33252,-4.28956,-3.45686,-2.81443,-0.104616,0.769512,-48.4907,-16.8738,3346.89,-0.012988,0.621517,-0.00937429,3733.5,-0.000516959,-0.00809079,15.0903,6.03193,102.557,78.5335,0.48963,8.7246,9.25165,114.262,137.69,-11.7042,-59.1561 
156,75,47.3227,2.5,46.05,0.2,-0.19,-0.01,156,3165.7,-0.0580363,-7.844,9.86597,114.423,0.0205066,0.24072,4.38784,-4.45239,-4.30484,-7.07412,0.690938,-3.22269,-23.9862,521.709,-4.17438,3242.1,2519.42,-4.30135,-4.1538,-6.77205,0.841973,-3.07166,0.61207,540.815,-2.43748,3261.21,0.127974,1.00795,-0.00137872,4225.98,-0.000484594,0.0771737,9.63851,9.28088,113.53,90.3054,0.395386,9.84958,9.91692,113.818,138.827,-0.287905,-48.5215 
157,7,43.248,4,46.05,-0.2,0.19,0.01,157,1937.09,-0.122896,-6.27099,8.93214,114.847,0.388744,340.841,213.297,-2.94317,0.592486,-4.32064,-2.02571,-1.50785,-46.6162,-113.621,-26.2156,2830.26,6136.73,-2.64964,0.886016,-3.73358,-1.73218,-1.21432,0.557827,-76.4897,-22.8401,2867.39,-0.0241776,0.656791,-0.0148917,3163.66,-0.000738547,0.0251197,-0.359365,-16.8714,123.565,84.5981,0.41074,9.01821,9.15663,114.087,137.648,9.47834,-53.0498 
158,97,43.248,4,48.5,-0.2,0.19,0.01,158,7100.21,-0.0634706,18.4339,8.91235,114.697,-0.0259557,18.3996,500,-1.5043,-0.348056,-2.14264,-1.40915,-0.139507,18.8486,3708.71,-28.5575,3981.21,5363.71,-1.62298,-0.46674,-2.38,-1.52783,-0.258191,0.619549,3693.69,-29.9224,3966.2,0.451801,1.01438,-0.0140933,8175.5,-0.000519689,0.649736,8.97519,8.04907,114.393,88.2258,0.576396,9.05157,9.06417,114.031,137.579,0.362036,-49.3528 
159,97,43.248,0,48.5,-0.2,0.19,0.01,159,7597.24,-0.0714109,19.6583,8.80655,114.814,-0.30903,587.334,205.63,-0.120118,0.699532,1.94381,-0.980499,-1.21851,-14.9432,4088.75,-26.0372,4079.94,11544.3,-0.0260245,0.793625,2.132,-0.886405,-1.12442,-1.39879,4100.65,-24.9551,4091.84,0.470019,1.01076,-0.0113622,8724.44,-0.000447099,0.719018,8.81766,8.01896,114.5,89.0443,0.610291,8.90444,8.91951,114.19,138.196,0.310053,-49.1514 
160,95,43.248,0,40,-0.2,0.19,0.01,160,3473.73,-0.0453981,9.67675,8.8294,114.75,0.134681,12.4057,499.999,-3.42347,-1.05831,-0.333553,-0.285291,-0.458896,-3.24027,-76.0561,-5.27585,4127.66,2835.74,-3.40306,-1.03791,-0.292747,-0.264888,-0.438493,0.946158,-73.4751,-5.04121,4130.24,-0.0159948,0.892802,-0.00225347,4593.69,-0.000206041,-0.00199738,16.4487,211.245,98.3508,70.0373,0.648677,8.66524,8.73349,114.012,137.878,-15.6611,-67.8406 
161,75,46.2227,0,46.05,0.2,-0.19,-0.01,161,2863.71,-0.00224838,-7.97184,9.04774,114.582,0.00205341,9.91869,0.361302,-2.10498,-0.629041,-3.31229,-1.16449,-3.09734,-27.2572,-44.8888,-17.7061,3635.15,2348.64,-1.93335,-0.45741,-2.96902,-0.992861,-2.92571,0.680006,-23.1774,-15.7324,3656.87,-0.00564053,0.457066,-0.00798831,4109.08,-0.000415752,-0.0180799,-13.2004,-8.12468,90,111.444,0.522999,9.05421,9.03978,114.174,138.442,-24.174,-26.9977 
162,75,47.3227,2.5,46.05,0.2,-0.19,-0.01,162,3153.04,-0.0374812,-7.89566,9.57631,114.653,0.0052923,-14.1356,4.94418,-3.62293,-0.581946,0.40951,-0.258298,-2.58441,-16.3628,504.659,-14.3612,3240.51,2463.83,-3.5199,-0.478914,0.615574,-0.155266,-2.48138,1.10226,517.693,-13.1764,3253.54,0.123431,1.04662,-0.00751633,4194.2,-0.000464345,0.0763412,9.79626,9.20806,114.349,89.6,0.40384,9.58136,9.87279,113.992,138.337,0.356986,-48.7369 
163,7,43.248,4,46.05,-0.2,0.19,0.01,163,2573.55,-0.0690744,-6.99328,9.11867,114.507,-0.0386849,26.897,468.167,-3.60749,-0.330864,2.34909,0.100465,0.736755,-34.2139,-55.7508,-13.2278,3172.86,2109.78,-3.39206,-0.115428,2.77996,0.315901,0.95219,-4.1427,-28.4982,-10.7503,3200.11,-0.00794345,0.602356,-0.00622681,3587.63,-0.000364345,-0.00345888,13.7242,25.264,110.658,73.2943,0.431046,9.09006,9.64632,114.016,137.675,-3.3584,-64.3802 
164,97,43.248,4,48.5,-0.2,0.19,0.01,164,7027.68,-0.0362104,18.4868,8.64713,114.615,0.0181005,12.095,500,-0.749884,-1.68816,-2.20527,-1.22387,0.47001,-12.0224,3566.52,-27.6341,3984.66,5211.02,-0.674182,-1.61246,-2.05387,-1.14816,0.545712,0.584486,3576.1,-26.7635,3994.24,0.442062,1.01327,-0.0124973,8089.59,-0.000435021,0.656423,8.56174,7.95709,114.228,89.0041,0.593548,8.97434,8.90691,113.902,138.218,0.326069,-49.2143 
165,97,43.248,0,48.5,-0.2,0.19,0.01,165,7453.46,-0.0588695,19.1361,-8.80934,114.725,0.0240613,-1.1212,498.894,-1.42907,1.73313,0.316725,-1.50325,0.32147,-22.9265,3972.44,-28.8103,3954.46,5488.6,-1.28471,1.87749,0.605449,-1.35889,0.465832,-0.983936,3990.7,-27.1502,3972.72,0.470609,1.01205,-0.0127497,8479.87,-0.000399785,0.716068,8.84549,7.85869,114.316,88.2358,0.589273,9.05929,8.82594,114.183,137.315,0.132711,-49.0791 
166,95,43.248,0,40,-0.2,0.19,0.01,166,3680.65,0.00453853,9.78788,8.91855,114.878,-0.0171612,0.318765,2.38377e-11,-3.61942,-0.814255,-1.73256,-0.162115,-2.42007,-53.6462,-6.21912,-4.26141,4311.6,2841.88,-3.28162,-0.476459,-1.05697,0.17568,-2.08227,0.842751,36.512,-0.37676,4354.33,0.0073659,1.01839,-0.000159414,4956.9,-0.000986977,0.00627393,22.747,62.9317,135,113,0.631434,8.71437,9.08027,114.168,137.354,20.8316,-24.3543 
167,75,46.2227,0,46.05,0.2,-0.19,-0.01,167,2554.4,-0.00838524,-7.08037,-8.6808,114.675,0.00104939,10.5467,500,0.0869399,-2.03421,-3.83827,-1.91109,0.324148,-15.8271,1.35222,10.2309,3068.36,2001.19,0.186599,-1.93455,-3.63895,-1.81143,0.423806,0.462848,13.9591,11.377,3080.96,0.0039935,0.412152,0.00675632,3495.45,-0.000883018,0.00565574,24.9932,59.9873,135,113,0.454006,8.60803,9.00123,114.06,137.507,20.9396,-24.5073 
168,75,47.3227,2.5,46.05,0.2,-0.19,-0.01,168,2794.66,-0.100448,-7.28096,9.90189,114.795,0.112293,40.1403,4.76182,-1.56548,-2.9755,-2.39031,-1.83804,-3.56812,-13.1062,485.475,-2.78946,2972.23,2493.67,-1.48296,-2.89298,-2.22525,-1.75551,-3.4856,0.812093,495.915,-1.84041,2982.67,0.128265,1.00654,-0.00113794,3866.33,-0.000479362,0.068868,10.202,8.97737,114.481,89.2551,0.379039,9.48159,9.62649,114.389,137.896,0.0915112,-48.6405 
169,7,43.248,4,46.05,-0.2,0.19,0.01,169,2289.95,-0.0894908,-6.60496,9.06736,114.794,-0.161205,84.7608,452.178,-2.1595,0.0635393,-0.257944,-1.92531,0.160798,-22.856,-45.8909,-24.0398,2957.93,2394.41,-2.01559,0.207458,0.0298929,-1.78139,0.304716,1.00918,-27.6852,-22.3848,2976.14,-0.00830054,0.414086,-0.0140499,3335.35,-0.636162,0.636495,2845.89,2120.91,112.532,103.562,0.428055,9.00006,9.10723,114.333,137.974,-1.80044,-34.4122 
170,97,43.248,4,48.5,-0.2,0.19,0.01,170,6781.91,-0.0688726,17.7785,8.72528,114.738,-0.0955975,78.3559,226.666,-0.953987,-1.64701,-5.40489,-0.753761,-1.12455,16.1194,3500.87,-31.5756,3794.17,5293.6,-1.05549,-1.74851,-5.60789,-0.85526,-1.22605,0.465569,3488.03,-32.7428,3781.33,0.449434,1.0167,-0.0162095,7760.93,-0.000429938,0.638263,8.5278,8.00197,114.394,87.6733,0.566942,9.07321,8.85058,114.093,136.886,0.301872,-49.2127 
171,97,43.248,0,48.5,-0.2,0.19,0.01,171,7981.47,-0.0417468,20.1463,8.85556,114.722,-0.0120391,40.1481,500,-0.416482,-1.51056,1.74195,0.489366,-1.08745,-18.228,4182.15,-28.4921,4254.7,5823.45,-0.301705,-1.39578,1.97151,0.604143,-0.972672,21.8605,4196.67,-27.1722,4269.22,0.465217,1.01146,-0.0118635,9020.89,-0.000383705,0.722204,8.83135,8.19615,114.402,89.1783,0.608773,9.11022,9.1714,114.075,138.408,0.326555,-49.2295 
172,95,43.248,0,40,-0.2,0.19,0.01,172,3938.19,-0.0744813,10.1698,9.24211,114.78,0.0769187,15.7531,496.547,-2.6181,1.29146,-3.92436,-1.73793,-0.745151,-40.8394,-21.3169,-3.65293,4543.97,3099.14,-2.36094,1.54861,-3.41005,-1.48078,-0.487997,0.449206,11.2132,-0.695654,4576.5,0.0021636,1.12179,-0.000280089,5182.66,-0.00090494,0.00679614,-19.7345,-63.856,133.966,113,0.653835,8.81354,9.094,114.192,138.693,19.774,-25.6932 
173,75,46.2227,0,46.05,0.2,-0.19,-0.01,173,2756.02,-0.0323108,-7.88919,8.80508,115.161,-0.0248235,20.2618,480.827,-2.93937,-1.74021,-0.626474,-1.75185,-1.16043,-13.1516,-109.034,-18.9923,3477.16,2277.69,-2.85656,-1.6574,-0.46085,-1.66904,-1.07762,0.940316,-98.5579,-18.04,3487.63,-0.0256496,0.757393,-0.00962006,3842.47,-0.00035924,-0.0157176,15.8242,-10.1857,90,111.68,0.519284,8.73114,9.10824,114.381,137.329,-24.3814,-25.6487 
174,75,47.3227,2.5,46.05,0.2,-0.19,-0.01,174,3128.33,-0.0973168,-8.04766,9.81501,114.907,0.00785346,85.1614,499.789,-2.16661,1.64043,-2.217,-2.45323,-0.419541,-11.0073,509.621,-25.0773,3296.24,2593.09,-2.0973,1.70974,-2.07838,-2.38392,-0.350231,0.600319,518.388,-24.2802,3305.01,0.121886,1.08928,-0.0137187,4253.05,-0.000522013,0.0796566,9.6839,8.79253,114.995,89.3615,0.419004,9.51718,9.73054,114.067,138.074,0.927627,-48.7127 
175,7,43.248,4,46.05,-0.2,0.19,0.01,175,2281.05,-0.0113364,-6.32699,9.25482,114.51,-0.000620127,16.3811,500,-3.01961,-5.49966,-3.48509,-1.74799,-0.159294,-23.2748,-66.5638,-21.3906,2971.89,1906.49,-2.87306,-5.3531,-3.19198,-1.60144,-0.0127384,0.755072,-48.0245,-19.7052,2990.43,-0.0144168,0.582055,-0.0122876,3331.16,-0.000357353,-0.00260884,-7.38777,5254.91,109.15,93.8243,0.417922,9.11731,9.25797,113.978,138.217,-4.82723,-44.3924 
176,97,43.248,4,48.5,-0.2,0.19,0.01,176,7546.34,-0.0391835,18.5221,9.22539,114.676,0.0291123,23.4911,500,-1.56243,-0.635049,4.56514,-1.24835,-0.442508,24.3183,3834.2,-33.3244,4136.24,5584.78,-1.71556,-0.788175,4.25888,-1.40147,-0.595634,18.6021,3814.83,-35.0853,4116.87,0.450558,1.01636,-0.0159494,8466.9,-0.000358113,0.650011,9.04895,8.13895,114.215,88.9528,0.575024,9.48948,9.08611,114.103,138.13,0.112416,-49.1767 
177,97,43.248,0,48.5,-0.2,0.19,0.01,177,7184.05,-0.0145598,18.2457,8.94816,114.842,0.0140043,18.6841,500,-3.27314,-3.20883,0.0220513,1.23731,-0.777513,3.5386,3957.47,-35.1038,3728.6,5323.35,-3.29543,-3.23111,-0.0225119,1.21503,-0.799795,0.99633,3954.65,-35.36,3725.78,0.484355,1.0159,-0.0177938,8164.78,-0.000447169,0.703285,8.99225,7.81988,114.425,87.8103,0.567501,9.07041,8.70241,114.186,136.809,0.238526,-48.9986 
178,95,43.248,0,40,-0.2,0.19,0.01,178,3471.58,-0.0099024,-9.13366,9.29151,114.576,-0.00801715,10.1277,1.05786e-12,-3.43912,-0.413377,-1.17152,2.7048,-1.60499,-2.16717,-67.6251,-10.1621,4130.78,2765.29,-3.42547,-0.399731,-1.14423,2.71845,-1.59134,0.702204,-65.8989,-10.0052,4132.51,-0.0143139,0.790079,-0.00447988,4603.84,-0.000731347,0.00699201,9.85208,74.9962,127.598,113,0.611498,8.87221,8.80063,113.847,137.862,13.7505,-24.862 
179,75,46.2227,0,46.05,0.2,-0.19,-0.01,179,2660.46,-0.0255049,-7.59495,9.01388,114.906,0.0211175,-9.018,500,-2.949,0.666276,-0.166895,0.515972,-1.78773,-38.0135,-52.4007,-9.94761,3347.93,2234.8,-2.70964,0.905637,0.311826,0.755333,-1.54837,1.13645,-22.1215,-7.19496,3378.21,-0.00582873,0.637274,-0.0039388,3795.26,-0.000757639,0.00737281,-8.17147,71.7048,125.045,113,0.476684,8.80313,9.2811,113.984,137.677,11.0607,-24.6769 
180,75,47.3227,2.5,46.05,0.2,-0.19,-0.01,180,3103.87,-0.00378491,7.98094,9.74931,114.88,-0.00228708,0.533412,2.25247,0.502991,-2.46107,-3.05087,-1.51959,0.678887,-7.72253,441.126,-26.5581,3355.46,2532.97,0.551618,-2.41244,-2.95362,-1.47096,0.727514,0.468572,447.277,-25.9989,3361.61,0.105343,1.11324,-0.0144529,4245.9,-0.000552601,0.0629907,10.5586,9.0093,114.824,88.8716,0.427987,9.52925,9.73868,114.005,137.166,0.818352,-48.2942 
181,7,43.248,4,46.05,-0.2,0.19,0.01,181,2423.83,-0.0394635,-6.9585,9.04391,114.741,-0.0597941,43.0385,500,-1.60254,-0.466811,-2.91938,-1.63331,0.102023,5.86229,-4.35946,-0.591611,3049.75,2132.42,-1.63945,-0.503724,-2.99321,-1.67023,0.0651101,0.556002,-9.02899,-1.01611,3045.08,-0.00263089,0.835461,-0.000615071,3431.91,-0.000542737,0.0103438,-11.3809,12.043,118.829,110.193,0.419266,8.93536,9.56189,114.204,138.247,4.62478,-28.0543 
182,97,43.248,4,48.5,-0.2,0.19,0.01,182,6756.88,0.00466208,17.3751,8.93607,114.785,0.0941993,-66.415,1.30494e-12,2.11165,-2.70708,0.795984,-2.65128,2.76637,11.1526,3512.32,-31.9907,3800.72,5258.06,2.04142,-2.77731,0.655535,-2.7215,2.69614,7.20138,3503.44,-32.7983,3791.84,0.449838,1.01666,-0.0161917,7788.22,-0.000528354,0.625428,9.02814,7.90599,114.353,88.6513,0.560586,9.01782,9.00065,114.147,137.854,0.205965,-49.2031 
