cyc,time,buffer,VVA,cyc,ROIsum,fBg,fA1,fWidth1,fCtr1,fA2,fWidth2,fCtr2,box1,box2,box3,box4,box5,box6,box7,box8,box9,Nfit,BZ-2,BZ-1,BZ0,BZ1,BZ2,Excited,c5,c7,c9,fraction95,fraction75,fraction97,sum95,two2D_bg,two2D_a1,two2D_sh1,two2D_sv1,two2D_ch1,two2D_cv1,two2D_a2,two2D_sh2,two2D_sv2,two2D_ch2,two2D_cv2,two2D_chd,two2D_cvd
80,7,8,7,80,20837.8,-0.324401,39.6206,12.3526,118.711,0.141999,425.773,6.50115,-6.23217,-7.27084,-13.0132,-3.13205,-4.01665,-220.166,11120.6,15.899,10887.7,17900.3,-4.84585,-5.88452,-10.2406,-1.74572,-2.63032,0.595985,11296,31.8418,11063,0.50521,0.995091,0.00527401,22359,-0.0015081,1.09402,12.61,10.1707,118.22,87.171,0.992124,12.3509,11.0984,118.046,136.25,0.173523,-49.0792 
81,2,3,7,81,21263.5,0.021814,39.5052,-12.3926,118.555,0.0217522,-55.8575,6.45413e-12,-7.15864,-6.29639,-11.6656,-6.40498,-4.63665,-205.25,11403.2,25.5105,11025.2,15976.8,-5.86623,-5.00398,-9.08074,-5.11257,-3.34425,0.680343,11566.7,40.3732,11188.7,0.508306,0.993929,0.00660314,22755.4,-0.00147298,1.11426,12.6994,10.144,118.153,87.3692,0.975875,12.5893,11.1914,117.771,136.69,0.382455,-49.3205 
82,1,2,7,82,21766.3,0.00685978,40.5648,12.2771,118.586,-0.0301233,-38.1858,499.995,-5.63039,-5.78502,-10.1686,-3.78704,-5.0088,-216.431,11702.5,36.2185,11098.5,16249.6,-4.26758,-4.42221,-7.44295,-2.42423,-3.64599,0.664777,11874.9,51.8908,11270.9,0.513047,0.992411,0.00840965,23145.8,-0.00134892,1.13862,12.5723,10.2673,118.129,87.4842,0.987922,12.4361,11.2729,117.877,136.902,0.251729,-49.4175 
83,9,10,7,83,20903.6,-0.3098,38.3997,12.7394,118.365,0.170386,-18.123,451.686,-7.30427,-8.77523,-10.2663,-4.87183,-5.63218,-191.033,11096.7,29.3333,10796.5,16025.2,-6.10138,-7.57235,-7.86055,-3.66895,-4.4293,0.734732,11248.9,43.1664,10948.7,0.506762,0.993329,0.00721035,22197.5,-0.00135916,1.03707,12.9395,10.4526,117.953,87.7321,0.936961,12.6825,11.3422,117.625,137.053,0.328673,-49.3213 
84,30,31,7,84,13692.3,-0.307121,26.3187,12.6239,118.53,-0.0758186,316.242,95.9996,-6.76736,-4.25014,-8.71458,-6.48008,-5.56345,-132.165,7212.1,7.65708,7742.79,11596.2,-5.93516,-3.41793,-7.05017,-5.64788,-4.73125,0.736761,7317.37,17.2275,7848.07,0.482503,0.995897,0.00402736,15165.4,-0.00155042,0.702399,12.7138,10.2542,118.177,87.0511,0.664414,12.9397,11.3702,117.874,136.487,0.302598,-49.4359 
85,25,26,7,85,16420.8,-0.299082,30.0865,-12.9826,118.37,-0.827574,292.23,496.236,-5.53313,-4.5284,-4.38792,2.83441,-5.13343,-242.757,8687.26,27.7941,8892.68,20588.1,-4.00456,-2.99983,-1.33078,4.36298,-3.60485,0.824367,8880.63,45.3727,9086.04,0.494284,0.991138,0.00911503,17966.7,-0.00151176,0.765627,13.3138,10.8022,117.742,87.2864,0.731241,13.0083,11.7865,117.873,136.851,-0.131528,-49.5648 
86,20,21,7,86,17032.8,-0.334599,31.8735,12.7982,118.645,0.17643,-118.022,491.663,-8.4272,-5.61407,-6.10584,-6.50829,-4.27672,-190.182,8917.73,1.73747,9349.06,13957.1,-7.22968,-4.41654,-3.71079,-5.31076,-3.0792,0.843736,9069.22,15.509,9500.55,0.488386,0.997016,0.0029981,18569.8,-0.00155639,0.829756,13.103,10.4015,118.22,87.408,0.81259,12.6864,11.3745,117.889,136.682,0.330863,-49.2738 
87,6,7,7,87,22339.8,-0.308787,40.7513,12.767,118.564,0.12885,216.41,8.77224,-4.43338,-1.07192,-6.05119,-1.89391,-3.5236,-154.842,11796.4,49.606,11478.3,17844.3,-3.45838,-0.0969241,-4.10119,-0.918911,-2.5486,0.63132,11919.7,60.8185,11601.7,0.50676,0.99115,0.00956437,23521.4,-0.00133007,1.09164,12.8877,10.537,118.155,87.5339,0.970337,12.7949,11.5985,117.881,136.769,0.27352,-49.2348 
88,8,9,7,88,20674.3,-0.078478,38.6912,-12.3516,118.49,0.24657,-96.8969,500,-9.16835,-4.82879,-7.05579,-2.02713,-4.72265,-214.652,10913.2,35.6035,10852.6,16334.9,-7.81674,-3.47718,-4.35257,-0.675524,-3.37104,0.778979,11084.2,51.147,11023.6,0.501369,0.991989,0.00847451,22107.8,-0.00131007,1.0639,12.6018,10.1808,118.067,87.2772,0.979281,12.3935,11.128,117.751,136.579,0.315377,-49.3022 
89,10,11,7,89,19420.8,-0.0187569,36.2894,12.2281,118.636,0.00949699,1.82204,500,-5.80745,-4.41146,-6.55745,-1.97493,-1.04213,-192.995,10292.9,11.9483,10086.9,14446.1,-4.59221,-3.19622,-4.12698,-0.759692,0.173112,0.669894,10446.6,25.9236,10240.6,0.504979,0.995676,0.00464156,20687.2,-0.00121811,1.02855,12.4744,10.072,118.22,87.2284,0.916785,12.5049,10.9632,118.037,136.458,0.183871,-49.2293 
90,18,19,7,90,16914.2,-0.0464413,31.3439,12.7171,118.571,0.0338683,-61.9756,443.447,-2.95578,-3.79046,-7.73108,-2.64152,-4.25895,-177.996,8884.57,4.85892,9125.32,13044.2,-1.83498,-2.66966,-5.4895,-1.52073,-3.13816,0.625368,9026.35,17.748,9267.1,0.49342,0.996571,0.00351553,18293.4,-0.00147061,0.827205,13.0734,10.3967,117.969,87.7222,0.772119,12.8436,11.6235,117.911,137.018,0.0584112,-49.2959 
91,12,13,7,91,20100.5,-0.112955,36.7018,-12.6769,118.504,0.0854944,-10.8402,500,-7.69501,-5.98832,-12.6726,-3.27972,-4.03764,-189.021,10507.7,24.522,10581.3,15176.1,-6.50479,-4.7981,-10.2922,-2.0895,-2.84742,0.612084,10658.3,38.2095,10731.9,0.498281,0.993765,0.00651586,21390.2,-0.00137131,0.996839,12.8875,10.2971,117.9,87.2493,0.914456,12.8022,11.3681,117.843,136.566,0.0569993,-49.3167 
92,40,41,7,92,14749.5,-0.316573,27.8014,12.8152,118.754,0.461917,-197.353,1.04735,-5.36066,-3.38656,-9.46197,-3.30934,-4.32889,-181.065,7843.15,13.282,8156.46,14565.7,-4.22054,-2.24645,-7.18173,-2.16922,-3.18877,0.622148,7987.38,26.3933,8300.68,0.490382,0.994251,0.00582316,16288.1,-0.00159203,0.721695,13.0699,10.5373,118.102,86.7813,0.695347,13.0706,11.3843,118.135,136.092,-0.0328182,-49.3103 
93,60,61,7,93,17973,-0.00230702,32.6943,-12.7643,118.662,-0.0478363,88.3024,500,-5.73836,-5.4199,-9.81553,-6.72789,-5.44933,-232.857,9408.18,31.4355,9624.82,13722.7,-4.27212,-3.95366,-6.88306,-5.26165,-3.98309,0.71737,9593.66,48.2972,9810.3,0.494418,0.991267,0.00898739,19404,-0.00145568,0.850978,13.1506,10.6306,118.182,86.5999,0.811979,12.9783,11.53,117.985,135.911,0.19758,-49.3107 
94,50,51,7,94,15724.7,-0.10768,29.0819,12.745,118.437,-0.0181815,27.2216,2.43378e-06,-5.59829,-5.89664,-10.0781,-4.89009,-2.49986,-215.548,8180.47,10.1316,8605.03,12081.9,-4.24104,-4.53939,-7.36361,-3.53284,-1.14261,0.646312,8352.17,25.7399,8776.72,0.487607,0.994636,0.00537341,17128.9,-0.00137674,0.761603,12.9463,10.4657,118.032,87.2802,0.722428,12.9437,11.6171,117.775,136.67,0.256548,-49.3895 
95,3,4,7,95,22404,-0.297055,41.1168,12.6551,118.173,0.229063,-104.165,29.7819,-8.75229,-5.667,-12.0058,0.545722,-3.2996,-213.077,12043.8,53.1148,11318.1,17715.4,-7.4106,-4.32532,-9.32247,1.88741,-1.95791,0.558781,12213.6,68.5442,11487.9,0.515309,0.990274,0.0108717,23701.4,-0.00128692,1.14278,12.772,10.3683,117.742,87.2704,0.991763,12.6549,11.2423,117.468,136.592,0.274072,-49.3214 
96,5,6,7,96,21204,0.0878309,38.6161,-12.5077,118.579,-0.034863,-25.6623,500,-5.18923,-6.13014,-5.5269,-7.1618,-3.85903,-191.032,11168,27.5809,10913.8,15752.4,-3.98635,-4.92727,-3.12114,-5.95892,-2.65616,0.848854,11320.1,41.414,11065.9,0.505678,0.993638,0.00684684,22386.1,-0.00119621,1.06889,12.8344,10.2287,118.09,87.3291,0.956109,12.5933,11.3069,117.921,136.707,0.168847,-49.378 
97,16,17,7,97,18191.6,-0.0511399,33.2094,12.6255,118.621,-0.0234475,27.5897,435.037,-2.19572,-5.14211,-1.44863,-2.47856,0.354957,-188.397,9421.46,19.9041,9720.52,13670.1,-1.00943,-3.95582,0.923937,-1.29228,1.54124,1.24363,9571.53,33.5464,9870.58,0.492309,0.993904,0.00622166,19442.1,-0.00131937,0.880579,12.9579,10.4419,118.12,87.6806,0.823822,12.9213,11.4712,117.919,137.089,0.200705,-49.4088 
98,14,15,7,98,17425.2,-0.208082,33.0653,12.3776,118.488,0.043334,93.413,500,-8.83145,-4.6984,-8.62895,-4.96227,-6.52065,-162.518,9169.34,2.38673,9351.09,13454.9,-7.80811,-3.67507,-6.58228,-3.93893,-5.49731,0.760659,9298.8,14.1551,9480.54,0.495161,0.997343,0.00274284,18779.3,-0.00138722,0.912229,12.6884,10.0166,117.979,87.0156,0.861455,12.4298,10.9143,117.845,136.152,0.134312,-49.1362 
99,4,5,7,99,21311.8,-0.285509,40.1766,12.3281,118.35,0.914611,3.10903,73.2596,-7.5217,-3.37521,-1.8662,-1.06665,-0.801021,-225.884,11534.6,47.3972,10836.4,16216.2,-6.09937,-1.95288,0.978461,0.35568,0.621308,1.16049,11714.5,63.7539,11016.3,0.515358,0.990566,0.0105482,22730.9,-0.00133073,1.1458,12.525,10.0809,117.775,87.0503,0.984713,12.3075,11.1375,117.861,136.174,-0.0857013,-49.124 
100,7,8,7,100,20565.6,-0.212483,38.0314,12.5745,118.493,-0.306665,479.996,500,-2.5842,-6.32484,-9.52432,-2.51601,-2.72668,-175.788,10875.9,43.8796,10678.7,20359.6,-1.47731,-5.21795,-7.31054,-1.40912,-1.61979,0.570845,11016,56.6088,10818.7,0.504517,0.991087,0.00954678,21834.7,-0.00135211,1.02933,12.7826,10.4175,117.971,87.9014,0.917591,12.5611,11.603,117.818,137.467,0.153887,-49.5659 
101,2,3,7,101,20485,-0.00363414,39.0324,12.1211,118.387,0.012871,0.496759,6.66302e-12,-6.44998,-4.04919,-10.505,-7.68287,-4.03176,-195.149,11489.3,13.4963,10205.2,15401.7,-5.22118,-2.82039,-8.04738,-6.45407,-2.80296,0.682499,11644.7,27.6275,10360.6,0.529177,0.995865,0.00488812,22005.4,-0.00145096,1.15838,12.4415,10.0186,117.934,87.3019,0.93669,12.2282,11.0704,117.776,136.508,0.158082,-49.2056 
102,1,2,7,102,22774.5,-0.0382405,41.5904,12.5734,118.357,-0.000196465,-16.3381,500,-9.2277,-7.00019,-9.76674,-2.42999,-1.33627,-197.531,12340.6,31.5353,11431.2,17023.3,-7.9839,-5.75639,-7.27914,-1.18619,-0.0924688,0.673553,12497.9,45.839,11588.6,0.518877,0.993622,0.00723381,24086.5,-0.00139666,1.16104,12.9244,10.3714,117.959,87.4964,0.989344,12.6307,11.4326,117.621,136.62,0.337858,-49.1231 
103,9,10,7,103,19420.2,-0.32012,36.4681,12.5633,118.588,0.143019,384.422,243.615,-8.47648,-1.91188,-4.28972,-2.91982,-3.47151,-175.054,10342.5,27.0995,10188,16704.4,-7.37421,-0.809609,-2.08518,-1.81755,-2.36925,0.855755,10482,39.7756,10327.4,0.503713,0.993403,0.0070448,20809.4,-0.00144436,1.01058,12.6423,10.218,118.156,87.2419,0.891979,12.7301,11.2288,117.94,136.519,0.216617,-49.277 
104,30,31,7,104,15672.9,-0.309398,28.5034,13.1747,118.415,0.206126,37.1606,50.4216,-4.54485,-6.40516,-7.03829,-1.97375,-3.65918,-164.077,8220.41,16.1093,8594.37,12473.9,-3.5117,-5.37201,-4.97199,-0.940598,-2.62603,0.71462,8351.1,27.9906,8725.06,0.48905,0.994169,0.00587487,17076.2,-0.00158173,0.724903,13.5862,10.6766,117.895,87.3556,0.703761,13.1972,11.7232,117.733,136.944,0.161291,-49.5888 
105,25,26,7,105,16631.8,0.00952393,30.4539,12.7141,118.465,-0.025202,-11.1309,500,-7.20445,-5.73746,-6.97388,-5.40697,-3.59443,-138.828,8205.75,23.373,9523.13,12613.6,-6.33029,-4.8633,-5.22555,-4.5328,-2.72027,0.779254,8316.33,33.4259,9633.71,0.463304,0.993015,0.00635092,17950,-0.00148649,0.739446,13.0495,10.8077,117.956,87.5887,0.774864,13.1138,11.8265,117.831,136.799,0.125052,-49.21 
106,20,21,7,106,16677.3,-0.0146103,30.7615,12.6848,118.64,0.00990441,-6.78943,500,-8.12633,-6.70448,-3.0283,-3.74367,-3.16097,-135.703,8862.13,30.6844,9033.44,12704.6,-7.27185,-5.84999,-1.31932,-2.88918,-2.30648,0.932814,8970.22,40.511,9141.53,0.495271,0.992159,0.00809725,18111.8,-0.00156992,0.804854,13.1379,10.6497,118.113,87.5617,0.761597,12.9296,11.533,117.958,136.931,0.154917,-49.3695 
107,6,7,7,107,21551.4,-0.261317,39.4227,12.6771,118.506,0.262206,65.1108,500,-3.01023,-1.90393,-9.46713,-2.96068,-3.83095,-202.614,11579.4,53.6557,10849.7,16824.8,-1.73443,-0.628123,-6.91552,-1.68487,-2.55514,0.488425,11740.8,68.3275,11011.1,0.516036,0.989918,0.0113017,22751.8,-0.00119501,1.08381,12.8589,10.4434,118.046,87.5198,0.944104,12.5564,11.4014,117.749,136.703,0.296623,-49.1827 
108,8,9,7,108,20877.3,0.010452,38.8436,12.3933,118.586,-0.0678572,0.812124,2.94387e-12,-8.81375,-4.47509,-10.7592,-1.51716,-4.09286,-203.46,11200.1,29.5479,10761.3,15673,-7.53262,-3.19396,-8.19694,-0.236024,-2.81173,0.626925,11362.2,44.2809,10923.4,0.509844,0.993226,0.00741211,22285.6,-0.00144043,1.08392,12.6457,10.2929,118.1,87.6544,0.937164,12.5848,11.4268,117.935,137.073,0.165405,-49.4184 
109,10,11,7,109,19091.3,-0.289869,35.8251,12.4931,118.445,1.868,-10166.9,287.048,-4.25128,-3.64702,-8.82936,-1.73559,-4.7744,-225.923,10239.2,16.7592,9977.51,632813,-2.8287,-2.22444,-5.9842,-0.31301,-3.35182,0.592972,10419.1,33.1189,10157.5,0.506359,0.994468,0.00597041,20576.6,-0.00140487,0.987188,12.7032,10.2814,117.949,87.3185,0.882532,12.4496,11.3347,117.877,136.725,0.0725732,-49.4063 
110,18,19,7,110,16734.4,-0.346903,31.117,12.9459,118.576,-0.116748,53.7431,314.16,-7.47606,-7.74873,-10.8051,-4.52793,-7.21845,-225.005,8782.86,-3.93881,9166.88,13317.9,-6.05927,-6.33194,-7.97147,-3.11113,-5.80166,0.727708,8962.08,12.3543,9346.1,0.489512,0.997593,0.00242911,18308.2,-0.00164196,0.825635,13.124,10.3264,117.991,86.7632,0.785422,13.0845,11.2859,117.929,135.845,0.0619004,-49.0819 
111,12,13,7,111,20510.2,-0.294414,36.8747,12.9872,118.364,0.574807,-195.578,284.299,-4.98731,-5.62236,-10.7695,-2.94092,-0.350523,-169.854,10623.2,43.2839,10723,19249.4,-3.91778,-4.55283,-8.63048,-1.8714,0.719004,0.527187,10758.5,55.5835,10858.3,0.497691,0.99104,0.0093416,21616.8,-0.00128452,0.978353,13.1548,10.445,117.797,87.94,0.900706,12.8494,11.6437,117.706,137.509,0.0907819,-49.5693 
112,40,41,7,112,15080.2,-0.28186,27.8989,12.8868,118.542,-0.0727655,233.538,201.449,-5.54329,-5.1743,-9.64259,-2.78931,-4.64353,-204.417,7709.52,34.1856,8415.59,12257,-4.25613,-3.88715,-7.06827,-1.50215,-3.35637,0.64782,7872.35,48.9879,8578.42,0.47854,0.989227,0.01041,16450.8,-0.00146063,0.700737,13.1578,10.6152,117.925,87.8108,0.68991,13.1404,11.8263,117.885,137.215,0.0399198,-49.4038 
113,60,61,7,113,16373.2,-0.069326,30.9108,12.3496,118.484,-0.0405596,34.5175,1.70227e-05,-3.56812,-7.61867,-1.1372,-5.55133,-4.13822,-204.218,8520.86,6.18601,9036.83,12472.4,-2.28221,-6.33277,1.43462,-4.26543,-2.85231,1.10034,8683.53,20.9739,9199.5,0.485574,0.995791,0.00418225,17883,-0.00147979,0.824707,12.6667,10.3084,117.965,87.2062,0.793183,12.6617,11.3028,117.791,136.376,0.173995,-49.1695 
114,50,51,7,114,15900.3,-0.314893,29.7735,12.7996,118.623,0.452008,-10.0327,17.3509,-1.39073,-3.60482,-7.97854,-2.437,-6.15424,-187.75,8396.14,10.7803,8599.57,12553.3,-0.208522,-2.42261,-5.61412,-1.25479,-4.97203,0.612072,8545.69,24.3757,8749.12,0.494119,0.995033,0.00510603,17294.8,-0.00145987,0.784017,12.9154,10.5134,118.051,87.5574,0.719501,12.8906,11.7166,118.025,136.975,0.0263716,-49.4178 
115,3,4,7,115,21732.5,0.0196784,39.4148,12.6903,118.609,-0.0260947,-38.4717,500,-6.23626,-3.39388,-8.88137,-3.58288,-5.67971,-168.919,11651.7,39.5485,11078.8,16315.4,-5.17262,-2.33024,-6.75409,-2.51925,-4.61607,0.684274,11786.3,51.7804,11213.4,0.512454,0.99237,0.00843459,22999.6,-0.00134831,1.08047,12.8755,10.5367,118.127,87.7765,0.942047,12.7577,11.5215,117.915,137.014,0.211561,-49.2374 
116,5,6,7,116,20711.9,-0.268468,38.0222,-12.6331,118.655,0.0680532,179.169,498.12,-7.72847,-2.70755,-2.43603,-5.31342,-3.79835,-200.303,11252.6,48.7644,10320.9,16033.6,-6.46722,-1.44629,0.0864747,-4.05216,-2.5371,1.006,11412.2,63.2688,10480.4,0.521281,0.990391,0.0109982,21892.6,-0.00120163,1.06688,12.7799,10.3599,118.19,87.8336,0.8949,12.5737,11.4873,117.99,137.162,0.199718,-49.3279 
117,16,17,7,117,18336.7,-0.00414696,33.9927,12.7317,118.591,0.042934,-53.8045,6.50563e-11,-5.67842,-4.78192,-8.55227,-4.98645,-5.01976,-189.609,9694.96,31.8205,10093.5,14163.7,-4.48451,-3.588,-6.16444,-3.79253,-3.82584,0.717943,9845.99,45.5505,10244.5,0.490082,0.991969,0.00812408,20090.5,-0.00178641,0.886503,13.154,10.5137,118.018,88.0334,0.852506,12.8049,11.6265,117.9,137.692,0.11859,-49.6582 
118,14,15,7,118,17733.4,-0.0381971,33.0722,-12.553,118.576,0.0162341,-8.3339,500,-4.1584,-4.47558,-6.01947,-5.07423,-1.36093,-201.539,9375.61,28.0508,9577.09,13519.1,-2.88937,-3.20654,-3.48139,-3.80519,-0.0918956,0.741629,9536.15,42.6447,9737.63,0.494773,0.992235,0.00800271,19273.8,-0.00158515,0.892165,12.815,10.387,118.015,87.8336,0.830554,12.7936,11.3475,117.945,137.132,0.0702236,-49.2986 
119,4,5,7,119,21407.3,-0.0519737,39.5531,12.4876,118.386,0.0260821,-20.1702,500,-9.43793,-2.56519,-8.15749,-4.37212,-2.42404,-155.674,11529.8,44.5624,10896.3,16095.9,-8.45769,-1.58495,-6.19702,-3.39188,-1.4438,0.705959,11653.8,55.8351,11020.3,0.513969,0.991685,0.00924685,22674.1,-0.00137035,1.10386,12.7201,10.3368,117.899,87.8139,0.949546,12.5115,11.4671,117.828,137.231,0.0706419,-49.4176 
120,7,8,7,120,20426.6,-0.140097,38.1209,-12.4603,118.421,0.117663,-14.3845,500,-6.1152,-6.5228,-11.3762,-3.36388,-2.64203,-216.221,10992.1,42.0977,10554.1,15517.9,-4.75371,-5.16132,-8.6532,-2.0024,-1.28054,0.603994,11164.3,57.7548,10726.3,0.510005,0.991028,0.00982125,21890.6,-0.0014377,1.06603,12.6421,10.2459,117.889,87.6105,0.911246,12.611,11.5044,117.741,136.976,0.147673,-49.365 
121,2,3,7,121,21605.9,-0.10956,40.6542,12.2645,118.345,0.175044,-167.156,500,-8.63314,-5.30288,-1.92669,-7.74971,-3.73174,-145.447,11733.2,22.6903,10979.4,17183.7,-7.7173,-4.38704,-0.0950132,-6.83387,-2.8159,0.995651,11849.1,33.2224,11095.3,0.516426,0.995117,0.00548552,22944.4,-0.00142708,1.16451,12.5326,10.1296,117.955,87.4837,1.00535,12.2506,11.104,117.658,136.787,0.297368,-49.3029 
122,1,2,7,122,22833.7,-0.00175545,41.8253,12.5055,118.585,-0.00326186,6.81578,2.44975e-11,-7.02756,-2.65216,-9.85392,-5.2095,-2.56311,-183.894,12373.5,39.4783,11523.8,17027.6,-5.86963,-1.49423,-7.53806,-4.05157,-1.40518,0.629737,12520,52.7945,11670.3,0.517562,0.992675,0.0082645,24190.3,-0.00133123,1.18704,12.7469,10.2645,118.073,87.7135,1.02075,12.492,11.2145,117.973,137.029,0.100361,-49.3151 
123,9,10,7,123,20295.4,-0.0183638,36.853,12.7568,118.425,0.330591,71.3781,500,-5.4092,-4.6707,-15.243,-6.81732,-6.17754,-139.972,11019.2,44.228,10384.7,16072.3,-4.52783,-3.78934,-13.4803,-5.93595,-5.29617,0.591872,11130.7,54.3637,10496.2,0.51467,0.991525,0.00945082,21626.8,-0.00144695,1.00349,13.0844,10.5726,117.941,87.2519,0.880699,12.6777,11.6425,117.721,136.585,0.220295,-49.333 
124,30,31,7,124,15830.9,-0.151242,28.6235,13.1948,118.652,0.160224,-12.0963,500,-2.2035,-3.68601,-7.84182,-3.06405,-5.83084,-150.391,8445.99,23.9946,8608.9,12357.8,-1.25653,-2.73904,-5.94788,-2.11708,-4.88387,0.648977,8565.78,34.8847,8728.7,0.49529,0.992923,0.00730828,17294.5,-0.00170961,0.732169,13.5869,10.8448,118.192,87.7581,0.688164,13.3827,11.9292,117.951,137.28,0.240169,-49.5217 
125,25,26,7,125,14824.4,-0.0177262,27.4451,-12.6345,118.68,-0.146564,134.902,7.84547e-12,-4.78025,-8.57882,-3.43059,-6.5952,-3.21831,-194.504,7521.47,12.5193,8501.9,11931.6,-3.55551,-7.35408,-0.981117,-5.37046,-1.99357,0.949045,7676.4,26.6037,8656.83,0.469987,0.993972,0.0056292,16333.2,-0.00150305,0.696868,13.008,10.5086,118.157,87.559,0.71249,13.0771,11.5143,118.023,136.963,0.133782,-49.4037 
126,20,21,7,126,16488.2,-0.31785,31.1172,12.668,118.526,0.192368,-57.7571,442.976,-5.06072,-2.98338,-9.1825,-6.6595,-6.86599,-226.631,8679.85,17.104,9081.56,13194,-3.63368,-1.55635,-6.32843,-5.23246,-5.43895,0.714806,8860.37,33.5149,9262.08,0.488917,0.993424,0.00662154,18122.4,-0.00154743,0.814839,12.8572,10.4668,118.016,87.1704,0.796715,12.7698,11.1946,117.885,136.502,0.131092,-49.3312 
127,6,7,7,127,21582.7,0.041515,39.7614,12.4263,118.479,-0.0375662,6.69713,3.26438e-12,-6.80532,-0.205002,-5.73478,-4.42088,0.68943,-140.471,11519.4,40.3217,11034.8,16092.4,-5.92081,0.67951,-3.96575,-3.53637,1.57394,0.644947,11631.3,50.4935,11146.7,0.510637,0.99246,0.00827553,22777.9,-0.00129633,1.09446,12.8188,10.3552,117.922,87.374,0.98361,12.3763,11.2717,117.893,136.83,0.0296532,-49.4559 
128,8,9,7,128,21485.6,-0.316836,38.789,12.958,118.432,0.342733,94.2689,21.7147,-7.53187,-4.31245,-5.81217,-3.52055,-2.83181,-135.898,11467.5,44.3849,10855.1,17414,-6.67616,-3.45674,-4.10075,-2.66484,-1.9761,0.782737,11575.7,54.2256,10963.4,0.513584,0.991869,0.0090289,22539.1,-0.00118579,1.06232,13.0636,10.3914,118.004,86.9338,0.929885,12.7799,11.4073,117.81,136.135,0.194434,-49.2017 
129,10,11,7,129,20026.2,0.00179285,36.6632,12.6986,118.403,-0.0199577,11.0908,500,-6.17831,-4.55645,-8.70257,-4.23127,-7.03158,-172.533,10343.2,30.9826,10797.7,15163.1,-5.09192,-3.47005,-6.52977,-3.14487,-5.94519,0.729972,10480.6,43.4761,10935.1,0.489387,0.992793,0.00727063,21415.7,-0.00151039,0.957416,12.8838,10.5614,117.906,88.7379,0.909991,12.8794,11.6139,117.774,138.261,0.131791,-49.5231 
130,18,19,7,130,17363.1,-0.32295,32.4858,12.7371,118.41,0.0481578,57.645,436.827,-7.74429,-5.96015,-13.1459,-4.82441,-0.904697,-182.749,8985.92,24.9917,9582.74,13560.1,-6.59357,-4.80943,-10.8445,-3.67369,0.246023,0.577628,9131.48,38.225,9728.3,0.484177,0.992728,0.00718608,18859.8,-0.00152722,0.83999,13.0514,10.402,117.772,87.3352,0.825479,12.5901,11.5417,117.817,136.645,-0.0449798,-49.3103 
131,12,13,7,131,19319.3,-0.314266,35.7179,12.7466,118.539,0.224341,152.942,42.8849,-8.38863,-5.90539,-10.0212,-5.35073,-4.03892,-179.791,10285,21.2242,10074.6,15937.9,-7.25654,-4.77329,-7.757,-4.21864,-2.90683,0.711767,10428.2,34.2433,10217.8,0.505096,0.994286,0.00613565,20646,-0.00135581,0.962037,12.9828,10.4159,117.93,87.4972,0.881003,12.5131,11.383,117.914,136.772,0.0159108,-49.2749 
132,40,41,7,132,14886.2,-0.129207,27.45,12.8637,118.446,0.123166,-59.9121,0.000128916,-9.6822,-4.0291,-10.3946,-5.12077,-6.62858,-169.065,7843.28,3.10673,8185.68,11735.1,-8.61764,-2.96455,-8.26544,-4.05621,-5.56402,0.71951,7977.95,15.3491,8320.34,0.489496,0.996644,0.00338675,16298.3,-0.00150178,0.712537,13.3391,10.5071,117.998,87.2058,0.695204,12.9025,11.5293,117.67,136.855,0.32782,-49.6495 
133,60,61,7,133,16909.7,-0.0309366,31.4863,12.6555,118.529,-0.0259579,11.5857,491.879,-6.71254,-7.33582,-7.81089,-4.15077,-7.59712,-178.429,9170.66,9.44433,8975.78,12981.5,-5.58902,-6.2123,-5.56385,-3.02725,-6.4736,0.792904,9312.79,22.3648,9117.91,0.505287,0.995815,0.00449807,18430.7,-0.00161667,0.850535,12.9882,10.529,117.908,87.5575,0.763202,12.8715,11.5398,117.938,136.94,-0.0305326,-49.3829 
134,50,51,7,134,16062,-0.304975,29.9099,12.821,118.6,0.145166,181.388,412.644,-3.51673,-6.73844,-11.9955,-8.31853,-5.81407,-206.803,8604.63,30.6621,8631.8,13340.5,-2.21455,-5.43626,-9.3911,-7.01634,-4.51189,0.671297,8769.36,45.6372,8796.53,0.499227,0.990975,0.00946655,17565.9,-0.00146335,0.787558,13.1275,10.5051,118.032,87.4033,0.73493,12.7843,11.5531,118.045,136.812,-0.0123735,-49.4091 
135,3,4,7,135,22531.5,-0.0787893,40.8522,12.6489,118.337,0.0902225,65.9579,496.09,-5.94689,-6.13852,-7.6888,-4.14744,-1.29707,-233.661,12599.2,48.3322,10937.6,17015.1,-4.47558,-4.66721,-4.7462,-2.67613,0.174229,0.710437,12785.3,65.2522,11123.7,0.534749,0.991148,0.0106904,23909,-0.00136898,1.18913,12.9087,10.3221,117.888,87.5618,0.961361,12.6493,11.24,117.629,136.894,0.258742,-49.3319 
136,5,6,7,136,20401.3,-0.319434,38.5311,12.4411,118.569,-0.860112,743.524,183.621,-0.562756,-7.97931,-10.3923,-0.83298,-2.74086,-219.367,11138.8,29.434,10526.4,36423.3,0.818542,-6.59801,-7.62965,0.548318,-1.35956,0.46347,11313.5,45.3189,10701.1,0.513908,0.993039,0.00774086,22014.6,-0.00152984,1.08731,12.6214,10.2076,118.043,87.1139,0.94044,12.4031,11.2458,117.884,136.195,0.159099,-49.0814 
137,16,17,7,137,16745.8,-0.299137,31.6004,12.5868,118.653,-0.103521,294.2,364.495,-2.26498,-1.15884,-7.42275,-5.06127,-2.56871,-269.311,8860.83,8.53835,9026.25,13939.5,-0.569199,0.536937,-4.03119,-3.36549,-0.872927,0.514424,9075.34,28.0398,9240.76,0.495484,0.994622,0.00555854,18316.1,-0.00147298,0.854363,12.8502,10.207,118.032,87.1495,0.787617,12.6083,11.4408,118.112,136.466,-0.0800447,-49.3168 
138,14,15,7,138,20077,-0.204559,37.3563,-12.6934,118.472,-0.358048,452.394,389.07,-5.36051,-9.18842,-7.18645,-6.48093,-2.79132,-202.833,10597.1,36.628,10619.1,20709,-4.08332,-7.91123,-4.63208,-5.20374,-1.51414,0.801577,10758.6,51.3157,10780.6,0.499489,0.991722,0.00869218,21539.3,-0.00155076,0.978829,13.1137,10.4493,117.899,87.3549,0.903356,12.7884,11.5513,117.803,136.788,0.0966322,-49.433 
139,4,5,7,139,22769.1,-0.335365,41.826,12.734,118.604,0.153308,221.229,7.69676,-8.78034,-7.00412,-10.6919,-7.02095,-3.2085,-177.609,12291.8,45.2212,11477,18442.3,-7.66198,-5.88576,-8.45514,-5.90259,-2.09014,0.718121,12433.2,58.0823,11618.5,0.516937,0.991891,0.00912486,24051.8,-0.00139295,1.14845,12.8026,10.5299,118.221,87.744,0.985121,12.731,11.4462,117.885,136.912,0.336261,-49.1679 
140,7,8,7,140,21286.7,-0.251583,39.0763,12.5629,118.63,0.246664,32.0705,10.5208,-6.65058,-5.77914,-7.67067,-2.22214,0.252245,-231.136,11290.6,43.1614,10858.8,16238.3,-5.19517,-4.32374,-4.75986,-0.766732,1.70765,0.643131,11474.7,59.8986,11042.9,0.509587,0.990948,0.00989301,22517.6,-0.00120266,1.07207,12.8517,10.3042,118.179,87.364,0.944594,12.519,11.4665,117.957,136.565,0.22273,-49.2005 
141,2,3,7,141,21882.3,-0.251552,40.5558,-12.4234,118.425,0.262266,55.2511,309.473,-5.24886,-6.11475,-3.84157,-1.6807,-2.62676,-157.717,11970.8,18.6243,10759.1,16873.5,-4.25576,-5.12165,-1.85537,-0.687605,-1.63366,0.863113,12096.5,30.0449,10884.7,0.526364,0.995672,0.005059,22981.2,-0.00113946,1.16403,12.5948,10.2248,118.027,87.6123,0.965609,12.4105,11.189,117.784,136.836,0.242658,-49.2236 
142,1,2,7,142,22238.9,-0.0988496,41.1663,12.3744,118.454,-0.0441183,68.4294,500,-9.63648,-6.43686,-7.26297,-7.5726,-4.40182,-215.957,12100.4,26.9375,11036.2,16681.2,-8.27665,-5.07703,-4.54332,-6.21278,-3.04199,0.83267,12272.4,42.5755,11208.2,0.52266,0.993966,0.00694877,23480.7,-0.00120531,1.19961,12.548,10.0916,118.027,87.396,0.999572,12.4035,11.0796,117.826,136.615,0.200461,-49.2188 
143,9,10,7,143,20837.5,-0.0123203,38.1651,12.5887,118.383,-0.0373158,8.3649,3.62131e-10,-4.68901,-4.501,-7.0216,-4.84472,-4.55026,-168.448,11135.9,25.4821,10742.5,15650.4,-3.62834,-3.44033,-4.90026,-3.78405,-3.48959,0.745343,11270.1,37.6798,10876.7,0.508881,0.994183,0.0063411,22146.7,-0.00147493,1.04479,13.0143,10.3797,117.891,87.4619,0.920652,12.6986,11.5222,117.707,136.82,0.184577,-49.3585 
144,30,31,7,144,14764.7,-0.018014,27.1491,12.792,118.343,-0.0186429,12.9892,1.14396e-09,-2.38036,-3.54071,-4.90155,0.560418,-3.59263,-166.723,7394.29,3.72814,8575.64,11313.4,-1.33055,-2.4909,-2.80193,1.61023,-2.54282,0.629177,7527.1,15.801,8708.44,0.463619,0.99634,0.00333126,16235.5,-0.00155361,0.684658,13.141,10.4958,117.858,87.8351,0.710177,13.101,11.6164,117.704,137.325,0.154245,-49.4896 
145,25,26,7,145,15720.7,0.122744,28.7766,12.75,118.611,-0.34126,107.827,500,-8.91593,-3.35399,-9.58545,-5.16369,-6.74298,-222.855,8294.01,11.9196,8628.1,13141.8,-7.51267,-1.95073,-6.77894,-3.76043,-5.33972,0.732507,8471.52,28.057,8805.61,0.490331,0.994238,0.00583519,17277.1,-0.00168828,0.748084,13.2833,10.6575,117.918,87.9567,0.702212,13.1737,11.9119,118.054,137.471,-0.136068,-49.5142 
146,20,21,7,146,17116.4,-0.123714,31.1236,12.8777,118.623,-0.0454465,92.6995,500,-5.90562,-1.25361,-9.20583,-4.25221,-2.03487,-196.968,8927.67,49.8694,9261.98,13184.5,-4.66536,-0.0133519,-6.72532,-3.01195,-0.79462,0.557853,9084.56,64.1323,9418.87,0.490966,0.987797,0.0123874,18503.4,-0.00143361,0.801121,13.3166,10.5738,118.028,87.4356,0.770134,12.8919,11.7705,118.037,136.986,-0.00939214,-49.5506 
147,6,7,7,147,21205,0.444027,38.5086,-12.2794,118.587,-0.234472,89.4298,500,-8.71358,-4.08859,-2.96637,-1.96234,-5.73123,-175.307,11312.7,34.6799,10981.7,16075.8,-7.60971,-2.98472,-0.758644,-0.858472,-4.62737,0.954947,11452.3,47.3743,11121.4,0.50733,0.992813,0.00778582,22573.7,-0.0013611,1.09513,12.6342,10.2515,118.163,88.0781,0.968944,12.4143,11.383,117.918,137.62,0.244965,-49.5423 
148,8,9,7,148,20322.3,-0.315591,37.4953,-12.7274,118.575,0.228952,-17.2875,221.563,-5.17983,-4.85677,-3.84672,-6.26442,-2.58048,-215.448,11030.1,44.0224,10335.8,15663.9,-3.82321,-3.50015,-1.13349,-4.90781,-1.22387,0.922303,11201.7,59.6235,10507.4,0.515991,0.990771,0.0103447,21709.2,-0.00143402,1.02937,12.9192,10.4615,118.191,87.5475,0.883547,12.6769,11.5918,117.842,136.935,0.348969,-49.3879 
149,10,11,7,149,19406.9,-0.2935,36.1546,12.5802,118.554,-0.467864,948.841,417.876,-5.10404,-3.63816,-5.84964,-2.17852,-2.78569,-148.104,10338.8,31.0555,9974.89,29257.6,-4.17147,-2.70559,-3.9845,-1.24595,-1.85312,0.71459,10456.8,41.7801,10092.9,0.508855,0.993056,0.00756781,20549.7,-0.00120266,1.00807,12.6566,10.184,118.164,87.9241,0.878868,12.5435,11.3019,117.92,137.346,0.244227,-49.4222 
150,18,19,7,150,18398,-0.026464,33.1027,12.8879,118.492,0.073848,-19.4235,1.29306e-11,-6.14879,-3.98289,-11.5692,-2.80073,-1.51735,-142.706,9350.71,38.7561,10047.1,13934.8,-5.25021,-3.08431,-9.77199,-1.90215,-0.618771,0.526262,9464.38,49.0898,10160.8,0.482257,0.991005,0.00882126,19625.2,-0.001456,0.84276,13.0922,10.7164,117.957,87.7569,0.805569,13.161,12.0206,117.955,137.138,0.00158856,-49.3814 
151,12,13,7,151,19451.5,0.00656606,35.6133,12.5327,118.542,-0.0187078,-1.05994,0.0578615,-6.48156,-6.27304,-12.8386,-4.57245,-6.8258,-176.628,10345.5,28.5177,10117.7,14530.2,-5.36938,-5.16086,-10.6142,-3.46027,-5.71361,0.649908,10486.1,41.3078,10258.4,0.505489,0.993153,0.00736304,20744.5,-0.00136673,0.997103,12.8731,10.2046,118.111,86.8301,0.912402,12.5756,11.0136,117.955,136.355,0.156234,-49.525 
152,40,41,7,152,16557,-0.318901,30.0576,13.1683,118.56,0.12767,655.118,477.571,-5.01815,-3.48045,-8.70589,-2.74258,-6.41931,-167.365,8531.36,36.2086,9147.93,15607.5,-3.9643,-2.42659,-6.59818,-1.68873,-5.36545,0.670803,8664.68,48.328,9281.25,0.482821,0.990334,0.00950081,17945.9,-0.00154364,0.755736,13.5185,10.6474,118.084,87.2626,0.754153,13.0739,11.7203,117.932,136.865,0.152141,-49.6019 
153,60,61,7,153,17298.4,-0.295852,31.4904,12.9976,118.222,0.0204377,185.546,175.197,-7.77153,-2.5881,-0.636805,1.23127,-2.2562,-181.696,8826.3,44.7635,9471.57,13447.5,-6.62744,-1.44401,1.65138,2.37537,-1.11211,1.32023,8971.03,57.9205,9616.3,0.482642,0.988828,0.0109735,18587.3,-0.00137916,0.791958,13.0617,10.7766,117.721,87.4654,0.769485,13.0458,11.9205,117.519,136.896,0.201803,-49.4304 
154,50,51,7,154,17294.2,-0.351767,31.8321,13.0544,118.241,-0.21129,256.458,472.984,-4.32996,-9.24553,-10.4629,-0.677111,-4.74802,-213.788,9434.89,30.1131,9105.41,15291.4,-2.9838,-7.89937,-7.77057,0.669053,-3.40185,0.636661,9605.18,45.594,9275.7,0.508725,0.991762,0.00897347,18880.9,-0.0016418,0.839029,13.3121,10.711,117.724,86.8667,0.763799,13.0195,11.5748,117.638,136.194,0.0857069,-49.3277 
155,3,4,7,155,21263.9,0.0289003,38.8764,-12.524,118.465,0.0260772,-58.3112,2.905e-11,-6.7498,-3.93356,-12.4752,-2.88259,-1.86412,-230.483,11580.9,32.6827,10698.9,15899.3,-5.29851,-2.48227,-9.57263,-1.4313,-0.41283,0.501362,11764.5,49.3726,10882.5,0.519474,0.992709,0.00828816,22647,-0.00141165,1.09751,12.7941,10.3976,117.909,87.2522,0.908265,12.7882,11.553,117.907,136.594,0.0026133,-49.3416 
156,5,6,7,156,21577.5,-0.270788,40.4473,12.347,118.466,0.275482,-87.756,437.544,-10.2226,-6.38205,-7.77633,-2.43582,-3.17105,-124.126,11713.7,19.6601,10786.3,17044.2,-9.44098,-5.60046,-6.21316,-1.65423,-2.38946,0.754404,11812.6,28.6483,10885.1,0.52043,0.995774,0.0048248,22697.7,-0.00126642,1.15883,12.5035,10.1923,117.933,87.3428,0.974421,12.3307,11.1803,117.933,136.596,0.000113144,-49.2532 
157,16,17,7,157,18099.9,-0.264644,33.1039,12.783,118.388,0.303303,162.504,116.744,-6.02935,-5.16569,-8.81654,-0.201577,-3.5891,-188.726,9321.32,26.1634,9702.83,15380,-4.84099,-3.97734,-6.43983,0.986778,-2.40074,0.613737,9471.65,39.8295,9853.16,0.490129,0.992695,0.00739131,19324.8,-0.00131182,0.871898,13.0293,10.3817,117.939,87.5024,0.827455,12.7988,11.5283,117.693,136.781,0.246276,-49.2785 
158,14,15,7,158,19621.8,0.00961799,35.0058,-12.9412,118.445,-0.0548372,-5.12064,500,-10.7075,-4.86373,-12.1084,-5.32659,-5.46325,-189.393,10271.1,49.6181,10321.8,14756.3,-9.51491,-3.67117,-9.72328,-4.13403,-4.27069,0.689492,10422,63.3325,10472.6,0.498789,0.989477,0.0110173,20894.6,-0.00143647,0.916443,13.2772,10.6938,117.88,87.4869,0.837747,13.0996,11.8724,117.828,136.931,0.0515563,-49.4443 
159,4,5,7,159,21155.5,0.136535,38.3429,-12.6006,118.484,-0.0498463,-27.8185,500,-7.44811,-5.20635,-8.89866,-5.53507,-3.33693,-197.267,11544.2,33.2152,10645.9,15773.1,-6.20597,-3.96422,-6.41439,-4.29293,-2.09479,0.720777,11701.4,47.4998,10803,0.519959,0.992946,0.00803447,22504.4,-0.00138135,1.07815,12.954,10.4225,117.933,87.3137,0.923759,12.7021,11.3242,117.838,136.491,0.0955381,-49.1777 
