cyc,dummy,cyc,ROIsum,fBg,fA1,fWidth1,fCtr1,fA2,fWidth2,fCtr2,box1,box2,box3,box4,box5,box6,box7,box8,box9,Nfit,BZ-2,BZ-1,BZ0,BZ1,BZ2,Excited,c5,c7,c9,fraction95,fraction75,fraction97,sum95,two2D_bg,two2D_a1,two2D_sh1,two2D_sv1,two2D_ch1,two2D_cv1,two2D_a2,two2D_sh2,two2D_sv2,two2D_ch2,two2D_cv2,two2D_chd,two2D_cvd
0,0,0,11454,-0.163933,24.7483,11.328,122.662,0.0523481,30.6006,488.325,-5.07962,-4.26901,-11.5271,-2.61752,-5.40891,-632.184,199.204,97.4487,13328.4,9178.45,-1.09892,-0.288318,-3.56569,1.36317,-1.42821,0.289416,702.762,143.227,13831.9,0.0470086,0.737105,0.0187176,14949.6,-0.00172782,-0.0146957,19.617,6.83642,104.91,75.6929,1.2213,12.0296,11.3212,122.379,132.008,-17.4689,-56.3147 
1,1,1,11171,-0.32886,24.0637,11.6335,122.591,0.0886672,-188.224,499.926,-3.48048,-2.43642,-8.28119,-4.5556,-3.96864,-475.838,193.174,102.15,12929.7,9656.41,-0.484262,0.5598,-2.28874,-1.55938,-0.972416,0.517652,572.196,136.606,13308.7,0.0400694,0.70532,0.0185573,14280.1,-0.00162641,-0.0151295,19.5361,5.69075,104.083,77.0689,1.1603,12.0011,11.5742,122.378,131.556,-18.2945,-54.4873 
2,2,2,10857.6,-0.36696,23.4946,11.8095,122.581,0.043597,274.288,423.106,-2.88649,-1.7725,-11.3033,-5.31246,-4.9724,-622.231,149.125,98.0745,12831.7,9421.47,1.03154,2.14553,-3.46724,-1.39444,-1.05438,-0.265883,644.755,143.132,13327.3,0.0448622,0.720207,0.0193999,14371.9,-0.00180463,-0.0166691,20.3228,5.55848,111.105,78.1611,1.16693,12.0571,11.3718,122.388,132.234,-11.2824,-54.0727 
3,3,3,11079.6,-0.332049,23.3513,11.9189,122.533,0.136976,-247.255,62.6482,-3.1275,-4.38946,-9.54937,-6.62163,-3.95878,-584.425,187.328,104.294,12807,10162.8,0.552471,-0.709496,-2.18943,-2.94167,-0.278815,0.606708,652.844,146.613,13272.5,0.0455785,0.717871,0.0199428,14323.5,-0.00164417,-0.0130761,19.5489,6.13835,104.415,75.4401,1.12345,12.212,11.6755,122.33,131.219,-17.915,-55.7788 
4,4,4,10604.5,-0.0137449,22.4415,11.409,122.512,0.00998678,8.55311,500,-0.846879,-2.93574,-5.76647,-2.34185,0.180194,-418.573,131.799,89.2775,12261.8,8337.6,1.78877,-0.30009,-0.49518,0.293796,2.81584,1.12068,465.208,119.587,12595.2,0.0346183,0.689722,0.0171896,13438.2,-0.00145468,-0.0190387,18.7903,6.2458,107.343,75.2002,1.13309,11.8932,11.3081,122.264,131.287,-14.9211,-56.0864 
5,5,5,10668.5,-0.0212048,23.026,11.2422,122.569,0.00962428,2.26263,1.95682e-11,-5.77468,-1.24752,-7.07641,-5.28221,0.459298,-587.066,137.059,84.8724,12409.9,8427.55,-2.07808,2.44908,0.316785,-1.58562,4.15589,0.902769,604.678,127.383,12877.5,0.0436008,0.730642,0.0178959,13868.5,-0.00155343,-0.0153484,15.4388,7.35312,110.181,76.1566,1.16885,11.7378,11.229,122.337,131.819,-12.1562,-55.6624 
6,6,6,11147.7,-0.323866,23.6913,11.7711,122.495,0.0216185,234.788,488.31,-1.11081,-4.54268,-1.4604,-0.773943,-5.81921,-511.663,160.733,82.56,12882.3,9243.43,2.111,-1.32087,4.98321,2.44786,-2.59741,0.113905,568.291,119.611,13289.8,0.039861,0.730818,0.0163089,14256.8,-0.00159691,-0.0135643,18.093,6.86844,109.436,74.2366,1.16021,12.0791,11.4506,122.266,132.162,-12.8306,-57.9252 
7,7,7,10886.3,-0.308987,23.701,11.5986,122.647,-0.131307,757.868,464.762,-5.48117,-5.28875,-7.91804,-1.82498,-3.26868,-620.229,125.123,88.8873,12808.6,12188.3,-1.57575,-1.38334,-0.107208,2.08044,0.636743,0.692911,619.158,133.8,13302.6,0.0432347,0.725598,0.0181911,14320.9,-0.00179504,-0.0123499,19.8404,6.63337,107.703,75.885,1.16691,11.9641,11.4576,122.295,131.897,-14.5926,-56.0121 
8,8,8,10871.2,-0.0729528,23.0065,11.472,122.525,-0.150852,295.145,4.60554e-06,-1.45322,-2.61094,-3.89802,-5.58614,-1.93434,-473.348,120.872,72.1897,12449.5,10041.2,1.52732,0.369609,2.06307,-2.60559,1.0462,0.140608,497.911,106.466,12826.6,0.0363192,0.727699,0.01506,13709.3,-0.00145064,-0.01654,14.9124,7.47455,113.349,75.4398,1.14518,11.9616,11.3307,122.372,131.771,-9.02384,-56.3314 
9,9,9,11003.6,-0.293076,23.8481,11.4886,122.445,0.0460596,286.622,47.4451,-0.17809,-0.87319,-8.55713,-0.661975,-0.281921,-552.089,125.079,80.4483,12847.3,9348.71,3.29827,2.60317,-1.60441,2.81438,3.19444,1.15568,564.839,120.426,13287.1,0.0396364,0.728275,0.0164216,14250.5,-0.00170741,-0.0194197,10.2646,7.6986,116.223,76.0931,1.19689,11.866,11.2721,122.223,132.208,-5.99954,-56.115 
10,10,10,11563,-0.0966203,24.1877,11.6204,122.761,0.0699998,-174.394,499.932,-3.00857,2.20709,0.82597,-4.14512,-2.46143,-585.599,202.681,93.7115,13169.6,9547.15,0.678784,5.89445,8.20069,-0.457758,1.22593,0.472356,669.132,136.116,13636,0.0454751,0.737469,0.018056,14714.3,-0.00149831,-0.0126685,17.5966,6.9121,110.509,75.7593,1.19605,12.0095,11.4208,122.492,132.319,-11.9821,-56.5598 
11,11,11,10703.9,-0.31593,23.2735,11.5295,122.712,0.211964,653.773,49.0052,-3.9088,1.94832,-6.49199,-3.67354,-3.01833,-548.705,142.202,88.8195,12482.8,13246.3,-0.453753,5.40337,0.418104,-0.218498,0.436718,0.925151,579.265,128.553,12919.9,0.0417135,0.720271,0.017999,13886.7,-0.00160956,-0.0136442,17.678,6.77911,110.876,76.2894,1.15381,11.8598,11.3387,122.502,132.002,-11.6254,-55.7128 
12,12,12,10114.3,-0.341301,22.3461,11.5636,122.493,0.766955,-88.9007,472.864,-2.11954,-5.75267,-8.22242,-4.57254,-2.51075,-600.001,150.031,75.3561,11997.9,10631.4,1.6585,-1.97463,-0.666329,-0.794497,1.26729,-0.307412,627.954,118.804,12475.8,0.0465908,0.751267,0.0172394,13478.1,-0.0017203,-0.0172145,12.0991,5.84193,117.074,78.6812,1.12737,11.8277,11.1782,122.266,132.471,-5.19246,-53.7894 
13,13,13,10738.6,-0.0435237,22.7855,11.3761,122.594,0.00198745,0.0557954,500,-2.44465,-3.1251,-6.64183,-3.11181,0.575691,-487.105,161.021,68.968,12328.6,8438.11,0.622515,-0.0579343,-0.507495,-0.0446394,3.64286,1.13884,549.018,104.24,12716.6,0.0402294,0.7506,0.0148754,13647.2,-0.00145793,-0.0104765,22.2358,6.21356,106.528,75.0433,1.13449,11.9184,11.3368,122.404,131.833,-15.8765,-56.7901 
14,14,14,10835.3,-0.0369236,23.0399,11.4089,122.871,0.0251076,152.145,500,-2.31954,-2.06224,-7.08418,-6.3049,-1.43738,-559.094,163.856,81.8826,12526.9,8681.33,1.20093,1.45823,-0.0432445,-2.78443,2.08309,1.02259,609.195,122.368,12972.2,0.0436056,0.739908,0.01708,13970.6,-0.00153252,-0.0135217,17.961,6.82019,112.003,73.9445,1.1406,11.9721,11.4038,122.606,132.505,-10.6024,-58.5607 
15,15,15,10783.8,-0.348147,23.605,11.5958,122.565,0.168671,-326.314,372.595,-1.04054,-1.32183,-8.7947,-4.55607,-4.14805,-586.489,178.812,90.122,12600.5,10702.2,2.65242,2.37113,-1.40877,-0.863105,-0.45509,1.61342,645.972,132.591,13067.6,0.0457953,0.735726,0.018348,14105.6,-0.00169302,-0.012937,16.807,6.33617,110.818,76.9844,1.1613,11.8434,11.4179,122.361,132.04,-11.5432,-55.0555 
16,16,16,11282.7,-0.34786,24.6733,11.528,122.41,0.151428,-44.8959,72.7385,-0.208674,-1.16751,-7.3585,-1.76554,-2.55797,-635.376,157.177,79.4486,13166.7,9480.55,3.79212,2.83328,0.643093,2.23525,1.44282,0.941252,663.277,125.458,13672.8,0.0449795,0.751309,0.0166217,14746.2,-0.00172755,-0.0130327,19.9056,6.47787,108.981,75.9216,1.21339,11.9321,11.3228,122.23,131.493,-13.2489,-55.5714 
17,17,17,10647.8,-0.355013,23.3402,11.6343,122.517,-0.0904348,145.995,499.737,-6.25667,-0.974847,-7.28484,-1.69646,0.92641,-547.957,138.321,80.8898,12511.7,9269.53,-2.80632,2.4755,-0.38416,1.75388,4.37675,1.07094,574.789,120.569,12948.2,0.0413178,0.731484,0.0168638,13911.4,-0.00174293,-0.0139821,14.9938,7.57276,115.359,73.9192,1.12517,11.9329,11.6393,122.323,132.27,-6.96332,-58.3506 
18,18,18,11068.7,-0.374718,24.3596,11.6293,122.598,0.191718,-943.825,466.116,-6.06593,-2.74766,-9.35526,-3.61274,-6.21239,-581.131,128.581,82.9989,13003.2,15112.3,-2.4067,0.911565,-2.03681,0.0464847,-2.55316,0.662703,591.473,125.08,13466.1,0.0408998,0.729886,0.0168226,14461.5,-0.0017827,-0.0138716,18.099,7.07229,111.179,76.0314,1.17277,11.9948,11.5285,122.324,132.016,-11.1455,-55.9844 
19,19,19,10627.5,-0.305872,23.2804,11.4058,122.71,0.00342525,11.1253,278.35,-2.53993,0.750322,-9.0542,-1.09538,0.106666,-516.627,126.093,70.422,12288.6,8645.19,0.713132,4.00338,-2.54808,2.15768,3.35973,1.33153,537.605,107.832,12700.1,0.0394754,0.740185,0.0153998,13618.7,-0.001472,-0.0167098,14.7519,7.52815,113.397,75.0722,1.17018,11.6569,11.1822,122.485,132.333,-9.0878,-57.261 
20,20,20,10510.2,-0.131099,22.8244,11.4951,122.457,-0.0260028,201.059,500,-3.27253,-0.45088,-10.1137,-6.2994,-4.75893,-591.009,82.2736,73.8024,12478.6,8711.12,0.448897,3.27055,-2.67082,-2.57797,-1.0375,-0.0405072,553.034,116.599,12949.3,0.0398129,0.730481,0.0163161,13890.8,-0.00177253,-0.0143856,20.5894,7.29704,111.232,74.421,1.13537,12.0154,11.404,122.253,131.394,-11.0206,-56.9735 
21,21,21,10743.4,-0.0528647,23.0905,11.3912,122.623,0.0187361,-13.1537,500,-3.71741,-2.80587,-4.55019,-5.696,-4.7905,-632.519,121.212,82.0331,12581.2,8570.49,0.265395,1.17693,3.41542,-1.7132,-0.807697,-0.461548,625.036,127.835,13085,0.0443207,0.736421,0.0176785,14102.6,-0.00167379,-0.0179573,13.9574,7.39914,115.311,74.0391,1.18108,11.9079,11.1456,122.446,131.515,-7.13456,-57.4757 
22,22,22,10910.2,-0.12157,23.6891,11.3362,122.658,0.0162407,-1.07693,2.21894,-4.12811,3.53971,-7.36345,-3.92688,-5.81742,-586.692,101.1,61.2832,12768.2,8742.57,-0.43387,7.23395,0.025038,-0.232639,-2.12317,0.994398,568.422,103.767,13235.5,0.0400269,0.757882,0.0142366,14201,-0.00168845,-0.0177076,16.0148,7.83612,111.04,75.2571,1.22112,11.889,10.9775,122.419,132.258,-11.3787,-57.0004 
23,23,23,11246.9,-0.0607341,23.2866,11.7568,122.569,0.00370777,-16.8749,500,-4.07716,-3.3796,-8.29937,-4.68559,-0.962361,-489.124,138.911,80.1654,12865.1,8914.37,-0.997275,-0.299724,-2.13961,-1.60571,2.11752,0.268459,528.516,115.584,13254.7,0.0372697,0.723214,0.0158096,14180.9,-0.00150319,-0.0181311,14.1022,7.63661,115.924,74.4686,1.14682,12.1493,11.5304,122.365,132.48,-6.4419,-58.0112 
24,24,24,11526.4,-0.337286,24.9794,11.5543,122.628,-0.199901,160.089,496.596,-3.84253,-6.07499,-11.1473,-4.2541,-0.600581,-596.409,120.076,86.3368,13424.7,10437.3,-0.0871013,-2.31956,-3.63642,-0.498676,3.15485,-0.0736688,595.138,129.524,13899.8,0.0399103,0.724184,0.0168759,14911.9,-0.00168377,-0.0175314,16.6274,7.68945,110.4,74.8723,1.21678,12.0006,11.4283,122.363,132.312,-11.9626,-57.4398 
25,25,25,11399.7,-0.350621,24.1385,-11.9054,122.581,0.123268,-46.6084,44.1833,-4.68546,-2.73209,-8.54076,-8.51401,-1.33022,-547.174,152.131,96.0454,13224.6,9542.2,-1.24006,0.713321,-1.64995,-5.0686,2.11519,0.678379,587.975,135.668,13660.4,0.0401124,0.712357,0.0179661,14658.2,-0.00168206,-0.0112355,20.4518,7.54893,108.81,74.4684,1.18618,12.1627,11.4221,122.361,132.071,-13.5516,-57.6023 
26,26,26,10596,-0.020546,23.0511,11.3815,122.717,-0.00181698,5.21604,6.79402e-12,-4.5536,-1.32401,-5.18696,-4.06314,-6.19086,-600.867,107.14,80.1395,12555,8540.88,-0.770099,2.45949,2.38003,-0.279646,-2.40736,-0.721643,585.753,123.65,13033.6,0.0418085,0.730238,0.0171759,14010.4,-0.00175973,-0.0171999,17.3246,6.86992,111.324,75.4711,1.16858,11.8717,11.2688,122.418,131.18,-11.094,-55.7094 
27,27,27,11322.6,-0.361644,24.5687,11.6797,122.646,0.0527749,-112.657,205.414,-6.33606,-4.12645,-4.97951,-5.30525,-4.31416,-627.6,145.798,81.6001,13278.7,9534.91,-2.38422,-0.174619,2.92416,-1.35341,-0.362326,3.16536,645.705,127.046,13778.6,0.0435181,0.743869,0.0167016,14837.6,-0.00179132,-0.014849,16.3814,7.43206,113.788,74.6277,1.21741,11.9853,11.3384,122.393,132.155,-8.60503,-57.5271 
28,28,28,11658.3,-0.188593,25.1239,11.4718,122.598,0.564922,-129.218,499.999,2.73885,-0.46216,-10.7732,-0.207237,-3.00378,-559.473,205.493,99.9302,13376.2,11758.7,6.2617,3.06069,-3.72754,3.31561,0.51907,1.3953,651.134,140.443,13821.8,0.0437367,0.725975,0.0183737,14887.6,-0.00155368,-0.0131858,20.254,7.33051,105.997,75.1101,1.22372,11.8761,11.4499,122.321,132.239,-16.3239,-57.1287 
29,29,29,11284.6,-0.324443,24.3496,11.5777,122.676,0.0896157,155.614,1.94361,-3.22244,-5.51412,-10.6297,-4.08158,-5.44999,-517.291,125.76,78.3042,13128.6,9631.14,0.0348015,-2.25687,-4.11519,-0.824339,-2.19274,0.560077,537.802,115.762,13540.7,0.0371289,0.72638,0.0155044,14484.7,-0.00164754,-0.0153336,20.5402,6.94582,111.455,75.0695,1.21282,11.9066,11.3145,122.432,132.185,-10.9772,-57.1158 
30,30,30,11341.2,-0.379445,24.6819,11.7243,122.404,-0.0922165,102.802,405.337,-1.64306,-2.34484,-11.7479,-3.25935,-1.18685,-639.958,168.01,72.3127,13334.5,9728.8,2.38658,1.6848,-3.68858,0.7703,2.84279,1.92309,677.761,118.654,13844.3,0.0453736,0.765481,0.0155426,14937.3,-0.00185521,-0.0140245,20.1238,7.10113,107.757,74.9166,1.21929,12.0969,11.3052,122.159,132.426,-14.4017,-57.5093 
31,31,31,10833.5,-0.0653593,23.9001,11.3906,122.525,0.0466684,195.204,3.24872e-07,-7.14606,-2.96587,-7.91982,-3.90124,-2.05942,-587.51,100.405,79.106,12944.7,9158.77,-3.44666,0.733522,-0.521037,-0.201843,1.63998,0.709898,568.378,121.649,13412.7,0.0395161,0.727511,0.0164328,14383.5,-0.00193355,-0.0145649,19.1696,6.18857,108.745,77.26,1.19735,11.9325,11.2924,122.307,132.637,-13.5624,-55.3767 
32,32,32,11471.6,-0.24845,24.1599,11.7874,122.762,-0.0269691,70.2897,500,-1.23384,-0.243736,-7.64317,-5.3056,-2.25495,-574.655,182.145,93.1113,13314.3,9332.37,2.38461,3.37472,-0.406266,-1.68715,1.3635,1.08078,639.879,134.724,13772,0.043162,0.730751,0.0177013,14825,-0.00171036,-0.0122604,18.773,7.09503,109.531,75.4715,1.17368,12.1549,11.6336,122.42,132.724,-12.889,-57.2528 
33,33,33,10493.7,-0.248104,23.1621,11.6562,122.421,0.00385857,13.1288,0.00255671,-3.39451,-1.2591,-8.27623,-7.24603,-5.72518,-630.26,128.212,81.9157,12557.3,8790.45,0.574068,2.70948,-0.339073,-3.27745,-1.7566,0.837731,630.237,127.554,13059.4,0.0447568,0.738452,0.0176743,14081.4,-0.00189051,-0.0163008,16.7684,6.50153,109.342,75.8247,1.15337,12.0096,11.3074,122.115,132.012,-12.7732,-56.1871 
34,34,34,10772.2,-0.0218897,23.5425,11.1395,122.575,0.00277005,1.1828,500,-0.674607,-3.42365,-7.02682,-5.27314,-1.32867,-578.128,143.769,85.6891,12618.6,8537.31,2.96571,0.216663,0.253813,-1.63282,2.31165,0.93832,604.269,127.553,13079.1,0.0429299,0.730247,0.017648,14075.7,-0.00166137,-0.0118482,20.9801,6.402,106.034,76.2175,1.1797,11.7836,11.2708,122.402,132.776,-16.3682,-56.5583 
35,35,35,10392.1,-0.370342,23.5356,11.3755,122.538,0.699125,456.429,3.17376,-5.17231,-6.93941,-7.06968,-8.44279,-2.31518,-613.293,143.519,79.951,12447.3,19103.2,-1.31057,-3.07767,0.6538,-4.58105,1.54656,1.09659,632.029,124.361,12935.8,0.0452875,0.743861,0.0174013,13955.9,-0.00185945,-0.0139061,18.9823,6.78569,108.297,74.765,1.15518,11.8141,11.3548,122.338,131.975,-14.0409,-57.2097 
36,36,36,10339,-0.325209,22.7501,11.4926,122.572,0.344016,-238.948,330.316,-1.26757,-1.0646,-9.3964,-3.87498,-0.0457689,-543.625,164.568,63.5282,12209.6,11187.2,2.15548,2.35846,-2.55028,-0.451925,3.37729,1.52164,597.586,102.893,12642.6,0.0438773,0.768452,0.0147707,13619.5,-0.00170294,-0.011152,19.3097,5.91136,107.614,75.801,1.14609,11.8638,11.151,122.348,132.619,-14.7341,-56.8175 
37,37,37,11383.6,-0.210724,24.3554,11.6653,122.515,0.00853138,35.8902,0.00121988,-4.54428,-6.77581,-11.905,-6.30003,-4.22608,-567.945,227.861,100.135,13196.8,9258.75,-0.968083,-3.19961,-4.75259,-2.72383,-0.649878,0.613422,680.251,141.261,13649.2,0.0461534,0.733458,0.018708,14738.9,-0.00165874,-0.0144188,21.2274,6.19116,104.847,74.8933,1.19063,12.0903,11.4227,122.307,132.75,-17.4598,-57.8571 
38,38,38,11130.7,-0.310379,24.0119,11.5348,122.559,0.16226,57.5462,0.866071,-4.026,-4.2795,-6.59067,-2.80284,-4.31462,-544.324,172.499,93.0264,12830.6,9320.34,-0.598542,-0.852034,0.264259,0.624625,-0.887155,1.18239,606.073,132.442,13264.1,0.0424774,0.72337,0.0180612,14268.1,-0.00153739,-0.0145027,16.8035,6.83793,109.358,76.7008,1.18761,11.8479,11.3299,122.323,132.628,-12.9656,-55.9269 
39,39,39,11071.4,-0.30188,23.3313,11.7747,122.447,0.575903,259.832,406.067,-2.79832,-1.64858,-5.31036,-4.45857,-3.27567,-526.911,170.459,90.079,12596.4,13814.2,0.519496,1.66924,1.32528,-1.14076,0.0421425,0.451322,590.163,128.234,13016.1,0.0421642,0.724507,0.0178248,13996.8,-0.0013866,-0.0136385,20.1632,6.99909,103.415,74.552,1.12563,12.0905,11.5255,122.245,131.973,-18.8298,-57.4208 
40,40,40,10213.1,-0.263356,22.6565,11.4113,122.633,0.274347,40.2976,0.00699036,-5.65744,-3.22772,-8.46397,-1.55841,-2.05508,-512.386,157.289,84.4154,12018,8776.23,-2.43109,-0.00136554,-2.01126,1.66795,1.17128,-0.253521,565.423,121.519,12426.1,0.0423083,0.72669,0.0176956,13364.4,-0.00160522,-0.0106566,20.3283,6.54362,105.756,75.0864,1.12976,11.8003,11.1665,122.45,132.209,-16.6943,-57.123 
41,41,41,11910.7,0.079869,25.1708,11.4018,122.694,-0.0139277,-9.4323,0.00620266,-3.11056,-3.53247,-8.0353,-4.50507,-3.0609,-533.747,221.852,112.047,13615,9346.85,0.250299,-0.171605,-1.31358,-1.14421,0.299961,0.368207,647.001,150.697,14040.1,0.0428241,0.710427,0.0193886,15108.3,-0.00155415,-0.0135613,17.7653,-6.98614,110.927,75.5506,1.23383,11.8752,11.5497,122.507,133.211,-11.5801,-57.6607 
42,42,42,10741.8,-0.243046,23.4344,11.5586,122.519,0.0851463,128.369,1.87428e-08,-2.85826,-2.25187,-5.29386,-2.43838,-5.97616,-619.312,144.359,92.2587,12656.7,9173.51,1.04138,1.64777,2.50543,1.46126,-2.07652,0.452883,637.663,137.105,13150,0.0449622,0.726602,0.0188442,14182.2,-0.00172789,-0.0135633,15.8718,7.33627,113.348,74.5614,1.16593,11.8948,11.3356,122.315,132.786,-8.9667,-58.2244 
43,43,43,9069.55,-0.0311917,21.0885,10.9933,122.523,0.0224102,68.8011,500,-1.1355,-1.35065,-9.08153,-3.29844,0.140775,-629.938,107.082,52.3562,11154.8,7597.09,2.83106,2.61591,-1.14842,0.668112,4.10733,1.12656,608.851,97.9716,11656.6,0.0482636,0.780277,0.0152465,12615.1,-0.00185845,-0.013924,19.188,5.78741,108.316,76.8137,1.07336,11.5792,11.1437,122.321,131.857,-14.0057,-55.0432 
44,44,44,10168.6,-0.337185,22.3684,11.5839,122.586,0.271159,-229.555,367.172,-0.878587,0.762729,-6.44914,-2.04918,-2.41248,-494.112,149.699,77.5756,11991.3,10461.3,2.2327,3.87402,-0.226562,1.06211,0.698813,1.02965,543.277,113.355,12384.9,0.0408488,0.732526,0.0165807,13299.7,-0.00164633,-0.0141047,21.014,6.28317,105.263,76.3286,1.1022,11.9225,11.3642,122.351,132.034,-17.0879,-55.7055 
45,45,45,10417.2,-0.391247,23.8249,11.3598,122.282,-2.41153,9119.08,487.646,-5.61226,-3.93814,-7.58201,-7.65873,-3.23991,-667.528,107.379,80.3621,12577.1,724688,-1.40902,0.265103,0.82448,-3.45548,0.96333,1.29324,639.089,128.699,13108.8,0.0451936,0.739419,0.0177641,14141.2,-0.00197387,-0.0137232,15.8345,6.50605,114.275,76.0178,1.17638,11.7291,11.341,122.163,132.585,-7.8882,-56.5675 
46,46,46,10344.1,-0.350453,22.8273,11.5841,122.582,0.26809,-15.8116,98.0785,-0.392404,-1.35476,-5.88154,-3.3582,-1.94988,-582.912,201.799,78.4835,12175.4,8746.14,3.27804,2.31568,1.45934,0.312244,1.72056,0.839383,666.11,120.694,12639.7,0.0486743,0.759252,0.0172857,13685,-0.00167908,-0.00937703,20.0887,6.19913,105.946,74.8128,1.12421,11.844,11.3599,122.368,132.108,-16.422,-57.2948 
47,47,47,10327.8,-0.00368262,22.5026,11.225,122.482,0.00360256,26.4396,9.89519e-12,-3.85628,-3.28465,-5.43446,-1.8752,1.49485,-571.456,131.742,90.0138,12152.3,8225.81,-0.25797,0.31366,1.76215,1.7231,5.09315,0.795908,586.928,131.394,12607.5,0.0432435,0.71851,0.0188367,13572.6,-0.00164589,-0.0136545,19.4631,6.62223,110.236,76.3134,1.1381,11.8341,11.225,122.374,132.032,-12.1387,-55.7188 
48,48,48,10339.9,-0.331366,23.3786,11.3578,122.631,-0.051431,269.664,0.355549,-2.24421,-5.54922,-7.3685,-2.1976,-1.46392,-582.752,150.906,66.3864,12318.5,9095.33,1.42523,-1.87979,-0.029628,1.47184,2.20552,1.00928,615.089,108.585,12782.7,0.0446324,0.763979,0.015407,13781.2,-0.00179624,-0.0125021,17.4971,6.03126,109.5,75.6664,1.16126,11.7307,11.2296,122.414,131.977,-12.9141,-56.3105 
49,49,49,10500.8,-0.359641,23.4382,11.4718,122.615,-0.151558,-328.681,499.139,-3.47608,-2.26053,-4.53749,-2.27299,0.734905,-637.79,146.984,68.4917,12442.5,10374.5,0.539914,1.75547,3.4945,1.74301,4.7509,0.715519,655.007,114.676,12950.6,0.046806,0.765473,0.0160498,13994.1,-0.00171656,-0.0164152,14.0193,5.81159,113.988,76.5587,1.17218,11.7244,11.1952,122.396,131.636,-8.40811,-55.0778 
50,50,50,10755.5,-0.367058,24.0057,11.4661,122.714,0.188463,888.455,7.65069,-2.47568,0.700455,-5.01314,-4.59267,-3.65748,-656.993,105.517,77.4457,12775.1,14411.1,1.66123,4.83736,3.26068,-0.455763,0.479428,0.666697,628.836,125.02,13298.5,0.043894,0.741883,0.017023,14326.3,-0.00183658,-0.0154412,14.977,6.44206,114.282,76.5184,1.18521,11.7963,11.358,122.524,131.733,-8.24171,-55.2144 
51,51,51,10025.3,-0.0213878,22.1971,11.2554,122.581,-0.00745284,1.31305,500,-0.339751,0.967558,-5.33997,-0.741803,-2.45896,-577.251,156.513,84.9186,11967.3,8133.31,3.29505,4.60236,1.92963,2.893,1.17584,0.861137,616.315,126.719,12427.1,0.0459382,0.735396,0.0184376,13416.2,-0.00171814,-0.0131436,20.9022,6.63717,105.907,75.9184,1.11352,11.7548,11.3482,122.385,133.113,-16.4778,-57.1944 
52,52,52,10422.8,-0.323782,23.0465,11.4168,122.416,0.140004,-101.799,479.433,0.239621,-5.33092,-8.30158,-0.140177,0.897433,-524.411,99.1883,68.2588,12234.4,9029.3,3.5417,-2.02884,-1.69742,3.1619,4.19951,1.23651,516.901,106.233,12652.1,0.0381517,0.73548,0.0152315,13548.6,-0.00158021,-0.0161993,21.0031,6.64279,110.347,75.9268,1.13244,11.7298,11.4378,122.308,132.77,-11.9612,-56.8428 
53,53,53,10728.1,-0.392986,24.4432,11.4256,122.431,-1.59502,-485.184,165.419,0.0820614,1.29236,0.713748,-2.62664,-3.04644,-604.811,120.868,88.1941,12897.7,34283.7,3.89039,5.10069,8.33041,1.18169,0.761896,0.56759,602.622,131.99,13379.4,0.0418969,0.722911,0.0178483,14383.4,-0.00196723,-0.0151399,17.0482,7.2026,111.936,75.1528,1.19724,11.8088,11.3624,122.277,132.096,-10.3412,-56.9435 
54,54,54,11325,-0.378562,25.151,11.4876,122.463,0.0853624,171.766,23.4479,-2.7574,-4.68138,-5.97742,-3.78889,1.00778,-567.916,96.9006,88.4432,13377.5,9882.79,0.818616,-1.10536,1.17462,-0.212872,4.5838,0.776638,549.267,129.567,13829.9,0.0371275,0.707809,0.0169652,14794.1,-0.00179156,-0.0193582,16.4883,6.97406,110.572,75.8776,1.23825,11.7914,11.3615,122.249,132.846,-11.6773,-56.9679 
55,55,55,9832.23,-0.0148006,22.3764,11.1651,122.491,0.000669395,-5.72774,500,-2.03628,-6.00764,-1.26571,-3.86057,-1.54732,-572.281,68.0575,56.0942,11995.6,8133.08,1.56722,-2.40414,5.94129,-0.257066,2.05617,0.139378,523.9,97.5344,12451.4,0.0392469,0.754263,0.0142243,13348.8,-0.00193894,-0.0136649,15.7248,6.50574,112.046,76.7525,1.1324,11.7468,11.1872,122.236,131.793,-10.1896,-55.0408 
56,56,56,10521.2,-0.333604,23.2223,11.4703,122.624,0.023026,-93.6998,102.782,0.37616,-2.71299,-5.02494,-2.72249,-5.42098,-589.761,132.174,70.1042,12397.6,8741.36,4.08973,1.00058,2.4022,0.99108,-1.70741,0.645494,601.94,112.81,12867.3,0.0434448,0.753029,0.0158934,13855.3,-0.00172807,-0.0138662,15.9403,6.75605,109.307,75.5885,1.14716,11.8837,11.3276,122.393,132.412,-13.0862,-56.8237 
57,57,57,11734.4,-0.340468,24.8324,-11.8192,122.62,0.0858958,158.386,175.092,-1.64241,0.58988,-2.78467,-5.2202,-2.58511,-598.092,147.299,96.1396,13547.4,9997.24,2.12362,4.35591,4.74738,-1.45418,1.18091,0.566593,623.702,139.449,14023.8,0.041392,0.718768,0.0179879,15068.2,-0.0016992,-0.0155177,15.1466,7.3745,114.181,75.6349,1.19632,12.1736,11.6132,122.374,132.366,-8.19337,-56.7313 
58,58,58,10830.2,-0.128408,23.2436,11.6323,122.455,0.0835218,-139.219,429.675,2.2442,1.06398,-3.06395,0.538316,-1.45019,-618.144,128.648,90.0896,12705.4,9180.14,6.13649,4.95627,4.72063,4.43061,2.4421,0.791915,621.023,134.851,13197.8,0.0436886,0.724637,0.0184743,14214.7,-0.0016665,-0.0141028,19.9684,7.05431,110.282,76.7896,1.15191,11.9526,11.4646,122.423,132.619,-12.1409,-55.8296 
59,59,59,10100.8,-0.146206,22.2592,11.3005,122.55,0.120657,46.3112,455.945,-0.888069,-0.197716,0.12443,-2.15688,-5.70259,-620.016,108.353,77.9013,11997.8,8370.37,3.01601,3.70636,7.93258,1.74719,-1.79852,0.456807,602.218,122.798,12491.7,0.0447126,0.737006,0.0177865,13468.7,-0.00166858,-0.0197889,15.6419,7.4176,112.107,75.441,1.1352,11.7912,11.1501,122.307,132.061,-10.1996,-56.6196 
60,60,60,10758.9,-0.222363,23.5118,11.4946,122.553,-0.101794,-191.128,500,0.0723145,0.574337,-0.668334,-0.678552,1.08504,-607.845,85.5085,86.5322,12797.6,9431.16,3.89975,4.40177,6.98654,3.14888,4.91248,0.700783,569.679,130.548,13281.8,0.0399776,0.713761,0.0177842,14249.9,-0.00181898,-0.0163683,14.2664,7.53246,112.174,76.0071,1.18811,11.9007,11.2362,122.332,132.035,-10.1578,-56.0275 
61,61,61,11820.7,-0.0630564,24.6576,11.5564,122.575,0.012452,18.4127,2.28264e-06,-0.932268,0.591988,0.450091,0.291421,-4.71326,-624.351,250.367,96.8718,13406.6,9283.63,2.9991,4.52336,8.31283,4.22279,-0.781891,0.568751,747.686,142.083,13903.9,0.0496185,0.75044,0.0184765,15068.7,-0.0015209,-0.0114882,17.6436,6.08299,106.028,76.5493,1.20141,12.0719,11.5292,122.27,131.912,-16.2419,-55.363 
62,62,62,11470.6,-0.35654,24.6077,11.7683,122.384,0.0415893,64.0454,469.719,1.89426,-0.40562,-4.99771,-1.79072,-3.8358,-639.22,185.256,105.369,13380.8,9513.84,5.91926,3.61938,3.05229,2.23428,0.189202,0.796709,694.419,151.656,13889.9,0.0462914,0.723491,0.0197164,15001,-0.00175769,-0.015087,18.0319,6.39793,108.066,75.8311,1.19587,12.0747,11.5457,122.122,132.194,-14.0557,-56.3631 
63,63,63,10214.6,-0.371743,23.0248,11.4674,122.402,0.105041,234.566,146.527,-3.75429,-0.622086,-4.61084,-2.66218,-4.35862,-661.631,116.34,75.5883,12264.9,9397.26,0.411818,3.54403,3.72139,1.50393,-0.192512,0.585991,643.353,123.499,12791.9,0.0465558,0.748541,0.0174738,13819,-0.00187977,-0.0125572,16.8093,6.60299,111.147,75.4479,1.13353,11.8533,11.3631,122.221,131.963,-11.0738,-56.5152 
64,64,64,10691.8,-0.343809,23.4463,11.5681,122.578,0.128127,75.9363,475.369,0.458188,-1.95254,-5.37688,0.134757,0.275031,-608.949,137.131,82.0877,12611.2,9146.17,4.29258,1.88185,2.2919,3.96915,4.10942,0.861474,622.181,126.183,13096.2,0.044091,0.738054,0.0174393,14111.3,-0.00177189,-0.012707,20.0738,7.31842,108.143,75.4699,1.13933,11.9252,11.5919,122.328,132.152,-14.1849,-56.6821 
65,65,65,10550.3,-0.374383,23.2353,11.6902,122.475,0.168537,187.116,340.655,0.745861,-3.76885,-0.748663,-3.29073,-3.38132,-622.633,117.379,62.9927,12637.1,9868.87,4.66641,0.151698,7.09244,0.629819,0.53923,0.457748,613.329,108.079,13133,0.0433745,0.764304,0.0149334,14140.3,-0.00193538,-0.012759,13.4722,6.84137,112.846,75.699,1.16021,12.0615,11.2435,122.213,131.468,-9.36695,-55.7691 
66,66,66,10856.1,-0.283848,24.0337,11.4222,122.575,0.350611,-108.484,1.45783e-10,-3.13541,-1.81982,-7.3767,-5.94087,-1.22006,-584.727,85.4905,74.1144,12835.3,10174.6,0.546459,1.86205,-0.0129558,-2.259,2.46182,1.00499,551.247,116.456,13301,0.0386805,0.730085,0.0158724,14251.3,-0.00175677,-0.0184136,14.8138,6.79784,111.342,77.7085,1.21334,11.7919,11.1323,122.32,131.857,-10.9779,-54.1482 
67,67,67,10443.5,-0.355364,23.1687,11.5305,122.581,0.133808,49.7034,476.371,-2.95719,-2.53546,-4.50828,-5.02585,-0.499886,-528.545,123.537,68.2815,12349,8913,0.370914,0.792642,2.14793,-1.69774,2.82822,0.516446,544.542,106.555,12770,0.0397544,0.744914,0.0151381,13697.7,-0.00175391,-0.0130045,16.2009,7.29477,112.547,75.4985,1.13771,11.8523,11.411,122.351,132.555,-9.80416,-57.0569 
68,68,68,11549.5,-0.303547,24.5118,11.6391,122.826,0.0680602,163.827,163.562,2.04887,-1.38224,-0.333306,-3.80253,-3.40952,-648.819,186.891,103.079,13276.2,9650.31,6.13432,2.7032,7.83758,0.282917,0.67592,0.55554,703.7,150.061,13793,0.047195,0.728236,0.0196475,14910.5,-0.0016055,-0.0130241,16.0906,7.38408,110.307,75.9112,1.20968,11.8872,11.5007,122.522,132.382,-12.2145,-56.4703 
69,69,69,10721,-0.286134,23.2134,11.769,122.449,0.198643,404.944,364.814,-1.79446,-0.898359,-1.06867,-5.20777,-5.04244,-594.525,133.991,79.8221,12651.3,11512.1,1.9491,2.8452,6.41846,-1.4642,-1.29887,0.240391,607.552,122.873,13124.9,0.043009,0.738593,0.0169531,14126.2,-0.00173918,-0.0166061,15.8346,7.19091,112.631,76.2395,1.1737,11.8502,11.3185,122.267,132.334,-9.63522,-56.0948 
70,70,70,10222,-0.331739,22.5356,11.5221,122.624,0.355185,4.00672,2.38824,-1.84696,-2.97971,-5.58828,-7.51931,1.02788,-659.02,201.339,79.0903,12024.3,8499.05,2.30271,1.16996,2.71106,-3.36964,5.17755,0.660763,726.273,126.812,12549.2,0.0531992,0.765955,0.0182746,13651.9,-0.00163877,-0.0141817,19.0389,4.52369,105.287,77.7107,1.11966,11.7546,11.3399,122.338,132.123,-17.0518,-54.4119 
71,71,71,10866.9,-0.312014,23.761,11.4233,122.318,-0.00940096,110.758,460.644,-1.74601,-5.43268,-5.6012,-0.798701,-5.8031,-606.577,152.396,67.0843,12707.5,8869.77,2.07344,-1.61323,2.03771,3.02075,-1.98365,0.423566,635.557,111.008,13190.7,0.0446884,0.765896,0.0152658,14222,-0.00166323,-0.019457,11.0458,6.94249,117.713,76.2291,1.17015,11.7664,11.458,122.073,134.066,-4.35965,-57.8364 
72,72,72,10678,-0.128847,23.6546,11.4524,122.463,0.440763,30.3116,500,-2.96699,0.118283,-9.28891,-6.68174,-4.62801,-706.23,149.555,80.9776,12833.9,9253.69,1.47995,4.56522,-0.395026,-2.2348,-0.181064,1.12214,712.093,132.117,13396.4,0.0490747,0.754897,0.017843,14510.4,-0.00196609,-0.0125463,18.5078,5.57803,112.288,77.5062,1.19248,11.9347,11.2038,122.279,131.972,-9.99124,-54.4653 
73,73,73,10832.5,-0.364567,23.6614,11.6917,122.589,0.0385749,-39.4644,498.904,-0.5957,-0.429525,-6.08395,-5.41782,-4.08671,-586.48,160.543,81.6068,12748.7,9055.16,3.09721,3.26338,1.30187,-1.72492,-0.393806,0.765164,627.696,124.075,13215.8,0.0440798,0.742987,0.0170004,14240,-0.00176439,-0.0136324,18.1879,6.82578,110.089,75.4926,1.17227,11.9795,11.318,122.356,132.142,-12.2671,-56.6494 
74,74,74,10334.4,-0.0962146,23.5144,11.0277,122.869,0.0574752,47.3071,4.75017,0.287844,0.433927,-4.85232,-2.62139,-3.87146,-582.751,90.761,68.0486,12458.6,8529.91,3.95727,4.10335,2.48654,1.04804,-0.202034,0.781752,554.943,110.247,12922.8,0.0400235,0.742026,0.0154722,13865.4,-0.00188132,-0.0168152,17.1785,6.38054,113.171,75.4132,1.16862,11.6518,11.355,122.473,131.792,-9.30284,-56.3787 
75,75,75,10419.6,-0.0200775,22.4632,11.5114,122.655,0.0154986,28.1736,7.54147e-12,-2.24604,-5.68444,-8.62635,-4.88484,-5.58997,-619.427,132.584,86.7353,12328.7,8431.94,1.65432,-1.78408,-0.825619,-0.98447,-1.68961,0.772522,625.98,131.59,12822.1,0.0452536,0.731062,0.0185543,13832.7,-0.00173008,-0.0161476,17.4728,6.27444,111.72,76.1795,1.11536,12.0823,11.3916,122.409,132.228,-10.689,-56.0481 
76,76,76,11125,-0.371385,24.5634,11.5521,122.572,-0.187201,1956.73,493.82,-3.67543,-2.20335,-4.89792,-3.99128,0.137742,-624.219,152.19,75.8721,13204.3,21161.6,0.255112,1.72719,2.96317,-0.0607321,4.06829,0.669032,649.404,121.073,13701.5,0.0439917,0.753997,0.016017,14762,-0.00190948,-0.0120897,19.1544,6.46988,109.864,76.5942,1.21873,11.8823,11.3476,122.404,132.347,-12.5403,-55.7524 
77,77,77,11281.3,-0.371092,24.5928,11.6753,122.322,0.406925,-1174.04,488.201,-0.908475,-4.93149,-5.20825,-2.47692,-2.02113,-588.472,177.733,94.785,13218.8,24899.2,2.79698,-1.22604,2.20265,1.22853,1.68432,0.670579,646.473,137.398,13687.5,0.0438447,0.728897,0.0181557,14744.6,-0.00181194,-0.0133041,15.6052,6.32322,113.672,76.3581,1.20134,11.9403,11.4833,122.138,132.512,-8.46635,-56.1534 
78,78,78,10242.9,-0.113622,23.0504,11.2671,122.548,-0.0168724,101.337,0.0223835,-3.14745,-0.724895,-3.32478,-2.14217,-0.347087,-600.914,57.6001,67.3208,12479.8,8510.1,0.636341,3.0589,4.24281,1.64163,3.43671,0.674041,536.25,110.834,12958.5,0.0386251,0.734378,0.0155112,13883.5,-0.00203944,-0.0131901,18.7307,6.40214,111.111,77.0282,1.17107,11.8973,11.1554,122.415,131.867,-11.3034,-54.8391 
79,79,79,11129.7,-0.183114,24.131,11.5708,122.48,-0.0703853,235.461,1.85276e-08,3.12732,-3.4832,0.411163,-1.56088,-2.05631,-664.932,140.787,98.1182,13139.4,9628.88,7.31422,0.703701,8.78497,2.62602,2.13059,0.592524,670.43,146.268,13669.1,0.0454542,0.723695,0.0193306,14749.6,-0.00186675,-0.0120249,19.5628,6.43975,110.209,75.4186,1.1813,12.0414,11.5177,122.248,132.425,-12.0383,-57.0062 
80,80,80,11601.6,-0.0885442,24.682,11.5164,122.55,-0.000157223,-6.98569,488.127,-3.4098,-2.33963,-6.82815,-5.9537,0.879082,-638.781,109.598,75.1057,13622.1,9253.24,0.612431,1.6826,1.21632,-1.93147,4.90132,0.812332,618.411,121.361,14130.9,0.0407566,0.744362,0.0155743,15173.3,-0.00184653,-0.0172921,18.3541,6.73924,110.533,76.1306,1.23444,12.0313,11.4435,122.376,132.786,-11.843,-56.6554 
81,81,81,11950.2,0.0240644,24.7504,11.5743,122.468,-0.0303476,4.19074,6.84965e-13,-3.25256,-1.67579,-5.94537,-3.12213,-0.370125,-597.831,261.448,106.294,13574.3,9329.66,0.511824,2.08859,1.58339,0.642248,3.39426,0.807381,737.642,149.584,14050.5,0.0484984,0.738075,0.0192342,15209.6,-0.00150693,-0.00976749,-21.5214,-7.03218,104.024,75.6586,1.19553,12.0464,11.7242,122.293,132.886,-18.2694,-57.2279 
82,82,82,10915,-0.348116,23.9028,11.5705,122.544,0.328621,437.409,450.27,-2.32932,-2.20805,-3.82995,-2.06073,-3.27903,-623.584,144.83,85.2957,12867.6,13682.5,1.59722,1.71849,4.02314,1.86581,0.647507,0.59165,641.538,130.451,13364.3,0.0445303,0.737546,0.0176635,14406.8,-0.00178497,-0.010044,22.8033,6.96149,109.091,75.3928,1.17594,11.8798,11.4633,122.426,131.915,-13.3343,-56.5227 
83,83,83,11210.1,-0.306077,24.5675,11.4012,122.558,0.0932624,254.333,499.957,1.62456,0.879749,-4.67724,-6.61921,-2.10984,-556.45,143.464,82.2713,13126.5,9890.29,5.12838,4.38357,2.33039,-3.1154,1.39397,0.769745,586.697,122.565,13569.7,0.0402854,0.732285,0.0163661,14563.5,-0.00169287,-0.0137661,19.9959,6.40256,106.656,76.5387,1.21937,11.7696,11.3331,122.426,132.482,-15.7699,-55.9438 
84,84,84,10970,-0.0350509,23.7507,11.474,122.542,0.00182342,7.96593,499.999,-0.619327,1.60133,-6.45837,-4.47022,-4.01207,-601.436,161.824,94.1823,12975.7,8871.77,3.16775,5.38841,1.1158,-0.683143,-0.224992,0.872682,640.89,137.734,13454.8,0.0442014,0.726695,0.0185083,14499.3,-0.00187777,-0.0103711,20.0648,6.93035,108.179,77.074,1.19262,12.0005,11.3129,122.326,132.196,-14.1476,-55.1218 
85,85,85,11133.5,-0.0463292,24.0474,11.5222,122.419,0.003899,-18.7561,499.999,1.9322,-2.83905,-1.98421,-5.03535,-3.66972,-651.113,196.402,99.9917,13106.9,9022.21,6.03208,1.26083,6.21557,-0.935467,0.430169,0.521997,715.038,147.14,13625.6,0.0484792,0.735232,0.0195046,14749.4,-0.00183627,-0.00985049,21.1518,6.82773,103.027,74.3066,1.16787,12.0561,11.6025,122.237,132.406,-19.2102,-58.099 
86,86,86,10553.4,-0.209654,23.5961,11.3847,122.265,0.0430363,-103.779,31.7414,-0.203401,-2.22845,-4.11764,-6.54019,-4.4419,-625.263,180.761,72.3955,12474.7,8890.32,3.73371,1.70866,3.75659,-2.60307,-0.50479,0.383266,678.805,117.672,12972.7,0.0483456,0.767244,0.0164347,14040.7,-0.00172988,-0.0133497,21.1082,5.26895,107.184,76.9081,1.1587,11.8956,11.2334,122.28,132.417,-15.0962,-55.5088 
87,87,87,10385.6,-0.0473361,22.6788,11.2131,122.468,0.0333599,-48.0718,0.00616346,-1.88931,-3.12151,-6.88691,-5.82888,-5.34604,-566.278,105.641,82.2312,12306.4,8330.47,1.6764,0.444193,0.244498,-2.26318,-1.78034,1.14567,556.703,123.237,12757.5,0.0406444,0.720775,0.0174835,13696.9,-0.00171772,-0.0119511,21.1568,6.80118,110.321,76.5225,1.16392,11.7535,11.1732,122.379,131.268,-12.0578,-54.7457 
88,88,88,11043.5,-0.334105,23.8552,11.6439,122.599,0.145174,37.3709,302.404,0.318778,-0.436118,-0.164485,-10.7854,-2.75615,-586.776,166.409,91.279,12827,9218.9,4.01355,3.25865,7.22505,-7.09059,0.938618,0.134235,633.797,133.769,13294.4,0.0442379,0.730271,0.0181981,14327,-0.00163555,-0.0105193,19.4256,7.25701,106.32,75.7767,1.1894,11.8937,11.2771,122.467,132.74,-16.1465,-56.9633 
89,89,89,10897.1,-0.337268,23.6023,11.6493,122.683,0.0792013,-73.141,440.137,-1.19078,-3.05563,-8.23204,-7.08021,-9.19044,-615.236,174.37,80.007,12699.2,9139.08,2.6832,0.81835,-0.484086,-3.20623,-5.31646,0.912068,664.429,124.558,13189.3,0.0466285,0.752975,0.0170991,14249.4,-0.00159791,-0.0135603,21.5858,6.11298,105.397,75.744,1.16225,11.9841,11.3092,122.442,131.93,-17.0446,-56.1862 
90,90,90,9496.96,-0.341706,21.9799,11.1483,122.673,0.195852,530.647,0.00133988,-0.0739363,0.195817,-8.50409,-3.68941,-3.99766,-530.287,144.565,79.7866,11449.8,11360,3.26514,3.53489,-1.82593,-0.350329,-0.658583,1.46049,566.959,118.186,11872.2,0.0443098,0.732709,0.0180077,12795.3,-0.00173106,-0.0126713,17.9031,6.41519,107.204,75.4316,1.09848,11.457,11.2744,122.461,132.041,-15.2572,-56.6099 
91,91,91,11614.6,-0.328986,24.3475,11.8942,122.76,0.0137719,134.835,121.85,3.00619,-0.948102,-7.76694,-6.687,-1.21122,-550.006,237.535,91.1526,13231.3,9487.69,6.46943,2.51514,-0.84045,-3.22376,2.25202,1.11718,675.635,130.98,13669.4,0.0457899,0.746682,0.0173448,14755.1,-0.00153432,-0.0116493,20.3518,7.17736,104.527,75.3184,1.18634,12.1435,11.477,122.55,133.096,-18.0226,-57.7772 
92,92,92,11758.4,-0.0280933,24.7312,11.614,122.632,-0.00500484,7.94673,7.22434e-12,-3.70165,-1.62491,-2.66961,-3.79645,-6.51928,-605.337,195.023,108.6,13568,9351.52,0.109994,2.18674,4.95368,0.0151934,-2.70763,-0.086816,677.197,152.434,14050.1,0.0447029,0.717402,0.019594,15148.8,-0.00169621,-0.0148774,18.3367,6.7273,103.301,75.6262,1.21469,12.1263,11.5064,122.456,131.415,-19.1547,-55.7886 
93,93,93,10676.3,-0.041565,23.2112,11.2634,122.649,-0.0229034,105.964,499.625,-0.644656,-2.36889,-2.62381,-7.08653,-4.71178,-525.073,110.833,71.1391,12501.6,8589.65,2.66159,0.937354,3.98867,-3.78028,-1.40554,-0.660709,529.073,109.161,12919.9,0.0382374,0.734717,0.0153256,13836.5,-0.00166939,-0.0136968,19.2011,7.47497,107.806,75.1985,1.1756,11.7748,11.2682,122.472,131.403,-14.6661,-56.2043 
94,94,94,10151.6,-0.0484871,22.0593,11.3504,122.828,-0.00235269,-2.45514,500,0.391704,1.20817,-2.52301,-6.45385,-3.78888,-548.845,180.799,78.2248,11851.3,8150.96,3.84763,4.66409,4.38884,-2.99792,-0.332954,0.541381,617.974,117.968,12288.5,0.0465512,0.749588,0.0173767,13275.2,-0.00157229,-0.010052,19.5866,6.94706,109.598,75.2962,1.10096,11.7584,11.4027,122.586,133.345,-12.988,-58.0488 
95,95,95,10705.7,-0.334321,23.2723,11.6214,122.493,0.387615,227.255,3.22512,0.360299,-0.916869,-6.54184,-5.00401,-1.39034,-547.585,187.18,69.5585,12531.9,11671.8,3.8083,2.53113,0.35416,-1.55601,2.05766,0.950779,623.352,109.211,12968.1,0.0445873,0.765346,0.0152763,13980.5,-0.00167652,-0.0119118,18.4501,7.30693,108.881,74.8353,1.17049,11.8534,11.2496,122.303,132.839,-13.4221,-58.0042 
96,96,96,9974.32,-0.358115,22.2121,11.5823,122.624,0.22903,411.477,232.689,1.68975,-1.22799,-9.06137,-3.34407,-6.70467,-553.177,181.303,64.7105,11875.7,11442.7,5.17296,2.25521,-2.09495,0.139137,-3.22146,1.93072,621.929,104.767,12316.4,0.0467342,0.772322,0.0154279,13307.8,-0.00171605,-0.012926,20.9085,6.59047,109.065,75.9657,1.12081,11.8227,11.157,122.42,132.708,-13.3547,-56.7423 
97,97,97,10456.6,-0.362141,23.2701,11.5256,122.698,0.143105,6.95045,460.885,-2.44428,0.172842,-0.881813,-5.1342,-6.59726,-578.231,118.94,66.8672,12466,8763.22,1.19668,3.81381,6.40011,-1.49323,-2.95629,0.0805853,579.521,108.738,12926.6,0.0417105,0.752808,0.0152593,13893.9,-0.00184021,-0.0120167,18.4069,6.99955,112.364,75.9843,1.16616,11.8129,11.2698,122.486,132.4,-10.1223,-56.4153 
98,98,98,11083.6,-0.307824,23.5907,11.6856,122.643,0.328644,212.277,32.7111,-2.01915,1.92259,-9.17666,-4.75872,-5.32528,-576.438,191.902,81.9808,12807,11245,1.61053,5.55226,-1.9173,-1.12904,-1.6956,1.792,651.056,123.722,13266.1,0.0454801,0.750436,0.0168896,14315.2,-0.00153511,-0.011602,20.6609,7.05394,106.828,75.0162,1.18006,11.8957,11.3147,122.369,131.797,-15.5407,-56.7813 
99,99,99,11209.8,-0.0524953,23.3583,11.638,122.805,0.0166223,2.77209,486.827,-0.126712,-0.974146,-6.17553,-1.01691,-5.12833,-477.609,179.145,83.9984,12688.3,8850.89,2.88066,2.03323,-0.160777,1.99047,-2.12096,1.03478,559.578,118.583,13068.7,0.0399119,0.729473,0.0164401,14020.3,-0.00137327,-0.0141216,20.8795,6.19457,105.891,76.9599,1.13323,12.0486,11.5916,122.487,132.419,-16.5958,-55.4593 
100,100,100,10879.1,-0.351044,23.9155,11.5456,122.519,0.0974591,139.093,31.6156,0.672893,-1.89102,-11.0004,-5.47401,-3.20409,-572.628,190.814,85.5275,12737.7,9429.91,4.27858,1.71467,-3.78902,-1.86833,0.401593,6.13771,646.933,126.993,13193.8,0.0454417,0.744311,0.0174217,14236.6,-0.00163458,-0.012332,20.3295,7.44984,107.388,75.3996,1.1892,11.7401,11.3089,122.231,132.115,-14.8427,-56.7151 
101,101,101,11942.1,-0.0136958,24.2201,11.7125,122.762,-0.0146816,8.62479,0.000830495,2.57655,-1.38369,-9.80494,-1.3482,-3.96421,-528.557,214.146,84.7933,13361.1,9238.76,5.90474,1.9445,-3.14857,1.97999,-0.636024,1.52089,635.161,123.067,13782.1,0.0428275,0.746784,0.0161829,14830.7,-0.00135369,-0.0148562,15.8555,7.61668,110.959,75.0342,1.1974,12.0951,11.5268,122.521,132.596,-11.5612,-57.5621 
