cyc,freq,vva,cyc,ROIsum,fBg,fA1,fWidth1,fCtr1,fA2,fWidth2,fCtr2,box1,box2,box3,box4,box5,box6,box7,box8,box9,Nfit,BZ-2,BZ-1,BZ0,BZ1,BZ2,Excited,c5,c7,c9,fraction95,fraction75,fraction97,sum95
0,47.2189,1.8,0,3592.45,-0.0232351,-11.6279,9.35426,124.14,0.0481645,-84.0311,500,-6.12841,-4.06004,-6.08032,-0.501708,-3.97822,-739.764,424.113,66.0049,5150.73,3672.6,-1.47032,0.598051,3.23587,4.15639,0.679877,0.550566,1013.36,119.573,5739.98,0.177157,0.828848,0.0369559,5720.14 
1,47.2144,1.6,1,4192.53,0.000391485,11.2409,10.3788,123.957,0.00266234,4.00895,1.97435e-12,-3.29309,-3.61824,-2.99187,-0.467076,-2.38601,-595.94,218.422,95.1601,5593.08,3798.24,0.459386,0.134234,4.51308,3.2854,1.36646,0.537526,693.11,138.314,6067.77,0.12227,0.741168,0.0402983,5668.68 
2,47,10,2,3006.19,-0.0153059,-9.92456,9.63965,123.721,0.0298562,-14.1825,224.559,-4.7054,-5.42645,-6.30256,-0.327594,-2.14301,-684.773,89.9826,75.4343,4799.31,3128.14,-0.393565,-1.11462,2.32111,3.98424,2.16882,0.666794,635.429,125.02,5344.76,0.126627,0.743875,0.0413091,5018.13 
3,47.2859,7,3,3787.61,-0.070622,-11.1615,9.84888,123.791,0.11897,149.774,500,-3.67701,-4.23978,-9.59865,-3.91474,-0.839857,-647.154,509.549,78.69,5017.86,4158.59,0.39794,-0.164827,-1.44875,0.160214,3.2351,1.66466,1025.03,125.552,5533.34,0.184279,0.823485,0.0401206,5562.37 
4,47.4259,10,4,2663.04,-0.00672402,-10.0471,9.04654,123.898,0.00970742,6.40274,500,-3.07397,-1.66425,-0.973991,-2.99763,-1.03931,-670.9,137.27,80.3646,4587.06,2960.84,1.15051,2.56022,7.47497,1.22685,3.18517,0.520765,671.666,128.946,5121.46,0.137883,0.748523,0.0443241,4871.26 
5,47.2164,1.5,5,2911.62,-0.0211073,-10.2398,9.14966,123.96,0.0414444,-21.7674,500,-2.58543,-5.24355,-4.77495,-7.34489,-1.65725,-538.614,34.1794,63.3677,4692.72,3079.31,0.806081,-1.85205,2.00806,-3.95339,1.73426,2.59746,463.205,102.37,5121.75,0.0993354,0.721107,0.0355113,4663.04 
7,47.2139,1.7,7,3555.25,-0.00367305,-11.0821,9.5252,123.645,0.00619563,10.3401,0.000114341,0.998558,-6.10771,-12.1849,-3.79563,-0.601058,-550.405,230.55,94.9742,5044.61,3438.4,4.46431,-2.64195,-5.25339,-0.329872,2.8647,-4.86179,668.968,134.83,5483.03,0.129518,0.739256,0.0433353,5165.05 
8,47.2329,2.5,8,3533.05,-0.327293,-12.1341,9.38997,123.787,0.929858,63.7564,237.808,0.409322,-4.78682,-11.9139,-3.03577,3.52885,-611.845,399.357,83.3172,5037.22,5639.01,4.26195,-0.934192,-4.20867,0.816857,7.38148,1.57516,886.714,127.622,5524.57,0.163695,0.798803,0.0408173,5416.86 
9,47.2134,1.7,9,3074.55,-0.0203975,-10.3622,9.55275,123.797,0.0323931,-31.8727,500,-1.28062,-0.846322,-13.3509,-5.45185,-2.98529,-680.072,217.913,85.3003,4793.27,3255.97,3.00161,3.43591,-4.78644,-1.16962,1.29694,3.69143,759.615,134.546,5334.98,0.147949,0.763378,0.0443947,5134.3 
10,47.2169,1.6,10,3247.29,-0.0458628,-10.7952,-9.3072,124.039,0.0821252,-39.6946,500,-3.50062,-5.99847,-7.25088,-0.0673605,-4.25474,-569.908,205.352,88.5924,4809.93,3376.86,0.0879382,-2.40991,-0.073766,3.5212,-0.666182,1.16061,659.305,129.861,5263.88,0.132505,0.743665,0.0434696,4975.69 
11,47.2184,1.7,11,3353.81,-0.0667137,-11.2617,9.23754,124.01,0.0469619,73.3671,496.642,-3.33018,0.819696,-6.34821,-6.65848,-1.98834,-640.669,294.185,80.2081,4991.05,3498.7,0.703945,4.85382,1.72003,-2.62435,2.04578,0.743249,804.501,126.6,5501.37,0.151347,0.784074,0.0406676,5315.62 
12,47.2149,1.6,12,2959.84,-0.00305535,-9.88623,-9.48706,123.623,0.00434904,-18.2479,500,-3.51172,-4.01797,-6.76707,-2.81069,-3.80128,-600.634,142.97,72.3433,4634.45,3055.8,0.270308,-0.235942,0.796986,0.971335,-0.019255,0.553117,621.397,115.837,5112.88,0.129082,0.754021,0.0400625,4813.96 
13,47.2159,1.5,13,3057.19,0.0342662,-10.3959,9.319,124.005,-0.0468533,18.7804,500,-3.69146,-2.39874,-7.67709,-1.42642,-1.08144,-618.198,135.138,102.989,4777.88,3182.4,0.201173,1.49389,0.108163,2.46621,2.81119,0.984724,627.555,147.754,5270.29,0.126799,0.708202,0.0491077,4949.2 
14,47.2959,8,14,3805.96,-0.0754009,-11.463,-9.77282,123.926,-0.0117003,-45.9396,500,-4.08805,-2.5088,-5.60632,-1.96704,-2.11333,-612.075,566.971,71.4436,5090.44,3664.3,-0.233973,1.34528,2.10182,1.88703,1.74074,0.692757,1054.51,115.765,5577.98,0.187353,0.838844,0.0368233,5628.46 
15,47.2369,2.5,15,3261.88,-0.0163521,-11.6504,9.27239,123.752,-0.00314024,23.1845,499.987,-0.44998,-2.57885,-2.60891,-1.59454,-2.25989,-649.665,272.733,57.7027,5190.42,3519.02,3.64079,1.51192,5.57262,2.49622,1.83088,0.629786,790.215,104.746,5707.9,0.144445,0.811708,0.0326993,5470.69 
16,47.3459,10,16,3478.96,-0.181188,-11.289,9.61994,124.087,1.24046,-1199.99,499.856,-1.90966,-1.52379,-7.59922,-4.22533,2.00476,-699.481,363.23,67.842,5038.4,51992.2,2.49478,2.88066,1.20968,0.179114,6.40921,0.908173,920.392,118.493,5595.56,0.167078,0.816128,0.0375444,5508.75 
17,47.5459,10,17,2989.51,0.00847506,-10.8724,9.16515,123.598,-0.00607589,25.423,2.77538e-11,-4.18077,-2.52656,0.345717,-4.02982,-7.41732,-705.393,117.232,78.8491,5076.36,3248.86,0.2609,1.91511,9.22906,0.411854,-2.97565,-0.0438608,679.103,129.928,5638.24,0.128073,0.749167,0.0407211,5302.46 
18,47.2039,2.2,18,3190.89,-0.345431,-11.149,9.73034,123.867,-0.086486,154.196,227.354,-2.78562,-2.29185,-11.3122,-3.88424,-1.33257,-748.149,117.136,69.2966,5123.85,3965.62,1.92528,2.41905,-1.89041,0.826661,3.37832,1.28389,713.065,123.472,5719.78,0.131969,0.767445,0.0382444,5403.28 
19,47.2209,2,19,3797.34,0.00563749,12.3381,-9.22858,123.664,-0.0122967,-0.667491,92.5112,-0.11039,-3.11896,-4.15942,-0.920522,-2.80597,-634.895,688.209,77.3781,5084.49,3706.88,3.88738,0.878809,3.83611,3.07724,1.1918,0.701965,1193.93,123.352,5590.21,0.206637,0.846881,0.0390598,5777.9 
20,47.2179,1.7,20,2864.54,-0.00170774,-10.411,9.36688,123.806,-0.0107391,5.68308,3.34558e-07,-3.99891,0.0398593,-7.99095,-5.92478,-4.9459,-739.537,267.967,69.7779,4710.42,3176.55,0.65776,4.69653,1.32239,-1.26812,-0.289234,0.741687,857.035,123.33,5299.48,0.164732,0.798831,0.0411072,5202.61 
21,47.2289,2.2,21,3443.06,-0.0536371,-11.1202,9.38343,123.805,0.0554451,-42.7314,0.000488073,-2.25677,-2.62023,-11.8238,-2.82593,-1.58497,-608.161,516.7,66.0935,4719.03,3473.94,1.57265,1.20919,-4.16499,1.0035,2.24446,3.23347,1001.12,110.132,5203.45,0.19004,0.838564,0.0375254,5267.95 
22,47.2759,7,22,3880.86,-0.0011431,11.9765,9.59384,123.856,-0.031573,-10.7713,7.89133e-13,-2.96612,-1.15055,-11.6347,-5.0099,-3.17821,-622.793,628.029,69.4289,5246.63,3751.45,0.955441,2.77101,-3.79158,-1.08834,0.743348,-8.24502,1124.11,114.527,5742.71,0.192711,0.848684,0.0354353,5833.13 
23,47.2079,2,23,3016.66,-0.00972861,-10.2978,-9.29735,123.684,0.017872,-9.12879,5.71955e-13,-4.51454,-1.82155,-7.25292,-3.49282,-3.62803,-636.279,97.8713,74.8769,4799.18,3122.05,-0.508057,2.18493,0.760037,0.513658,0.378445,0.771693,604.691,120.951,5306,0.122021,0.74072,0.040299,4955.61 
24,47.3259,10,24,4231.56,0.0076146,11.7846,10.1873,123.78,-0.0726283,5.17147,0.000686667,-1.18945,-5.15792,-1.45897,-1.2391,-7.32375,-555.335,606.852,80.8059,5412.57,3920.38,2.30734,-1.66112,5.53463,2.25769,-3.82695,-0.200156,1049.2,121.019,5854.91,0.179343,0.832049,0.0366791,5850.22 
25,47.5059,10,25,3362.22,-0.009687,-10.6555,9.38443,123.839,-0.0134594,15.2103,500,-4.19023,-4.67845,-3.79258,-4.61994,1.15626,-635.552,168.715,95.1402,4900.26,3261.84,-0.188329,-0.676547,4.21122,-0.618036,5.15816,0.46602,674.955,141.162,5406.5,0.132129,0.732064,0.0458896,5108.29 
26,47.2174,1.6,26,3250.91,-0.100221,-10.7688,9.4421,123.748,0.0449627,58.8159,499.999,-2.13524,-5.89806,-8.95367,-3.45996,-3.21856,-633.197,244.332,101.669,4812.55,3396.12,1.85183,-1.91099,-0.979528,0.527109,0.76851,4.8124,748.697,147.52,5316.91,0.146557,0.743598,0.0486249,5108.56 
27,47.2154,1.5,27,3185.26,-0.0406299,-11.0794,-9.1366,123.845,0.0854099,43.9504,500,-3.686,-3.51174,-7.30062,-0.0582033,-4.28092,-690.637,113.833,71.6196,5083.09,3417.5,0.662759,0.837014,1.39689,4.29055,0.0678404,0.80746,663.951,121.63,5633.2,0.125673,0.75724,0.0382527,5283.18 
28,47.4659,10,28,3633.35,-0.0388143,-11.7167,9.48491,123.844,0.0986254,158.039,500,-4.91425,-5.2103,-1.29237,-0.95348,-3.17633,-678.508,149.817,80.7142,5515.12,4125.12,-0.641868,-0.93792,7.25239,3.3189,1.09605,0.281056,690.274,129.847,6055.58,0.122046,0.752338,0.0379984,5655.85 
29,47.3859,10,29,3857.46,-0.318684,11.7058,10.2452,123.932,2.00301,301.791,238.216,-1.83255,-2.38598,-7.13045,-3.0007,-2.99782,-686.06,311.45,76.0705,5368.23,23582.3,2.48739,1.93395,1.50942,1.31923,1.32212,0.823915,857.922,125.75,5914.7,0.150302,0.795858,0.0376881,5707.97 
30,47.3159,9,30,4366.13,-0.0382331,12.1877,-10.0909,123.987,0.0117057,-22.6201,499.99,-3.14766,-2.18853,-4.95248,-1.50502,-1.97582,-611.775,539.823,111.235,5579.19,4012.16,0.704523,1.66366,2.7519,2.34716,1.87637,0.705478,1027.13,155.535,6066.49,0.171141,0.790515,0.0450987,6001.65 
31,47.2559,6,31,4453.17,-0.00532249,12.598,9.93391,123.853,0.014978,-3.80922,500,-5.60767,-4.5091,-1.40358,-6.75308,-2.98271,-629.984,771.675,89.8333,5444.4,4075.81,-1.64083,-0.542262,6.5301,-2.78624,0.984129,-1.56596,1273.48,135.452,5946.2,0.207091,0.843073,0.0402724,6149.37 
32,47.3059,9,32,4426.31,0.00690214,12.5923,10.1138,123.719,-0.0115191,-8.93632,2.91718e-12,-1.31599,-5.69133,0.620024,-1.84467,-1.15157,-628.11,601.998,100.471,5749.66,4149.2,2.63906,-1.73629,8.53011,2.11037,2.80348,0.405432,1102.31,145.954,6249.97,0.177013,0.811878,0.0412439,6227.29 
33,47.2459,5,33,4032.24,-0.00113137,12.5166,9.62295,123.754,0.0154127,4.79831,1.45063e-12,-2.21684,-0.736499,-9.88363,-3.95996,-2.56717,-664.578,801.285,83.7276,5190.89,3923.34,1.96783,3.44817,-1.51429,0.224711,1.6175,1.26363,1330.65,131.851,5720.25,0.220992,0.852221,0.0407309,6021.25 
34,47.2249,2,34,3643.45,-0.344219,-11.9452,9.89321,123.926,-1.73184,411.776,63.6525,-5.375,-7.12918,-3.87672,-4.21261,-3.41184,-578.296,483.215,85.471,5041.23,27061.7,-1.73362,-3.4878,3.40603,-0.571229,0.229534,2.57899,943.849,127.347,5501.86,0.173013,0.808986,0.040894,5455.37 
35,47.2109,2,35,2884.71,-0.0147429,-10.3562,9.25856,123.81,0.0223333,-4.85314,8.44476e-12,-2.22042,-2.96656,-7.9081,-3.42695,-3.46734,-754.11,301.39,64.3446,4694.76,3124.85,2.52802,1.78188,1.58876,1.32148,1.28109,0.813114,902.067,118.952,5295.44,0.172008,0.812503,0.0397351,5244.32 
36,47,10,36,3461.58,-0.0196539,-11.3197,9.16176,123.926,-0.493715,-411.77,500,1.44349,-2.45386,-6.60206,-5.96424,-0.709464,-619.949,79.4393,88.9282,5222.21,9994.05,5.34715,1.44979,1.20525,-2.06058,3.19419,0.868074,573.252,133.82,5716.03,0.108975,0.709964,0.0413433,5260.39 
37,47,10,37,2871.43,-0.00160815,-10.2484,9.19803,123.999,0.00361197,-23.1497,500,-2.05691,-3.20495,-3.14194,-3.51008,-1.9736,-689.62,18.799,79.0621,4859.57,3071.37,2.28544,1.1374,5.54276,0.832276,2.36876,0.544429,568.107,128.999,5408.88,0.113544,0.71563,0.0420844,5003.39 
38,47,10,38,3682.01,-0.192152,12.0822,9.6302,123.687,0.0252921,-120.056,499.166,-2.81737,-2.84909,-8.46343,-1.69641,-0.841265,-600.72,71.3336,98.0703,5490.36,3886.57,0.965201,0.933481,-0.898285,2.08616,2.94131,1.14902,549.829,141.57,5968.86,0.100992,0.689375,0.0418622,5444.29 
39,47,10,39,3041.13,0.0239036,-10.5568,9.26902,123.771,-0.0403687,37.4509,0.000107215,-7.59204,-6.09982,-6.38712,-1.18686,2.26222,-696.848,25.6303,57.8681,4997.23,3234.59,-3.20418,-1.71196,2.38861,3.20101,6.65009,0.673846,580.695,108.329,5552.3,0.113117,0.753885,0.0346936,5133.58 
40,47.2189,1.8,40,3471.36,-0.0116634,-11.889,9.20265,123.892,-0.0357274,28.3938,5.88772,-1.92769,-2.11084,-1.84993,-4.28792,-3.37089,-664.427,447.682,83.0201,5015.01,3594.69,2.25603,2.07288,6.51751,-0.104195,0.812832,0.435961,976.922,131.133,5544.25,0.176876,0.80978,0.0417505,5523.21 
41,47.2144,1.6,41,3354.4,-0.0373881,-10.852,9.5558,123.987,0.0124535,24.9932,499.995,-1.93197,-2.54827,-9.38279,-4.71091,-0.231733,-588.675,214.313,84.3358,4947.02,3385.91,1.77476,1.15845,-1.96933,-1.00418,3.47499,1.57337,683.214,126.963,5415.92,0.133329,0.754599,0.0413961,5124.27 
42,47,10,42,2859.93,-0.343857,-10.1376,9.97432,123.64,0.499003,926.494,489.118,-1.26867,0.731786,-4.49043,-5.2962,0.315186,-647.856,42.4602,91.5277,4766.37,18341.8,2.81071,4.81116,3.66832,-1.21682,4.39456,0.746451,558.502,138.441,5282.41,0.114211,0.697454,0.0460542,4890.08 
43,47.2859,7,43,3748.74,-0.326483,11.7416,10.0883,123.845,0.593217,142.004,13.8573,-0.818732,-3.40909,-7.44901,1.13714,-3.25349,-589.58,464.506,68.4613,5126.19,6598.27,2.8937,0.303342,-0.0241509,4.84957,0.458936,1.00285,934.128,111.154,5595.81,0.169144,0.827652,0.0352996,5522.69 
44,47.4259,10,44,3320.81,-0.0122047,-10.6656,9.55712,124.222,-0.0282428,2.52546,500,-5.21425,-4.23754,-7.32803,-6.89166,-5.78192,-639.915,151.645,88.2531,5021.91,3320.56,-1.18487,-0.20817,0.730714,-2.86229,-1.75255,1.13847,661.36,134.591,5531.62,0.127251,0.737389,0.0428979,5197.29 
45,47.2164,1.5,45,3081.06,-0.00535087,-10.5082,9.5885,123.667,0.0169915,24.8888,2.05923e-12,-1.20123,-4.6468,-9.25107,-2.99872,-0.995709,-580.392,92.7295,71.6894,4924.67,3293.76,2.45335,-0.99223,-1.94192,0.655857,2.65886,1.68524,555.033,113.717,5386.98,0.111624,0.736081,0.0374306,4972.35 
46,47.2659,6,46,4034.73,0.00507195,12.0034,9.80744,123.823,-0.0268504,26.8471,1.61884e-12,-4.54232,-3.89419,-2.41182,-0.876272,-2.77186,-634.038,639.845,96.2385,5279.22,3855.74,-0.549953,0.0981826,5.57292,3.1161,1.22051,0.410757,1144.88,142.151,5784.25,0.194444,0.821501,0.04331,5887.97 
47,47.2139,1.7,47,3238.83,-0.023955,-11.1757,9.26516,123.749,0.0106954,23.4614,499.997,-4.25833,-2.80661,-4.50163,-4.31127,-6.46975,-621.48,190.763,60.266,4953.76,3378.9,-0.345037,1.10668,3.32496,-0.397976,-2.55645,-1.93678,685.795,105.269,5448.79,0.133066,0.788256,0.0343659,5153.8 
48,47.2329,2.5,48,3234.24,0.00074178,-10.383,-9.57395,123.561,0.0162005,-4.99707,2.37227e-12,-5.52594,-3.21795,-3.80479,-3.31592,-2.98721,-674.08,499.654,64.3106,4529.18,3238.64,-1.28144,1.02655,4.68421,0.928584,1.2573,0.291902,1036.58,113.122,5066.11,0.199696,0.839646,0.0395077,5190.8 
49,47.2134,1.7,49,2916.8,-0.195606,-10.2093,10.2862,123.769,0.378772,-8.66086,49.8123,-6.45347,-1.46172,-3.93266,-1.22795,-4.67102,-697.821,230.831,80.9919,4769.09,3525.34,-2.05948,2.93228,4.85533,3.16604,-0.277021,0.436551,786.671,131.523,5324.93,0.152659,0.773646,0.0435189,5153.12 
50,47.2169,1.6,50,3503.34,-0.0139814,-12.0323,-9.4571,123.915,-0.00822158,24.7941,1.15079e-09,-4.53687,-4.10206,-1.76827,-1.63869,-4.48634,-693.774,209.572,80.6555,5457.21,3710.89,-0.168357,0.266455,6.96875,2.72982,-0.117827,0.280002,762.188,130.893,6009.83,0.133946,0.768915,0.0385733,5690.25 
51,47.2184,1.7,51,3331.46,-0.00903138,-11.1534,-9.46316,123.949,0.0658476,-68.5843,500,-0.8092,-4.25894,-6.59363,-3.05122,-2.84007,-614.063,254.018,67.381,4984.9,3582.9,3.05739,-0.392346,1.13955,0.815373,1.02652,0.798184,743.142,111.847,5474.02,0.142042,0.791525,0.0362732,5231.84 
52,47.2149,1.6,52,3219.99,-0.356654,-11.2339,9.81856,124.066,-0.376038,476.775,437.954,-4.22898,-2.29207,-11.5995,-3.58585,-1.66101,-601.334,111.955,61.9847,5152.94,9426.98,-0.442546,1.49437,-4.02663,0.200588,2.12542,-5.20631,590.939,105.529,5631.93,0.113443,0.761898,0.033365,5209.12 
53,47.2159,1.5,53,3020.13,-0.00922986,-10.5913,9.26671,123.854,0.0184893,-18.3222,500,-3.78492,-3.52423,-6.51571,-1.07294,-3.87442,-679.211,128.071,69.8275,4903.88,3206.03,0.491888,0.752583,2.03791,3.20387,0.402391,0.704164,669.088,119.011,5444.9,0.130327,0.762618,0.038705,5133.91 
54,47.2959,8,54,3678.95,-0.0102642,-10.9284,10.0453,123.831,0.0133659,-13.0547,500,-5.14085,-3.95902,-0.163525,-2.11008,-0.171336,-647.461,504.833,60.8286,5090.73,3579.36,-1.06396,0.117868,7.99025,1.96681,3.90555,0.381393,1020.56,107.713,5606.45,0.181664,0.844096,0.0341813,5617.85 
55,47.2369,2.5,55,3742.58,-0.282334,11.533,9.82504,123.985,0.0583467,-44.3051,189.802,-4.69656,-1.4486,-5.12135,-3.42999,-0.898417,-597.45,363.828,87.7597,5047.59,3772.82,-0.934569,2.31338,2.40262,0.331996,2.86357,0.655637,839.719,131.023,5523.48,0.156402,0.785512,0.0418671,5368.98 
56,47.3459,10,56,4141.48,-0.294678,11.8222,10.4335,124.1,1.08599,625.651,341.272,-2.81221,-4.47037,-1.45792,0.615275,-3.93327,-634.811,453.692,91.0571,5411.83,26133.7,1.18502,-0.473136,6.53655,4.61251,0.0639668,0.451858,959.342,137.025,5917.48,0.165072,0.800028,0.0409108,5811.67 
57,47.5459,10,57,3078.21,-0.381115,-11.1236,-9.89632,123.571,0.81125,-1141.9,447.698,-3.15604,-2.77268,-7.37183,0.924341,0.790109,-663.179,34.2654,70.2069,5136.14,33740,1.01982,1.40318,0.979889,5.1002,4.96597,0.927249,562.511,118.229,5664.39,0.108023,0.731092,0.0370255,5207.31 
58,47.2039,2.2,58,3350.16,-0.114483,-11.4217,9.48894,123.686,-0.0151439,-55.1091,500,-4.60898,-2.98187,-4.02457,-1.51942,0.645559,-666.055,18.432,63.6811,5383.45,3555.28,-0.415012,1.2121,4.36337,2.67456,4.83953,0.655738,548.969,111.912,5913.99,0.10169,0.737055,0.0336844,5398.44 
59,47.2209,2,59,3739.18,-0.00273552,-12.0506,-9.28312,123.906,-0.0128067,19.5313,3.11851e-12,-5.07244,-0.48459,-2.06771,-0.812128,0.0742296,-672.045,678.086,72.3334,4953.91,3649.79,-0.840755,3.7471,6.39566,3.41956,4.30592,0.624392,1213.39,120.998,5489.22,0.212334,0.851421,0.0390207,5714.55 
60,47.2179,1.7,60,2788.24,0.0251344,-10.3209,-9.33467,123.659,-0.0388288,-14.0303,500,-7.4089,-2.38442,-1.6663,-2.69303,-3.72267,-655.564,154.878,56.7116,4720.72,3153.98,-3.28099,1.74349,6.58952,1.43488,0.405239,0.0439079,677.058,104.183,5242.9,0.136058,0.787847,0.0353122,4976.24 
61,47.2289,2.2,61,2875.43,-0.0355213,-10.5066,9.19852,123.605,0.0865751,-46.6664,3.80429e-07,-2.53131,-2.93689,-2.86958,-5.07049,0.432159,-640.233,406.985,66.4369,4489.75,3277.65,1.50007,1.09449,5.19318,-1.03911,4.46354,0.536826,916.955,112.798,4999.72,0.18278,0.82286,0.0399011,5016.72 
62,47.2759,7,62,4245.29,-0.0402329,12.668,9.96846,123.737,0.176871,82.571,500,0.576836,-1.92847,-5.35283,-5.49794,1.28084,-625.064,695.309,83.488,5556.59,4586.25,4.5127,2.00739,2.51889,-1.56208,5.2167,0.801562,1193.19,128.75,6054.47,0.193768,0.841162,0.0376963,6157.86 
63,47.2079,2,63,3658.15,-0.0177611,-11.6814,9.32811,123.574,-0.0124254,-5.15821,500,-2.33204,-3.53486,-7.57205,-2.31096,-2.81061,-618.389,232.155,77.8878,5250.23,3549.27,1.56179,0.35897,0.215619,1.58287,1.08322,0.955103,724.725,122.667,5742.8,0.133373,0.771483,0.037858,5433.82 
64,47.3259,10,64,3425.59,-0.0742867,-10.8851,-9.81584,123.752,-0.0343986,-14.8977,0.00018599,1.59873,-2.60264,-6.97552,-2.79632,0.392009,-661.782,495.722,69.152,4889.05,3494.87,5.7658,1.56443,1.35861,1.37074,4.55907,0.907063,1022.86,117.073,5416.19,0.187195,0.833125,0.0382932,5464.13 
65,47.5059,10,65,2943.99,-0.0028106,-10.146,-9.51187,123.79,0.0108094,12.3523,1.645e-07,0.537353,-0.0039468,-5.33304,-3.73032,-3.6322,-656.994,70.1171,61.5756,4843.82,3145.97,4.67427,4.13297,2.94079,0.406596,0.504718,0.767698,593.437,109.15,5367.14,0.118818,0.756501,0.0361097,4994.49 
66,47.2174,1.6,66,3350.72,-0.152424,-11.8013,9.35077,123.699,0.136642,-9.42427,498.99,-5.64191,-4.78585,-3.32752,-3.87239,-2.54578,-645.45,149.429,54.2047,5257.9,3634.21,-1.57768,-0.721624,4.80093,0.191836,1.51845,-0.139847,663.554,100.943,5772.02,0.122957,0.789753,0.03121,5396.61 
67,47.2154,1.5,67,3175.31,-0.0126761,-10.7739,9.43564,123.441,0.00884275,7.71235,500,-6.02805,-4.12776,-9.6452,-2.27128,-3.77679,-660.722,84.5389,75.8198,5063.76,3311.55,-1.86766,0.0326291,-1.32442,1.88911,0.383598,-0.493592,610.828,123.664,5590.05,0.117588,0.738392,0.0391558,5194.67 
68,47.4659,10,68,3357.98,-0.0160356,-10.7314,-9.47892,123.914,0.0245546,7.92797,500,-2.43686,0.295165,-10.7555,-3.30818,-1.98137,-656.741,126.767,84.3623,5049.59,3317.73,1.69846,4.43049,-2.48487,0.827145,2.15396,1.37506,649.886,131.919,5572.71,0.124511,0.737883,0.0417847,5219.51 
69,47.3859,10,69,3030.3,-0.00721002,-10.0915,-9.48394,123.627,0.0530319,17.6303,1.40758,-5.13256,-0.921504,0.993939,-4.09533,-4.5573,-724.444,241.968,73.696,4735.17,3146.03,-0.570924,3.64013,10.1172,0.466305,0.00433119,0.259195,819.015,126.155,5312.22,0.158263,0.787677,0.0419129,5175.03 
70,47.3159,9,70,3713.84,-0.0241333,-11.8376,9.59257,123.64,0.162635,235.631,2.18547e-12,-4.06146,-2.12964,-8.59414,-3.5379,1.36253,-658.983,492.186,77.7415,5240.51,4944.03,0.0879772,2.0198,-0.295258,0.611544,5.51197,1.0372,1017.09,125.46,5765.41,0.177047,0.822459,0.0385408,5744.73 
71,47.2559,6,71,3509.86,-0.319819,-11.3997,9.88126,123.892,0.334794,-261.599,498.481,-0.770269,-0.0357256,-8.15052,-1.74371,-2.96487,-691.319,788.187,64.9932,4685.12,6517.99,3.58278,4.31733,0.55558,2.60934,1.38818,0.955387,1338.85,115.053,5235.78,0.237714,0.869274,0.0389044,5632.18 
72,47.3059,9,72,4056,-0.0276051,11.6229,10.1338,123.618,0.0334221,17.3296,498.234,-5.90071,-3.46307,-8.18243,-3.3531,-2.99574,-638.12,606.961,74.0332,5356.82,3853.11,-1.88263,0.555006,-0.146285,0.664975,1.02234,1.68551,1115.25,120.241,5865.1,0.188239,0.841271,0.0363909,5924.63 
73,47.2459,5,73,3973.76,-0.35368,12.7825,9.89043,123.5,1.02923,-228.728,487.816,0.106285,-1.48181,-10.1976,-4.62461,-2.87516,-642.728,916.722,82.3302,5061.75,11779,4.15337,2.56528,-2.10344,-0.577517,1.17193,1.40376,1428.68,128.872,5573.71,0.238148,0.863665,0.040852,5999.12 
74,47.2249,2,74,3290.49,-0.365208,-11.7953,9.57073,123.533,-0.0308023,269.162,482.227,0.435491,-1.69006,-5.57662,-1.49913,0.771808,-643.077,420.147,59.0267,4904.41,3944.83,4.48478,2.35923,2.52195,2.55015,4.82109,0.849321,932.381,105.593,5416.64,0.173498,0.834592,0.0346656,5374.03 
75,47.2109,2,75,3509.18,-0.00504201,-11.0603,-9.43067,123.756,-0.199592,115.672,499.853,-1.60705,-4.10741,-12.4786,-4.96078,-0.784568,-610.527,485.192,67.5747,4871.85,4147.07,2.23727,-0.263084,-4.78994,-1.11646,3.05976,-4.49024,971.499,111.784,5358.15,0.181075,0.832389,0.0370086,5365.18 
76,47,10,76,3026.85,-0.355886,-10.7011,9.9154,123.588,0.635146,-120.901,325.559,-8.47385,-1.68297,-7.76503,-5.49769,-1.28424,-688.066,47.6458,71.3167,4978.84,5953.87,-4.14128,2.6496,0.90011,-1.16512,3.04833,0.303126,595.716,121.141,5526.91,0.116174,0.737534,0.0388091,5127.78 
77,47,10,77,2944.92,-0.0768439,-10.2601,9.40032,123.593,0.125972,-7.27028,2.40102e-05,-0.626409,-4.76141,-9.87638,-5.224,-2.83578,-600.745,68.034,71.5389,4767.31,3169.53,3.15632,-0.978682,-2.31092,-1.44127,0.946953,-2.68218,546.549,115.04,5245.83,0.112734,0.730808,0.0388286,4848.13 
78,47,10,78,3497.99,-0.305413,-11.3014,9.78622,123.459,0.112756,-256.786,31.1882,2.01521,-2.99853,-3.54049,-4.00688,-7.39546,-624.595,65.9777,72.0345,5237.24,4542.89,5.94812,0.934372,4.32532,-0.0739785,-3.46256,0.436166,563.49,117.263,5734.76,0.107006,0.733043,0.0362996,5265.99 
79,47.2189,1.8,79,3181.88,-0.298762,-11.779,-9.38004,123.602,0.121685,45.9835,499.999,-1.31164,0.212128,-4.97389,-6.42358,-1.01913,-699.155,363.381,74.3753,5058.4,3778.89,3.09076,4.61452,3.8309,-2.02119,3.38326,0.702991,920.284,125.003,5615.31,0.166572,0.807948,0.0393919,5524.83 
80,47.2144,1.6,80,3656.06,-0.112187,-12.207,9.15308,123.792,-3.34785,2059.45,491.275,-2.1251,-2.09035,-3.97007,-5.52855,-0.0407182,-629.38,179.529,73.5337,5397.44,228083,1.83794,1.87269,3.95601,-1.56551,3.92232,0.605325,680.853,119.109,5898.77,0.123391,0.765611,0.0358621,5517.84 
81,47,10,81,3000.27,-0.0346847,-10.6021,9.2259,124.092,0.069208,-28.5596,485.127,-1.40862,-0.262048,-1.58691,-5.76281,-3.4036,-600.621,75.3926,84.1825,4872.46,3248.51,2.37333,3.5199,5.97699,-1.98086,0.378352,0.417885,553.809,127.675,5350.88,0.112072,0.712533,0.042103,4941.53 
82,47.2859,7,82,3650.12,-0.00321929,-11.4039,-9.70302,123.764,0.00445828,9.34451,0.0673249,-2.22532,-1.15587,-1.05537,-3.9762,-2.65406,-657.238,528.976,89.5516,5071.04,3603.45,1.91313,2.98258,7.22153,0.162245,1.48439,0.475327,1052.49,137.144,5594.56,0.186611,0.814311,0.0432059,5640.03 
83,47.4259,10,83,3413.71,-0.0659882,-11.4848,9.74916,123.44,-0.0763487,137.439,500,-0.296568,-0.77381,-1.99712,-3.45604,-0.909713,-689.268,157.677,75.2688,5328.47,3986.5,4.04357,3.56633,6.68315,0.884095,3.43042,0.640837,706.705,125.18,5877.49,0.127881,0.763369,0.0377525,5526.25 
84,47.2164,1.5,84,3498.68,-0.00488764,-11.0726,9.33039,123.819,0.0241024,-11.199,0.000320937,-0.154202,-2.80947,-0.767978,-3.05332,-3.38987,-601.46,128.911,82.7365,5098.33,3371.91,3.63303,0.97776,6.80649,0.733916,0.397367,0.457588,607.996,126.29,5577.41,0.11734,0.733406,0.0400408,5181.47 
85,47.2659,6,85,4160.76,-0.147602,12.191,10.0612,123.866,-0.488632,193.215,500,-4.37309,-1.95703,-1.44648,-1.13848,-0.93353,-581.136,690.048,71.4073,5239.04,7066.23,-0.713829,1.70222,5.87204,2.52078,2.72573,0.514986,1152.94,113.489,5701.93,0.19781,0.853053,0.0353677,5828.53 
86,47.2139,1.7,86,3581.06,-0.303789,-11.7633,9.69526,123.558,-0.140522,242.05,9.09452e-05,-3.35707,0.383458,-8.07705,-3.70371,-1.79478,-615.758,307.021,75.1075,5168.59,4819.9,0.520194,4.26072,-0.322518,0.173553,2.08248,1.04803,797.495,119.696,5659.06,0.146654,0.79198,0.0375016,5437.93 
87,47.2329,2.5,87,3834.82,-0.296609,11.966,9.77224,123.802,0.25549,-261.132,349.424,-2.01968,1.42792,-6.33305,-1.94176,-1.53449,-535.113,488.544,92.3388,5062.15,5978.45,1.34979,4.79738,0.405875,1.4277,1.83498,0.958651,914.781,131.088,5488.39,0.168927,0.799505,0.0421436,5415.26 
88,47.2134,1.7,88,3445.77,-0.0392408,-11.1011,9.65336,123.477,-0.0266924,23.9708,2.93069e-06,1.2102,2.0072,-7.20923,0.786664,-0.8298,-569.52,229.578,69.4675,5089.42,3509.34,4.79631,5.59331,-0.037003,4.37278,2.75632,1.00212,683.221,110.708,5543.07,0.130672,0.779079,0.0354855,5228.54 
89,47.2169,1.6,89,3369.1,-0.00497472,-10.8077,-9.59762,123.373,0.0197189,-11.6554,3.32213e-10,-5.12707,0.55251,-5.39441,-2.3607,-0.34086,-591.601,211.955,89.8731,4984.97,3384.18,-1.40191,4.27767,2.0559,1.36446,3.3843,0.787623,683.187,132.712,5456.2,0.132471,0.746299,0.0428845,5157.27 
90,47.2184,1.7,90,3213.95,-0.125413,-11.8528,9.2764,123.645,0.123438,41.1491,475.931,0.1388,-1.65603,-4.0275,-3.72907,-3.48504,-704.49,257.105,72.2773,5090.21,3744.62,4.57479,2.77996,4.84447,0.706922,0.950947,0.650397,818.257,123.291,5651.36,0.150074,0.791338,0.0386351,5452.37 
91,47.2149,1.6,91,3897.21,-0.315075,12.627,9.53408,123.449,0.386673,-46.7943,0.422774,-0.91225,0.105101,-4.55942,-3.08368,-0.989071,-665.669,204.285,73.8557,5572.29,4508.02,3.27929,4.29664,3.82367,1.10786,3.20247,0.756608,734.515,122.058,6102.52,0.127996,0.774709,0.0355352,5738.58 
92,47.2159,1.5,92,3104.96,-0.336523,-10.9394,9.65435,123.531,0.710958,-282.792,242.909,-3.17107,-0.673992,-6.70474,-3.3111,0.460586,-666.14,127.542,62.9049,4948.77,9982.98,1.02344,3.52051,1.68427,0.883402,4.65509,0.856862,658.147,111.142,5479.38,0.127765,0.771889,0.0360188,5151.24 
93,47.2959,8,93,4083.94,-0.0295144,12.9494,9.26069,123.755,0.00974052,27.9621,2.94195e-13,-3.07443,-0.0791568,-4.15725,-0.791737,-0.609677,-603.675,672.384,75.1272,5392.66,3912.68,0.726745,3.72202,3.44511,3.00944,3.1915,0.755576,1153.23,118.841,5873.51,0.193187,0.847215,0.0359327,5969.51 
94,47.2369,2.5,94,3969.1,-0.0470059,13.0806,9.22755,123.665,0.033117,1.08167,500,-3.45182,0.723368,-5.13763,-7.13638,-0.823168,-574.153,339.41,91.9237,5707.89,3930.42,0.163471,4.33866,2.09295,-3.52109,2.79212,0.643213,796.744,133.5,6165.23,0.136144,0.773261,0.0383582,5852.23 
95,47.3459,10,95,4095.64,0.0189026,11.9991,9.71167,123.658,0.0077485,-20.8022,3.64618e-10,-4.91826,-2.40482,-10.7916,-6.76864,-0.692604,-589.24,525.008,84.5802,5433.24,3798.74,-1.20797,1.30547,-3.37105,-3.05835,3.01769,-0.0171459,994.36,127.248,5902.6,0.170428,0.817028,0.0381954,5834.49 
96,47.5459,10,96,2974.96,-0.289863,-10.0188,9.73085,123.716,-0.199419,-693.789,12.5389,-1.39376,-2.75056,-6.73891,-2.0205,0.804282,-600.547,106.922,67.583,4653.89,7677.59,2.38772,1.03093,0.824059,1.76098,4.58577,0.922181,585.279,111.07,5132.24,0.122093,0.750693,0.0383378,4793.72 
97,47.2039,2.2,97,3171.04,-0.362972,-11.4779,9.58729,123.612,-0.103496,244.985,77.3816,-1.55797,0.780034,-6.05101,-1.57151,-0.519084,-746.909,102.034,84.027,5181.55,4407.61,3.14512,5.48312,3.35517,3.13157,4.184,0.826148,696.974,138.112,5776.49,0.128269,0.742512,0.0421856,5433.7 
98,47.2209,2,98,3691.88,0.00130402,-12.9133,9.1191,123.71,-0.0209226,27.1818,1.61173e-06,-3.79904,-2.15498,-7.54193,-7.07992,-1.86185,-704.55,553.252,67.5302,5394.72,3851.92,0.637323,2.28138,1.3308,-2.64356,2.57451,0.681661,1114.45,118.548,5955.92,0.185795,0.843061,0.035369,5998.3 
99,47.2179,1.7,99,2920.56,-0.358359,-10.675,9.78219,123.41,1.06234,151.133,471.198,-0.442,-2.22593,-13.7177,-5.12539,-1.45395,-664.412,212.498,66.7037,4810.9,8625.97,3.74162,1.9577,-5.35047,-0.941769,2.72968,3.50401,741.726,114.815,5340.13,0.144851,0.78685,0.0380973,5120.63 
100,47.2289,2.2,100,3130.48,-0.0105163,-10.9917,9.40282,123.514,-0.0206975,13.9513,498.952,-0.594403,-2.3236,-11.6201,-6.16875,-0.503967,-688.248,318.482,64.761,4914.33,3373.89,3.73931,2.01011,-2.95266,-1.83503,3.82975,1.61623,866.697,114.599,5462.54,0.162121,0.812088,0.0372076,5345.98 
101,47.2759,7,101,3814.59,0.00730452,11.0446,10.0508,123.766,-0.0118466,5.25176,0.000118088,-1.24319,1.68393,-12.9529,-9.98676,-4.05508,-593.045,659.157,69.0666,4921.63,3615.68,2.49106,5.41817,-5.48439,-6.25252,-0.320838,-0.322012,1131.54,112.01,5394.02,0.203711,0.852347,0.0368432,5554.63 
102,47.2079,2,102,3008.31,0.0052731,-10.2716,9.05336,123.97,0.0109274,1.98516,499.934,-2.84943,-0.108058,-7.3776,0.336466,-1.87882,-576.104,129.728,66.1199,4688.78,3027.91,0.778148,3.51952,-0.122458,3.96404,1.74875,1.01238,588.616,107.837,5147.67,0.122381,0.757227,0.0371558,4809.71 
103,47.3259,10,103,4033.07,0.000847746,12.1671,9.60524,123.384,-0.0332633,-15.4016,500,-2.80491,-2.182,-9.06196,-4.72618,-3.39376,-667.736,529.574,65.2126,5410.31,3821.13,1.39964,2.02255,-0.652848,-0.52163,0.81079,1.21345,1061.45,113.565,5942.19,0.178875,0.842295,0.0340084,5934.05 
104,47.5059,10,104,3361.26,0.00168477,-11.0836,-9.46117,123.592,0.00685257,8.42389,3.61938e-12,-4.48456,1.27881,-10.2919,-3.9096,-4.14173,-633.036,42.9678,65.0756,5272.56,3415.55,-0.498498,5.26487,-2.31978,0.0764545,-0.155674,1.9799,547.204,110.915,5776.8,0.103555,0.738163,0.0341604,5284.18 
105,47.2174,1.6,105,3141.1,-0.288767,-10.9579,9.68935,123.734,0.585953,-179.835,500,-6.25221,-4.06055,-11.5644,-6.23434,-0.53471,-646.08,140.373,57.754,4976.98,6886.66,-2.18402,0.00763747,-3.42801,-2.16615,3.53348,0.190946,654.999,104.538,5491.6,0.126984,0.781677,0.0338784,5158.11 
106,47.2154,1.5,106,3070.43,0.00579621,-10.9664,9.25227,124.015,-0.0223483,20.3879,3.75347e-05,-1.40135,-1.24758,-6.94418,-2.09033,1.09109,-714.634,55.1854,63.1576,5138.71,3317.84,3.09851,3.25228,2.05553,2.40953,5.59095,0.874715,624.417,114.906,5707.94,0.117705,0.756408,0.0357573,5304.93 
107,47.4659,10,107,3226.8,-0.273546,-9.9547,10.1752,123.676,0.0640217,133.9,342.644,-5.35316,-2.31117,-8.65039,-5.23111,-0.933388,-617.365,137.063,64.0377,4825.02,3576.41,-1.46578,1.57622,-0.87562,-1.34372,2.954,2.03613,628.817,108.743,5316.78,0.126052,0.767677,0.0363081,4988.58 
108,47.3859,10,108,3334.72,-0.182333,-10.7198,9.76499,123.545,0.149282,-70.7864,0.646283,-1.73445,-0.0186506,-3.69994,-2.23863,-1.84541,-731.448,273.335,73.2142,5044.23,3751.65,2.87129,4.58709,5.51153,2.3671,2.76033,0.695451,855.961,126.18,5626.85,0.156483,0.794929,0.0396698,5469.98 
109,47.3159,9,109,3674.22,0.00155177,-11.5829,9.62755,123.82,-0.00755648,21.6611,9.2081e-13,-4.01544,-1.51963,-6.53813,-3.97831,-3.3598,-600.939,461.07,65.2664,5113.36,3635.51,-0.23148,2.26433,1.02978,-0.194356,0.424152,0.687227,939.74,108.782,5592.03,0.170082,0.831549,0.0345948,5525.21 
110,47.2559,6,110,4637.44,-0.0908829,13.3611,9.73835,123.823,0.483492,-109.719,500,-2.93476,-0.384195,-4.91636,-1.25057,0.586039,-637.623,895.807,63.4775,5538.99,5962.56,1.08018,3.63074,3.11352,2.76437,4.60098,0.795026,1403.7,109.649,6046.88,0.220633,0.879739,0.0323235,6362.14 
111,47.3059,9,111,3490.59,0.00685159,-11.2439,9.662,123.659,0.00429464,16.4206,4.73382e-13,-4.94718,-1.14042,-3.89286,-3.39145,-1.98217,-723.386,584.106,65.9856,4985.08,3538.83,-0.392216,3.41455,5.21708,1.16352,2.57279,0.564362,1160.31,118.368,5561.28,0.202832,0.848519,0.0377286,5720.56 
112,47.2459,5,112,3685.15,0.00585642,11.8815,9.65571,123.501,-0.0147931,-2.74596,1.64572e-13,-1.14754,-5.83155,-4.84104,-2.8458,-3.28009,-684.627,803.774,80.6645,4964.55,3735.98,3.16338,-1.52064,3.78079,1.46511,1.03082,0.522595,1349.11,130.24,5509.88,0.22994,0.855475,0.041726,5867.21 
113,47.2249,2,113,3309.56,0.00509491,-11.4995,9.3627,123.817,-0.0139839,-2.90602,500,-6.95102,-4.37518,-7.79212,-0.792864,-2.77876,-683.653,408.101,54.2234,5015.61,3506.21,-2.64624,-0.0703978,0.817432,3.51191,1.52602,0.739565,952.656,103.728,5560.17,0.172833,0.839951,0.0332239,5511.99 
114,47.2109,2,114,3754.37,0.0156485,-11.5047,-9.45242,123.689,-0.0204998,9.65266,2.22312e-07,-3.80793,1.91275,-2.87216,-7.54172,-2.25544,-574.972,487.626,71.9058,5042.64,3546.53,-0.187483,5.5332,4.36873,-3.92128,1.36501,0.389687,945.612,113.541,5500.62,0.173312,0.826361,0.0366309,5456.12 
115,47,10,115,2933.45,-0.307131,-10.2979,9.59054,123.659,0.743361,-260.15,472.598,-4.1843,-0.585175,-6.36432,-2.08898,-0.766942,-655.159,26.1083,59.1428,4835.6,9510.4,-0.0589416,3.54019,1.8864,2.03638,3.35842,0.824724,547.966,106.584,5357.45,0.1109,0.746051,0.0353524,4941.08 
116,47,10,116,3349,-0.03219,-11.1432,-9.71738,123.912,-0.0156253,26.4416,36.3648,1.47718,-0.839275,-4.7997,-4.0862,-4.26424,-710.002,137.043,93.1687,5251.67,3538.42,5.94788,3.63142,4.14169,0.384494,0.206459,0.710613,702.586,144.582,5817.21,0.12838,0.735227,0.0437795,5472.7 
117,47,10,117,2922.39,0.00321694,-10.0965,9.47082,123.742,0.00838643,-4.94835,500,-2.50366,-4.37759,-9.6274,-3.41944,-2.72441,-622.512,13.0361,59.474,4829.94,3114.17,1.41613,-0.457798,-1.78782,0.500354,1.19538,3.06389,508.89,104.552,5325.8,0.104365,0.735544,0.0349006,4876.04 
118,47,10,118,3283.92,-0.0343577,-11.1322,-9.42675,123.547,-0.0121196,32.345,500,-0.534903,-3.7059,-10.6518,-3.19855,0.860969,-639.3,42.0795,62.7178,5215.27,3428.92,3.4906,0.319608,-2.60082,0.826959,4.88647,1.37569,551.306,109.011,5724.5,0.105103,0.742924,0.0338902,5245.39 
119,47,10,119,3462.78,-0.0245204,-10.8968,9.47645,123.739,-0.00888538,1.59859,0.000131465,-3.23341,-4.43533,-6.3467,-0.174584,-2.10976,-610.215,96.3428,73.7612,5117.13,3362.01,0.608946,-0.592966,1.33802,3.66778,1.7326,0.801903,582.401,117.948,5603.19,0.112498,0.738328,0.0373292,5177.01 
120,47.2189,1.8,120,3136.41,-0.0225839,-11.1367,9.26342,123.795,0.0344761,-19.4751,1.37352e-11,-5.22521,-2.34106,-8.31859,-0.585586,2.22363,-681.554,313.627,63.1474,4896.52,3380.18,-0.933648,1.9505,0.264537,3.70598,6.51519,0.977002,856.509,112.5,5439.4,0.161094,0.813102,0.036701,5316.82 
121,47.2144,1.6,121,3260.41,-0.345519,-11.5714,9.50543,123.539,-0.0997717,183.411,268.473,-5.59855,0.602959,-9.70328,-4.66008,-1.38332,-664.048,140.997,61.2683,5122.76,4176.27,-1.41722,4.78429,-1.34061,-0.478746,2.79801,1.30849,669.936,109.354,5651.7,0.1263,0.777815,0.0344159,5304.33 
122,47,10,122,3251.77,-0.347593,-11.4214,9.63554,123.598,-0.193554,1.32381,19.2992,-2.34411,-3.99329,-10.36,-2.62924,-1.77758,-634.114,21.1571,78.7552,5192.35,3590.87,1.64873,-0.000445478,-2.37429,1.3636,2.21527,1.83224,526.252,124.673,5697.44,0.101238,0.70692,0.0387476,5198.15 
123,47.2859,7,123,3940.53,-0.337929,12.1666,10.1849,123.658,1.24543,110.574,293.523,-2.6567,-1.97308,-6.55652,-5.46913,0.654363,-609.132,578.227,72.3018,5261.4,8516.88,1.17884,1.86247,1.11456,-1.63359,4.4899,0.841053,1063.42,116.411,5746.6,0.184122,0.83923,0.0359737,5775.63 
124,47.4259,10,124,3504.18,-0.353495,-11.9106,9.75632,123.757,0.219164,-290.497,78.3125,-3.19402,0.249312,-9.42242,-7.00098,-7.65804,-654.049,148.749,63.0638,5452.24,5855.35,0.924347,4.36768,-1.18568,-2.88262,-3.53967,0.488035,669.723,110.425,5973.22,0.120286,0.77607,0.0329329,5567.76 
125,47.2164,1.5,125,3319.65,-0.0716908,-10.966,9.57157,123.481,0.0970194,3.20459,500,-4.18213,0.241076,-14.06,-3.4033,-3.1336,-647.1,102.825,61.3621,5109.94,3426.96,-0.107513,4.31569,-5.91081,0.671315,0.941019,-64.461,618.264,108.22,5625.38,0.118191,0.76551,0.0342253,5231.08 
126,47.2659,6,126,4069.88,-0.00216073,12.5383,9.66545,123.824,0.0396942,-17.2041,500,-6.65601,-3.8571,-8.26885,-3.80295,1.03692,-697.174,659.245,73.1303,5432.56,3967.32,-2.26609,0.532814,0.510981,0.586972,5.42683,0.893357,1214.57,123.614,5987.89,0.198309,0.848818,0.0366353,6124.64 
127,47.2139,1.7,127,3588.86,-0.306962,-11.7698,9.58097,124.003,0.438456,-513.436,400.162,-1.72741,-1.14532,-7.6702,2.5272,-1.80583,-609.559,306.332,62.8172,5087.31,10999.3,2.11082,2.69292,0.00626617,6.36543,2.03241,0.999526,791.869,106.957,5572.84,0.147693,0.808819,0.0341474,5361.6 
128,47.2329,2.5,128,4153.34,-0.00612524,12.8545,9.21886,123.569,-0.017728,-45.8071,500,-0.690936,-1.93965,-12.3087,-5.48541,-0.162748,-579.057,399.788,78.0439,5511.6,3884.13,2.95523,1.70652,-5.01633,-1.83924,3.48342,4.88986,861.028,119.975,5972.84,0.149516,0.80396,0.0356815,5758.76 
129,47.2134,1.7,129,3780.2,-0.0546015,12.0518,9.4138,123.737,0.0648292,-9.67568,500,-2.94576,-2.1519,-4.02236,-3.47349,0.502353,-610.333,345.613,64.9572,5213.76,3713.69,0.897344,1.69121,3.66385,0.36962,4.34546,0.665935,831.766,109.153,5699.91,0.151074,0.813238,0.0340742,5505.7 
130,47.2169,1.6,130,2764.33,-0.0420181,-10.0797,9.44971,123.718,0.0736114,178.184,4.90123e-13,-4.23579,-6.68554,-8.33022,-1.7085,-1.50087,-701.968,186.488,57.1505,4741.74,3527.69,0.184322,-2.26543,0.509994,2.71161,2.91924,0.874377,745.632,107.982,5300.89,0.146422,0.797809,0.0361674,5092.36 
131,47.2184,1.7,131,3237.89,-0.300896,-10.9161,9.56878,123.522,-0.274125,173.723,410.676,-3.7883,-0.303446,-2.49455,-2.28273,-1.91698,-578.55,271.995,56.5214,4702.67,4950.57,-0.145328,3.33953,4.79141,1.36025,1.72599,0.567244,732.831,98.4156,5163.51,0.147543,0.809706,0.0339193,4966.91 
132,47.2149,1.6,132,3171.51,-0.315897,-10.762,9.72995,123.555,0.0177528,55.9555,7.20359,-0.777675,-4.20486,-3.76819,-3.43658,0.301612,-652.942,134.628,64.1562,4855.4,3441.1,3.33373,-0.0934556,4.45461,0.674828,4.41302,0.651513,654.721,111.437,5375.49,0.129324,0.770499,0.0367833,5062.62 
133,47.2159,1.5,133,3509.72,-0.290032,-11.4292,9.54803,123.765,-0.0153101,67.9894,472.53,-2.04284,-3.74177,-2.63354,1.68815,-2.1113,-548.446,113.843,77.0945,5158.72,3586.32,1.41058,-0.288357,4.27329,5.14157,1.34212,0.640271,550.701,116.809,5595.58,0.107159,0.729293,0.0370303,5139.08 
134,47.2959,8,134,4160.22,-0.283675,12.5597,10.1065,123.532,-0.623419,188.044,74.312,-7.75711,-0.860557,-7.1288,-3.6959,-2.58698,-611.329,654.793,71.1997,5394.32,7948.38,-3.90774,2.98882,0.569948,0.153475,1.26239,0.465786,1141.74,115.467,5881.27,0.191426,0.84963,0.0349039,5964.38 
135,47.2369,2.5,135,3566.21,-0.032579,-11.882,-9.33148,123.654,-0.201062,116.517,2.88613e-06,-4.89051,-2.69414,-10.2353,-3.55037,-1.69236,-608.266,371.898,67.5988,5123.23,4372.02,-1.06042,1.13595,-2.57513,0.279717,2.13773,-30.3442,856.404,111.645,5607.73,0.157002,0.814241,0.0353772,5454.75 
136,47.3459,10,136,3407.84,-0.0178402,-10.2271,10.0528,123.825,-0.0273805,21.5668,1.4803e-09,-5.47243,-1.92526,-7.97425,0.140159,-1.1437,-613.528,472.714,66.5859,4785.87,3366.06,-1.6092,1.93796,-0.247803,4.00338,2.71952,1.03642,961.411,111.013,5274.57,0.18186,0.831898,0.0373234,5286.56 
137,47.5459,10,137,2913.13,-0.00400937,-10.1986,-9.30433,123.755,0.0173157,-10.4295,500,-5.04725,-1.83451,-7.87297,-0.466262,-3.39766,-699.565,-6.15177,66.5544,4923.39,3094.89,-0.642273,2.57046,0.936978,3.93871,1.00731,0.880047,551.077,117.212,5480.62,0.109228,0.728748,0.037903,5045.19 
138,47.2039,2.2,138,2761.53,-0.0702391,-10.769,8.92967,124.183,-0.0233273,-300.159,136.249,-4.04584,-4.41269,-8.96465,0.756058,0.267053,-668.416,92.8741,66.3939,4718.02,3358.38,0.163002,-0.203854,-0.546972,4.9649,4.47589,1.06178,625.292,114.795,5250.43,0.126817,0.756843,0.0387165,4930.65 
139,47.2209,2,139,3829.38,-0.175747,12.2073,9.52227,123.502,0.614686,-115.813,0.000641438,-5.18249,-2.50135,-0.959308,-0.106018,-1.41298,-600.542,660.813,56.8428,5067.3,6101.46,-1.40103,1.28011,6.6036,3.67544,2.36847,0.472833,1139.17,100.33,5545.66,0.200325,0.866456,0.0322517,5686.61 
140,47.2179,1.7,140,3009.09,-0.00345867,-10.403,9.19591,123.937,0.00190288,8.80056,0.00421305,-2.62904,-3.50858,-2.60957,0.78241,-1.76707,-637.871,290.736,57.4396,4645.73,3114.76,1.38746,0.507925,5.42344,4.79892,2.24943,0.622512,798.824,103.629,5153.82,0.158971,0.814981,0.0357168,5024.95 
141,47.2289,2.2,141,3462.75,-0.0235193,-11.7728,9.23973,123.718,-0.0474069,27.8702,500,-3.45205,-0.574394,-4.49545,-2.09725,-3.5179,-635.062,450.524,56.9689,5032.87,3584.06,0.546763,3.42442,3.50218,1.90157,0.480914,0.644659,956.375,102.955,5538.72,0.173946,0.841474,0.0331079,5498.13 
142,47.2759,7,142,3602.14,-0.0185054,-11.0431,9.59176,123.604,0.000852216,22.1136,4.38538e-12,-0.0894889,-3.08464,-7.74133,-0.609319,2.0584,-591.006,622.73,64.4357,4827.47,3448.76,3.63192,0.636765,-0.298507,3.11209,5.77981,1.02321,1093.49,107.232,5298.23,0.201081,0.853525,0.0359427,5438.04 
143,47.2079,2,143,2932.79,-0.00870498,-9.84374,9.48108,123.731,0.0245056,18.1985,2.36909e-12,-3.15161,-0.791844,-7.12927,-2.10541,-1.54235,-645.289,169.952,47.0711,4608.05,3052.69,0.911601,3.27137,0.997158,1.9578,2.52086,0.896762,683.949,93.7981,5122.05,0.140038,0.806453,0.0326329,4884.03 
144,47.3259,10,144,4121.08,-0.0152758,11.8615,9.90728,123.543,0.00981711,-2.54162,500,-2.20549,-2.58481,-4.52582,-1.64077,-2.10246,-656.82,702.74,82.0463,5296.05,3826.31,1.93033,1.55101,3.74583,2.49506,2.03336,0.681358,1225.92,129.608,5819.23,0.204399,0.843871,0.0394111,5997.69 
145,47.5059,10,145,2818.26,-0.00207457,-9.72889,9.25807,123.466,0.0130166,-31.5226,500,-3.72756,-3.30454,-8.16395,1.02759,0.523861,-625.654,97.2984,51.5188,4599.42,2945.46,0.212024,0.635041,-0.284795,4.96716,4.46344,1.0285,595.655,96.824,5097.78,0.124723,0.778535,0.033805,4775.84 
146,47.2174,1.6,146,3272.95,-0.205447,-11.0113,9.49845,123.734,-0.819615,65.4995,500,-5.93042,-1.42034,-2.18217,-2.30899,-4.59644,-591.813,146.88,48.8828,5015.52,5152.36,-2.20393,2.30615,5.27081,1.4175,-0.869947,0.109748,618.281,91.7374,5486.92,0.120816,0.793867,0.0298785,5117.56 
147,47.2154,1.5,147,3370.87,0.00445803,-11.2478,9.27814,123.706,0.0065301,18.4686,8.84591e-10,-3.04464,-1.32059,-1.13167,-2.02357,-3.25315,-665.393,131.103,55.3469,5193.11,3401.13,1.14516,2.86921,7.24794,2.16624,0.936655,0.495452,661.113,103.53,5723.12,0.123479,0.7849,0.0322486,5354.07 
148,47.4659,10,148,3180.75,-0.208804,-10.3637,9.94043,123.628,-1.47062,200.505,499.998,-4.23855,-3.97973,-2.40343,-0.405894,-0.682214,-635.934,100.595,54.9652,4927.47,12952.5,-0.234243,0.0245751,5.60519,3.59842,3.3221,0.544887,607.14,101.015,5434.02,0.119916,0.774496,0.0331097,5063.03 
149,47.3859,10,149,3313.59,-0.00426435,-10.8151,9.4294,123.989,-0.0217516,19.5559,0.00284566,-2.29141,-1.28614,-1.00554,-0.543479,-4.39889,-619.581,270.709,56.7873,4885.57,3333.62,1.60993,2.6152,6.79713,3.35786,-0.497558,0.510383,764.229,101.653,5379.09,0.147675,0.811179,0.0336405,5175.09 
150,47.3159,9,150,3777.96,-0.0329482,10.9146,10.0643,123.578,0.015838,-37.4499,500,-0.0398058,-2.41478,-8.58893,-2.79609,-5.54662,-628.741,563.811,66.7403,4957.93,3595.21,3.91921,1.54423,-0.670908,1.16292,-1.58761,1.1536,1064.63,112.269,5458.74,0.192143,0.844207,0.0365033,5540.79 
151,47.2559,6,151,4118.17,-0.0339622,12.57,9.54922,123.762,0.0163655,37.0506,498.94,-3.26669,-2.57807,-1.85018,-1.23409,-1.6777,-594.223,869.336,69.0858,5119.47,3927.24,0.474974,1.1636,5.63314,2.50757,2.06396,0.524358,1342.66,112.115,5592.79,0.226465,0.872502,0.0356124,5928.75 
152,47.3059,9,152,3956.55,-0.0518313,11.3963,10.0002,123.518,-0.0558699,31.783,500,-5.12238,-2.83371,-3.23225,1.18783,-1.23517,-644.028,683.468,82.5325,5037.11,3767.74,-1.06711,1.22157,4.8783,5.2431,2.82011,0.627496,1196.46,129.168,5550.1,0.208169,0.841094,0.0411091,5747.54 
153,47.2459,5,153,4051.01,0.0122716,12.2738,9.54515,123.842,-0.0692587,13.0529,4.50227e-09,-3.94029,-7.02436,-8.81289,-1.33418,-1.73428,-615.509,887.372,60.1498,4997.99,3843.21,-0.0645925,-3.14866,-1.06149,2.54152,2.14142,3.60044,1377.65,104.72,5488.27,0.234372,0.882594,0.0339553,5878.03 
154,47.2249,2,154,2984.88,-0.0266996,-10.8567,9.06693,123.797,0.0124335,-47.6981,499.994,-4.36605,-4.73408,-0.967336,-1.33168,0.995635,-669.476,417.541,62.0466,4574.57,3223.74,-0.150534,-0.518565,7.46369,2.88383,5.21115,0.49873,950.803,110.525,5107.83,0.185009,0.83096,0.0383322,5139.22 
155,47.2109,2,155,3446.62,-0.0492574,-10.9258,9.52634,123.87,-0.195422,86.2023,500,-3.16236,-4.7526,-5.80205,1.97385,-2.05986,-603.882,448.996,81.27,4817.11,3936.63,0.640122,-0.950121,1.80292,5.77633,1.74262,0.79994,930.01,124.999,5298.13,0.176323,0.809579,0.0416506,5274.47 
156,47,10,156,3397.72,-0.309327,-11.5343,9.4398,124.019,0.362714,-204.973,192.234,0.341483,-4.16928,-3.65703,-2.67014,-1.47697,-640.957,10.9559,74.9952,5262.08,5964.7,4.37742,-0.133352,4.41484,1.36579,2.55896,0.649161,521.501,121.408,5772.63,0.099238,0.710525,0.0372977,5255.05 
157,47,10,157,3202.26,-0.00777977,-10.2936,-9.50513,123.45,0.00822679,4.88795,0.0538491,-4.86563,-1.46749,-7.08713,3.43798,-0.0906444,-653.935,97.4045,60.3992,4920.05,3186.38,-0.747976,2.65017,1.14818,7.55564,4.02701,0.921535,618.288,107.752,5440.94,0.121714,0.766294,0.035197,5079.86 
158,47,10,158,3264.32,-0.142478,-10.9885,9.20644,123.832,-0.082399,56.0788,499.995,-2.13758,-1.69438,-2.60388,-3.40103,-2.43247,-633.472,65.622,69.1999,5018.53,3443.67,1.85123,2.29443,5.37373,0.587775,1.55634,0.539269,570.206,115.071,5523.11,0.111824,0.73901,0.0369608,5099.16 
159,47,10,159,3193.04,0.0149207,-10.3201,-9.58351,123.719,-0.0301298,-8.34375,3.12135e-05,-2.88094,-3.60251,-1.99546,-2.98231,0.329577,-679.17,92.5668,62.8554,4976.12,3227.81,1.39561,0.674045,6.55765,1.29425,4.60613,0.54861,633.551,112.036,5517.1,0.122839,0.76367,0.0360588,5157.57 
160,47.2189,1.8,160,2980.41,-0.058291,-10.7436,9.4638,123.59,0.108445,-15.5747,500,-4.03117,-1.88683,-6.99997,-3.24515,-0.0922803,-661.114,339.423,56.3213,4732.65,3364.86,0.131693,2.27603,1.32575,0.917708,4.07058,0.847995,866.025,104.194,5259.25,0.167231,0.826072,0.0352101,5178.61 
161,47.2144,1.6,161,3104.94,-0.0107957,-10.3909,9.34611,123.66,0.0180076,9.34658,7.63646e-12,-3.2724,-3.61533,-5.05434,-3.04664,1.80266,-645.261,195.024,70.2795,4794.42,3166.89,0.790637,0.447706,3.07173,1.0164,5.86569,0.725547,708.998,117.004,5308.4,0.140066,0.775916,0.0390183,5061.88 
162,47,10,162,2916.19,-0.00555663,-11.1709,9.10441,123.7,0.0130747,17.1285,3.55172e-12,-0.669794,-2.46065,-5.95897,-4.84163,-3.08357,-652.788,-30.6184,59.52,5183.01,3318.11,3.44064,1.64978,2.2619,-0.731192,1.02687,0.704249,489.352,106.79,5702.98,0.0947292,0.723642,0.0333438,5165.79 
163,47.2859,7,163,3601.37,-0.0443102,-11.6985,9.66766,123.61,0.0150109,-50.6212,2.73835,-3.22376,-4.32142,-7.96219,-2.80416,1.91119,-617.626,576.035,72.0076,5180.7,3706.41,0.665271,-0.432391,-0.18414,1.08487,5.80022,1.02656,1068,116.731,5672.66,0.186727,0.839437,0.0365222,5719.58 
164,47.4259,10,164,3189.97,-0.0457761,-10.4694,9.76758,123.545,0.0979736,29.0574,500,-6.04823,-2.86108,-8.33915,-6.42959,-3.03225,-625.787,250.711,64.1319,4922.49,3421.61,-2.10781,1.07934,-0.458315,-2.48918,0.908165,0.850605,749.173,109.447,5420.95,0.144228,0.796396,0.0358577,5194.35 
165,47.2164,1.5,165,3468.41,-0.0177485,-11.2449,9.45903,123.576,0.013903,9.2027,1.76163e-12,-7.2906,-3.84064,-4.41688,-5.79518,-4.79277,-649.6,120.757,61.6984,5214.52,3466.72,-3.20024,0.249722,3.76384,-1.70482,-0.702407,3.3614,638.188,108.738,5731.95,0.119547,0.770313,0.0337656,5338.39 
166,47.2659,6,166,3280.14,-0.309333,-11.4863,9.6463,123.806,-0.00671509,-27.4502,499.657,-2.67428,-3.03128,-3.42375,-3.99059,1.08047,-622.764,578.437,50.5489,4799.13,3612.93,1.2471,0.890097,4.41901,-0.0692072,5.00185,0.615365,1074.49,95.6448,5295.18,0.198372,0.865221,0.0322018,5416.54 
167,47.2139,1.7,167,2985.02,-0.319841,-10.677,9.46985,123.843,0.150868,-545.178,8.23058,-3.66349,-1.90289,0.623224,-6.18587,-0.661143,-604.211,269.316,53.9583,4629,5968.97,0.14107,1.90166,8.23234,-2.38131,3.14341,0.254127,750.593,97.7107,5110.27,0.151911,0.814457,0.0340235,4941.02 
168,47.2329,2.5,168,3412.2,0.000744019,-10.9626,9.42066,123.742,0.0109565,7.39599,6.97598e-12,-2.44732,0.277909,-5.37743,-1.83141,-2.44166,-625.719,456.23,61.0127,4802.59,3364.57,1.49266,4.21789,2.50253,2.10857,1.49832,0.788279,954.638,106.322,5301,0.180071,0.836886,0.0356308,5301.46 
169,47.2134,1.7,169,3121.92,0.00852678,-10.9608,9.00717,123.878,-0.011191,5.87265,500,-2.94383,2.36125,-3.57659,-3.18837,-2.83061,-572.488,227.436,43.7939,4754.06,3216,0.660977,5.96606,3.63302,0.41643,0.774192,0.682724,683.443,85.2491,5210.07,0.13791,0.820825,0.0292593,4955.7 
170,47.2169,1.6,170,2795.36,-0.0903901,-10.8504,9.1366,123.936,0.190435,-13.2818,392.406,-6.74141,-5.15864,-2.41124,-4.25576,-5.28775,-637.535,156.168,42.6461,4744.44,3309.55,-2.72702,-1.14425,5.61754,-0.241367,-1.27337,-23.262,663.988,88.8116,5252.26,0.133577,0.810326,0.0302076,4970.84 
171,47.2184,1.7,171,3764.12,0.0211876,-12.3807,9.23372,123.877,-0.0626254,2.60335,500,-2.54899,-0.47114,-2.28382,-1.72635,0.56803,-650.451,268.644,53.3732,5458.53,3726.79,1.54672,3.62458,5.90762,2.36937,4.66375,0.673829,786.753,100.474,5976.64,0.138328,0.817336,0.0300377,5687.59 
172,47.2149,1.6,172,3168.66,-0.0250103,-10.6932,-9.33169,123.576,0.0370074,7.87636,0.0264569,-4.32054,-5.55399,-6.06048,-4.17161,-2.93737,-669.421,144.749,68.6286,4995.3,3257.84,-0.105368,-1.33882,2.36985,0.0435539,1.27779,-0.0546694,677.968,117.103,5528.52,0.130095,0.767889,0.0375535,5211.35 
173,47.2159,1.5,173,3016.63,-0.217795,-11.2356,9.04298,123.716,0.300349,13.5427,499.9,-4.11549,-1.48102,-5.42156,0.129841,0.183446,-653.919,96.6435,51.5072,5076.95,3439.94,0.00206245,2.63654,2.81355,4.2474,4.301,0.79904,617.514,98.8591,5597.82,0.118577,0.781152,0.0315071,5207.73 
174,47.2959,8,174,3735.25,-0.0811573,-11.6864,9.82125,123.834,0.0739944,-23.3776,0.000117707,-4.90229,-2.21854,-4.56537,-3.90736,-5.41903,-682.603,582.448,71.9117,5216.81,3792.62,-0.604124,2.07963,4.03096,0.390806,-1.12086,0.156069,1126.17,121.341,5760.53,0.192514,0.841357,0.037353,5849.8 
175,47.2369,2.5,175,3204.94,-0.00447501,-11.2619,-9.08591,123.652,0.0373593,-24.9065,500,-2.82235,-2.40118,-6.01513,0.707857,-5.76056,-664.622,346.054,68.4247,4928.56,3361.28,1.36259,1.78376,2.35476,4.8928,-1.57562,0.732968,875.45,116.552,5457.96,0.163606,0.811041,0.0378483,5350.98 
176,47.3459,10,176,3728.93,-0.0739642,12.1302,9.67361,123.42,0.632648,-25.3276,500,-1.21283,-3.36317,-6.97094,-4.98585,1.17962,-673.918,440.636,64.1196,5455.27,4341.52,3.03065,0.880311,1.51602,-0.742367,5.4231,0.850013,977.436,112.92,5992.07,0.165922,0.831828,0.0335495,5890.94 
177,47.5459,10,177,2634.36,-0.365107,-9.90551,9.9567,123.773,-0.203174,78.1339,381.904,-3.22373,0.721058,-4.72803,-0.789116,-0.72589,-628.435,18.2501,73.1759,4653.37,3727.39,0.733361,4.67815,3.18614,3.16797,3.2312,0.787546,518.822,118.682,5153.94,0.10934,0.714123,0.040693,4745.05 
178,47.2039,2.2,178,2756.35,-0.0356715,-10.5003,9.04744,123.55,0.0665894,39.595,3.19586e-07,-3.99765,-3.18182,-4.85077,-2.6659,-2.87264,-622.235,75.9868,48.4196,4774.83,3178.42,-0.0796025,0.736227,2.98533,1.25215,1.04541,0.497378,571.62,93.4772,5270.46,0.116814,0.777497,0.031638,4893.4 
179,47.2209,2,179,3175.55,-0.0268227,-10.4457,9.36342,123.572,0.0557059,11.5723,2.92519e-06,-3.72264,1.89567,-7.55285,-1.12635,-0.353245,-623.621,572.766,59.4538,4463.56,3204.95,0.204138,5.82244,0.300699,2.80042,3.57353,0.976325,1069.5,104.612,4960.3,0.208198,0.853845,0.0373968,5136.95 
180,47.2179,1.7,180,3326.96,-0.301639,-11.2737,9.44442,123.64,0.0440228,88.1954,313.83,-1.85218,-0.602363,-7.43187,-1.22866,-0.413293,-646.224,273.125,67.3522,4846.37,3592.44,2.21692,3.46673,0.70633,2.84044,3.6558,0.945187,787.866,114.147,5361.11,0.151981,0.79774,0.0377412,5183.97 
181,47.2289,2.2,181,3528.96,-0.0117823,-11.1693,9.45917,123.79,-0.00452241,13.6976,6.16446e-12,0.210737,-1.16006,-2.5249,1.81994,-1.47237,-615.458,444.936,55.3138,4953.16,3441.34,4.08611,2.71531,5.22584,5.69532,2.403,0.740338,935.171,99.8806,5443.4,0.17322,0.842525,0.0326955,5398.76 
182,47.2759,7,182,4467.02,-0.300991,13.1229,9.99501,123.781,-0.177354,106.358,6.5494,-2.29712,-3.64608,-1.29678,0.969871,-0.00485513,-633.846,797.317,67.1552,5513.69,4883.85,1.69404,0.345076,6.68553,4.96103,3.9863,0.621687,1302.2,113.053,6018.57,0.208772,0.868108,0.033445,6237.42 
183,47.2079,2,183,3250.2,-0.294345,-11.4107,9.25375,123.741,0.335446,-489.625,429.993,-5.14698,-8.18569,-5.0605,-0.629593,-4.98691,-611.351,154.661,51.719,4996.99,8784,-1.29746,-4.33617,2.63853,3.21992,-1.13739,3.89132,641.625,95.9885,5483.96,0.124867,0.792516,0.0312361,5138.47 
184,47.3259,10,184,4148.95,0.00528925,11.7106,10.0035,123.415,0.00486535,-2.8929,0.00488585,-0.951853,-2.12016,-8.83268,-1.76739,-2.28369,-557.963,604.239,75.4993,5296.39,3813.99,2.56149,1.39318,-1.80599,1.74595,1.22965,1.35244,1048.68,115.903,5740.82,0.182184,0.837932,0.0358571,5756.15 
185,47.5059,10,185,2964.73,-0.318189,-10.3747,9.68522,123.897,0.784127,-173.296,57.5566,-3.05681,-1.39302,-3.14776,-0.495482,-3.45124,-640.546,29.4287,63.7049,4835.74,7694.54,0.976535,2.64033,4.91893,3.53787,0.582107,0.611329,539.647,110.088,5345.96,0.10961,0.736919,0.0365478,4923.33 
186,47.2174,1.6,186,2949.96,0.00346513,-10.2832,9.10054,123.766,-0.0216253,11.5142,135.893,-0.266908,-4.49718,-4.53952,0.0878565,-3.11424,-620.271,190.473,64.8269,4695.16,3054.53,3.63877,-0.591498,3.27184,3.99354,0.791441,0.705348,684.542,109.742,5189.23,0.138579,0.780914,0.0374962,4939.71 
187,47.2154,1.5,187,2995.48,-0.100563,-10.3858,9.25584,124.223,0.0518246,-180.349,167.107,-5.78593,-3.73204,-7.22074,2.10103,-3.43512,-680.711,92.0625,54.3642,4925.75,3433.59,-1.49968,0.554211,1.35177,6.38728,0.851137,0.823177,634.274,103.656,5467.96,0.12393,0.777609,0.0337425,5118 
188,47.4659,10,188,3196.54,-0.309696,-10.9123,9.58127,123.643,0.148809,-12.7623,399.742,0.645426,-2.83052,-2.37347,0.109035,0.809017,-649.952,62.1452,64.777,5010.46,3465.4,4.738,1.26205,5.81168,4.20161,4.90159,0.722128,579.856,111.842,5528.17,0.113409,0.747643,0.035929,5112.95 
189,47.3859,10,189,3306.93,-0.305272,-10.5749,10.0613,123.504,-0.505793,422.826,229.784,-1.21508,-0.656353,-4.25376,-0.682096,-2.13074,-629.582,307.769,69.4037,4782.25,10425.5,2.74923,3.30795,3.67486,3.28221,1.83357,0.752499,809.254,114.993,5283.74,0.157384,0.800851,0.0385455,5141.92 
190,47.3159,9,190,3874.28,-0.011814,11.7305,9.70543,123.702,0.0614106,-16.7545,500,-2.55595,-3.38894,-9.72653,0.378064,-3.92124,-612.017,562.906,71.3749,5187.68,3739.69,1.29775,0.464766,-2.01912,4.23177,-0.0675308,1.51671,1050.4,115.692,5675.17,0.18415,0.8384,0.0361935,5704.04 
191,47.2559,6,191,3888.57,-0.0426501,11.5556,-9.7809,123.969,-0.163386,78.6119,21.2422,-4.03146,-6.88436,-8.58836,0.371709,-1.79978,-573.293,763.76,63.0021,4794.01,4097.44,-0.421588,-3.27449,-1.36861,3.98158,1.81009,2.88257,1220.41,104.516,5250.65,0.220851,0.869664,0.0353706,5525.95 
192,47.3059,9,192,4149.6,-0.331007,12.4388,10.264,123.928,0.403125,-37.7811,132.502,0.477978,-3.50229,-6.14053,1.3465,-2.64074,-575.211,618.77,67.7114,5538.5,4651.96,4.09993,0.119661,1.10337,4.96845,0.981214,0.902119,1076.95,109.364,5996.67,0.179664,0.849104,0.0325033,5994.22 
193,47.2459,5,193,3751.05,-0.0134596,11.6044,9.39674,123.337,-0.0705942,-9.3874,44.1753,-3.40342,-5.93161,0.701045,1.35649,-1.49062,-617.868,840.418,47.0714,4749.2,3571.31,0.487134,-2.04106,8.48214,5.24704,2.39993,0.418042,1332.57,91.8127,5241.35,0.236671,0.892401,0.0312594,5630.48 
194,47.2249,2,194,3352.17,-0.336086,-11.5919,-9.62513,123.691,-0.0512881,-67.6649,471.387,-2.6329,-2.50997,-6.70831,0.689921,-2.70734,-661.487,429.758,50.0656,4823.98,3745.05,1.53231,1.65524,1.62211,4.85513,1.45787,0.854162,956.657,97.9655,5350.88,0.179002,0.848028,0.0326255,5344.38 
195,47.2109,2,195,3079.27,-0.0119677,-10.5447,9.17441,123.804,0.0305424,20.4101,5.03097e-05,-2.9456,-2.28337,-11.761,-0.293883,-2.14928,-629.509,452.976,47.2261,4557.08,3169.55,1.01825,1.68048,-3.83329,3.66996,1.81457,1.88122,954.403,92.8104,5058.5,0.187051,0.854571,0.0326929,5102.38 
