cyc,freq,vva,cyc,ROIsum,fBg,fA1,fWidth1,fCtr1,fA2,fWidth2,fCtr2,box1,box2,box3,box4,box5,box6,box7,box8,box9,Nfit,BZ-2,BZ-1,BZ0,BZ1,BZ2,Excited,c5,c7,c9,fraction95,fraction75,fraction97,sum95,two2D_bg,two2D_a1,two2D_sh1,two2D_sv1,two2D_ch1,two2D_cv1,two2D_a2,two2D_sh2,two2D_sv2,two2D_ch2,two2D_cv2,two2D_chd,two2D_cvd
0,47.2319,2.5,0,11942.9,-0.340771,25.2464,11.8061,124.493,0.15818,9.91816,383.186,-4.68292,-7.29052,-5.60633,-0.488717,-3.24962,-560.684,572.764,92.133,13395.5,9753.96,-1.15244,-3.76004,1.45463,3.04176,0.280858,11.7564,1019.37,132.734,13842.1,0.0667271,0.814419,0.0173576,15276.7,-0.00234825,0.0482442,12.7179,18.0082,125.387,89.1357,1.15704,12.3607,11.7407,124.357,127.168,1.02954,-38.0324 
1,47.2959,9,1,12933.6,-0.19554,26.0999,12.3478,124.168,0.0223098,290.374,497.512,-1.32744,-0.436852,-6.5692,-4.4309,-0.895494,-718.357,742.432,106.6,14271.1,10702.1,3.19586,4.08645,2.4774,0.0923995,3.62781,0.816215,1314.63,158.618,14843.3,0.0791793,0.825663,0.0193051,16603.2,-0.00243908,0.0488695,13.7963,21.8463,125.116,88.8872,1.20314,12.6365,11.6838,124.231,126.783,0.884808,-37.8958 
2,47.2259,2.2,2,12261.1,0.0241615,25.5341,11.5623,124.299,-0.0720756,49.7616,499.999,-5.56682,-0.728217,-4.5896,-2.37418,-2.35418,-550.659,748.167,85.4347,13391.6,9727.59,-2.09947,2.73913,2.3451,1.09317,1.11317,0.548247,1186.79,125.309,13830.2,0.0769047,0.844041,0.0164165,15431.9,-0.00216177,0.0596678,12.249,17.6351,125.52,85.4988,1.20954,12.1838,11.3583,124.107,126.283,1.41239,-40.7845 
3,47.2079,2,3,11737.4,-0.0414041,24.7,11.7576,124.2,-0.0234077,26.8896,1.55674,0.674582,-1.14153,0.196715,0.797941,-1.38046,-664.352,190.79,103.164,13714.7,9474.37,4.85783,3.04172,8.56321,4.98119,2.80279,0.64683,719.971,151.272,14243.9,0.0467783,0.731161,0.019188,15391.1,-0.00196273,-0.0165465,14.933,6.16557,107.874,71.7542,1.19197,12.4062,11.6728,124.164,126.04,-16.2898,-54.2856 
4,47.2639,6,4,12145.6,-0.336535,25.2066,11.9804,124.224,0.590785,-452.861,397.711,-1.93337,-0.854972,-0.23285,-4.60826,-1.1039,-533.034,757.509,99.967,13253.1,18540,1.423,2.5014,6.47989,-1.25188,2.25247,0.431831,1182.09,138.565,13677.6,0.0774122,0.829782,0.0183201,15270.1,-0.00217264,0.0552077,12.7383,18.9141,124.987,88.2344,1.1537,12.4362,11.5496,124.158,127.06,0.828956,-38.8253 
5,47.5059,10,5,11915.7,-0.296103,24.1458,12.11,124.391,0.0622139,186.832,24.1498,-0.582518,1.68648,-5.23875,-3.44007,-3.37641,-548.76,213.993,102.697,13389.5,9897.16,2.87288,5.14187,1.67203,0.015321,0.0789813,0.829054,651.1,142.435,13826.6,0.0437201,0.723155,0.0186231,14892.5,-0.00143091,-0.0136558,20.4603,-6.48979,106.241,70.0666,1.15743,12.4098,11.6759,124.211,126.837,-17.9703,-56.7703 
6,47.2169,1.6,6,12622.8,-0.311388,25.2547,12.2551,124.259,0.106594,57.7601,234.362,-0.917058,-1.29734,-5.38685,-0.740315,-2.02461,-680.499,611.841,114.223,13844.5,10275.6,3.36786,2.98758,3.18299,3.5446,2.26031,0.792549,1153.88,163.499,14386.6,0.0722439,0.801304,0.0205057,15972.1,-0.00221923,0.0470389,12.7842,20.7253,125.169,90.3176,1.15347,12.7087,11.8043,124.043,125.89,1.1257,-35.5726 
7,47.2139,1.7,7,11572.9,-0.0260016,23.543,11.8665,124.278,-0.030051,21.2131,500,-2.70096,0.462781,-1.61326,-4.49716,-0.492168,-427.702,401.787,85.7177,12878.3,9115.24,-0.00783509,3.1559,3.77299,-1.80404,2.20095,0.484422,742.467,116.689,13219,0.0517109,0.784292,0.0160007,14358,-0.0020595,0.0414589,12.0361,18.2424,125.285,91.4539,1.10322,12.5824,11.6212,124.149,126.271,1.13615,-34.8167 
8,47.3459,10,8,11240,-0.352443,23.7533,11.9611,124.287,0.337158,-582.136,188.881,-2.48344,1.53431,-4.65045,-3.36969,-4.4594,-591.085,350.406,76.6656,12913.9,15638.2,1.23847,5.25622,2.79337,0.352219,-0.737494,0.686236,821.228,119.468,13384.8,0.0562195,0.797079,0.016176,14607.5,-0.0023046,0.0362021,12.2429,22.9983,124.577,97.8796,1.13124,12.3905,11.3829,124.157,126.554,0.420333,-28.6747 
9,47.2149,1.6,9,11290.8,-0.0590059,23.9828,11.6849,124.376,0.0032974,-19.8641,500,-0.572745,-0.879392,-7.07994,-2.55811,-1.8937,-673.357,272.58,86.2661,13218.9,9124.71,3.6672,3.36056,1.39996,1.68184,2.34625,0.887606,808.934,135.025,13755.2,0.0540124,0.77393,0.0177615,14976.8,-0.00251964,0.0428142,11.1122,18.8482,123.703,98,1.18494,12.3931,11.1941,124.315,126.235,-0.611929,-28.2345 
10,47.2179,1.7,10,12000.9,-0.0209787,24.2008,12.0358,124.309,-0.00895882,30.7189,1.39113,-2.92643,-3.22903,-9.78589,-5.38883,-4.84847,-632.819,619.729,105.823,13150.8,9490.95,1.05826,0.755663,-1.8165,-1.40414,-0.863777,0.199951,1123.79,151.647,13654.9,0.0739907,0.808964,0.0200478,15188.3,-0.00209058,0.0452582,12.7233,24.6626,124.954,94.8822,1.10797,12.6129,11.5848,124.061,126.473,0.893422,-31.5912 
11,47.4659,10,11,12058.3,-0.319545,24.7658,12.0435,124.282,0.775769,-670.21,56.6596,-1.11026,-4.81207,-9.43576,-4.82331,-4.53881,-617.081,194.18,102.665,13712.4,26635,2.77534,-0.926476,-1.66457,-0.937714,-0.653213,-0.183372,685.708,147.349,14203.9,0.0447714,0.726717,0.0187514,15315.7,-0.0016491,-0.0180246,16.4913,6.16313,107.696,72.1461,1.18407,12.5384,11.6192,124.12,126.337,-16.4246,-54.1911 
12,47.2119,1.7,12,11146.6,-0.164879,24.0857,11.793,124.08,0.164878,-4.31723,4.28546e-07,-1.71082,-4.56283,-6.90528,-6.00566,-5.83287,-589.888,249.267,112.554,13055.5,9269.74,2.00354,-0.848466,0.523453,-2.29129,-2.1185,1.19165,719.134,155.269,13525.3,0.0490869,0.725771,0.0207092,14650.2,-0.00188825,-0.00288845,1151.57,3.57718,103.733,73.3571,1.13223,12.3202,11.7573,123.91,126.457,-20.1772,-53.1 
13,47.2879,8,13,12275.9,0.014046,24.4121,-11.8968,124.142,-0.0161742,-7.1289,1.1763e-12,-3.07916,-1.13101,-0.496164,-1.26578,-0.328901,-492.777,604.149,95.7788,13290.7,9458.05,0.0237234,1.97187,5.7096,1.8371,2.77398,0.536419,996.663,131.462,13683.3,0.0660461,0.812461,0.0173903,15090.4,-0.00197224,0.0464045,13.339,18.6955,125.505,88.9003,1.12137,12.5339,11.8285,123.957,126.715,1.54871,-37.8145 
14,47.2099,2,14,11589.4,-0.363464,24.6657,11.8771,124.306,-0.0612137,-29.1361,138.27,-1.77315,-2.46262,-2.82222,2.97823,1.1681,-590.657,212.407,84.2027,13364.8,9594.77,1.94606,1.25659,4.6162,6.69744,4.88731,0.762096,682.887,126.974,13835.3,0.0457294,0.754496,0.0166249,14933.2,-0.00174692,-0.0135228,17.6529,6.17603,105.77,70.921,1.19362,12.2312,11.4906,124.203,126.639,-18.4336,-55.718 
15,47,10,15,11413.6,-0.255059,23.951,11.9178,124.293,-0.957956,322.66,499.972,-2.36958,-2.04508,-3.42905,-2.93546,-2.19638,-638.686,117.231,101.541,13255.9,19354.2,1.65206,1.97656,4.61422,1.08618,1.82526,0.586327,625.968,147.79,13764.7,0.0422849,0.707628,0.0193949,14803.6,-0.00180123,-0.0167601,17.246,6.66201,112.098,71.327,1.14525,12.3944,11.7532,124.119,126.87,-12.0205,-55.5434 
16,47.2299,2.5,16,11496.7,-0.0297253,24.613,11.498,124.157,-0.0184534,17.189,487.049,-2.61906,0.603567,-0.994812,-3.19798,-1.47469,-587.697,658.58,77.7663,12848.4,9222.92,1.08151,4.30414,6.40633,0.502597,2.22588,0.558806,1126.7,120.323,13316.6,0.0759092,0.842541,0.016372,14842.8,-0.00229104,0.0586255,12.4563,16.5392,125.494,86.4023,1.1438,12.1523,11.5558,123.989,127.407,1.50555,-41.0047 
17,47.2239,2,17,11336.9,-0.400739,24.4325,11.939,124.214,0.0576283,255.559,92.2486,-1.63916,-1.888,-4.19994,-1.36518,-3.53856,-578.844,658.298,86.8601,12846.6,9975.21,2.00567,1.75683,3.08972,2.27965,0.106266,0.665547,1119.37,128.776,13307.7,0.0754989,0.832414,0.0175135,14826.3,-0.00245964,0.0512855,12.9678,18.9253,125.284,90.3173,1.12993,12.3719,11.481,124.028,127.194,1.25674,-36.877 
18,47.2399,3.5,18,11888.9,-0.358983,24.8066,12.0513,124.261,0.0124347,-3.83775,465.84,0.542788,1.14146,-3.37009,-2.62944,-5.21029,-577.959,660.694,103.742,13367.1,9733.47,4.18204,4.78071,3.90842,1.00981,-1.57103,0.682499,1121.06,145.594,13827.4,0.0729699,0.814813,0.0190271,15363.3,-0.00249325,0.0559234,13.026,17.5442,125.618,89.4611,1.13361,12.5587,11.7678,124.069,127.293,1.5489,-37.8318 
19,47.2199,1.7,19,11311.3,-0.0614682,24.2367,11.6798,123.999,0.00667851,-23.1404,499.994,-2.01995,-3.78841,-5.60058,-0.131932,-1.21625,-617.691,462.013,93.941,13052,9220.26,1.86948,0.10102,2.17829,3.7575,2.67319,0.794102,954.026,138.67,13544,0.0640099,0.797216,0.0185112,14904.4,-0.00248422,0.0440221,11.886,25.8768,123.891,98,1.16127,12.3027,11.1691,123.893,127.399,-0.00230971,-29.3993 
20,47.2559,6,20,10955.6,-0.400982,23.9615,11.8291,123.955,0.000767466,-1105.1,7.92904,-1.42221,-1.1364,-0.87579,-2.73453,-0.151435,-664.762,743.548,74.024,12449.4,9254.65,2.76361,3.04942,7.49586,1.45129,4.03439,0.601169,1273.05,122.161,12979,0.0869491,0.856217,0.0170428,14641.4,-0.00243909,0.0597897,12.7896,16.2729,125.228,84.762,1.11751,12.1569,11.4593,123.818,127.242,1.4102,-42.4796 
21,47.2479,5,21,10990.9,-0.0467523,23.5194,11.7687,124.226,0.0153679,8.62041,498.386,-1.2551,-2.6255,-0.993066,-1.70379,-3.20528,-593.292,895.342,74.673,12276,9014.84,2.4807,1.1103,6.47854,2.03201,0.530523,0.487136,1367.92,117.635,12748.5,0.0943464,0.869194,0.0167136,14498.9,-0.00245123,0.0702403,12.5267,16.2977,125.594,83.7023,1.09091,12.4293,11.3861,124.059,126.744,1.53537,-43.0413 
22,47.2219,2,22,12439.7,-0.360341,25.791,12.0613,124.159,0.302629,64.782,498.573,-2.69074,-1.88641,-3.71177,-6.90624,0.381337,-572.215,913.886,88.5701,13470.8,10764.7,0.91235,1.71668,3.49441,-3.30315,3.98442,0.486472,1369.68,130.006,13926.5,0.0871627,0.857556,0.0169055,15714,-0.00229308,0.0714407,12.5515,17.0954,125.272,86.4796,1.15638,12.5167,11.673,123.907,126.947,1.36432,-40.467 
23,47.5459,10,23,11651.4,-0.258834,23.9105,12.0134,124.022,-0.219613,302.642,0.385705,2.32362,-3.93346,-4.10181,-1.46699,-4.15946,-501.937,162.513,92.0679,13258.3,11514.4,5.48419,-0.772894,2.21932,1.69357,-0.998896,0.708952,562.324,128.414,13658.1,0.0384359,0.714471,0.0170247,14630.2,-0.00156921,-0.0165966,14.5967,6.62176,111.648,72.201,1.1472,12.4632,11.6228,123.881,126.863,-12.2333,-54.6623 
24,47.1999,2.5,24,12344.4,-0.00610786,24.5545,12.0206,123.916,-0.00681787,-7.50194,499.996,-2.49011,-1.15914,-2.20979,-2.15847,2.52461,-447.626,138.117,89.1699,13912.1,9610.11,0.32847,1.65944,3.42737,0.660112,5.34319,0.699843,494.668,121.584,14268.7,0.0325623,0.699237,0.015454,15191.4,-0.0015461,-0.0170016,17.3682,7.11416,109.78,70.5673,1.17117,12.5655,11.8812,123.744,126.54,-13.9647,-55.9726 
25,47.2059,2.2,25,10833.7,-0.149173,23.4043,11.602,124.017,0.0957429,86.5971,9.12317e-13,-4.49152,-2.16125,-3.1227,-3.59447,-3.27587,-635.476,52.4056,92.0582,12963.3,9109.3,-0.4901,1.84017,4.88014,0.40695,0.725552,0.337182,558.586,138.075,13469.5,0.0387042,0.698043,0.0185333,14432.2,-0.00204369,-0.0175631,15.0447,5.89924,106.934,73.6146,1.15524,12.2472,11.4995,123.884,127.497,-16.9502,-53.882 
26,47.2799,7,26,11995,-0.360263,24.7634,12.1713,124.056,0.188122,-293.31,293.032,-0.605297,-2.20285,-9.49506,-2.07119,-2.75806,-615.153,613.757,103.444,13407.4,11607.9,3.26816,1.6706,-1.74816,1.80226,1.11539,1.2862,1103.75,147.989,13897.4,0.0715881,0.809954,0.0192387,15418,-0.00239267,0.0459603,13.2181,21.0468,125.566,90.9439,1.14432,12.6273,11.5872,123.769,127.192,1.7968,-36.248 
27,47.2039,2.2,27,11890.1,-0.391792,24.9852,12.1152,124.004,-0.160115,225.206,132.284,-2.00297,-2.18629,-3.3346,0.191836,-3.99767,-619.432,91.9714,98.0946,13925.8,11027.8,1.89743,1.71411,4.4662,4.09224,-0.0972728,0.630058,585.372,142.949,14419.2,0.0379197,0.700597,0.0179348,15437.1,-0.00201072,-0.0153635,17.0069,6.76324,104.717,72.9204,1.17451,12.494,11.9526,123.791,127.173,-19.0749,-54.2526 
28,47.3039,9,28,11467,-0.0781697,24.5606,11.573,124.364,0.0440889,-22.1991,3.04493e-08,-4.95735,-4.32211,-1.58,-5.37366,-1.18398,-526.69,600.621,65.4041,12995.1,9284.82,-1.64092,-1.00568,5.05286,-2.05723,2.13245,-1.03623,1020.15,103.543,13414.6,0.0687563,0.849169,0.0140193,14837.2,-0.00237844,0.0427796,14.475,18.0943,126.73,89.2512,1.18745,12.0695,11.3276,124.135,127.526,2.59565,-38.2744 
29,47.2159,1.5,29,11273.2,-0.376445,24.371,11.8652,124.134,-0.0109796,-2.17162,495.306,-1.72707,-3.27185,-6.61478,-2.93252,-3.19534,-591.913,293.044,94.8423,13217,9414.15,2.00004,0.45527,0.839451,0.794595,0.531777,0.818345,764.524,137.704,13688.4,0.0514359,0.760337,0.0181942,14863.6,-0.00247241,0.0359269,11.5774,-20.9553,123.703,98,1.15825,12.3271,11.4697,124,127.406,-0.297591,-29.4055 
30,47.2279,2.2,30,11087.1,-0.128065,24.2753,11.5095,124.012,0.0146616,-7.24238,500,-2.10012,-1.69951,-9.3087,0.21309,-4.81127,-494.952,465.231,77.4581,12751.7,9098.79,1.01646,1.41707,-3.07554,3.32967,-1.6947,4.09735,859.478,113.299,13146,0.0596868,0.812553,0.0156281,14399.8,-0.00240525,0.043564,11.9642,21.8937,125.66,92.584,1.18388,12.0583,11.0577,123.886,127.179,1.77462,-34.5949 
31,47.3859,10,31,10880.1,-0.406877,23.3715,12.0863,123.949,-0.0358808,118.633,420.201,-2.55035,-2.25968,-5.0436,-4.98373,-4.07144,-616.788,291.82,86.5882,12728.8,9334.06,1.3334,1.62406,2.72389,-1.09998,-0.187689,0.380043,783.114,131.251,13220.1,0.0543835,0.773214,0.0179602,14399.8,-0.00188392,-0.00128316,1935.29,4.09007,107.54,74.6645,1.09342,12.489,11.723,123.793,127.207,-16.2535,-52.5423 
32,47.3119,10,32,12053,-0.400906,25.5463,12.0281,124.135,1.9407,-956.831,329.86,-3.65962,-2.17901,-6.55547,-4.756,-1.58444,-582.382,642.299,93.1625,13511.8,70451.7,0.00748433,1.4881,0.778745,-1.08889,2.08267,0.761714,1106.19,135.334,13975.7,0.0713618,0.823655,0.0175255,15501.1,-0.00241585,0.0478951,13.1547,19.3612,126.475,87.9742,1.16657,12.405,11.6819,123.872,127.19,2.60362,-39.2155 
33,47.4259,10,33,11025.1,-0.360287,23.959,11.7008,123.897,0.172745,-177.048,370.957,-0.912032,-2.37585,-6.75912,-2.91219,-4.47649,-619.008,170.271,83.9809,12966.7,10121.6,2.9857,1.52188,1.03635,0.985546,-0.578758,0.825845,663.334,128.805,13459.8,0.0456624,0.746374,0.0173228,14526.9,-0.00197914,0.0245596,131.845,0.0138766,121.651,67.3348,1.16238,12.1761,11.4878,123.685,127.385,-2.03425,-60.0504 
34,47.2319,2.5,34,12208.6,-0.0419415,25.1468,11.6848,124.124,0.0523887,-173.552,500,-0.383287,-1.0662,-5.14877,-3.67587,-0.773587,-496.516,692.705,102.209,13267.5,9861.3,2.74314,2.06023,1.10409,-0.549442,2.35284,0.856813,1088.2,138.163,13663,0.0717759,0.818204,0.0182871,15161.1,-0.0021003,0.0512198,13.1299,18.5587,125.84,87.4779,1.15864,12.2982,11.6705,123.918,127.111,1.92147,-39.633 
35,47.2959,9,35,11612.9,-0.388446,24.7101,-12.0312,124.028,-0.233415,273.613,500,0.144696,-2.75696,-8.53416,-3.55527,-5.05389,-656.821,736.188,102.61,13062.7,11756.8,4.28053,1.37887,-0.262504,0.580563,-0.918056,1.05188,1259.37,150.172,13585.8,0.0825666,0.827351,0.0199555,15252.8,-0.00251313,0.051503,12.5534,22.6253,125.642,87.8814,1.12732,12.5013,11.5363,123.786,127.15,1.85641,-39.2682 
36,47.2259,2.2,36,12204.7,-0.293358,24.9426,11.9624,124.121,-0.0029711,127.047,492.1,-3.54479,-4.92334,-5.54423,-3.02899,-4.60342,-572.375,759.604,94.913,13142.1,9725.3,0.0593058,-1.31924,1.66396,0.57511,-0.999329,83.3818,1215.52,136.36,13598.1,0.0798555,0.835897,0.0181374,15221.5,-0.00199788,0.0559943,13.6594,17.5823,125.546,87.2212,1.1511,12.2942,11.5787,123.901,127.697,1.64478,-40.4753 
37,47.2079,2,37,9949.34,-0.432582,22.9089,11.575,123.951,-0.324333,-1229.25,2.54547,-0.240946,-3.40142,-3.95352,-4.65035,-7.45695,-699.473,116.37,67.6015,12261.5,21610.7,4.16345,1.00297,4.85527,-0.245955,-3.05256,0.277831,673.526,118.252,12818.6,0.0485364,0.764964,0.0167095,13876.7,-0.0022009,-0.0128367,-14.2504,6.4776,109.182,72.756,1.1072,11.9709,11.5941,123.788,127.638,-14.606,-54.8818 
38,47.2639,6,38,11665.9,-0.404263,25.2542,11.7957,123.902,0.0795574,50.3485,494.388,-1.01453,-1.00752,-9.54948,-6.6264,-7.23605,-593.354,661.488,82.6987,13113.1,9827.72,2.72166,2.72867,-2.0771,-2.89021,-3.49986,0.3115,1134.12,125.665,13585.7,0.074971,0.837586,0.0167536,15127.4,-0.00236034,0.0568796,12.4911,16.0676,125.833,85.4049,1.17561,12.1748,11.4807,123.697,126.67,2.13577,-41.2653 
39,47.5059,10,39,11250,-0.367106,23.6781,12.0786,123.722,0.223459,51.6148,27.9584,2.25949,-2.7079,-5.01417,-4.38164,-1.74891,-433.832,88.2202,75.4478,12988.2,9685.64,4.99122,0.0238195,0.449274,-1.64991,0.982812,0.906347,433.783,106.863,13333.7,0.0306181,0.698757,0.0145487,14167.5,-0.0016641,-0.0167372,17.8794,6.69791,111.583,72.2214,1.13066,12.3774,11.6457,123.56,127.9,-11.9772,-55.6782 
40,47.2169,1.6,40,11273,-0.167841,24.3801,11.7579,124.003,0.117758,-133.152,5.79698e-07,-5.30631,-5.40958,-9.04045,-6.53037,-4.7219,-815.288,511.309,100.042,13059.1,9842.14,-0.172656,-0.275929,1.22685,-1.39672,0.411752,6.93521,1160.72,159.079,13708.5,0.0759606,0.806554,0.0209291,15280.5,-0.00253343,0.0382341,13.3504,23.71,125.091,93.9406,1.14028,12.2627,11.5299,123.842,127.612,1.2489,-33.6709 
41,47.2139,1.7,41,11487.4,-0.323436,24.2333,11.8102,123.772,0.0453911,-168.755,20.3642,-3.08906,0.3805,1.03123,-5.89648,-5.67215,-566.895,298.388,86.5897,13094.4,9566.14,0.480531,3.95009,8.17041,-2.3269,-2.10256,0.000142153,749.941,127.64,13545.9,0.0510087,0.770505,0.0170616,14702.2,-0.00211951,0.0389499,11.3269,-19.3264,123.604,98,1.16957,12.2114,11.3203,123.662,127.31,-0.0584356,-29.3102 
42,47.3459,10,42,11412,-0.106305,24.1244,11.8011,123.814,0.0193651,-30.0545,486.325,0.218558,-2.09393,-4.20827,-4.05499,-2.89358,-514.967,383.435,89.0446,13098.1,9286.65,3.46117,1.14868,2.27695,-0.812379,0.349032,0.645525,793.625,126.335,13508.3,0.0539618,0.78212,0.0169363,14707.2,-0.00233624,0.0331775,13.6504,22.2561,125.896,96.3218,1.145,12.3746,11.4484,123.587,128.135,2.30845,-31.813 
43,47.2149,1.6,43,11618.4,-0.338251,24.9173,11.6677,123.877,1.10782,3564.23,343.755,-0.859542,-0.755473,-8.40838,-2.82447,-1.01654,-522.064,447.03,87.9681,13101.5,138001,2.42776,2.53183,-1.83378,0.462827,2.27075,1.31297,862.874,125.772,13517.4,0.0583584,0.796762,0.016851,14785.8,-0.00217893,0.0395256,13.7091,20.6799,125.312,95.9462,1.1923,12.0581,11.2284,123.712,128.362,1.59967,-32.4158 
44,47.2179,1.7,44,11946,-0.342062,25.7163,11.5987,124.042,0.0926843,121.175,34.6293,0.771408,-3.29791,-3.20089,-3.70748,-0.240488,-584.152,741.764,79.3586,13205.9,10075.4,4.44966,0.380339,4.15561,-0.0292312,3.43776,0.664712,1207.06,121.658,13671.2,0.0789528,0.850065,0.0161283,15288.4,-0.00228624,0.0565825,13.3076,18.0765,125.634,88.7702,1.21339,12.1013,11.2049,123.863,128.442,1.77093,-39.6722 
45,47.4659,10,45,11053.2,-0.0230883,23.2848,11.6745,123.761,0.00053872,66.9462,492.623,-2.08706,-2.94271,-11.2481,-5.32288,-3.59622,-598.152,172.96,99.2338,12914.4,8850.38,1.67935,0.823697,-3.71532,-1.55648,0.170188,-0.429761,649.41,142.548,13390.8,0.0449668,0.722475,0.0192323,14442,-0.00177357,-0.0147537,-15.8947,6.71627,107.925,74.0481,1.13519,12.2766,11.5996,123.572,128.31,-15.6468,-54.262 
46,47.2119,1.7,46,11254.2,-0.146773,24.5764,11.5416,123.734,0.00785728,-32.2431,500,2.09103,-3.19199,-0.830247,-3.39381,1.79615,-548.495,181.161,80.3804,13324.7,9242.03,5.54476,0.261737,6.0772,0.0599101,5.24988,0.64654,618.057,120.098,13761.6,0.0417819,0.746239,0.0158218,14792.5,-0.00201013,-0.0190564,15.8173,6.3403,109.471,71.4002,1.18876,12.1952,11.5705,123.579,128.229,-14.1083,-56.829 
47,47.2879,8,47,11912.9,-0.35095,24.7189,12.0784,123.884,-0.0340797,-16.061,456.767,-1.67781,-2.74837,-7.79977,-7.42544,-4.27348,-540.605,648.001,88.5145,13241.6,9737.05,1.72624,0.65568,-0.991677,-4.0214,-0.86943,0.716711,1078.61,127.661,13672.2,0.071144,0.828415,0.0169094,15161,-0.00227886,0.0479572,13.5264,19.6389,125.394,89.9948,1.14153,12.4401,11.6115,123.648,127.635,1.746,-37.6404 
48,47.2099,2,48,10914.9,-0.306239,24.3596,11.5788,123.933,0.219656,-65.5277,4.20975e-10,-0.0276483,-1.65668,-5.63859,-2.07339,-2.49629,-576.543,189.275,63.0127,13096.3,9650.4,3.60269,1.97366,1.62208,1.55695,1.13405,0.835978,648.513,104.762,13555.5,0.0443861,0.779607,0.0140366,14610.7,-0.00215773,-0.0121372,-14.046,6.13664,107.646,71.9576,1.17515,12.1402,11.5491,123.888,127.871,-16.2416,-55.9139 
49,47,10,49,11426.9,-0.388585,25.0482,11.6685,123.628,0.014018,-1.30062,446.436,-2.11517,-1.16738,-6.31452,-1.9918,-2.55411,-574.56,26.7763,73.2607,13616.3,9515.13,1.50268,2.45047,0.921178,1.62605,1.06374,0.878217,484.434,114.866,14074,0.0323374,0.706739,0.0148118,14980.6,-0.00208367,-0.0217319,15.0934,7.03838,114.659,72.2311,1.22864,12.1896,11.4362,123.482,127.605,-8.82299,-55.374 
50,47.2299,2.5,50,11295.8,-0.392518,24.8444,11.6676,123.689,0.213734,-98.0594,345.021,1.78327,-2.11868,-1.609,-3.20813,-4.65621,-642.465,740.432,80.2348,12808.1,10118.6,5.8287,1.92675,6.48186,0.837303,-0.61078,0.551857,1252.18,126.757,13319.9,0.0836366,0.849508,0.0172282,14971.7,-0.00250051,0.065056,11.9406,15.9179,125.009,85.9671,1.14401,12.3055,11.4211,123.499,128.152,1.50962,-42.1849 
51,47.2239,2,51,12370.1,-0.0643814,25.1867,11.9609,123.744,-0.0164434,70.6249,481.03,-1.20951,-2.14037,-2.47424,-5.20508,-2.22088,-608.779,673.753,94.3114,13537.8,9844.68,2.62381,1.69295,5.19239,-1.37177,1.61244,0.467437,1158.67,138.395,14022.7,0.0742639,0.827113,0.0178557,15602,-0.00217212,0.0546543,13.0086,17.1774,126.357,88.1627,1.16558,12.4082,11.7226,123.571,127.61,2.7862,-39.447 
52,47.2399,3.5,52,12344,-0.121582,25.1154,11.9178,123.727,0.0993578,-73.8475,499.693,-2.15065,-2.13631,-5.37499,-3.31685,-1.72232,-544.399,809.817,117.039,13464.2,9982.7,1.27729,1.29163,1.48088,0.111087,1.70562,0.74757,1243.45,156.461,13897.8,0.0799227,0.819539,0.020317,15558.2,-0.0022276,0.0631994,12.4669,18.0292,125.389,88.0278,1.14037,12.5889,11.7024,123.485,128.373,1.90362,-40.3455 
53,47.2199,1.7,53,12513.8,-0.309824,25.8542,11.8725,123.719,0.223561,-63.3725,71.2725,-1.41463,-1.37642,-1.86212,-4.49692,-0.704043,-526.842,686.639,85.4671,13570.4,10453.6,1.90275,1.94096,4.77265,-1.17954,2.61334,0.525118,1106.29,123.617,13990,0.0712996,0.836438,0.0160163,15516,-0.00202554,0.0506529,13.3611,18.19,124.873,89.7612,1.18748,12.2826,11.5986,123.497,128.917,1.37594,-39.1555 
54,47.2559,6,54,12069.8,0.00455862,25.2053,-11.5183,123.696,-0.0427111,19.9602,500,-6.05622,-4.0225,-4.57679,0.684665,-2.33569,-566.072,914.701,90.6332,13041.9,9478.65,-2.49181,-0.458095,2.55202,4.24907,1.22871,0.497623,1365.6,131.624,13492.8,0.0894703,0.85567,0.0176528,15263.1,-0.00216005,0.0750434,12.2893,16.0073,124.8,85.9515,1.15646,12.1796,11.5826,123.428,128.263,1.37172,-42.3111 
55,47.2479,5,55,11421.2,-0.361406,24.6302,11.7364,123.74,0.0706069,55.5267,491.355,-5.24817,0.00782105,-5.59274,-3.51209,-0.192015,-619.143,760.681,82.281,12809.2,9537.83,-1.34959,3.9064,2.20441,0.386486,3.70656,0.751034,1253.85,127.115,13302.4,0.0838398,0.849319,0.0172982,14955.3,-0.00240386,0.0596667,12.6985,18.2353,125.552,87.5783,1.1624,12.2272,11.224,123.555,128.589,1.99689,-41.0108 
56,47.2219,2,56,11544.9,-0.0233064,24.3684,11.6088,123.787,0.0126274,-27.7453,489.965,-1.92623,-1.57434,-6.28656,-2.76379,-2.90237,-656.988,688.745,84.8007,12805.6,9220.37,2.21065,2.56254,1.9872,1.37308,1.23451,0.787873,1212.06,132.375,13328.9,0.0811239,0.839542,0.017966,14940.9,-0.00218861,0.0520774,12.7903,19.403,124.942,88.4726,1.16046,12.1205,11.3005,123.521,127.938,1.42107,-39.4651 
57,47.5459,10,57,10878.9,-0.364687,23.6184,11.7562,123.585,0.0645724,-65.3426,478.604,-1.3112,-2.14039,-6.06812,-0.823557,-2.99203,-622.307,63.9776,90.92,12929.9,9176.22,2.6073,1.77811,1.76888,3.09494,0.926468,0.826166,559.668,135.983,13425.6,0.0388981,0.701657,0.0183162,14388.1,-0.00186537,-0.0181211,16.9649,7.67077,111.638,72.4574,1.14545,12.2202,11.5431,123.351,128.36,-11.7133,-55.9021 
58,47.1999,2.5,58,10629.6,-0.0413659,22.9505,11.5269,123.627,0.014091,-20.484,500,-4.2555,-1.83889,-6.10668,-3.90768,-3.08061,-588.548,92.6494,82.356,12640.8,8621.34,-0.549576,1.86704,1.30518,-0.201749,0.625315,0.571539,561.449,124.974,13109.6,0.0399202,0.719665,0.0172578,14064.3,-0.00187583,-0.0165792,18.4683,6.73364,110.116,72.8732,1.13579,12.1247,11.5004,123.448,128.274,-13.3325,-55.4004 
59,47.2059,2.2,59,11121.9,-0.332786,23.9316,11.6717,123.805,0.0986394,31.8408,482.319,0.544621,-2.99413,-3.25593,-5.16854,-5.73572,-593.769,121.382,86.1548,13011.7,9195.12,4.28343,0.744676,4.22169,-1.42974,-1.99691,0.275016,594.341,129.151,13484.7,0.0410356,0.724492,0.0173371,14483.6,-0.00179731,-0.0213144,15.5255,6.74278,110.92,72.0062,1.1679,12.1668,11.5052,123.621,127.637,-12.7006,-55.6306 
60,47.2799,7,60,11457.9,-0.336082,24.1199,11.8987,123.54,-0.0282382,180.87,186.388,-1.45431,-2.79761,-1.00102,-1.077,1.94865,-548.178,548.261,80.7104,12857.1,9508.9,1.99742,0.654116,5.90244,2.37473,5.40039,0.638532,984.905,120.405,13293.7,0.0671033,0.823765,0.0164107,14677.4,-0.00222724,0.0446725,12.9128,20.7442,125.143,91.8905,1.14347,12.405,11.2355,123.348,127.708,1.79507,-35.8172 
61,47.2039,2.2,61,10194.8,-0.364083,22.7193,11.5644,123.229,0.428987,-132.964,497.359,-3.3411,-1.34253,-8.44557,-6.89876,-1.21418,-549.463,117.285,63.7045,12077,10409.7,0.118728,2.11729,-1.52592,-3.43893,2.24565,-2.15805,554.953,103.492,12514.7,0.0412756,0.753946,0.0150051,13445.1,-0.00175779,-0.0174191,17.2008,5.00194,112.599,73.4724,1.11491,11.9594,11.3129,123.107,127.944,-10.5081,-54.4712 
62,47.3039,9,62,10966.7,-0.359727,23.7815,11.7356,123.416,0.402554,-341.786,173.323,-2.6006,-3.72921,-3.13561,-3.18109,-2.20043,-489.204,496.093,66.2965,12475.1,13564.3,0.479789,-0.648826,3.02517,-0.1007,0.879957,0.167856,885.762,101.721,12864.7,0.0626581,0.83266,0.0143564,14136.4,-0.00225564,0.0468471,12.0401,17.436,124.377,89.415,1.11584,12.256,11.3982,123.292,127.598,1.08486,-38.1833 
63,47.2159,1.5,63,11059.6,-0.0126551,23.6517,11.4949,123.408,0.000301967,12.8338,0.511798,-2.95023,-1.19084,-6.57021,-3.77601,-2.18855,-463.373,197.301,82.6246,12880.7,8850.51,-0.0324986,1.7269,-0.734739,-0.858272,0.72918,1.88462,566.395,116.179,13249.8,0.0398485,0.735857,0.0158954,14213.7,-0.00168784,-0.00443238,147.755,5.70376,148,71.9493,1.15693,12.1495,11.4736,123.187,127.621,24.8129,-55.6721 
64,47.2279,2.2,64,11707.5,-0.306357,24.2943,11.8977,123.408,-0.0525135,261.325,483.364,-2.41112,-3.00864,-2.9666,-1.85619,-3.50136,-564.685,508.567,88.0602,13118.3,9856.12,1.14455,0.547031,4.14474,1.69948,0.0543177,0.453929,958.359,128.95,13568.1,0.0641751,0.80941,0.017206,14933.5,-0.00221818,0.0435088,12.8753,19.8483,124.28,91.8468,1.1316,12.4884,11.545,123.227,127.69,1.05345,-35.8433 
65,47.3859,10,65,10172.4,-0.394786,22.4928,11.8109,123.343,0.0714871,49.9485,413.942,1.1112,1.5014,-4.79661,-3.18881,-4.80089,-564.296,303.438,74.525,11992.2,8764.38,4.66442,5.05462,2.30983,0.364412,-1.24767,0.792759,752.92,115.387,12441.7,0.055493,0.788524,0.0167972,13567.8,-0.00169422,-0.00296352,3682.3,5.20583,147.602,71.212,1.06067,12.1728,11.6125,123.075,127.576,24.5267,-56.3636 
66,47.3119,10,66,11057.4,-0.365276,23.6606,11.9019,123.357,0.136544,-89.0944,31.2872,0.924652,-4.67902,-6.26072,-4.2077,-2.46613,-601.46,608.414,87.3454,12526.5,9563.23,4.71189,-0.891784,1.31376,-0.42046,1.32111,0.782293,1087.5,130.899,13005.5,0.0750869,0.826008,0.018203,14483.2,-0.00235614,0.0453851,13.7993,17.7343,125.123,89.1072,1.09396,12.3534,11.6259,123.134,127.394,1.98888,-38.287 
67,47.4259,10,67,10041.8,-0.193759,22.0144,11.7493,123.337,0.279474,-51.5238,1.32835e-08,2.00803,-0.879634,-2.55691,-0.571889,-3.93104,-701.267,146.871,69.7131,12185.7,8888.8,6.42372,3.53606,6.27447,3.8438,0.484646,0.694861,705.456,120.494,12744.3,0.0510015,0.76988,0.0171184,13832.1,-0.00211573,-0.0113221,18.8605,-5.0351,106.718,74.4378,1.05449,12.4711,11.6733,123.082,127.852,-16.3638,-53.4144 
68,47.2719,7,68,11722.6,-0.0192456,24.4387,11.6657,123.383,-0.0144163,-5.80009,500,-6.13042,-3.4835,-7.51971,-6.06923,-8.47407,-601.394,714.671,91.8836,12938.9,9283.48,-2.3436,0.303316,0.0539221,-2.28241,-4.68725,1.00602,1193.7,135.432,13417.9,0.0795052,0.834344,0.0182537,15014.1,-0.00220817,0.0567075,12.1806,17.8696,124.811,87.6998,1.12623,12.3952,11.603,123.126,128.127,1.68498,-40.4274 
69,47.2319,2.5,69,11032.4,-0.0422901,23.0644,11.5836,123.42,0.00398529,4.55071,500,-4.05203,-0.205911,-3.61074,1.08032,-3.20927,-506.71,532.498,71.5429,12264.9,8697.79,-0.861408,2.98471,2.7705,4.27094,-0.0186448,0.697084,936.112,108.235,12668.5,0.0669384,0.831713,0.0154944,13984.7,-0.00199568,0.0423635,14.1238,17.4163,125.048,90.5398,1.08791,12.157,11.5298,123.208,127.611,1.83996,-37.0714 
70,47.2959,9,70,12707.7,0.00658526,25.6962,11.8178,123.525,-0.00972577,-2.9776,4.47359e-12,-1.4133,-3.99102,-3.14962,0.195628,-5.36233,-560.154,692.033,118.641,13836.4,9886.51,2.11384,-0.463879,3.90466,3.72277,-1.83519,0.475335,1138.22,159.203,14282.6,0.0718148,0.803359,0.0201201,15849.3,-0.00214838,0.0509516,12.8374,21.192,124.655,91.2092,1.17105,12.494,11.7353,123.281,128.381,1.37357,-37.1718 
71,47.2259,2.2,71,12035.7,-0.0755247,24.5082,11.7002,123.5,-0.00240122,65.0206,499.826,-4.70274,-4.52437,-4.90296,-1.44222,-4.58944,-593.839,728.025,96.9267,13054.2,9339.77,-0.963495,-0.785126,2.57553,2.29703,-0.850193,-0.132727,1201.04,139.928,13527.2,0.0793599,0.830644,0.0186988,15134.1,-0.00201472,0.060566,12.6205,16.3261,124.822,86.5949,1.13581,12.3209,11.647,123.285,127.589,1.53614,-40.9936 
72,47.2079,2,72,10723,-0.0221426,22.579,11.6843,123.39,-0.00576581,-27.2233,500,-2.73068,0.698917,-2.73606,-1.5328,-4.42956,-716.24,114.316,70.9472,12753.9,8593.29,1.77929,5.20889,6.28388,2.97717,0.0804161,0.615186,684.828,122.812,13324.5,0.0475277,0.761132,0.0166953,14409,-0.00196274,-0.0146688,16.402,5.75361,111.908,74.081,1.11021,12.3564,11.6666,123.216,127.654,-11.3083,-53.5728 
73,47.2639,6,73,10416.3,-0.187775,23.2372,11.392,123.547,0.034203,-14.7039,92.6428,-1.47261,-0.434694,-6.75204,-5.45311,-4.42738,-677.509,606.584,88.884,12044.4,8633.82,2.79348,3.8314,1.78015,-1.18701,-0.161286,0.747738,1146.25,137.944,12584.1,0.0812489,0.826035,0.0197931,14107.8,-0.00248643,0.0552095,12.2525,16.3289,125.916,87.3981,1.08322,12.1304,11.5015,123.157,128.074,2.7592,-40.6756 
74,47.5059,10,74,11127.7,-0.392314,24.1825,11.835,123.459,-0.261892,1038.24,428.661,-2.15034,-2.51281,-4.08399,-3.18343,-4.89581,-659.688,128.111,97.3158,13224.1,18168.3,2.00354,1.64106,4.22377,0.970445,-0.741931,0.478346,653.576,145.085,13749.5,0.044114,0.720214,0.0190673,14815.6,-0.00202171,-0.0166628,-15.285,6.52563,109.704,73.4052,1.15701,12.2465,11.7225,123.222,128.466,-13.5175,-55.0608 
75,47.2169,1.6,75,11227.5,-0.361004,24.2642,11.7381,123.377,0.592562,-1019.66,26.9273,-1.43352,-2.96689,-5.91204,-3.36851,-3.469,-511.435,480.162,106.092,12803.4,28940.8,1.78685,0.253475,0.528698,-0.148144,-0.248633,0.756612,887.539,143.126,13210.8,0.061232,0.779904,0.0195669,14494.7,-0.002318,0.0424493,12.5443,18.948,123.865,91.0053,1.11634,12.1826,11.7417,123.206,128.032,0.659227,-37.0271 
76,47.2139,1.7,76,11043,-0.392846,24.7219,11.5048,123.347,0.0155985,6.5126,448.39,0.908231,-2.16633,-4.50847,-0.921439,-3.12297,-614.107,568.927,71.3842,12695.2,9262.14,4.7751,1.70054,3.22527,2.94543,0.743897,0.759133,1058.09,115.853,13184.3,0.0722838,0.839199,0.0159291,14637.9,-0.00246251,0.0535641,11.8127,16.4434,124.374,88.4279,1.15597,11.9707,11.4988,123.148,128.01,1.22604,-39.5825 
77,47.3459,10,77,11191.4,-0.161008,24.1115,11.6496,123.422,0.40574,-1182.44,0.34418,-1.6255,-1.53805,-5.1985,-1.68431,-1.40263,-627.989,362.391,87.0537,12998.2,24761.8,2.32877,2.41623,2.71006,2.26997,2.55165,0.779252,862.608,132.528,13498.4,0.0584185,0.788107,0.0177645,14766,-0.00242165,0.0387072,-13.6898,-19.4696,124.999,98,1.14757,12.1621,11.4966,123.179,128.909,1.81987,-30.909 
78,47.2149,1.6,78,11500.7,-0.372723,24.8552,11.7513,123.199,-0.254583,175.101,1.12419,-2.23429,-2.90173,-6.64201,1.35072,-2.45334,-624.653,335.606,87.797,13273.1,10959.4,1.69898,1.03154,1.22453,5.28399,1.47993,0.88576,833.165,133.03,13770.7,0.0554817,0.781605,0.0174843,15016.9,-0.00238735,0.0377587,12.6361,20.5919,123.841,98,1.19466,12.1338,11.3318,122.989,128.827,0.851421,-30.827 
79,47.2179,1.7,79,11671.5,-0.0230141,24.9437,11.5037,123.231,-0.0203932,15.8015,500,-1.92479,0.931176,-5.9875,-3.30279,-2.37103,-560.492,597.857,85.1964,13117.1,9351.5,1.60447,4.46044,1.07103,0.226478,1.15823,0.874302,1044.31,125.783,13563.6,0.0695521,0.825913,0.016796,15014.8,-0.00229208,0.0492973,13.1709,17.5677,125.21,90.0705,1.16671,12.1865,11.496,122.979,128.219,2.23107,-38.1483 
80,47.4659,10,80,11405,-0.308421,23.5926,11.983,123.461,0.0180706,90.113,40.4251,-1.26481,-2.16345,-3.49539,-3.15409,-3.25922,-559.348,138.414,74.4756,13135,9256.11,2.25726,1.35861,3.54874,0.367975,0.26284,0.544766,583.955,114.979,13580.5,0.0400742,0.743732,0.0153567,14571.9,-0.00165328,-0.0176992,18.9841,6.63819,109.648,71.6281,1.14698,12.3871,11.6105,123.308,128.439,-13.6604,-56.8109 
81,47.2119,1.7,81,10675.4,-0.173887,23.8799,11.3675,123.411,0.0235516,357.037,480.891,-1.49396,-5.301,-4.88383,-4.6199,-4.20435,-614.839,114.323,73.2018,12826.7,9110.49,2.37752,-1.42953,2.85912,-0.748425,-0.332873,-0.0489057,604.065,117.724,13316.5,0.0421832,0.745684,0.0160241,14320,-0.00204935,-0.0181337,15.9198,5.74996,113.099,72.904,1.17825,12.1062,11.2829,123.28,128.351,-10.1812,-55.4473 
82,47.2879,8,82,12155.3,-0.155152,25.5001,11.7004,123.348,0.114342,-107.167,1.10875,-1.11526,-1.17835,-0.901454,-0.492658,-1.50707,-531.749,671.876,92.3568,13395.8,10111.5,2.23302,2.16993,5.7951,2.85562,1.84121,0.610933,1095.43,130.862,13819.4,0.0714597,0.827091,0.0171447,15329.4,-0.00217896,0.0480903,13.6267,19.7423,125.291,90.9558,1.17366,12.2477,11.5675,123.104,129.283,2.18765,-38.327 
83,47.2099,2,83,10906.8,-0.308552,23.0664,11.7879,123.025,0.366517,180.182,405.984,-1.58537,-1.13403,-3.64661,-2.47605,-2.98076,-638.47,207.272,84.5111,12593.2,11001.2,2.43491,2.88625,4.39395,1.54423,1.03952,0.642735,715.837,130.744,13101.8,0.0503731,0.757789,0.0180507,14210.7,-0.00167299,-0.0120019,16.1338,6.04051,106.476,70.3232,1.10289,12.2539,11.6958,122.887,128.351,-16.4115,-58.0273 
84,47,10,84,11093.2,-0.343473,24.0707,11.6287,123.193,0.613837,-387.659,466.328,0.322418,1.37908,-1.5566,-0.0678742,-0.393062,-624.458,136.029,97.2449,12933.8,16858.4,4.25446,5.31112,6.30749,3.86417,3.53898,0.729016,633.433,142.463,13431.2,0.043783,0.717573,0.0191646,14467.5,-0.00171253,-0.0180233,18.1768,5.99157,110.608,74.2898,1.16668,12.1111,11.443,123.012,128.228,-12.4044,-53.9382 
85,47.2299,2.5,85,12418.2,-0.170424,25.3455,11.9556,123.299,0.0921778,-425.595,3.44347e-10,-0.815194,-0.327353,-1.9985,-4.69862,-2.11693,-622.73,832.373,105.194,13418.9,11141.4,3.10597,3.59381,5.84383,-0.777461,1.80423,0.569369,1328.4,150.288,13914.9,0.0848235,0.834735,0.0195075,15660.8,-0.00213689,0.0610188,13.1334,18.0615,124.864,88.5571,1.13116,12.4374,11.8973,123.08,128.895,1.78466,-40.338 
86,47.2239,2,86,11530.4,-0.378881,24.8213,11.8214,123.352,0.140411,-97.7616,113.146,-4.57681,-1.55933,-5.87077,-5.06179,-2.80926,-721.698,629.387,82.3952,12969.5,9998.76,-0.0324729,2.98501,3.21792,-0.517445,1.73508,0.564445,1204.25,134.655,13544.4,0.0794621,0.836344,0.0179844,15155,-0.00231929,0.0483594,12.9734,21.3856,124.82,92.1825,1.14865,12.1916,11.4317,123.12,128.814,1.69965,-36.6317 
87,47.2399,3.5,87,11419.4,-0.332762,24.56,11.6361,123.323,-2.0724e-05,421.224,56.3622,-4.46215,2.40122,-3.11898,-6.12708,0.60865,-513.987,752.865,79.8678,12609.5,9303.44,-1.22571,5.63766,3.3539,-2.89064,3.84509,0.615391,1162.27,117.087,13018.9,0.0797625,0.850128,0.0162972,14571.7,-0.00217879,0.0613005,12.9763,16.3236,124.783,88.4391,1.11419,12.0573,11.7023,123.082,128.808,1.70042,-40.3687 
88,47.2199,1.7,88,11462,-0.0272068,24.3786,11.6393,123.411,0.00458971,20.4818,5.24307,-0.520702,0.0166846,-7.8037,-0.985419,-5.34304,-740.995,451.261,100.841,13185.2,9240.04,4.14515,4.68253,1.528,3.68043,-0.677188,0.88562,1041.49,154.498,13775.4,0.0683834,0.793902,0.0202419,15230.2,-0.00244643,0.038249,13.2879,-21.0485,123.898,94.5078,1.13994,12.3045,11.6734,123.196,128.35,0.702873,-33.8419 
89,47.2559,6,89,11155.2,-0.371514,24.6189,11.5536,123.172,0.363941,-1327.49,8.18056,-3.57034,0.402179,-3.99688,-1.19015,-4.54657,-643.368,838.285,66.9108,12562.9,24986.8,0.480782,4.4533,4.10536,2.86097,-0.495451,0.640037,1350.75,113.499,13075.3,0.091154,0.871805,0.0157385,14818.3,-0.00242304,0.0760683,11.7633,14.7295,124.616,84.3572,1.1572,12.0295,11.2904,122.928,128.49,1.68724,-44.1331 
90,47.2479,5,90,11814.1,-0.409978,25.7958,11.7504,123.242,0.122002,62.6115,179.646,-2.29165,0.25676,-1.09534,-3.85941,-2.16227,-539.828,790.633,59.3425,13212.3,10115.9,1.1075,3.65591,5.70296,-0.460254,1.23688,0.492755,1220.63,98.4328,13642.3,0.0799249,0.87633,0.013117,15272.2,-0.00236669,0.0761818,12.1728,13.5318,125.083,85.3059,1.18452,12.1184,11.5011,122.944,128.864,2.13863,-43.5576 
91,47.2219,2,91,12211.7,-0.312436,25.7764,11.6704,123.344,-0.0323334,200.287,0.161806,-2.35304,-0.592342,-1.31336,-2.77618,0.40318,-541.203,786.575,105.592,13171.1,10003.5,1.05477,2.81547,5.50227,0.631632,3.81099,0.601722,1217.66,144.782,13602.2,0.0799626,0.827761,0.0192304,15227.9,-0.00206535,0.0626619,12.5377,17.7261,125.211,86.9316,1.17784,12.1073,11.5286,123.132,128.125,2.07807,-41.1934 
92,47.5459,10,92,10886.8,-0.288852,22.8048,11.806,123.415,-0.0134796,-8.9187,165.873,-3.05226,-1.27413,-4.04361,-1.23667,-4.69279,-559.985,126.228,82.8744,12529.8,8768.37,0.473821,2.25195,3.00855,2.2894,-1.16671,0.561245,572.277,123.424,12975.8,0.0410606,0.725991,0.0172201,13937.4,-0.00156923,-0.0146276,18.7287,6.45261,109.367,72.8628,1.0951,12.2869,11.6661,123.204,128.604,-13.8375,-55.7408 
93,47.1999,2.5,93,11132.6,-0.307426,24.1075,11.4769,123.194,0.48883,739.892,1.52541,-5.77181,-1.6244,-3.77376,-1.77586,-4.99653,-520.258,124.837,81.427,12826.6,20780.8,-2.49588,1.65153,2.7781,1.50007,-1.7206,-0.621572,539.242,119.1,13241,0.0380352,0.721233,0.0162994,14177.4,-0.00155216,-0.01586,17.4174,7.27465,109.798,72.2006,1.17859,11.907,11.4017,123.003,128.199,-13.2048,-55.9981 
94,47.2059,2.2,94,11110.5,-0.273903,23.2173,11.7326,123.227,-0.0719934,-195.057,439.784,0.311896,0.672576,-3.87481,-2.34858,-0.993067,-468.283,149.704,88.7886,12658.7,9324.59,3.26055,3.62123,2.02249,0.60007,1.95558,0.823516,522.708,122.698,13031.7,0.0374825,0.708824,0.0170484,13945.4,-0.00141167,-0.0152917,16.9513,7.4316,108.642,72.4091,1.11971,12.1403,11.6,123.017,128.95,-14.3749,-56.541 
95,47.2799,7,95,11332.7,-0.31577,24.2136,11.6452,123.275,0.246685,-574.171,262.774,0.387052,-0.436774,2.62171,-3.73465,-3.58441,-528.657,559.918,80.2863,12697.1,13789.9,3.71586,2.89204,9.27934,-0.405837,-0.255595,0.390552,981.013,118.568,13118.2,0.06769,0.825417,0.0163771,14492.7,-0.00214917,0.0447884,14.1098,16.3062,124.9,89.689,1.13553,12.0561,11.5716,123.136,128.58,1.76364,-38.8909 
96,47.2039,2.2,96,11318.7,-0.0363124,23.3718,11.7015,123.135,-0.000841878,-1.05325,490.8,-1.26629,-1.46013,-5.41203,-3.36292,-2.2668,-578.12,130.789,81.53,13048.1,8902.84,2.37398,2.18014,1.86851,0.277348,1.37347,0.768561,591.283,123.393,13508.6,0.0407637,0.732492,0.0165481,14505.1,-0.00164438,-0.0122474,18.0951,7.21478,108.239,73.0947,1.13654,12.3144,11.6574,122.954,129.717,-14.715,-56.6225 
97,47.3039,9,97,11082.5,-0.233231,23.9354,11.6088,123.365,0.0349704,-2.33478,0.000168041,0.681859,2.52861,-2.72881,-1.57607,-2.00794,-540.562,515.98,77.8054,12644,9048,4.08563,5.93239,4.07874,1.8277,1.39583,0.764511,946.557,116.949,13074.6,0.0656722,0.822223,0.0162101,14413.4,-0.0023176,0.0408338,13.9828,18.727,125.758,91.1471,1.14055,12.0758,11.4209,123.164,128.355,2.59409,-37.2075 
98,47.2159,1.5,98,10937.2,0.00745901,23.6418,11.5094,123.331,-0.00465533,8.46593,2.81376e-12,-0.375701,0.0028911,-5.91253,-5.4213,-4.54199,-608.582,220.35,80.8717,12901.5,8859.18,3.45637,3.83497,1.75162,-1.58922,-0.709915,0.740263,705.108,124.941,13386.3,0.0486517,0.763307,0.0169026,14493,-0.00186348,-0.0137189,-15.4373,-6.17268,107.652,71.7788,1.16304,12.0375,11.5153,123.13,128.554,-15.4785,-56.7752 
99,47.2279,2.2,99,11978.7,-0.379789,25.4884,11.8981,123.535,0.057135,4.90975,86.8373,-1.64722,3.00623,-2.1181,-6.03491,-1.38572,-576.993,609.721,81.6555,13460.1,9881.37,1.98595,6.6394,5.14823,-2.40174,2.24745,0.621989,1069.32,123.437,13919.7,0.0694063,0.831939,0.0160728,15406.6,-0.00236844,0.0482352,12.8403,20.9549,124.446,91.4793,1.20831,12.2075,11.3015,123.351,128.823,1.09424,-37.3439 
100,47.3859,10,100,11339.3,-0.379436,24.3395,11.8874,123.336,0.00125495,452.87,282.972,1.19015,1.2307,-4.04937,-5.06746,-4.01297,-545.235,249.527,65.6698,13188.6,9437.3,4.62335,4.6639,2.81703,-1.63426,-0.579769,0.715171,683.827,105.152,13622.9,0.04647,0.787962,0.0140193,14715.5,-0.00178183,-0.00205751,3975.26,4.67232,129.521,71.758,1.19438,12.2166,11.2938,123.25,128.643,6.27053,-56.8854 
101,47.3119,10,101,11183.7,-0.0203256,24.5074,11.5618,123.25,0.00414756,11.791,0.000158524,-2.06693,-2.77884,-2.69645,-3.8762,-5.91716,-703.197,573.757,67.0705,13068.1,9225.53,2.36092,1.649,6.15924,0.551651,-1.48932,0.332802,1133.88,117.991,13628.2,0.0747401,0.845949,0.0156982,15171,-0.00268711,0.0448291,13.2783,19.473,124.495,89.9314,1.16073,12.1501,11.5417,123.173,128.976,1.32264,-39.0446 
102,47.4259,10,102,11165.5,-0.319274,23.6667,11.7777,123.502,0.147401,65.5621,462.719,-0.61442,1.11719,-3.44617,-6.40777,-3.60836,-577.293,170.904,76.6225,12933,9388.46,3.02064,4.75225,3.82394,-2.77271,0.026699,0.567956,630.739,118.426,13392.9,0.0437242,0.752686,0.0160276,14425.4,-0.00169888,-0.0141588,18.2698,6.73378,107.057,71.5915,1.14372,12.1691,11.6512,123.314,127.526,-16.2562,-55.9342 
103,47.2719,7,103,11983.8,-0.33424,25.3934,11.7114,123.308,-0.84215,773.404,459.826,0.751257,0.451514,0.553848,-5.47951,-3.83625,-524.182,736.852,86.0593,13157,30883.8,4.05189,3.75215,7.15512,-2.17888,-0.535614,0.415654,1154.38,124.017,13574.5,0.0762667,0.841748,0.0165509,15136.1,-0.00215947,0.0606167,12.3881,16.5532,124.901,87.1292,1.1834,12.1434,11.4411,123.123,128.452,1.77803,-41.3231 
104,47.2159,7,104,13949.6,-0.363237,29.6155,11.6222,123.555,-0.254644,255.436,183.478,-4.30348,-0.0778404,-7.93755,-4.94052,-2.57377,-535.368,3364.69,82.3687,12506,13322.2,-0.93241,3.29323,-1.19541,-1.56945,0.797304,4.03979,3791.13,121.136,12932.5,0.221554,0.947044,0.016962,17111.6,-0.00198186,0.353024,11.0603,10.7041,124.472,81.7669,1.12049,12.1146,11.5419,123.212,128.89,1.25999,-47.1227 
105,47,10,105,11708.5,-0.214049,23.8759,12.0415,123.299,0.162225,0.136835,499.98,-4.82581,-1.58569,-7.66335,-6.00076,-3.73855,-622.25,160.238,109.474,13423.7,9359.85,-0.907669,2.33246,0.172945,-2.08262,0.179597,1.5665,655.884,154.532,13919.4,0.0437464,0.708057,0.0200411,14992.8,-0.00164235,-0.019863,13.1172,6.75576,115.349,74.054,1.13057,12.3696,12.0167,123.193,129.535,-7.84394,-55.4814 
106,47,10,106,11423.4,-0.045902,23.1061,11.8835,123.314,0.0207043,-40.634,500,-3.20443,-1.12596,-7.51394,-7.63588,-3.31115,-545.335,151.543,89.43,12933.1,8965.93,0.229403,2.30788,-0.646281,-4.20205,0.122678,0.704675,585.923,128.919,13367.5,0.0408183,0.721997,0.0174556,14354.4,-0.0014518,-0.0178714,16.6089,6.63385,108.751,73.4669,1.11687,12.3858,11.7195,123.082,128.534,-14.3305,-55.0667 
107,47,10,107,11169.1,-0.18163,24.1422,11.3892,123.498,0.0759311,422.206,499.827,0.217926,2.71552,-2.04598,-3.57296,0.641242,-628.335,98.7983,85.4587,13080.8,9994.46,4.17438,6.67197,5.86693,0.383494,4.5977,0.729566,599.29,130.958,13581.3,0.041081,0.723373,0.0174526,14588,-0.00171437,-0.0183598,17.0979,7.15098,108.853,74.2323,1.18451,11.967,11.4941,123.376,128.808,-14.5229,-54.5755 
108,47,10,108,11068.6,-0.351838,23.5472,11.9048,123.21,0.53424,-406.188,481.007,-4.42176,-0.978633,0.508691,-5.34336,-3.65528,-655.89,101.772,93.6588,13027.5,16189.6,-0.291793,3.15133,8.76862,-1.2134,0.474682,0.19476,624.213,141.153,13549.9,0.0428111,0.716472,0.0188284,14580.6,-0.00184386,-0.0200952,13.2146,6.43025,112.709,74.5476,1.14441,12.2961,11.5801,123.013,129.156,-10.3039,-54.6081 
109,47,10,109,10717.6,-0.163432,23.0086,11.5794,123.259,-0.531829,417.227,499.956,-1.16234,0.422857,-4.54227,-1.73366,-2.26242,-612.503,55.5385,65.1154,12671.9,15896.4,2.69443,4.27963,3.17126,2.12311,1.59434,0.771239,543.42,109.468,13159.8,0.038546,0.739358,0.0150921,14098,-0.00183687,-0.0219885,14.1867,6.47565,114.939,74.5477,1.12295,12.0987,11.6933,123.183,128.529,-8.24365,-53.9817 
110,47,10,110,11022.2,-0.382858,24.214,11.6806,123.219,0.0735728,-47.9318,105.278,2.28487,-0.565316,-3.45583,-3.66683,-2.99629,-644.683,73.2382,74.9521,13200.5,9322.01,6.34427,3.49408,4.66296,0.392565,1.0631,0.707779,586.752,121.635,13714,0.039882,0.733794,0.0160757,14712.2,-0.00204135,-0.0188522,12.7163,7.18682,114.697,73.4693,1.19117,12.1402,11.4198,123.021,128.669,-8.3231,-55.1993 
111,47,10,111,11955.2,-0.208503,25.6663,11.6496,123.148,0.0126665,206.125,3.69338e-07,-2.76804,-0.360685,-4.70705,-0.702612,-0.959004,-588.24,81.9939,77.0502,13996.2,9818.47,0.935954,3.34331,2.70094,3.00138,2.74499,0.787772,550.549,119.646,14464.7,0.0356361,0.724474,0.0150084,15449.2,-0.00192262,-0.0206826,15.2849,6.82728,114.174,72.6046,1.23166,12.089,11.7775,122.994,129.412,-8.82071,-56.8071 
