cyc,state,freq,VVA,sweep,HFT time,wait time,square time,cyc,ROIsum,fBg,fA1,fWidth1,fCtr1,fA2,fWidth2,fCtr2,box1,box2,box3,box4,box5,box6,box7,box8,box9,Nfit,BZ-2,BZ-1,BZ0,BZ1,BZ2,Excited,c5,c7,c9,fraction95,fraction75,fraction97,sum95,two2D_bg,two2D_a1,two2D_sh1,two2D_sv1,two2D_ch1,two2D_cv1,two2D_a2,two2D_sh2,two2D_sv2,two2D_ch2,two2D_cv2,two2D_chd,two2D_cvd
0,75,47.3227,2.4,46.05,0.2,-0.19,-0.01,0,3426,-0.00369523,9.17115,9.27709,99.493,-0.00123754,6.70989,3.0254e-12,0.0174557,-0.438264,4.74426,-1.11082,-3.34605,-31.0754,358.498,-4.97144,3517.22,2769.96,0.213129,-0.242591,5.13561,-0.915149,-3.15038,-3.93513,402.085,-1.74282,3560.81,0.119755,1.00764,-0.000902426,3357.55,-0.000317653,0.0605983,9.34744,8.91946,98.885,68.4197,0.445548,9.12611,10.0179,99.2116,118.363,-0.326583,-49.9435 
1,97,43.248,4.2,48.55,-0.2,0.19,0.01,1,8236.71,-0.0710527,20.0228,9.3379,99.4262,0.0520112,14.7133,495.266,2.43826,2.95357,3.17833,0.272094,-5.60983,-75.3786,3452.27,33.1677,5024.74,6111.44,2.9129,3.42821,4.12761,0.746733,-5.13519,0.321146,3558,40.9992,5130.47,0.455203,0.980233,0.0145073,7816.29,-4.91753e-06,0.598689,8.7627,8.1276,99.4221,68.4864,0.661679,9.32594,9.45774,98.8798,118.07,0.542241,-49.5831 
2,97,43.248,0,48.55,-0.2,0.19,0.01,2,10293.4,-0.075088,24.3233,9.54243,99.0923,-0.0356433,169.426,291.929,-0.541597,-0.401219,9.0538,-0.535025,-7.50073,-116.445,4678.66,-16.4079,5914.58,7752.32,0.191627,0.332006,10.5203,0.1982,-6.7675,-1.35112,4841.99,-4.30974,6077.91,0.48975,1.00156,-0.00130791,9886.65,-0.000113845,0.758167,9.24142,8.24694,99.0606,67.596,0.746867,9.58512,9.73985,98.4814,117.02,0.579156,-49.4244 
3,75,46.2227,0,46.05,0.2,-0.19,-0.01,3,3626.69,-0.0566458,9.86474,9.12833,99.4071,0.113191,-45.0846,300.928,1.02086,2.13586,1.87478,-3.47337,-1.72399,-27.1082,-84.6326,-11.9865,4105.33,3097.5,1.19155,2.30655,2.21617,-3.30268,-1.5533,-1.58207,-46.6107,-9.1701,4143.35,-0.0137398,0.743886,-0.00409365,3392.37,-0.000412772,0.00942889,14.8074,9.83213,123.926,52.7779,0.559616,8.74484,9.81068,99.0455,118.184,24.8809,-65.4058 
4,75,47.3227,2.4,46.05,0.2,-0.19,-0.01,4,3893.94,0.00169685,9.55438,9.74118,99.0862,-0.00887366,6.33077,0.974531,2.60995,1.566,0.501316,-5.00128,-2.71311,-30.3919,425.885,7.85529,3802.04,3031.6,2.80132,1.75737,0.884055,-4.80991,-2.52174,1.46802,468.512,11.0129,3844.67,0.128023,0.96049,0.00524893,3659.59,-0.000218317,0.0676348,9.54234,8.95561,99.6101,68.3947,0.442732,9.74342,10.3281,98.7078,117.811,0.902297,-49.416 
5,97,43.248,4.2,48.55,-0.2,0.19,0.01,5,8563.74,-0.0127951,21.1535,9.21872,99.2473,-0.0180297,4.65958,500,0.884313,3.33959,2.30369,-1.71805,-2.74787,-105.937,3590.53,32.7877,5348.53,6350.89,1.55137,4.00665,3.63781,-1.051,-2.08082,0.400099,3739.12,43.7941,5497.11,0.450403,0.979915,0.0144633,8301.72,-0.000170034,0.629845,8.94053,7.95188,99.2953,68.6912,0.72357,9.23867,9.30542,98.6981,118.057,0.597254,-49.3656 
6,97,43.248,0,48.55,-0.2,0.19,0.01,6,9690.47,-0.0450624,22.6631,-9.65414,98.8885,0.0532611,-152.367,499.988,1.96858,3.52785,5.80896,-1.95512,-3.6569,-95.6198,4213.34,33.5754,5673.96,7386.61,2.57067,4.12994,7.01314,-1.35302,-3.05481,0.246378,4347.46,43.5099,5808.08,0.474191,0.982787,0.0136119,9168.16,-2.6032e-05,0.717622,9.24492,8.00357,98.9142,68.27,0.741174,9.6025,9.2692,98.3071,117.601,0.60707,-49.3307 
7,75,46.2227,0,46.05,0.2,-0.19,-0.01,7,3395.3,-0.0587408,9.14425,9.5197,99.2455,0.126924,31.167,2.66945e-12,-0.0874157,1.03311,-1.06314,-0.966464,-1.92906,-15.5239,-121.094,3.57857,3890.58,2962.56,0.0103343,1.13086,-0.867638,-0.868714,-1.83131,0.642427,-99.3206,5.19144,3912.35,-0.0315511,1.10068,0.0024384,3147.93,-0.000410598,0.0101292,-12.7511,8.74411,119.226,52.5461,0.51067,9.1609,9.703,98.9537,117.914,20.2727,-65.3677 
8,75,47.3227,2.4,46.05,0.2,-0.19,-0.01,8,3974.26,-0.00989611,9.78231,-9.79472,98.6861,0.00978821,-2.11244,2.11916e-12,1.43999,0.912563,7.81938,-4.59449,-3.35019,-22.4726,408.939,20.9335,3896.83,3119.77,1.5815,1.05407,8.10239,-4.45299,-3.20868,-1.63382,440.459,23.2683,3928.35,0.119011,0.915375,0.0107934,3700.99,-0.000186735,0.0764786,9.45187,8.1714,98.8449,67.7852,0.459277,9.73042,10.0766,98.0395,116.999,0.805362,-49.2135 
9,97,43.248,4.2,48.55,-0.2,0.19,0.01,9,8448.38,-0.0728602,21.0177,9.12441,99.0358,0.0322038,33.041,472.673,4.36139,-0.0309775,0.632774,-2.48817,-2.20525,-96.5603,3546.26,38.5187,5116.79,6277.52,4.9694,0.577037,1.8488,-1.88015,-1.59724,0.528107,3681.69,48.5509,5252.23,0.457863,0.977443,0.0167431,8041.04,4.40108e-05,0.651497,8.4857,7.91496,99.0763,68.1127,0.701906,9.16234,9.2133,98.3696,117.261,0.706709,-49.1486 
10,97,43.248,0,48.55,-0.2,0.19,0.01,10,9316.93,-0.0818833,22.7653,-9.29764,99.2392,0.0947573,142.988,86.0928,0.123862,1.7274,4.2076,-2.47538,-3.32191,-82.8566,4056.89,41.7086,5494.09,7331.42,0.645588,2.24912,5.25105,-1.95366,-2.80018,-0.548105,4173.1,50.3171,5610.3,0.472624,0.979335,0.0162528,8829.66,-5.00642e-05,0.702888,8.84027,8.13329,99.1449,69.2885,0.715903,9.27862,9.67099,98.7269,118.702,0.417998,-49.4131 
11,75,46.2227,0,46.05,0.2,-0.19,-0.01,11,3730.59,-0.0277965,9.72846,9.14681,98.8346,0.0735693,-40.8951,499.992,3.53542,2.1898,6.06579,0.34098,-4.40317,-35.8393,-40.8258,-3.79106,4046.55,2994.68,3.76109,2.41547,6.51713,0.566651,-4.1775,0.282478,9.44232,-0.0674964,4096.82,0.00276917,1.01267,-3.03502e-05,3409.8,-0.00012955,0.0167968,-3.96808,7.56686,107.568,59.5756,0.532496,8.9097,9.85669,98.6442,118.16,8.92386,-58.5847 
12,75,47.3227,2.4,46.05,0.2,-0.19,-0.01,12,3846.33,-0.0130445,9.31063,-9.80507,98.7819,0.0357093,7.03541,4.5356e-12,1.80564,3.50092,3.65561,-1.82322,-0.472544,-43.7427,365.276,5.68347,3797.6,2980.01,2.08108,3.77635,4.20648,-1.54779,-0.197108,0.494353,426.629,10.2282,3858.96,0.117543,0.959734,0.00485878,3629.56,-0.000204423,0.0625263,10.0526,9.32684,98.2466,68.3016,0.438247,9.97057,10.0056,98.3202,117.099,-0.0736762,-48.7969 
13,97,43.248,4.2,48.55,-0.2,0.19,0.01,13,8516.67,-0.0565249,20.8832,9.30224,99.1831,-0.287253,234.151,500,3.94321,1.2832,-1.32097,-6.37935,-3.25127,-118.256,3629.71,36.082,5169.35,8513.39,4.68784,2.02783,0.168284,-5.63472,-2.50665,1.13383,3795.57,48.3684,5335.21,0.461535,0.978186,0.016426,8223.8,-8.2192e-05,0.626012,8.84352,8.17032,99.2697,68.5623,0.678695,9.32115,9.50385,98.6599,117.854,0.609793,-49.292 
14,97,43.248,0,48.55,-0.2,0.19,0.01,14,9454.46,-0.0663762,22.4591,-9.48071,98.8873,0.05778,39.4437,139.27,0.691831,5.58635,1.65292,-0.120306,2.25335,-117.299,4450.61,-0.434867,5280.62,7005.72,1.43043,6.32495,3.13012,0.618293,2.99195,0.784066,4615.13,11.752,5445.14,0.505236,0.995564,0.00396,9134.6,-6.42216e-05,0.719572,9.30866,8.17598,98.8835,67.9361,0.688939,9.44812,9.50481,98.2225,117.06,0.660938,-49.1238 
15,75,46.2227,0,46.05,0.2,-0.19,-0.01,15,3548.65,-0.0755862,9.12359,9.38816,98.8913,0.184054,13.044,32.6611,3.32435,-1.6382,2.95851,-2.7336,-2.63786,-63.7361,-59.8435,13.7198,3831.97,2866.47,3.72568,-1.23687,3.76117,-2.33227,-2.23653,-1.23722,29.5526,20.3417,3921.36,0.00899818,0.453604,0.0094653,3284.28,-6.28733e-05,0.123279,-0.0612677,3.64285,106.333,57.0651,0.511422,9.06167,9.54637,98.6745,117.895,7.65812,-60.8298 
16,75,47.3227,2.4,46.05,0.2,-0.19,-0.01,16,3997,-0.0321338,10.2141,9.46142,98.8374,-0.0332765,68.6558,500,1.79393,1.07447,5.09189,-2.77687,-3.17533,-31.5731,351.797,-7.12354,4004.16,3220.32,1.99273,1.27328,5.48951,-2.57806,-2.97652,-0.714969,396.081,-3.84322,4048.45,0.105445,1.01727,-0.00175179,3756.29,-0.000308426,0.0720129,9.56434,8.32582,98.6394,69.0223,0.477663,9.53285,10.3084,98.4847,119.112,0.154754,-50.0897 
17,97,43.248,4.2,48.55,-0.2,0.19,0.01,17,8626.01,-0.0336516,20.8428,9.30376,99.304,-0.0157951,38.1083,29.3334,1.92981,2.20291,1.75463,-1.25459,-4.05746,-87.0605,3697.33,46.5602,5206.88,6332.21,2.478,2.75111,2.85102,-0.706398,-3.50926,0.262249,3819.44,55.6054,5328.99,0.463384,0.975156,0.018859,8242.5,-6.66261e-05,0.63377,8.81189,8.16785,99.429,69.1587,0.677067,9.47823,9.48893,98.7162,118.713,0.712759,-49.5547 
18,97,43.248,0,48.55,-0.2,0.19,0.01,18,9400.77,-0.0820806,22.1907,9.62144,99.5361,0.31882,-1741.68,9.18594,0.0379202,4.74087,0.771719,-3.10285,-9.59663,-85.1945,4111.09,48.4124,5587.17,25026.6,0.574368,5.27732,1.84461,-2.56641,-9.06018,1.46933,4230.58,57.2638,5706.66,0.471789,0.976861,0.0181492,8967.11,-7.90237e-06,0.655376,9.17475,8.34437,99.4901,68.6598,0.71996,9.55104,9.4712,98.8795,117.924,0.610598,-49.2642 
19,75,46.2227,0,46.05,0.2,-0.19,-0.01,19,3560.05,-0.0903426,9.49544,9.22283,99.226,0.0407394,187.386,35.9133,2.0617,0.73485,-0.712145,-2.73199,-5.23982,-21.8959,-50.3524,-2.6209,3932.97,3099.36,2.19957,0.872722,-0.4364,-2.59412,-5.10194,0.913758,-19.6413,-0.346003,3963.68,-0.00600612,0.970094,-0.000160829,3270.21,-0.00022563,0.0108688,-16.2675,6.3977,122.147,53.957,0.538178,8.81187,9.53047,98.8591,118.257,23.2878,-64.2998 
20,75,47.3227,2.4,46.05,0.2,-0.19,-0.01,20,3456.49,-0.0126752,8.66511,9.81031,98.8433,-0.0397956,22.3403,500,-1.04066,1.87248,-1.27125,-3.44485,-2.16032,-9.27785,389.642,12.72,3423.32,2796.21,-0.982239,1.9309,-1.15441,-3.38643,-2.1019,0.797262,402.655,13.6839,3436.34,0.123711,0.943866,0.00728208,3254.81,-0.000205828,0.0680662,9.76229,8.1578,98.4405,68.4228,0.423613,9.5234,9.76673,98.3847,117.441,0.0558394,-49.0187 
21,97,43.248,4.2,48.55,-0.2,0.19,0.01,21,8193.89,-0.0764007,19.8164,9.41693,98.8382,-0.174193,200.274,367.364,-1.88634,0.658377,6.7008,-0.518637,-7.11728,-62.0105,3580.66,27.2429,4840.31,7210.44,-1.49587,1.04884,7.48173,-0.128173,-6.72682,-40.6335,3667.64,33.6856,4927.28,0.472799,0.984181,0.012437,7757.28,-4.90465e-05,0.615192,8.96235,8.05493,98.8205,68.9579,0.638977,9.3741,9.448,98.0957,118.262,0.724777,-49.3042 
22,97,43.248,0,48.55,-0.2,0.19,0.01,22,9101.81,-0.106505,22.4932,9.32652,99.1813,0.0875085,-90.4318,50.3099,-1.82159,-0.91302,0.576807,-1.26296,-3.08311,-68.7038,4309.46,-13.5273,5191.63,7086.74,-1.38898,-0.48041,1.44203,-0.830352,-2.6505,1.36897,4405.82,-6.3892,5288,0.500954,1.00254,-0.00223068,8794.86,-3.80667e-05,0.743278,8.84148,7.96098,99.2014,67.6317,0.721607,9.09384,9.09476,98.541,116.72,0.66047,-49.0881 
23,75,46.2227,0,46.05,0.2,-0.19,-0.01,23,3231.48,-0.0354331,-8.77878,8.98823,98.6216,-0.0599538,41.0128,0.00137743,-0.957043,1.51835,1.82088,1.38587,-3.04344,-59.2096,-61.7052,3.52405,3665.32,2648.69,-0.584217,1.89118,2.56653,1.7587,-2.67061,0.133389,21.342,9.6757,3748.36,0.00681311,0.557604,0.00473255,3132.48,-3.51988e-05,-0.0145712,-8.02576,6.85285,114.199,77.8797,0.497468,8.70329,9.42926,98.2669,117.351,15.9321,-39.4716 
24,75,47.3227,2.4,46.05,0.2,-0.19,-0.01,24,3555.48,-0.092682,9.2122,9.73763,98.8804,0.260244,-50.4076,498.208,-0.202862,0.0251147,0.594871,-4.03749,-3.03732,-68.2479,401.405,13.0448,3660.83,3347.24,0.226877,0.454853,1.45435,-3.60775,-2.60758,1.35652,497.129,20.1355,3756.56,0.137516,0.93381,0.00977733,3615.07,-0.000317729,0.0576982,10.3963,8.73379,97.7292,68.7458,0.440427,9.29614,10.2912,98.6065,117.909,-0.877276,-49.1629 
25,97,43.248,4.2,48.55,-0.2,0.19,0.01,25,8465.05,-0.0222717,20.4621,9.50398,98.5972,-0.00944416,23.1314,500,0.174209,-0.29387,7.28507,-4.43709,-1.87311,-118.456,3654.75,55.6071,5222.42,6337.8,0.920095,0.452016,8.77684,-3.6912,-1.12723,-0.646525,3820.9,67.9142,5388.57,0.460715,0.969833,0.02269,8293.41,-0.000255846,0.599583,9.35453,8.19686,98.6654,67.4126,0.674425,9.51239,9.48125,97.9839,116.472,0.681557,-49.0596 
26,97,43.248,0,48.55,-0.2,0.19,0.01,26,9449.53,-0.019556,23.0371,-9.35851,99.0548,0.0082988,-25.3129,1.42454,-2.24451,0.145479,3.26823,-1.29246,-7.55427,-77.5327,4449.26,-10.4945,5421.29,7025.12,-1.7563,0.633682,4.24464,-0.804255,-7.06607,1.89393,4558.01,-2.43911,5530.04,0.498255,1.00094,-0.000813151,9147.94,-0.000133572,0.752125,8.92097,8.07531,99.1022,68.5933,0.728374,9.39236,9.24111,98.5027,117.865,0.599503,-49.2713 
27,75,46.2227,0,46.05,0.2,-0.19,-0.01,27,3546.53,-0.00502558,9.55789,9.21783,98.8924,0.00361156,-11.734,500,0.75768,0.961779,-3.4784,-3.04665,-4.20594,-15.5091,-72.6827,4.76734,4097.03,2869.42,0.855337,1.05944,-3.28309,-2.949,-4.10828,0.610344,-50.9297,6.37867,4118.78,-0.0151232,1.2807,0.00284472,3367.66,-0.000370836,0.0118283,-16.7173,-6.94579,120.509,50.7652,0.528572,9.10941,9.66277,98.5311,117.398,21.9783,-66.6332 
28,75,47.3227,2.4,46.05,0.2,-0.19,-0.01,28,3731.25,-0.116608,9.02624,10.4442,98.9656,0.116241,-14.879,57.3415,-0.30933,0.160922,-0.375692,-4.67954,-6.67864,-57.8793,390.272,5.52278,3776.99,3125.17,0.0551204,0.525372,0.353209,-4.31509,-6.31419,1.03643,471.453,11.5362,3858.17,0.128331,0.958937,0.00547786,3673.73,-0.000253466,0.0601702,10.5719,8.48796,98.3353,67.9714,0.446967,9.77032,9.92891,98.4374,117.902,-0.102163,-49.9302 
29,97,43.248,4.2,48.55,-0.2,0.19,0.01,29,8623.65,-0.0854196,21.0264,9.36951,98.9989,-0.057276,-76.7262,65.1015,-0.855631,-0.29676,1.94854,-5.27341,-3.06948,-132.298,3784.08,49.672,5199.94,6556.28,-0.0225886,0.536283,3.61462,-4.44036,-2.23644,2.41834,3969.64,63.4172,5385.5,0.470359,0.972803,0.0212313,8439.61,-0.000145802,0.661535,8.83479,8.06058,99.0111,68.3967,0.69744,9.39822,9.20217,98.3783,117.534,0.63285,-49.1368 
30,97,43.248,0,48.55,-0.2,0.19,0.01,30,9336.27,-0.0918089,22.5936,9.43669,99.2466,0.107918,85.4632,298.641,4.51235,2.3296,5.59532,-4.94532,-1.63646,-96.5639,4369.59,-7.87739,5421.77,7240.9,5.12039,2.93764,6.81139,-4.33728,-1.02842,0.283292,4505.03,2.15522,5557.21,0.494107,0.999163,0.000713904,9117.52,-0.000164617,0.734158,9.05127,8.03314,99.2069,68.7169,0.72648,9.33034,9.29513,98.6035,118.12,0.603382,-49.4031 
31,75,46.2227,0,46.05,0.2,-0.19,-0.01,31,3745.27,-0.0926644,10.0766,9.24305,98.6578,0.131619,-2.49706,500,4.19222,1.97476,5.75044,-2.63855,-4.09513,-85.9522,-48.3022,13.4404,4240.21,3042.67,4.73344,2.51597,6.83287,-2.09733,-3.55391,0.189557,72.2541,22.3705,4360.76,0.0195721,0.648586,0.00936143,3691.69,-0.00056021,0.00511198,-9.12656,-3503.67,103.363,52.6835,0.575804,9.01517,9.19943,98.2856,117.372,5.07729,-64.6881 
32,75,47.3227,2.4,46.05,0.2,-0.19,-0.01,32,3634.69,-0.0125277,9.33245,9.53255,98.6169,0.0291055,-24.9093,500,0.0461463,3.88376,5.81241,-6.76692,-4.00374,-56.0122,404.295,7.94833,3718.04,2919.61,0.39884,4.23645,6.5178,-6.41423,-3.65104,-4.99161,482.857,13.7678,3796.6,0.132871,0.952473,0.00663578,3634.04,-0.000265424,0.0673842,9.70379,8.72318,97.8958,68.3801,0.44086,9.53044,9.99976,98.1575,117.375,-0.261713,-48.9954 
33,97,43.248,4.2,48.55,-0.2,0.19,0.01,33,8422.93,-0.0282926,21.5039,9.09842,98.815,0.0233174,-13.0992,499.988,1.12639,-1.31604,0.326882,-0.806744,-2.34105,-126.255,3709.21,24.0836,5133.95,6379.05,1.92139,-0.521045,1.91688,-0.0117466,-1.54605,-0.0894895,3886.3,37.201,5311.04,0.468541,0.983524,0.0127386,8294.46,-0.000225404,0.666954,8.70056,7.98257,98.8678,68.666,0.709393,9.0755,9.25714,98.0924,118.146,0.77542,-49.4804 
34,97,43.248,0,48.55,-0.2,0.19,0.01,34,9291.92,-0.0802054,23.1765,-9.16571,99.3417,6.79457,-1934.9,500,1.60281,1.00256,4.26274,-0.173326,-5.22438,-103.564,4268.94,57.6143,5465.89,434887,2.25493,1.65467,5.56697,0.478788,-4.57226,-0.0341584,4414.2,68.3742,5611.15,0.486604,0.973609,0.021954,9071.46,-0.000206697,0.747222,8.75628,8.01788,99.3511,68.1108,0.755214,9.15708,9.23799,98.7864,117.261,0.564616,-49.1498 
36,75,47.3227,2.4,46.05,0.2,-0.19,-0.01,36,3565.76,-0.0875638,9.24136,9.4557,98.644,0.153685,21.0818,362.144,4.35678,-0.116395,7.7727,0.0181639,-2.37086,-71.3063,417.652,8.57829,3547.99,2950.1,4.80578,0.332602,8.67069,0.467161,-1.92186,0.298168,517.666,15.9867,3648,0.146006,0.948727,0.00800807,3545.51,-0.000118132,0.0676772,9.4594,8.8311,98.3936,68.6771,0.457457,9.00086,9.58306,98.2133,117.726,0.180256,-49.0484 
37,97,43.248,4.2,48.55,-0.2,0.19,0.01,37,7943.12,-0.0896703,19.7351,9.25787,99.0832,0.0279246,58.8378,25.8999,2.83974,1.15759,2.66386,-4.66256,-1.0373,-116.821,3270.39,32.3024,4982.49,6001.15,3.57534,1.89318,4.13504,-3.92697,-0.301705,0.230673,3434.24,44.4397,5146.35,0.445675,0.977856,0.0156579,7705.71,-0.00016506,0.589569,8.76878,7.98835,99.0861,68.5206,0.65718,9.33404,9.45853,98.5118,117.969,0.574231,-49.4488 
38,97,43.248,0,48.55,-0.2,0.19,0.01,38,9554.89,-0.0985529,22.8707,-9.56343,99.0117,0.04218,99.5833,167.427,0.338061,1.59592,6.73174,-3.45001,-4.48773,-99.1746,4437.88,-3.56579,5519.07,7256.88,0.962537,2.2204,7.9807,-2.82553,-3.86325,-0.783457,4576.98,6.73806,5658.17,0.493568,0.99743,0.00218888,9273.26,-0.00017424,0.718098,9.13128,8.31507,99.0002,67.6889,0.699682,9.64404,9.582,98.2664,116.697,0.733779,-49.0077 
39,75,46.2227,0,46.05,0.2,-0.19,-0.01,39,3368.82,-0.000977493,8.95442,9.32435,98.7483,0.00349083,6.63035,9.10575e-13,3.36285,-0.367055,-0.7952,-1.11173,-1.92187,-18.8084,-112.73,7.24258,3855.44,2718.76,3.48128,-0.248623,-0.558337,-0.993295,-1.80344,-3.56128,-86.349,9.1967,3881.82,-0.0275386,1.22908,0.0043453,3135.56,-5.36562e-05,-0.00618649,72.772,5.67137,94.0516,71.6105,0.513098,9.21668,9.3773,98.2322,116.009,-4.18069,-44.3981 
40,75,47.3227,2.4,46.05,0.2,-0.19,-0.01,40,3476.11,-0.104156,8.82244,9.89718,98.8363,1.35666,244.033,216.292,4.7675,3.78445,-0.749836,0.932525,-4.30618,-71.8475,354.947,3.87833,3531.22,13619.9,5.21991,4.23685,0.154974,1.38493,-3.85378,0.978304,455.72,11.343,3631.99,0.131321,0.95826,0.00572013,3470.28,-0.000230373,0.0663697,9.88944,8.06142,99.0342,68.3795,0.42411,9.27716,10.1829,98.3564,118.017,0.67784,-49.6375 
41,97,43.248,4.2,48.55,-0.2,0.19,0.01,41,8025.93,-0.00826548,19.264,9.56016,99.1698,0.00985942,-0.208976,500,1.58046,5.11309,4.67163,-1.40749,-1.40206,-77.4821,3564.24,44.3265,4768.46,5995.31,2.06834,5.60097,5.6474,-0.91961,-0.914178,0.508192,3672.92,52.3765,4877.14,0.475709,0.975652,0.019399,7720.95,-0.000106004,0.625094,9.02841,7.85501,99.1066,67.6983,0.637572,9.49984,9.12949,98.5373,116.729,0.569341,-49.0307 
42,97,43.248,0,48.55,-0.2,0.19,0.01,42,8918.5,-0.131873,21.8681,-9.52424,99.136,0.0207053,609.975,496.775,0.479432,1.25588,3.96591,-2.62544,-0.492537,-132.047,4201.07,-25.1471,5165.72,7191.24,1.3109,2.08735,5.62885,-1.79398,0.33893,0.256628,4386.28,-11.4279,5350.93,0.496885,1.00458,-0.0039497,8827.55,-0.000342079,0.699343,9.11719,8.17803,99.1947,68.4519,0.678484,9.62715,9.37646,98.3394,117.799,0.855306,-49.3475 
43,75,46.2227,0,46.05,0.2,-0.19,-0.01,43,3340.13,-0.00291434,9.08556,9.30198,98.8376,0.00590176,5.44306,2.34059e-11,-0.40025,0.443651,3.47824,-0.923771,-2.97304,-63.8789,-93.1544,4.01066,3852.6,2752.25,0.00197835,0.84588,4.2827,-0.521543,-2.57081,-1.10121,-3.55808,10.6474,3942.2,-0.00108861,-0.236026,0.00495069,3268.47,-2.11249e-05,-0.00359528,37.8767,-26.5909,80.8319,82.1215,0.519933,9.12412,9.44459,98.6115,117.422,-17.7796,-35.3004 
44,75,47.3227,2.4,46.05,0.2,-0.19,-0.01,44,3566.29,-0.0181004,8.93451,9.877,98.8722,0.131363,-38.6294,500,0.728102,-0.93325,4.1509,-0.719776,-1.73849,-67.0277,387.117,32.4007,3627.9,3037.89,1.15016,-0.511194,4.99501,-0.297721,-1.31644,-0.242597,481.129,39.3647,3721.91,0.134758,0.874753,0.0191106,3570.31,-0.000264631,0.0654778,9.46885,8.37073,98.2547,68.5408,0.446835,9.64286,9.6736,98.5449,117.575,-0.290147,-49.0338 
45,97,43.248,4.2,48.55,-0.2,0.19,0.01,45,8330.92,-0.122032,20.322,9.5856,98.7359,0.0391677,2.25438,0.537903,2.86653,0.998428,7.00327,-1.23156,-1.89809,-118.464,3669.35,50.8413,5055.05,6344.22,3.61247,1.74437,8.49515,-0.485619,-1.15215,0.304487,3835.51,63.1493,5221.2,0.469514,0.971994,0.0217943,8169.11,-0.000302407,0.623735,9.22521,8.04285,98.6675,68.1138,0.667513,9.63352,9.24263,98.0613,117.55,0.606175,-49.4362 
46,97,43.248,0,48.55,-0.2,0.19,0.01,46,9247.55,-0.112854,22.8167,9.36458,98.8906,0.00248237,106.317,17.8308,1.2343,1.55046,4.85029,-2.5222,-4.35358,-124.096,4187.06,62.8731,5470.89,6964.21,2.0157,2.33186,6.41309,-1.7408,-3.57218,-0.177215,4361.12,75.7662,5644.95,0.482082,0.970494,0.0241281,9046.43,-0.000149138,0.719492,8.84852,8.1244,98.937,68.0676,0.738003,9.31853,9.21756,98.2732,117.211,0.66378,-49.1434 
47,75,46.2227,0,46.05,0.2,-0.19,-0.01,47,3031.25,-0.0166604,8.41491,9.35768,99.0958,-0.00258487,-22.2461,499.999,1.48454,2.89867,2.2771,-0.970494,-5.3165,-46.6741,-117.052,-5.8751,3625.08,2565.25,1.77843,3.19256,2.86489,-0.676599,-5.02261,-0.340814,-51.5871,-1.02584,3690.54,-0.0171297,0.96637,-0.000512304,3011.56,-0.000417213,-0.00592049,-0.152713,6.09279,104.041,72.4735,0.476791,9.10815,9.70798,98.7334,117.902,5.30766,-45.4289 
48,75,47.3227,2.4,46.05,0.2,-0.19,-0.01,48,3407.34,0.00205383,9.00148,9.53797,98.9899,0.00999136,4.07512,1.05285e-12,-0.466074,0.132035,3.3356,-1.65812,-0.662269,-58.5067,385.402,14.2801,3524.89,2796.22,-0.0976727,0.500436,4.07241,-1.28972,-0.293868,-0.408365,467.463,20.3587,3606.95,0.135057,0.929182,0.0102904,3461.23,-0.000366571,0.0668236,9.89194,8.85396,98.3307,68.4804,0.450337,9.27905,9.64181,98.4993,117.687,-0.168598,-49.2062 
49,97,43.248,4.2,48.55,-0.2,0.19,0.01,49,8022.4,-0.00970391,19.7757,9.29567,99.3918,0.00273929,-24.7111,500,2.56281,3.13901,7.20424,-2.56042,-4.63739,-108.914,3631.52,27.0975,4750.13,5986.44,3.24861,3.82482,8.57585,-1.87462,-3.95158,0.126969,3784.28,38.4133,4902.89,0.481848,0.982546,0.0142272,7853.68,-0.000232619,0.631667,8.90763,8.12039,99.5531,68.793,0.641037,9.28136,9.31263,98.6593,118.196,0.893748,-49.4026 
50,97,43.248,0,48.55,-0.2,0.19,0.01,50,8958.44,-0.0207669,22.0072,9.43118,98.781,0.0196395,13.1049,500,1.56239,2.96722,2.16582,-1.72767,-2.49695,-113.51,4118.54,72.7629,5321.76,6764.95,2.27713,3.68196,3.59529,-1.01293,-1.78221,0.468093,4277.74,84.5561,5480.96,0.484623,0.966565,0.0276333,8826.94,-0.000321584,0.707133,9.15663,8.03907,98.761,66.8771,0.713098,9.42907,9.15859,98.1922,115.701,0.568729,-48.8236 
51,75,46.2227,0,46.05,0.2,-0.19,-0.01,51,3339.35,-0.0171578,-9.63364,8.87818,98.7851,0.00498282,-24.813,499.649,-0.928175,-1.02488,3.32135,-0.954893,-3.72606,-12.1145,-115.723,-2.15062,3909.77,2788.28,-0.851894,-0.948595,3.47391,-0.878612,-3.64978,2.21679,-98.7317,-0.891978,3926.77,-0.0312394,0.984436,-0.000418615,3160.48,-0.643242,0.643531,-3447.29,2275.44,81.6909,61.9432,0.556044,8.73356,9.41626,98.4847,117.893,-16.7939,-55.9497 
52,75,47.3227,2.4,46.05,0.2,-0.19,-0.01,52,3491.02,0.0178086,8.69951,9.9201,98.8889,-0.0258096,17.5235,1.97589e-12,0.56362,3.77676,2.44565,-3.4481,-5.57805,-31.7147,366.388,9.9088,3561.27,2824.07,0.763319,3.97645,2.84505,-3.2484,-5.37835,3.73056,410.871,13.2038,3605.75,0.120715,0.946756,0.00670037,3403.65,-0.000296245,0.06625,9.59875,8.99523,98.3778,68.1459,0.420918,9.69526,9.95042,98.428,117.743,-0.0501606,-49.5973 
53,97,43.248,4.2,48.55,-0.2,0.19,0.01,53,8230.86,-0.121721,20.7853,9.26569,98.8815,-0.0531102,117.449,405.932,1.9702,-0.0681303,-2.2935,-1.25151,-3.06805,-78.7355,3642.06,50.6022,5110.69,6472.51,2.46598,0.427646,-1.30195,-0.755737,-2.57227,0.250175,3752.5,58.7825,5221.13,0.464071,0.973318,0.0203181,8086.03,-0.000290192,0.638058,8.75976,8.1072,98.827,68.299,0.697002,9.21302,9.19234,98.3082,117.512,0.518786,-49.2127 
54,97,43.248,0,48.55,-0.2,0.19,0.01,54,8568.37,-0.0520736,21.3006,9.23298,99.1989,0.0706507,39.1485,500,3.76459,3.25585,6.18396,-3.71507,-3.9892,-96.2817,3974.89,60.1681,5023.41,6492.22,4.37085,3.86211,7.39648,-3.10881,-3.38294,0.190553,4109.94,70.1713,5158.46,0.489776,0.970988,0.0244459,8391.46,-0.00018724,0.647571,8.95524,8.47461,99.1332,68.298,0.662258,9.11113,9.62897,98.6959,117.502,0.437259,-49.2041 
55,75,46.2227,0,46.05,0.2,-0.19,-0.01,55,3401.24,-0.0612519,9.44256,9.16427,98.5926,-0.00532246,-67.3788,500,2.65112,-0.422482,2.78494,-1.73958,-1.21369,-53.7067,-74.595,16.9046,3993.04,2828.65,2.98929,-0.0843046,3.46129,-1.4014,-0.875518,0.153586,0.733973,22.4845,4068.37,0.000217314,0.0183118,0.0100781,3377.48,-0.000732633,0.00436376,13.5567,5028.85,104.185,66.4294,0.536087,8.83089,9.33802,98.2885,117.152,5.89687,-50.7229 
56,75,47.3227,2.4,46.05,0.2,-0.19,-0.01,56,3547.16,-0.0179787,9.17552,9.70621,98.5759,0.160755,-34.0349,500,1.50321,1.28884,2.39399,-5.93717,-1.49871,-80.9221,407.071,18.7964,3673.53,3077.29,2.01276,1.79839,3.41308,-5.42763,-0.989162,-3.22705,520.572,27.2039,3787.03,0.142085,0.916212,0.0130598,3663.8,-0.000419065,0.0589346,10.5855,9.53382,97.9244,68.0742,0.449478,9.41247,10.0543,98.3168,117.6,-0.392431,-49.5262 
57,97,43.248,4.2,48.55,-0.2,0.19,0.01,57,7729.65,-0.0207308,18.9607,9.26705,99.0858,0.0442766,23.6984,0.130467,0.840815,2.63013,-2.46988,-2.79615,-2.06532,-146.496,3361.58,71.3002,4748.37,5754.08,1.76326,3.55258,-0.62499,-1.8737,-1.14288,1.37329,3567.05,86.5205,4953.84,0.464536,0.959281,0.0311701,7678.74,-8.60231e-05,0.584231,8.86249,7.93635,99.0794,68.3858,0.656591,9.23479,9.0153,98.3979,117.228,0.681453,-48.8427 
58,97,43.248,0,48.55,-0.2,0.19,0.01,58,9441.57,-0.0911523,22.8704,9.41924,99.1783,0.1149,103.26,160.975,1.48299,0.566331,3.55955,-3.43209,-2.76012,-112.867,4481.55,-4.42709,5261.23,7398.93,2.19368,1.27702,4.98093,-2.7214,-2.04943,-0.353218,4639.85,7.29931,5419.54,0.50775,0.997254,0.0024749,9138.07,-7.47207e-05,0.74182,9.14706,8.10347,99.1708,68.5951,0.728432,9.17195,9.22222,98.649,117.952,0.521862,-49.3573 
59,75,46.2227,0,46.05,0.2,-0.19,-0.01,59,3206.37,-0.0037509,-9.10258,9.01017,98.4,-0.00610697,0.0819994,500,4.30758,3.39065,2.26607,-3.74615,-3.56383,-62.3223,-112.688,12.4251,3789.72,2669.9,4.70001,3.78307,3.05093,-3.35372,-3.1714,0.390897,-25.2752,18.9001,3877.14,-0.00791643,-3.24039,0.00889991,3192.75,-0.000508968,0.00754031,40.6853,-5.36174,135,56.5024,0.520713,8.8161,9.5315,98.2528,117.272,36.7472,-60.7699 
60,75,47.3227,2.4,46.05,0.2,-0.19,-0.01,60,3591.17,-0.0101675,8.86557,9.86096,98.2649,-0.0452536,9.48598,5.9009e-14,2.20393,2.23594,7.15673,-2.79615,-3.49148,-53.1908,326.088,38.4062,3645.2,2859.88,2.53886,2.57087,7.82659,-2.46122,-3.15655,-0.0694188,400.693,43.9326,3719.81,0.114873,0.839016,0.0212928,3488.14,-0.000229106,0.0608891,9.18963,9.06801,97.2868,67.9432,0.448076,9.73287,9.55661,98.0717,116.721,-0.784926,-48.7782 
61,97,43.248,4.2,48.55,-0.2,0.19,0.01,61,7464.92,-0.0972869,18.6952,9.26343,98.9231,0.00491947,103.233,66.3373,2.61977,-1.70983,1.12316,-3.33015,-0.320331,-129.316,3291.14,65.4741,4551.46,5654.17,3.43404,-0.89556,2.75169,-2.51589,0.493934,0.158045,3472.51,78.9094,4732.84,0.46921,0.961754,0.0297978,7400.77,-0.000231107,0.588677,8.9041,7.94664,98.856,67.7391,0.637484,9.18673,8.98071,98.3655,116.64,0.490535,-48.9006 
62,97,43.248,0,48.55,-0.2,0.19,0.01,62,9503.17,-0.0333828,22.4748,-9.59557,98.7599,-0.00163002,62.4333,0.00056742,4.9728,3.90596,4.83801,-1.99179,-4.0978,-95.7083,4494.68,-8.33883,5396.06,7023.72,5.57545,4.50861,6.04331,-1.38914,-3.49515,0.462487,4628.92,1.60488,5530.3,0.502103,0.999394,0.000534291,9219.07,-0.000150615,0.728668,9.17083,8.25881,98.8329,67.1241,0.699371,9.65251,9.34341,98.1566,116.191,0.67627,-49.067 
63,75,46.2227,0,46.05,0.2,-0.19,-0.01,63,3319.65,-0.00591286,9.0726,9.20424,98.7046,-0.0330401,13.9383,499.406,0.130341,1.84461,-0.112596,-4.1832,-2.20243,-38.0336,-160.269,21.3635,3916.4,2733.4,0.369829,2.08409,0.36638,-3.94371,-1.96295,1.11871,-106.923,25.3151,3969.75,-0.0335396,1.70744,0.0116107,3187.97,-0.0648181,0.0656127,-802.527,534.674,133.708,91.8778,0.532577,8.98884,9.28447,98.5217,116.774,35.1858,-24.8959 
64,75,47.3227,2.4,46.05,0.2,-0.19,-0.01,64,3353.5,-0.0155539,8.59377,10.0809,98.8552,0.00430596,-2.14706,500,0.617212,-0.028375,3.67041,-0.669221,-2.05798,-47.2913,432.404,7.47328,3446.01,2820.49,0.914992,0.269406,4.26597,-0.371441,-1.7602,-0.285424,498.735,12.3867,3512.34,0.146086,0.958347,0.00645447,3413.97,-0.000377749,0.0651128,10.2578,9.02135,97.6812,69.0895,0.439272,9.4425,9.54504,98.7913,118.475,-1.11008,-49.3858 
65,97,43.248,4.2,48.55,-0.2,0.19,0.01,65,7783.96,-0.145006,18.9019,9.81506,98.152,0.234487,219.159,472.247,0.510839,1.48275,1.50076,-1.55723,-4.08085,-107.705,3667.22,58.2744,4625.35,7712.31,1.18903,2.16094,2.85715,-0.879038,-3.40266,-0.483912,3818.29,69.4645,4776.42,0.490611,0.969145,0.0260912,7782.72,-0.000400865,0.612747,9.48573,7.8616,98.0385,66.4676,0.6188,9.78094,9.0037,97.4801,115.225,0.558368,-48.7575 
66,97,43.248,0,48.55,-0.2,0.19,0.01,66,8387.57,-0.113983,21.6328,9.01946,98.7896,-0.0747281,326.058,198.285,3.60408,2.17377,3.82934,-1.18281,-3.16743,-107.835,3783.01,64.7411,5028.33,7144.87,4.28309,2.85278,5.18736,-0.5038,-2.48842,0.444073,3934.26,75.9448,5179.58,0.477846,0.967323,0.0262992,8233.31,-0.000282446,0.701393,8.71562,7.84895,99.0346,68.3287,0.73699,8.85326,8.91804,98.1433,117.448,0.891283,-49.1191 
67,75,46.2227,0,46.05,0.2,-0.19,-0.01,67,3175.79,-0.0368602,-8.65279,9.54738,98.4248,-0.0632076,259.22,500,0.0795068,2.40177,2.99793,-5.30588,-3.74847,-29.2307,-140.177,17.1822,3706.69,3222.65,0.263565,2.58583,3.36605,-5.12182,-3.56442,2.36233,-99.1784,20.2192,3747.68,-0.0329343,1.55465,0.00984056,3011.4,-0.000174338,-0.00710976,-53.3361,6.51652,81.9605,74.8135,0.513164,9.09995,9.30166,98.4259,117.807,-16.4655,-42.9939 
68,75,47.3227,2.4,46.05,0.2,-0.19,-0.01,68,3904.33,-0.0108529,9.26708,10.2509,98.7615,0.0100027,-2.85959,1.70436e-11,-2.00077,1.92192,2.35751,-2.49854,-2.57156,-63.7833,406.539,27.4976,3811.13,3093.36,-1.59914,2.32355,3.16076,-2.09692,-2.16994,9.28112,496.002,34.1245,3900.59,0.132852,0.89254,0.0158601,3733.49,-0.000152782,0.0586302,10.622,9.14327,98.1886,67.8299,0.463745,9.67823,9.79922,98.3953,117.098,-0.206721,-49.2686 
69,97,43.248,4.2,48.55,-0.2,0.19,0.01,69,8314.71,-0.0585976,20.065,9.52158,98.8056,0.0111309,40.9324,499.996,2.98844,3.6145,-0.520873,-4.96363,-4.02098,-99.2584,3719.75,66.6927,4937.66,6234.16,3.61345,4.23951,0.729134,-4.33863,-3.39598,0.139644,3858.97,77.0053,5076.88,0.478023,0.966257,0.0271813,8072.78,-0.000241672,0.629706,9.12514,8.0327,98.9945,68.1756,0.656395,9.50953,9.39304,98.2177,117.62,0.776785,-49.4447 
70,97,43.248,0,48.55,-0.2,0.19,0.01,70,9041.64,-0.0301567,22.1844,9.28013,98.9729,0.0173878,13.195,500,3.3674,0.931681,6.12394,-3.60866,-1.53782,-124.318,3997.09,71.6193,5390.14,6709.34,4.15019,1.71448,7.68953,-2.82587,-0.755027,0.228989,4171.46,84.5354,5564.51,0.474568,0.965751,0.0272232,8790,-0.00019243,0.685331,8.90374,8.1899,99.1009,68.2682,0.726962,9.23111,9.40789,98.4342,117.44,0.666659,-49.1715 
71,75,46.2227,0,46.05,0.2,-0.19,-0.01,71,3659.2,0.0105818,10.0579,9.21217,98.7212,-0.0254517,11.3272,1.9006e-05,1.34695,0.978511,4.14833,-5.10073,-0.443847,-59.7896,-89.3606,15.0898,4247.99,3025.62,1.72343,1.35499,4.90129,-4.72426,-0.0673676,-0.537377,-5.49977,21.3017,4331.85,-0.001532,-0.173067,0.00897717,3589.94,-0.000578205,0.00737948,45.9804,-6.35239,135,57.1438,0.595373,8.96153,9.30557,98.6808,117.734,36.3192,-60.5898 
72,75,47.3227,2.4,46.05,0.2,-0.19,-0.01,72,3043,-0.011634,-8.40162,9.45851,99.0305,0.00518555,10.794,9.18267e-12,1.11865,1.80716,2.63282,-1.74282,-5.0335,-52.1746,310.496,8.35023,3328.12,2588.73,1.44717,2.13569,3.28988,-1.41429,-4.70497,-3.36618,383.676,13.771,3401.3,0.119646,0.940901,0.00740298,3206.76,-0.000555037,0.0629019,9.80854,7.87122,97.487,67.6454,0.436633,9.33627,9.58568,98.8052,116.785,-1.31818,-49.1393 
73,97,43.248,4.2,48.55,-0.2,0.19,0.01,73,7505.6,-0.0827113,19.4769,9.04961,98.6454,-0.158998,169.033,499.932,0.939044,2.87821,1.97702,-0.344446,-2.5186,-85.3077,3177.26,47.6316,4761.51,6612.69,1.4762,3.41537,3.05134,0.192714,-1.98144,0.504185,3296.91,56.4947,4881.17,0.448664,0.970886,0.0208755,7348.28,-0.000415134,0.57792,8.85199,8.02293,98.7213,68.1215,0.66921,9.06836,9.21212,98.2107,117.639,0.510539,-49.5174 
74,97,43.248,0,48.55,-0.2,0.19,0.01,74,7972.78,-0.128632,20.4095,9.20003,98.7011,0.027503,58.3769,202.01,2.12276,1.51309,0.130489,-3.57423,-3.32654,-76.9633,3606.08,39.5255,4819.92,6164.74,2.60737,1.99771,1.09972,-3.08961,-2.84193,5.85028,3714.03,47.5217,4927.87,0.475904,0.978099,0.0174542,7804.16,-0.00035927,0.651678,8.72637,8.01153,98.679,68.2261,0.670161,9.2009,9.15417,98.2412,117.481,0.437734,-49.2547 
75,75,46.2227,0,46.05,0.2,-0.19,-0.01,75,3370.46,-0.0750325,9.54939,9.14762,98.4718,0.099425,1.46617,500,0.299669,1.24398,-4.02819,-2.3662,-3.77278,-34.2576,-139.393,32.993,3941.47,2848.41,0.515381,1.4597,-3.59676,-2.15049,-3.55707,0.509259,-91.3428,36.5523,3989.51,-0.0283677,3.33656,0.0165974,3219.95,-0.000148732,-0.00675731,55.8266,-6.76545,93.677,72.8881,0.537854,8.9678,9.45524,98.4609,117.307,-4.78389,-44.419 
76,75,47.3227,2.4,46.05,0.2,-0.19,-0.01,76,3592.32,-0.00436634,8.92747,9.79772,98.1283,0.0655096,19.3817,500,0.150686,0.592377,-2.08292,-4.11435,-0.62237,-49.5979,350.213,21.8776,3571.89,2888.73,0.462991,0.904682,-1.45831,-3.80204,-0.310065,0.65301,419.779,27.0307,3641.46,0.121951,0.898725,0.0134895,3442.19,-0.000163953,0.0679646,9.73157,8.18818,96.8518,67.6897,0.444644,9.38973,9.71712,97.9925,117.284,-1.14069,-49.5947 
77,97,43.248,4.2,48.55,-0.2,0.19,0.01,77,8173.01,-0.0235708,21.0382,9.01557,98.628,-0.000246451,7.12735,500,4.13008,-0.85,1.30107,-6.62616,-3.80209,-117.284,3629.56,27.7558,4929.78,6174.5,4.86859,-0.111491,2.77809,-5.88765,-3.06358,2.96187,3794.06,39.9412,5094.28,0.472939,0.98191,0.0142372,8022.32,-0.000317471,0.660623,8.65617,7.96468,98.5681,69.348,0.698533,9.06804,9.22169,98.2356,119.037,0.33252,-49.6893 
78,97,43.248,0,48.55,-0.2,0.19,0.01,78,9624.53,-0.00620235,23.1717,-9.37492,99.3478,0.00132896,8.49782,2.94523e-05,-1.57132,-0.470143,3.65266,-2.72199,-10.2794,-120.069,4370.4,44.2872,5579.49,7072.01,-0.815274,0.2859,5.16474,-1.96595,-9.5234,1.75354,4538.81,56.7619,5747.9,0.487543,0.978583,0.0178662,9309.57,-0.000173999,0.733304,9.03641,8.21048,99.3519,69.0559,0.738463,9.40472,9.44913,98.8597,118.615,0.492141,-49.5591 
79,75,46.2227,0,46.05,0.2,-0.19,-0.01,79,3196.79,-0.0275422,-8.75189,9.1489,98.2017,-0.1765,0.749451,500,1.76951,1.39078,-3.48629,-2.90753,-4.72463,-79.7815,-165.768,20.4365,3661.99,2610.86,2.27187,1.89314,-2.48156,-2.40517,-4.22226,0.498064,-53.8664,28.7255,3773.89,-0.0174978,14.9759,0.0138275,3078.46,-8.77742e-05,-0.0308731,6.98958,-8.62292,73.6322,68.3797,0.512722,8.81036,9.31708,98.0918,116.492,-24.4596,-48.1125 
80,75,47.3227,2.4,46.05,0.2,-0.19,-0.01,80,3427.03,-0.049958,8.58502,9.92458,98.3553,-0.127261,8.95869,243.167,1.94291,2.3124,1.77834,-3.88311,0.965325,-64.8374,326.368,31.9492,3509.29,2810.75,2.35117,2.72066,2.59487,-3.47485,1.37359,0.533753,417.309,38.6856,3600.23,0.12254,0.860415,0.0194098,3405.5,-0.00030306,0.0690306,9.22752,8.42483,97.6368,67.5419,0.430622,9.58355,9.75501,98.127,117.085,-0.490224,-49.543 
81,97,43.248,4.2,48.55,-0.2,0.19,0.01,81,7641.57,-0.0716503,18.8666,9.45936,98.9779,-0.105575,209.707,500,1.16283,1.4556,0.684275,-3.42377,-0.46913,-117.578,3387.67,48.5747,4610.3,6530.39,1.90319,2.19596,2.16499,-2.68341,0.27123,0.437951,3552.59,60.7907,4775.21,0.472669,0.970925,0.0229135,7516.02,-0.00032129,0.569714,9.21771,8.15428,99.1533,68.3855,0.630097,9.33142,9.29808,98.247,117.806,0.90632,-49.4204 
82,97,43.248,0,48.55,-0.2,0.19,0.01,82,8675.13,-0.013694,21.4522,-9.17301,99.2183,0.0259978,-40.0445,500,1.83597,1.72655,2.14479,-4.14779,-2.05581,-116.39,3890.82,32.0749,5036.35,6439.78,2.56884,2.45943,3.61054,-3.41491,-1.32293,0.0744492,4054.07,44.1673,5199.6,0.484372,0.981291,0.0154065,8369.73,-0.000183577,0.684084,8.93667,8.05824,99.2637,69.3147,0.692315,9.03716,9.46957,98.7983,118.82,0.46542,-49.5053 
83,75,46.2227,0,46.05,0.2,-0.19,-0.01,83,3268.87,-0.0669489,9.22014,9.31273,98.1878,0.00314803,-3.31005,497.057,2.52793,2.42919,3.14193,-4.51608,-3.35566,-50.5779,-79.5803,18.6128,3862.37,2795.52,2.84641,2.74766,3.77888,-4.1976,-3.03718,-0.767348,-8.63992,23.8676,3933.31,-0.00265353,-0.260801,0.0110545,3256.01,-0.000472945,0.00402915,3.39368,4279.08,110.938,66.4375,0.517104,8.89854,9.62215,98.1864,116.989,12.7513,-50.5514 
84,75,47.3227,2.4,46.05,0.2,-0.19,-0.01,84,3690.93,-0.0528123,9.22368,10.014,98.2956,0.0723428,-39.2211,500,-1.23435,1.22248,2.60128,-8.89538,-1.80594,-61.4246,430.675,38.5205,3595.67,3099.19,-0.847573,1.60926,3.37483,-8.5086,-1.41917,1.58275,516.829,44.9022,3681.83,0.144659,0.868025,0.021972,3572.75,-0.000247774,0.0648557,10.4613,9.37701,98.1785,67.4194,0.454999,9.49077,9.68783,98.0417,116.769,0.136857,-49.3499 
85,97,43.248,4.2,48.55,-0.2,0.19,0.01,85,6901.77,0.00661169,17.9423,-8.9451,98.7898,-0.031447,3.54034,500,-1.39585,3.50316,2.22978,-1.92444,-5.44769,-92.8024,2955.56,52.5967,4356.72,5228.3,-0.811494,4.08751,3.39848,-1.34009,-4.86334,-6.21442,3085.72,62.2385,4486.88,0.453127,0.965906,0.0249156,6809.84,-0.000346318,0.544475,8.63836,7.9813,98.5966,66.6395,0.645324,9.006,8.80727,98.4084,115.55,0.188137,-48.9101 
86,97,43.248,0,48.55,-0.2,0.19,0.01,86,8878.68,-0.0313809,21.8627,9.25176,98.8007,-0.0153148,-17.4681,500,2.84448,-0.774732,1.03371,-4.99469,-4.79724,-121.102,4053.92,44.5952,5096.71,6593.22,3.60702,-0.0121871,2.55879,-4.23215,-4.03469,2.21085,4223.78,57.1772,5266.57,0.491421,0.976859,0.0196069,8595.03,-0.00013666,0.707477,8.96495,7.95156,98.8328,67.9967,0.723016,9.07719,9.14389,98.2869,117.293,0.545889,-49.2961 
87,75,46.2227,0,46.05,0.2,-0.19,-0.01,87,3123.41,-0.023356,-8.53755,9.24206,98.3039,-0.0406059,48.7564,1.34633e-09,3.04718,2.7048,-3.58182,-2.02363,-4.41488,-77.6272,-77.7804,3.87361,3602.05,2633.06,3.53598,3.1936,-2.60423,-1.53483,-3.92609,-0.949904,31.0993,11.9388,3710.93,0.00999601,0.598154,0.00589149,3111.17,-0.000290766,-0.0166147,8.94152,1.31006,101.037,48.849,0.511043,8.99839,9.12261,98.184,115.797,2.85317,-66.948 
88,75,47.3227,2.4,46.05,0.2,-0.19,-0.01,88,3320.89,-0.00127599,8.25896,10.0399,98.7603,0.00134868,10.4647,9.68891e-12,4.93747,-1.10328,-0.958582,-3.80478,-5.74494,-84.9037,305.211,5.76307,3431.98,2699.74,5.47209,-0.568661,0.11065,-3.27016,-5.21033,1.03192,424.297,14.5842,3551.07,0.125841,0.943261,0.00750872,3371.68,-0.000364681,0.0557009,10.0038,8.25861,97.7245,68.1221,0.428889,9.70706,9.7181,98.555,117.472,-0.830477,-49.3499 
89,97,43.248,4.2,48.55,-0.2,0.19,0.01,89,8090.16,-0.126357,20.1821,9.41723,98.6921,0.301445,-121.09,230.784,1.00334,-0.485123,-1.52843,-2.25653,-6.11818,-117.993,3600.69,45.7793,4935.91,7375.33,1.74631,0.257847,-0.0424931,-1.51356,-5.37521,0.991376,3766.18,58.0383,5101.41,0.470752,0.97374,0.0205273,8000.35,-0.000370537,0.613281,9.10454,8.09627,98.7274,68.2112,0.661165,9.39152,9.40065,98.1282,117.339,0.599188,-49.1282 
90,97,43.248,0,48.55,-0.2,0.19,0.01,90,9090.76,-0.0878837,22.3038,9.30027,98.6789,0.237342,236.919,278.393,3.52039,1.52085,-4.66588,-2.85615,-2.37799,-93.5088,4112.28,66.1393,5340.82,8583.07,4.10919,2.10965,-3.48828,-2.26735,-1.78919,-1.63072,4243.43,75.8545,5471.97,0.483022,0.969666,0.0249001,8785.17,-4.07288e-05,0.704653,8.85843,8.07009,98.7156,68.0803,0.731734,9.1192,9.21955,98.2023,117.288,0.513247,-49.2077 
91,75,46.2227,0,46.05,0.2,-0.19,-0.01,91,3637.48,-0.00797936,9.13574,9.55639,98.3656,-0.0366096,-56.9868,500,3.37439,-2.69015,-0.480506,-5.80688,-4.99818,-56.1325,-67.0131,15.5095,4004,2909.97,3.72784,-2.3367,0.226396,-5.45343,-4.64473,1.0267,11.7182,21.3415,4082.73,0.00344613,0.238826,0.00953732,3400.38,-0.000312344,0.00816371,-43.1454,-6.53791,135,55.6695,0.515692,9.31,9.59054,98.3383,117.569,36.6617,-61.8996 
92,75,47.3227,2.4,46.05,0.2,-0.19,-0.01,92,3404.18,-0.00270153,8.99877,9.73513,98.7674,0.00255934,-16.946,500,0.769684,0.344811,-5.721,-5.03672,-5.59648,-40.0367,375.477,21.1945,3516.99,2853.22,1.02178,0.596911,-5.2168,-4.78461,-5.34438,0.619963,431.632,25.3542,3573.15,0.12705,0.906787,0.0129025,3397.34,-0.000425342,0.0656342,10.0939,9.16202,98.3992,67.7876,0.441516,9.5732,9.63804,98.7121,116.825,-0.312843,-49.0372 
93,97,43.248,4.2,48.55,-0.2,0.19,0.01,93,7643.24,-0.114745,19.3219,9.2659,98.6708,-0.856025,788.442,85.3109,2.5806,-0.42828,-1.93378,-4.84738,-6.87977,-106.119,3413,44.0968,4656.74,27799.2,3.24881,0.239923,-0.597374,-4.17918,-6.21157,0.920344,3561.85,55.1221,4805.58,0.471738,0.973632,0.0206925,7550.48,-0.000325864,0.589377,8.91638,8.15156,98.713,68.0163,0.637302,9.18731,9.34736,98.1558,117.252,0.557211,-49.2352 
94,97,43.248,0,48.55,-0.2,0.19,0.01,94,9314.02,-0.0252003,22.8891,9.27772,99.3934,-0.0206704,21.1685,500,0.737396,1.26479,5.33911,-0.0649115,-3.79016,-119.072,4185.85,66.8187,5492.1,6927.23,1.48716,2.01455,6.83864,0.68485,-3.0404,0.143543,4352.86,79.1898,5659.1,0.480984,0.969145,0.0251294,9049.92,-0.000161978,0.723827,8.84881,8.11386,99.409,68.2033,0.747137,9.25376,9.27306,98.8307,117.446,0.578303,-49.2424 
95,75,46.2227,0,46.05,0.2,-0.19,-0.01,95,3678.83,-0.0971717,9.63799,9.43449,98.419,-0.108861,46.5853,499.889,-0.132971,0.192013,4.89989,-4.44643,-3.75151,-70.7958,-44.37,21.4667,4100.8,3125.15,0.312811,0.637795,5.79145,-4.00064,-3.30572,11.2629,54.9281,28.8221,4200.1,0.015512,0.521303,0.0124832,3541.01,-0.000343318,0.0091242,45.7756,-4.60039,135,57.1991,0.539317,9.08054,9.66006,98.3203,117.704,36.6797,-60.5045 
96,75,47.3227,2.4,46.05,0.2,-0.19,-0.01,96,3123.54,-0.0335049,-8.21369,10.1535,98.2116,0.0124813,-18.6932,500,0.838653,0.91353,-0.0951029,-4.94186,-4.18419,-43.9878,416.031,29.949,3324.2,2722.46,1.11563,1.19051,0.458856,-4.66488,-3.90721,1.07902,477.729,34.5191,3385.9,0.145293,0.887745,0.018434,3288.03,-0.000535904,0.0670689,10.1559,8.62054,97.904,67.0991,0.425193,9.84833,9.27033,98.1558,116.602,-0.251823,-49.5032 
97,97,43.248,4.2,48.55,-0.2,0.19,0.01,97,7968.32,-0.00977392,19.7288,9.22929,99.0028,-0.0704525,52.9186,500,3.26408,0.73007,0.365478,-3.70246,-1.19941,-102.106,3502.77,45.4634,4815.88,6048.78,3.90701,1.373,1.65134,-3.05953,-0.556477,0.501911,3645.99,56.0718,4959.09,0.46972,0.973792,0.0204035,7762.03,-0.000245873,0.610195,8.86339,8.177,98.8876,68.0027,0.637387,9.41612,9.39221,98.5909,117.267,0.296679,-49.2642 
98,97,43.248,0,48.55,-0.2,0.19,0.01,98,9022.5,-0.0251798,21.1048,9.71792,98.7262,0.00616084,44.2633,500,-2.40801,0.53059,-2.55142,-4.93401,-5.92445,-111.594,4163.97,79.9995,5209.65,6685.38,-1.70533,1.23326,-1.14607,-4.23133,-5.22177,0.896482,4320.49,91.5936,5366.17,0.492397,0.964227,0.0304839,8774.41,-0.000158881,0.671034,9.46239,8.14538,98.642,67.6061,0.674355,9.58868,9.39539,98.2037,116.479,0.438251,-48.8731 
99,75,46.2227,0,46.05,0.2,-0.19,-0.01,99,3071.72,0.00870466,8.29641,9.24322,98.812,0.00169973,9.07838,1.35246e-12,1.53344,2.25749,2.59514,-4.34,-2.74241,-58.8164,-43.5343,23.5512,3561.19,2496.87,1.90379,2.62784,3.33584,-3.96965,-2.37206,-1.18634,38.9614,29.662,3643.69,0.0127191,0.428761,0.0147744,3063.22,-0.000436701,0.00426325,5.71226,-5461.61,98.5304,64.5198,0.479489,9.13473,9.20084,98.6448,117.187,-0.114406,-52.6673 
100,75,47.3227,2.4,46.05,0.2,-0.19,-0.01,100,3562.42,-0.0128792,8.8156,10.1986,98.3995,-0.0135381,14.5193,484.267,3.34694,3.33032,-2.34769,-4.94159,-4.21071,-54.8854,416.628,30.0996,3613.1,2933.17,3.69254,3.67592,-1.65649,-4.596,-3.86511,0.39745,493.61,35.802,3690.08,0.138796,0.887367,0.0175587,3556.38,-0.000352776,0.0731212,9.67551,8.80306,97.9012,66.7284,0.426749,9.81278,9.94611,98.0092,116.352,-0.108001,-49.6231 
101,97,43.248,4.2,48.55,-0.2,0.19,0.01,101,7580.35,-0.0143927,19.4009,9.02922,99.0332,0.0120809,-17.2095,500,4.46725,0.643537,0.284439,-0.87617,-5.63572,-95.7633,3482.2,45.0838,4466.2,5709.29,5.07025,1.24653,1.49043,-0.273174,-5.03272,0.404141,3616.52,55.0333,4600.52,0.486422,0.974061,0.0215609,7434.95,-0.000248136,0.624846,8.63424,8.09778,99.1215,68.0366,0.639611,9.02452,9.0396,98.4588,117.118,0.662706,-49.0816 
102,97,43.248,0,48.55,-0.2,0.19,0.01,102,8694.75,-0.0958506,21.6892,9.20883,99.1752,0.0614939,-152.031,0.922613,0.0324782,-0.509524,-2.54829,-4.02121,-2.89034,-89.885,4089,-20.5494,4993.37,6806.3,0.59846,0.0564576,-1.41633,-3.45523,-2.32435,0.783469,4215.08,-11.2107,5119.45,0.497988,1.00468,-0.00405023,8464.22,-0.000198291,0.694464,8.76819,8.22007,99.2779,69.222,0.679621,9.19011,9.42609,98.5775,118.741,0.700409,-49.519 
103,75,46.2227,0,46.05,0.2,-0.19,-0.01,103,3823.09,-0.108434,9.66374,9.86575,98.464,-0.179238,-6.30635,386.96,-1.40933,3.21017,-0.892843,-5.87195,-3.53967,-77.6351,-46.9711,42.0638,4163.61,3140.43,-0.920484,3.69902,0.0848517,-5.3831,-3.05082,1.01523,61.9197,50.1298,4272.5,0.0171613,0.413772,0.0211564,3608.1,-0.000316097,0.00783053,39.2423,7.88648,135,53.3061,0.557951,9.39749,9.19851,98.2237,116.182,36.7763,-62.8764 
104,75,47.3227,2.4,46.05,0.2,-0.19,-0.01,104,3334.98,-0.104787,8.3066,10.1512,98.4246,0.256835,-87.0636,251.392,1.37748,0.227544,-2.53711,-4.68342,-1.53848,-63.8433,280.841,31.8567,3371.05,3472.88,1.77949,0.629548,-1.73311,-4.28141,-1.13647,0.634517,370.388,38.4897,3460.6,0.114223,0.846127,0.0200771,3242.68,-0.000219667,0.0501835,10.336,8.82912,97.0693,67.3221,0.418631,9.43956,9.84867,98.3661,117.113,-1.29675,-49.7906 
105,97,43.248,4.2,48.55,-0.2,0.19,0.01,105,8346.03,-0.0343859,20.6654,9.26843,98.9467,-0.0127921,52.8385,495.729,1.05032,0.924625,-2.53128,-4.00376,-3.48695,-79.2823,3648.54,64.351,5059.78,6257.11,1.54954,1.42384,-1.53284,-3.50454,-2.98773,0.696571,3759.74,72.5882,5170.98,0.466953,0.967318,0.0252069,8051.65,-0.000140181,0.635108,8.77805,8.05024,98.9651,67.1181,0.695428,9.37706,9.05955,98.4943,116.367,0.470806,-49.2486 
106,97,43.248,0,48.55,-0.2,0.19,0.01,106,9307.64,-0.105006,22.3629,-9.57316,98.9754,-0.36385,-299.865,174.039,1.42559,-0.0460408,-0.700418,-0.0676283,-1.41898,-117.755,4241.33,81.4607,5372.29,10520.9,2.16707,0.69543,0.782524,0.673843,-0.677505,0.785101,4406.49,93.6949,5537.46,0.48947,0.964125,0.0302267,9002.58,-0.000128607,0.711624,9.05794,8.20189,98.9799,67.8396,0.713989,9.40386,9.34374,98.4504,116.842,0.529465,-49.0022 
107,75,46.2227,0,46.05,0.2,-0.19,-0.01,107,3049.55,-0.00990673,-8.36003,9.20109,98.2046,0.00612045,12.3627,8.75773e-12,0.331685,4.39997,1.67512,-2.15002,-4.22639,-78.2385,-64.8535,21.869,3568.73,2506.51,0.824332,4.89262,2.66042,-1.65737,-3.73375,0.10911,44.8836,29.9977,3678.47,0.0144879,0.460914,0.0147999,3098.01,-0.000232137,0.00255073,0.0150722,-31.1903,105.173,58.9433,0.500479,8.82109,9.09448,98.0966,116.972,7.07616,-58.0282 
108,75,47.3227,2.4,46.05,0.2,-0.19,-0.01,108,3419.39,-0.0363623,8.35059,10.285,98.5227,0.111754,-74.3488,499.658,-1.77706,-0.668047,-0.963773,-3.45674,-5.17976,-65.7608,396.864,27.51,3446.29,3066.36,-1.36298,-0.253968,-0.135616,-3.04266,-4.76568,0.985816,489.1,34.3423,3538.52,0.142758,0.89057,0.0175641,3426.07,-0.000276144,0.0589971,10.6629,8.65762,97.6253,66.3666,0.416624,9.85479,9.68461,98.2794,116.378,-0.654127,-50.011 
109,97,43.248,4.2,48.55,-0.2,0.19,0.01,109,7614.26,-0.0409129,18.1993,9.58013,98.8351,0.043237,-22.4176,500,-1.36608,2.24074,1.21029,-4.44663,-1.63689,-78.1091,3404.17,69.0361,4541.48,5707.26,-0.874248,2.73257,2.19395,-3.9548,-1.14506,3.09431,3513.73,77.1513,4651.03,0.476497,0.962997,0.0296508,7374.09,-0.000130268,0.565702,9.24832,8.06882,98.9561,67.2658,0.617454,9.39451,9.07779,98.3022,115.909,0.653916,-48.6432 
110,97,43.248,0,48.55,-0.2,0.19,0.01,110,9314.85,-0.128888,22.5813,9.60747,98.7471,0.208536,171.993,0.28924,0.00502687,2.43039,0.513181,-4.34771,-1.91849,-122.419,4469.35,-12.5316,5399.73,8229.98,0.775865,3.20123,2.05486,-3.57687,-1.14766,-0.571683,4641.06,0.187215,5571.43,0.500905,0.999929,6.18957e-05,9265.35,-0.000273409,0.74089,9.10972,8.0089,98.8125,67.4269,0.724436,9.51446,9.19399,98.2322,116.727,0.580317,-49.3 
111,75,46.2227,0,46.05,0.2,-0.19,-0.01,111,3437.76,0.000174151,9.24705,9.64222,98.9069,0.00409708,2.49853,6.87203e-05,1.03451,1.06528,0.86804,-1.97003,-0.769516,-20.043,-106.444,28.2284,4043.16,2902.86,1.16072,1.19148,1.12045,-1.84382,-0.643311,-0.136919,-78.3316,30.3108,4071.28,-0.0237309,3.09761,0.013529,3300.83,-0.000395283,0.0138047,6.92797,-12.9761,118.398,44.3173,0.53675,9.108,9.33131,98.8188,117.034,19.5794,-72.7165 
112,75,47.3227,2.4,46.05,0.2,-0.19,-0.01,112,3523.58,-0.00156491,8.42626,-10.1183,98.6612,-0.00679938,6.52065,2.35376e-11,-1.7122,-2.40718,4.02855,-4.34841,-4.06765,-60.9157,357.183,41.2759,3479.1,2776.92,-1.32863,-2.02361,4.79569,-3.96484,-3.68408,1.77282,442.623,47.6048,3564.54,0.130138,0.841598,0.0240108,3401.19,-0.000145089,0.0616005,9.68606,8.67568,97.9281,67.0181,0.42021,9.70583,9.74406,98.547,116.895,-0.618893,-49.8772 
113,97,43.248,4.2,48.55,-0.2,0.19,0.01,113,7011.56,-0.00772,17.2416,9.37615,98.5709,-0.00278459,7.0836,2.28305e-11,0.122094,0.878087,3.3246,-3.26016,-5.58585,-105.874,3153.34,33.0737,4187.91,5263.19,0.788752,1.54475,4.65792,-2.5935,-4.91919,9.93557,3301.84,44.0736,4336.4,0.478454,0.977174,0.0183784,6901.05,-0.000167252,0.523198,9.08969,8.2135,98.6348,67.6828,0.574837,9.21213,9.22806,98.1239,117.004,0.510851,-49.3215 
114,97,43.248,0,48.55,-0.2,0.19,0.01,114,8794.24,-0.0138819,21.1044,9.44091,98.8738,-0.0122499,5.46346,500,0.282378,2.38198,0.0638599,-4.81033,0.872405,-115.052,3987.62,83.621,5101.13,6488.26,1.00683,3.10643,1.51276,-4.08588,1.59686,0.517768,4149,95.5744,5262.5,0.48715,0.96125,0.0323722,8516.87,-0.000150598,0.686648,9.22388,7.95275,98.9199,67.6508,0.696567,9.41831,9.02471,98.2327,116.766,0.687199,-49.1152 
115,75,46.2227,0,46.05,0.2,-0.19,-0.01,115,3246.79,-0.104673,8.93419,9.22247,98.2713,-0.0318623,35.9432,450.728,-2.81851,-0.488992,-1.56364,-3.44639,-5.64878,-67.3427,-129.159,18.2882,3654.93,2719.52,-2.39447,-0.0649525,-0.715563,-3.02235,-5.22474,0.937353,-34.7044,25.2849,3749.38,-0.0112776,-3.63619,0.0122702,3077.28,-0.000629821,0.00387846,-366.52,-11.3838,134.312,44.8308,0.511664,8.89345,9.33493,98.2889,116.477,36.0234,-71.6458 
116,75,47.3227,2.4,46.05,0.2,-0.19,-0.01,116,3349.92,-0.0157932,8.30066,9.8919,98.1639,-0.0859698,-16.9361,21.2513,2.24394,-1.60971,-1.15367,-1.94521,-5.3453,-76.5272,347.048,14.5776,3395.51,2720.33,2.72581,-1.12783,-0.189932,-1.46334,-4.86343,0.961386,454.385,22.5284,3502.84,0.135163,0.920162,0.0117087,3361.74,-0.000323489,0.0622027,10.6546,8.17148,97.0441,67.4823,0.410433,9.80872,9.81358,98.1199,117.095,-1.07582,-49.6126 
117,97,43.248,4.2,48.55,-0.2,0.19,0.01,117,7352.6,-0.0619295,18.1043,9.39805,98.798,-0.0771461,104.031,500,-1.58786,-1.43842,0.942776,-3.78689,-5.78224,-84.8921,3194.86,51.5124,4516.13,5800.05,-1.05332,-0.903873,2.01186,-3.25235,-5.2477,1.23822,3313.93,60.3324,4635.2,0.462765,0.969124,0.0234156,7161.15,-0.000265264,0.549242,9.19112,8.08769,98.772,67.6436,0.620335,9.22331,9.1675,98.3009,116.583,0.471114,-48.9397 
118,97,43.248,0,48.55,-0.2,0.19,0.01,118,8504.56,-0.022136,21.0888,9.24915,99.104,0.00115398,-8.8152,500,5.10652,3.98328,1.82961,-3.6487,0.199034,-90.3218,3775.32,75.2625,5075.17,6349.97,5.67525,4.55202,2.96708,-3.07996,0.767767,0.727344,3902,84.6465,5201.85,0.474723,0.963426,0.0291031,8219.54,-0.000259208,0.691368,8.70347,7.96269,99.1428,68.449,0.698686,9.36721,9.07768,98.5069,117.696,0.635933,-49.2465 
119,75,46.2227,0,46.05,0.2,-0.19,-0.01,119,3418.8,-0.0783628,8.68547,9.57323,98.1973,0.0268779,94.8028,27.0017,-1.28344,-1.21384,-3.22897,-5.86025,-4.33361,-28.0139,11.8278,32.3186,3724.62,2789.69,-1.10705,-1.03745,-2.87617,-5.68385,-4.15721,0.806471,51.1201,35.2291,3763.92,0.0160999,0.453309,0.0169493,3175.17,-0.000399713,0.00455657,88.9171,12.672,134.109,50.0051,0.511958,8.92114,9.27552,98.2617,117.148,35.8468,-67.1432 
120,75,47.3227,2.4,46.05,0.2,-0.19,-0.01,120,3385.34,-0.015376,8.44279,10.1682,98.1436,0.0311994,-19.3702,500,-0.318289,-2.2373,-5.00169,-4.37476,-4.4158,-68.2141,358.086,16.7295,3563.96,2814.32,0.111237,-1.80777,-4.14264,-3.94524,-3.98628,0.69917,453.763,23.8166,3659.64,0.129971,0.915875,0.0118463,3491.26,-0.00037785,0.0627073,10.3647,8.51337,96.869,65.5879,0.427938,9.79517,9.65588,98.0583,113.994,-1.18924,-48.4057 
121,97,43.248,4.2,48.55,-0.2,0.19,0.01,121,7351.3,-0.00546349,18.2877,9.1902,98.8032,-0.00110518,-9.98502,500,0.0461683,-1.12874,0.871545,-4.24305,-4.33007,-107.103,3266.59,45.6439,4456.28,5471.53,0.720565,-0.454344,2.22034,-3.56865,-3.65567,1.46865,3416.81,56.7714,4606.5,0.471922,0.971745,0.0221985,7240.21,-0.000221571,0.571622,8.83091,8.05932,98.7828,67.9183,0.611966,9.1345,9.31279,98.2488,117.095,0.533981,-49.1766 
122,97,43.248,0,48.55,-0.2,0.19,0.01,122,8507.64,-0.0497575,21.2908,-9.19384,99.3184,-0.0260765,-12.9296,500,-1.6717,1.87448,-3.76691,-5.45367,-6.80996,-120.097,3851.14,61.0792,5089.95,6383.09,-0.915477,2.6307,-2.25447,-4.69745,-6.05374,0.80032,4019.59,73.5569,5258.39,0.479433,0.968969,0.0251209,8384.06,-0.000282521,0.694327,8.78952,7.91725,99.3055,67.5323,0.715208,9.19051,9.02527,98.8349,116.728,0.470516,-49.1959 
124,75,47.3227,2.4,46.05,0.2,-0.19,-0.01,124,3872.02,-0.0178297,9.70611,9.66943,98.6701,0.0470378,13.242,4.78375e-12,-2.79617,-0.792539,-0.698276,-4.12178,-2.20353,-37.9829,480.017,19.4935,3821.42,3075.49,-2.557,-0.553371,-0.219939,-3.88261,-1.96436,0.976034,533.292,23.4398,3874.69,0.142238,0.928576,0.0110209,3749.29,-0.000271847,0.0855366,9.36622,8.28939,97.7545,67.6206,0.47323,9.48663,9.81501,98.4239,117.18,-0.669393,-49.5594 
125,97,43.248,4.2,48.55,-0.2,0.19,0.01,125,8289.94,-0.0150961,20.2667,9.39548,98.8362,-0.00425087,5.59104,500,1.76609,1.84302,0.283268,-5.72549,0.933603,-96.5117,3622.73,62.6311,5061.48,6199.43,2.3738,2.45073,1.49869,-5.11778,1.54131,0.454376,3758.1,72.6583,5196.85,0.465602,0.967273,0.0251082,8071.48,-0.000272996,0.621674,9.03276,8.09101,98.8014,68.0134,0.690539,9.33462,9.21906,98.4208,117.198,0.380651,-49.1844 
126,97,43.248,0,48.55,-0.2,0.19,0.01,126,8484.75,-0.0257454,20.5525,9.39999,98.8506,-0.0128388,17.2212,500,1.69558,1.27423,0.88676,-4.49385,-4.71516,-112.597,3742.83,56.5311,5005.94,6296.28,2.40457,1.98322,2.30475,-3.78485,-4.00617,3.09812,3900.76,68.2295,5163.87,0.476471,0.970299,0.0237611,8186.77,-0.000202231,0.642106,9.17025,8.06445,98.8784,67.8234,0.694886,9.25057,9.16522,98.3086,117.138,0.569813,-49.3147 
127,75,46.2227,0,46.05,0.2,-0.19,-0.01,127,3547.06,-0.00392971,9.53564,9.09173,98.3317,0.0202048,10.5273,500,-0.299255,3.00577,-0.348097,-3.01488,-1.83975,-73.5616,-102.774,31.1832,4073.57,2829.15,0.163943,3.46897,0.578299,-2.55168,-1.37655,-1.04358,0.403363,38.826,4176.75,0.00011634,0.00590154,0.0168355,3467.1,-0.0003458,0.0158338,4.61927,15.4396,119.788,40.0146,0.546529,8.99806,9.45114,98.2116,117.557,21.5765,-77.5424 
128,75,47.3227,2.4,46.05,0.2,-0.19,-0.01,128,3661.1,-0.120686,9.05022,10.2993,98.5359,0.0611512,82.6892,27.7684,-2.00502,1.44051,-3.2211,-1.87949,-5.50326,-63.5053,416.439,22.2845,3655.79,3198.92,-1.60514,1.84038,-2.42135,-1.47961,-5.10338,0.723877,505.511,28.8825,3744.86,0.139886,0.909102,0.0140083,3613.75,-0.000335184,0.0768253,9.83728,8.55329,97.499,67.5861,0.453638,9.64631,9.69233,98.4607,117.288,-0.961732,-49.7019 
129,97,43.248,4.2,48.55,-0.2,0.19,0.01,129,7892.8,-0.123177,19.8183,9.35559,99.0986,0.269112,21.1127,431.536,1.00253,-0.192598,-1.48924,-2.98867,-0.847147,-123.126,3519.41,57.3238,4811.66,6220.74,1.77782,0.582692,0.0613379,-2.21338,-0.0718565,0.551005,3692.1,70.1161,4984.36,0.471586,0.967835,0.0252588,7829.12,-0.000363312,0.619467,8.91298,8.02011,99.1732,67.4569,0.662702,9.29585,9.21891,98.5493,116.935,0.623928,-49.4778 
130,97,43.248,0,48.55,-0.2,0.19,0.01,130,8590.32,-0.099582,20.9903,9.4437,98.8138,-0.0577788,-94.9914,2.63982,0.354971,0.461446,-0.315913,-2.00687,-4.33428,-97.3242,3976.34,-14.9306,4977.57,6631.58,0.967796,1.07427,0.909736,-1.39405,-3.72146,1.42045,4112.84,-4.819,5114.07,0.492113,1.00205,-0.00173884,8357.52,-0.000203623,0.676973,9.00933,8.11773,98.8308,67.4683,0.671082,9.40286,9.22336,98.3066,116.519,0.524272,-49.0505 
131,75,46.2227,0,46.05,0.2,-0.19,-0.01,131,3261.84,-0.00256454,-8.46048,9.41683,98.4611,-0.0360947,15.9858,500,0.200956,0.957256,4.86453,-5.86706,-1.26409,-61.4836,-97.5508,31.2016,3701.49,2612.33,0.588102,1.3444,5.63883,-5.47991,-0.876943,-3.64302,-11.314,37.5895,3787.72,-0.00361182,-0.20772,0.0179529,3132.5,-9.88377e-05,-0.0186414,-10.3103,-1.52279,97.2163,49.0955,0.5053,8.83316,9.28653,98.3811,116.77,-1.16473,-67.6747 
132,75,47.3227,2.4,46.05,0.2,-0.19,-0.01,132,3201.49,-0.111249,-8.24509,9.96436,98.1645,-0.0676537,172.355,351.361,2.89958,2.84105,-1.58146,-1.58892,-1.83154,-79.0735,396.059,45.7211,3294.32,3054.07,3.39749,3.33895,-0.585651,-1.09102,-1.33363,1.15717,506.967,53.9365,3405.22,0.152092,0.84304,0.0283505,3333.3,-0.000324484,0.06885,9.45813,8.89604,96.9234,67.0911,0.419376,9.39962,9.46825,97.9927,116.3,-1.06927,-49.2089 
133,97,43.248,4.2,48.55,-0.2,0.19,0.01,133,7904.98,-0.102699,19.3405,9.48031,98.9983,-0.0324239,604.892,280.089,2.00316,1.60368,-1.03869,-4.5734,-1.56455,-91.3239,3533.31,60.7404,4729.48,6607.26,2.5782,2.17872,0.111396,-3.99835,-0.989512,1.93178,3661.4,70.2286,4857.57,0.475928,0.967524,0.0259414,7693.19,-0.000231953,0.599153,8.90645,8.33533,99.0665,67.8832,0.620282,9.33317,9.53,98.5658,117.255,0.500727,-49.3723 
134,97,43.248,0,48.55,-0.2,0.19,0.01,134,9203.65,-0.118195,21.7159,-9.83146,99.1556,0.145892,59.2033,267.247,0.508756,2.47356,0.285703,-0.859437,-2.97017,-98.0806,4182.03,57.7348,5411.57,7231.26,1.12634,3.09115,1.52088,-0.24185,-2.35258,0.51625,4319.6,67.925,5549.14,0.483968,0.973219,0.0220513,8925.39,-0.000296101,0.694739,9.24423,8.17349,99.0629,67.7115,0.698421,9.6988,9.42463,98.6137,117.036,0.449122,-49.3245 
135,75,46.2227,0,46.05,0.2,-0.19,-0.01,135,3386.05,0.00896109,9.14372,8.88853,98.1268,-0.00940561,13.8928,1.11967e-11,0.0446928,-4.81735,-1.3785,-3.48229,-3.48582,-81.6669,-66.5795,24.7196,3818.44,2650,0.558928,-4.30312,-0.350031,-2.96805,-2.97158,0.965115,47.9663,33.2045,3932.99,0.0144811,0.452196,0.0153139,3312.34,-0.000187283,0.0785896,115.355,0.109287,117.403,49.198,0.53449,8.78546,9.28251,98.1198,117.18,19.2833,-67.9819 
136,75,47.3227,2.4,46.05,0.2,-0.19,-0.01,136,3424.38,-0.0283382,8.48323,9.87839,98.4941,0.114268,-20.3137,499.999,2.43729,-3.06371,1.73824,-1.1584,-4.46838,-75.8456,309.449,34.505,3513.77,2803.55,2.91487,-2.58613,2.6934,-0.680818,-3.9908,2.63287,415.83,42.3851,3620.15,0.121568,0.848626,0.0211122,3420.55,-0.000214609,0.0643991,9.39289,8.4024,97.2386,66.2249,0.439265,9.48733,9.46645,98.2187,115.662,-0.980071,-49.4375 
137,97,43.248,4.2,48.55,-0.2,0.19,0.01,137,7345.65,-0.0867468,17.9708,9.4528,98.6747,-0.0356034,76.3526,498.355,-1.38991,0.528342,-1.33649,-3.86505,-4.47025,-90.014,3164.09,66.7458,4542.53,5618.45,-0.823111,1.09514,-0.202899,-3.29826,-3.90345,0.971553,3290.34,76.0979,4668.78,0.459197,0.961101,0.0291498,7165.43,-0.000219957,0.546416,9.06587,8.00235,98.67,67.0043,0.626886,9.32375,9.06963,98.1484,116.171,0.52165,-49.1668 
138,97,43.248,0,48.55,-0.2,0.19,0.01,138,9006.73,-0.0615907,21.2953,9.51497,98.7985,0.0317819,78.6326,0.00715966,2.46689,-1.61673,4.71447,-2.74179,-3.27242,-133.641,4217.21,-2.21197,5170.94,6677.44,3.30839,-0.775227,6.39747,-1.90029,-2.43091,-0.390925,4404.65,11.6728,5358.39,0.497582,0.995384,0.00399684,8852.11,1.038e-05,0.70407,9.14867,7.93349,98.7957,67.7449,0.703415,9.40129,8.94475,98.3451,116.895,0.450608,-49.1505 
139,75,46.2227,0,46.05,0.2,-0.19,-0.01,139,3576.43,-0.0393627,9.34356,9.33115,98.2682,0.0685246,24.7433,500,0.962759,1.51352,-0.166585,-0.724563,-4.84467,-44.1553,-18.0639,18.3969,3985.33,2893.39,1.24079,1.79155,0.389483,-0.446529,-4.56663,1.24475,43.8681,22.9844,4047.26,0.0128907,0.521675,0.010353,3403.09,-0.000331496,0.0167438,7.38301,-13.3917,118.736,47.7498,0.537191,8.92687,9.62161,98.1596,118.4,20.5761,-70.6502 
140,75,47.3227,2.4,46.05,0.2,-0.19,-0.01,140,3417.69,-0.0697236,8.67197,9.77595,98.7371,0.0675758,-23.1102,500,3.82677,-0.458564,4.54748,-4.76121,-4.39411,-75.5548,396.745,18.389,3543.31,2810.6,4.30252,0.0171843,5.49898,-4.28546,-3.91836,-2.40525,502.718,26.2389,3649.28,0.142348,0.916305,0.0130719,3531.62,-0.000283414,0.0670314,9.17994,8.58137,96.9205,67.8183,0.435559,9.48625,9.67958,98.5419,117.76,-1.62134,-49.9413 
141,97,43.248,4.2,48.55,-0.2,0.19,0.01,141,7432.21,-0.0716282,18.2836,9.27399,98.7261,-0.0399062,90.1036,18.6087,3.44291,-0.935363,3.05522,-2.94573,-4.80599,-147.196,3058.6,77.0682,4733.21,5636.84,4.36976,-0.0085093,4.90893,-2.01888,-3.87914,-0.455719,3265.05,92.3613,4939.67,0.443321,0.952831,0.0332966,7364.98,-8.16946e-05,0.543095,8.83196,8.00302,98.7358,67.1902,0.656615,9.04741,9.03471,98.2947,115.969,0.441024,-48.7788 
142,97,43.248,0,48.55,-0.2,0.19,0.01,142,8818.7,-0.0475161,20.5914,9.72789,98.7355,-0.04865,-10.7585,0.00699488,3.58693,-0.737024,-0.638882,-0.685744,-5.69471,-82.6307,4176.07,2.16626,5038.6,6537.82,4.10723,-0.21672,0.401725,-0.16544,-5.17441,1.38347,4291.96,10.7513,5154.5,0.500801,0.995635,0.00382756,8570.2,-0.000139635,0.669319,9.41501,8.13371,98.6469,67.6475,0.660918,9.62589,9.19353,98.1205,116.76,0.526424,-49.1128 
143,75,46.2227,0,46.05,0.2,-0.19,-0.01,143,3203.65,-0.0219717,-8.5153,9.36456,98.2893,-0.0102008,7.3178,500,0.35995,-2.22108,0.885731,-1.97021,-2.92487,-45.5902,-59.1347,11.1846,3679.6,2598.3,0.64702,-1.93401,1.45987,-1.68314,-2.6378,1.35194,4.81005,15.9213,3743.54,0.00154567,0.147221,0.00777356,3111.95,-0.000388517,0.00331183,5159.46,-5.30546,88.6853,57.9693,0.504081,8.90557,9.33702,98.3086,116.439,-9.62332,-58.4696 
144,75,47.3227,2.4,46.05,0.2,-0.19,-0.01,144,2942.09,0.00362552,8.08044,9.28595,98.7849,-0.00278957,8.89724,2.98395e-12,1.01646,-1.83143,-0.0119305,-5.89864,-6.1267,-38.8655,302.826,23.1423,3206.24,2443.43,1.26119,-1.58671,0.47752,-5.65392,-5.88197,1.04195,357.338,27.1803,3260.75,0.116634,0.882526,0.0151228,3063.76,-0.000394601,0.0591427,9.10523,8.59386,96.9515,67.3155,0.432509,8.95929,9.3287,98.767,116.536,-1.81547,-49.2202 
145,97,43.248,4.2,48.55,-0.2,0.19,0.01,145,6889.46,-0.0507162,17.6165,9.00035,99.1922,0.00127743,17.545,500,2.77376,-1.40457,1.10249,-2.93158,-4.92934,-123.168,3081.58,47.143,4227.57,5162.21,3.54931,-0.629009,2.65361,-2.15602,-4.15378,4.60601,3254.33,59.9397,4400.33,0.471191,0.968774,0.0244783,6906.6,-0.000278025,0.561467,8.53778,8.02681,99.1316,68.3185,0.602824,9.07375,9.00918,98.7243,117.499,0.407283,-49.1802 
146,97,43.248,0,48.55,-0.2,0.19,0.01,146,8148.42,0.00385423,19.9287,9.238,98.8814,-0.000568895,-21.7806,500,0.828807,-0.669949,-1.0733,-2.93449,-1.67627,-131.218,3473.16,60.7867,4996.12,5993.52,1.65505,0.156293,0.579185,-2.10825,-0.850025,2.02015,3657.2,74.4197,5180.17,0.459636,0.965614,0.0257819,7956.74,-0.000170865,0.620833,8.8411,7.98938,98.7233,67.5913,0.665017,9.44976,9.23755,98.4312,116.944,0.292012,-49.3531 
147,75,46.2227,0,46.05,0.2,-0.19,-0.01,147,2954.74,-0.1166,8.15657,9.48978,98.0398,0.19453,18.9198,35.5347,2.04328,-2.09401,0.316405,-6.40937,-7.05048,-48.5699,-83.985,1.52635,3593.09,2639.57,2.34911,-1.78818,0.928068,-6.10354,-6.74465,1.0817,-15.8611,6.57257,3661.21,-0.00524689,3.63864,0.00329603,3022.94,-0.000466767,0.0168954,5.13093,-8.36975,92.344,68.6574,0.482141,9.26079,9.19728,97.9024,116.526,-5.55839,-47.8684 
148,75,47.3227,2.4,46.05,0.2,-0.19,-0.01,148,3375.26,0.000834401,8.72738,9.67647,98.924,0.00669624,8.09771,6.40887e-11,1.4092,2.13503,-1.27654,-0.769111,-2.0663,-13.8701,406.688,45.0745,3462.94,2750.9,1.49653,2.22236,-1.10187,-0.681775,-1.97896,-24.2086,426.143,46.5156,3482.39,0.128491,0.839616,0.0240148,3316.53,-0.000272734,0.0683422,9.93391,8.51035,98.0395,67.0567,0.443273,9.10395,9.62679,98.8224,116.493,-0.782904,-49.4359 
149,97,43.248,4.2,48.55,-0.2,0.19,0.01,149,8038.34,-0.0835412,19.1101,9.63254,98.5812,0.028174,33.5749,63.6912,2.27067,-3.64324,1.16378,-5.86794,-4.23767,-146.474,3397.94,65.764,4967.78,6023.16,3.19297,-2.72093,3.00839,-4.94563,-3.31536,1.6293,3603.39,80.9821,5173.22,0.456289,0.962159,0.0280282,7897.16,-0.000214316,0.561057,9.11779,8.36837,98.46,67.8051,0.638533,9.61766,9.48759,98.1631,116.913,0.296878,-49.1077 
150,97,43.248,0,48.55,-0.2,0.19,0.01,150,8645.57,-0.106867,20.9421,9.55319,98.8354,-0.046186,33.208,395.958,0.133866,0.986062,-0.342918,-2.66013,-3.29803,-78.5724,4087.53,-4.77063,4977.9,6562.66,0.628615,1.48081,0.646581,-2.16538,-2.80328,1.29222,4197.73,3.39274,5088.1,0.498492,0.998588,0.00122681,8420.86,-0.000196759,0.702665,9.04617,7.84611,98.9066,68.4441,0.697119,9.43711,8.88197,98.2397,117.881,0.666905,-49.437 
151,75,46.2227,0,46.05,0.2,-0.19,-0.01,151,3135.68,-0.109907,-8.20095,9.82512,98.1439,0.581716,-35.3304,149.887,1.02829,-2.83644,-1.84556,-3.48085,-5.28486,-52.3578,-44.4012,17.992,3635.66,3292.04,1.35798,-2.50675,-1.18619,-3.15117,-4.95518,0.886394,29.0357,23.4318,3709.09,0.0093435,0.414551,0.0115034,3107.58,-0.000151561,-0.0235985,-5.7242,-7.50841,115.188,78.0709,0.486853,9.36844,9.04523,98.0565,115.068,17.1316,-36.9971 
152,75,47.3227,2.4,46.05,0.2,-0.19,-0.01,152,3313.04,-0.0147454,8.06691,9.96932,98.2279,-0.00264325,0.158125,500,4.14943,0.426682,-5.02573,-3.33552,-0.881545,-55.5901,400.108,24.4122,3263.86,2618,4.49946,0.776718,-4.32566,-2.98548,-0.531509,-0.685452,478.078,30.1878,3341.83,0.14702,0.900494,0.0163679,3251.8,-9.14666e-05,0.0592135,9.82819,9.03516,96.6795,67.1585,0.420831,9.24779,9.36272,98.16,116.503,-1.48047,-49.3448 
153,97,43.248,4.2,48.55,-0.2,0.19,0.01,153,7677.56,-0.00176412,19.0867,9.21031,98.9694,0.00552826,-14.5903,499.553,-0.815751,-2.1731,0.208773,-4.78158,-3.68045,-75.3409,3328.08,66.8201,4767.01,5725.32,-0.341349,-1.6987,1.15758,-4.30718,-3.20605,1.13788,3433.75,74.6478,4872.68,0.459176,0.96335,0.0274459,7478.08,-0.000216195,0.600257,8.67487,7.93724,99.0527,67.522,0.649694,9.29292,9.1668,98.3213,116.819,0.731456,-49.2966 
154,97,43.248,0,48.55,-0.2,0.19,0.01,154,8407.09,-0.0561543,20.6832,9.137,98.7174,0.0628219,28.0859,415.768,4.46234,3.94502,-4.75741,-4.84067,-3.36855,-92.3012,3799.32,74.4754,4913.92,6209.45,5.04354,4.52621,-3.59502,-4.25947,-2.78736,-2.35324,3928.79,84.0652,5043.39,0.484151,0.963906,0.0297902,8114.8,-7.03512e-05,0.6505,8.90972,8.16096,98.7557,68.1099,0.657478,9.00751,9.55247,98.3177,117.657,0.437988,-49.5468 
155,75,46.2227,0,46.05,0.2,-0.19,-0.01,155,3445.92,-0.0293332,8.81863,9.60847,98.2156,-0.16768,70.1232,500,2.49312,-0.0982834,-3.63987,-3.88698,-2.73539,-46.6676,-48.5783,33.6477,3891.24,3141.13,2.78697,0.19557,-3.05216,-3.59313,-2.44154,0.499997,16.8776,38.4963,3956.7,0.00511298,0.200337,0.017607,3300.94,-0.000585468,0.00410372,139.507,-13.4439,134.994,49.4179,0.515264,9.27692,9.2322,98.2262,116.913,36.7676,-67.4949 
156,75,47.3227,2.4,46.05,0.2,-0.19,-0.01,156,3799.49,-0.00752817,8.9765,-9.93422,98.4451,0.0138995,8.48018,1.39933e-10,3.82787,-1.6286,-3.03879,-0.859693,-4.38584,-78.929,416.652,20.7717,3724.34,2906.76,4.32487,-1.13161,-2.0448,-0.362698,-3.88885,0.341043,527.357,28.9721,3835.04,0.142128,0.912291,0.0137253,3710.44,-9.91472e-05,0.0665143,9.4947,8.67821,97.1808,67.886,0.451792,9.64965,9.69541,98.3449,117.681,-1.1641,-49.7955 
157,97,43.248,4.2,48.55,-0.2,0.19,0.01,157,7655.74,-0.0991951,18.6416,9.54384,98.943,-0.00062905,17.277,9.99939e-05,1.44069,0.236765,-4.73255,-3.61435,-3.7088,-71.3926,3491.09,61.6262,4596.43,5791.98,1.89023,0.686305,-3.83347,-3.16481,-3.25926,0.500915,3591.23,69.0437,4696.57,0.479509,0.96745,0.0263665,7489.38,-0.000226646,0.561255,9.05306,8.40481,98.9313,67.7227,0.598817,9.49137,9.4707,98.5643,117.149,0.36702,-49.4265 
158,97,43.248,0,48.55,-0.2,0.19,0.01,158,8759.7,-0.11011,20.666,9.81133,98.4675,0.0564604,33.3159,499.662,1.81894,0.47803,-3.71283,-2.92891,-3.97677,-121.559,4055.61,76.2667,5117.04,6661.76,2.58436,1.24345,-2.18198,-2.16349,-3.21135,0.414861,4226.11,88.8962,5287.53,0.490566,0.964496,0.0300399,8614.76,-0.000210684,0.670506,9.46177,7.93851,98.4967,67.1704,0.676924,9.72534,9.0392,98.0447,116.309,0.451959,-49.1391 
159,75,46.2227,0,46.05,0.2,-0.19,-0.01,159,3220.57,-0.0958582,-8.79486,9.35011,98.4146,-0.0846714,68.4277,500,-3.09376,-2.21132,-3.85069,-6.81817,-3.36163,-66.9295,-71.4553,27.0739,3723.56,2865.56,-2.67232,-1.78988,-3.00782,-6.39674,-2.94019,0.821037,22.4198,34.0276,3817.43,0.00702618,0.273518,0.0161548,3190.89,-0.000319405,0.0139675,-3.99263,-4.75075,109.695,62.1069,0.505628,8.97315,9.48294,98.4091,116.769,11.2856,-54.6624 
160,75,47.3227,2.4,46.05,0.2,-0.19,-0.01,160,3651.88,-0.123245,9.10802,10.2438,98.4793,0.092645,-104.453,445.781,2.88289,2.82276,-5.25826,-2.30717,-2.75415,-60.0291,402.745,41.5262,3744.07,3352.26,3.26088,3.20075,-4.50228,-1.92919,-2.37616,-0.919123,486.941,47.763,3828.26,0.132884,0.853495,0.0224665,3664.4,-0.000260887,0.0612109,9.96341,9.20529,97.4278,67.0478,0.446226,9.65326,9.811,98.4094,116.477,-0.98164,-49.4289 
161,97,43.248,4.2,48.55,-0.2,0.19,0.01,161,7052.75,-0.00788554,18.5205,8.8914,98.4899,-0.0193817,30.1908,3.96788,2.55361,2.86816,3.81024,-1.56587,-4.00389,-122.997,3204.44,54.3438,4301.22,5379.7,3.32809,3.64265,5.3592,-0.791384,-3.2294,0.355024,3376.95,67.1228,4473.74,0.476288,0.966385,0.0268951,7090.16,-0.000300093,0.577508,8.7867,7.96679,98.6576,67.7774,0.631433,8.77733,8.94854,98.0671,117.127,0.59052,-49.3497 
162,97,43.248,0,48.55,-0.2,0.19,0.01,162,8608.98,-0.110215,20.6465,9.66257,98.6362,-1.35148,-2487.12,345.343,2.50519,5.73581,0.732452,-3.09223,-0.86311,-100.676,4036.88,5.85337,5029.3,115915,3.13911,6.36973,2.00031,-2.4583,-0.229181,0.773251,4178.09,16.3132,5170.51,0.493304,0.993214,0.00577834,8469.61,-0.000282095,0.681039,9.20653,7.95142,98.6382,67.531,0.66594,9.67111,9.16453,98.1711,116.686,0.467157,-49.1552 
163,75,46.2227,0,46.05,0.2,-0.19,-0.01,163,3008.31,-0.00829236,8.278,9.32493,98.1509,0.0231569,-46.626,500,2.23921,0.777125,-2.22384,-5.26625,-1.28133,-22.9672,-97.988,33.6782,3563.22,2548,2.38383,0.921743,-1.9346,-5.12163,-1.13671,0.604163,-65.7743,36.0644,3595.43,-0.0225375,24.7127,0.0181423,2918.43,-0.000738664,0.00363901,-208.225,-14.834,134.991,47.4054,0.493281,9.11313,8.93296,98.2375,116.354,36.753,-68.9484 
164,75,47.3227,2.4,46.05,0.2,-0.19,-0.01,164,3108.78,-0.0972879,-8.25592,9.5156,98.4312,0.0533982,-47.3719,111.958,0.248307,0.890144,-0.229286,-2.5241,-3.09589,-91.7695,324.141,40.2722,3237.97,2639.73,0.826155,1.46799,0.92641,-1.94625,-2.51804,1.74486,452.857,49.8067,3366.68,0.13946,0.838595,0.0265291,3247.2,-0.000301033,0.062133,9.51868,8.44188,97.4475,67.424,0.414733,9.16525,9.65686,98.314,116.489,-0.866444,-49.0654 
165,97,43.248,4.2,48.55,-0.2,0.19,0.01,165,7748.88,-0.00684286,19.6329,8.97071,98.7018,-0.00209733,1.47102,500,3.14355,4.99878,-2.33828,-2.67546,0.944147,-116.964,3406.89,42.1964,4729.96,5733.44,3.88004,5.73527,-0.865305,-1.93897,1.68064,1.1019,3570.95,54.3484,4894.02,0.467831,0.974057,0.0200466,7632.98,-0.000177435,0.606826,8.66514,8.06847,98.7099,67.8688,0.667155,8.8699,9.23683,98.3859,117.019,0.323986,-49.1498 
