cyc,state,freq,VVA,sweep,HFT time,wait time,square time,cyc,ROIsum,fBg,fA1,fWidth1,fCtr1,fA2,fWidth2,fCtr2,box1,box2,box3,box4,box5,box6,box7,box8,box9,Nfit,BZ-2,BZ-1,BZ0,BZ1,BZ2,Excited,c5,c7,c9,fraction95,fraction75,fraction97,sum95,two2D_bg,two2D_a1,two2D_sh1,two2D_sv1,two2D_ch1,two2D_cv1,two2D_a2,two2D_sh2,two2D_sv2,two2D_ch2,two2D_cv2,two2D_chd,two2D_cvd
0,75,47.3227,2.2,46.05,0.2,-0.19,-0.01,0,6809.32,0.229427,10.9077,11.1747,95.962,0.00302978,-166.603,472.542,0.765981,2.97657,-1.99349,1.06696,0.520409,-119.656,481.478,2.87814,5317.63,3984.39,1.51942,3.73001,-0.486605,1.82041,1.27385,1.06193,649.307,15.3099,5485.46,0.118562,0.960372,0.00511502,5476.51,0.00143071,0.0579385,10.9967,7.84814,96.777,73.6091,0.561018,10.5879,10.325,95.6219,124.545,1.15509,-50.9355 
1,97,43.248,4.2,48.55,-0.2,0.19,0.01,1,11413.2,0.0469281,21.2533,10.5999,96.1324,-0.0225355,291.349,500,-0.702964,0.100922,3.83225,-0.656258,2.40546,-155.939,4680.25,33.4477,5875.38,7547.47,0.278943,1.08283,5.79607,0.325649,3.38737,0.466825,4898.97,49.6491,6094.1,0.4774,0.982574,0.0147859,10261.8,0.0016897,0.697472,9.71011,7.93574,96.3766,73.7534,0.677236,10.2144,9.52766,95.3386,124.259,1.03809,-50.5059 
2,97,43.248,0,48.55,-0.2,0.19,0.01,2,13269,0.0803486,25.1961,10.6663,96.4561,-0.299449,144.984,499.78,2.66866,1.82275,0.163758,1.6796,-2.59481,-129.114,5866.43,12.7387,6559.82,10162,3.48165,2.63575,1.78975,2.49259,-1.78181,0.792323,6047.53,26.1531,6740.91,0.504822,0.992489,0.00709621,11979.5,0.00140219,0.81181,10.0109,8.55129,96.748,74.3021,0.701796,10.5228,10.3374,95.8595,125.221,0.888449,-50.9185 
3,75,46.2227,0,46.05,0.2,-0.19,-0.01,3,6618.67,0.016759,11.1956,11.1048,95.8428,0.0271022,-12.0742,500,1.44396,0.0681432,4.56994,-0.902999,2.23698,-91.128,59.1005,27.6994,5615.93,4057.84,2.01777,0.641952,5.71756,-0.32919,2.81079,0.473467,186.916,37.1672,5743.75,0.0356614,0.741852,0.0117797,5241.41,0.00152169,0.0476761,-4.34167,0.24227,111.78,61.6219,0.623249,10.0202,10.0721,95.5368,125.2,16.2436,-63.5778 
4,75,47.3227,2.2,46.05,0.2,-0.19,-0.01,4,6822.9,0.241409,10.7993,11.1882,96.4398,-0.193193,-465.987,322.847,1.6721,2.19448,-0.604784,2.10231,-1.42187,-113.726,501.85,25.0211,5377.33,6863.89,2.3882,2.91058,0.827418,2.81842,-0.705765,0.899571,661.362,36.8367,5536.84,0.119514,0.911185,0.0121072,5533.78,0.00155303,0.0486775,10.752,8.15975,96.9625,73.8184,0.574261,10.5464,10.0329,96.2017,124.692,0.760797,-50.8733 
5,97,43.248,4.2,48.55,-0.2,0.19,0.01,5,12040.3,0.0109534,22.8873,10.3352,96.0972,-0.0341108,15.8667,500,1.95622,2.62991,5.65257,4.01135,-0.171678,-166.311,4874.29,13.8165,6230.27,7717.92,3.00344,3.67713,7.74701,5.05857,0.875539,0.61953,5107.56,31.0956,6463.53,0.473121,0.989458,0.00878439,10795.5,0.00164655,0.723422,9.73061,8.15516,96.3367,74.5812,0.714956,10.0434,9.81086,95.3152,125.731,1.02147,-51.1494 
6,97,43.248,0,48.55,-0.2,0.19,0.01,6,13710.6,0.269187,26.1296,10.2294,96.3989,-0.792236,454.022,7.08743,0.964766,0.303728,1.53505,2.66678,0.669055,-177.966,5850.05,33.6588,6907.17,20410.3,2.08537,1.42433,3.77626,3.78739,1.78966,0.706425,6099.66,52.1487,7156.79,0.492002,0.985259,0.0132449,12397.6,0.00186166,0.879844,9.58217,8.01251,96.6356,74.8964,0.799165,10.1195,9.66953,95.7542,125.662,0.881476,-50.7653 
7,75,46.2227,0,46.05,0.2,-0.19,-0.01,7,7134.22,0.285435,11.3806,10.7725,96.1591,-0.0529404,318.756,379.242,-0.0234535,1.08236,-1.70504,-0.270089,1.37449,-145.147,130.474,21.1246,5860.98,4540.28,0.890498,1.99631,0.122864,0.643862,2.28845,0.979323,334.057,36.2048,6064.56,0.0589075,0.840574,0.0108776,5670.87,0.00170301,0.00963143,9.85677,7.48524,118.067,60.7177,0.655891,10.3314,9.78746,95.8405,123.637,22.2264,-62.9194 
8,75,47.3227,2.2,46.05,0.2,-0.19,-0.01,8,7276.24,0.174196,11.6742,11.2463,95.9523,0.0305969,-205.015,500,-0.541441,2.90664,4.37549,-1.77714,-2.24551,-103.296,484.362,33.7066,5850.03,4478.18,0.108989,3.55707,5.67635,-1.12671,-1.59508,0.142625,629.245,44.4387,5994.91,0.106566,0.890005,0.0134711,5904.77,0.00162235,0.0506954,10.8625,7.70885,97.0936,73.5917,0.595619,10.703,10.2771,95.5428,125.034,1.55086,-51.4427 
9,97,43.248,4.2,48.55,-0.2,0.19,0.01,9,11338.5,0.264718,21.3237,10.1427,96.2702,0.0143281,-168.371,499.79,0.0536388,0.00588332,0.184247,-0.787796,4.52011,-179.568,4424.32,64.6447,5903.88,7119.13,1.18433,1.13658,2.44563,0.342898,5.6508,0.772716,4676.18,83.3011,6155.74,0.463299,0.969768,0.0243216,10093.2,0.00169579,0.690832,9.48081,7.98832,96.5709,74.9636,0.704417,9.87126,9.54113,95.5703,125.926,1.00058,-50.9621 
10,97,43.248,0,48.55,-0.2,0.19,0.01,10,12249.9,0.0235597,22.9463,10.5013,96.2951,0.0312542,-71.5647,499.964,1.03412,1.01944,2.60148,1.48632,1.76452,-243.932,5059.64,26.8179,6293.8,7917.08,2.57009,2.55541,5.67342,3.0223,3.30049,0.668641,5401.78,52.1615,6635.94,0.480525,0.983382,0.0142731,11241.4,0.00171198,0.745216,9.65865,8.16544,96.402,73.7883,0.705409,10.2623,9.78957,95.6984,124.157,0.703595,-50.3687 
11,75,46.2227,0,46.05,0.2,-0.19,-0.01,11,6318.44,0.255932,10.0672,10.7526,95.94,-0.416811,0.235521,350.356,2.41295,0.946748,2.42854,0.105914,0.039936,-131.403,130.641,34.4913,5130.58,3527.05,3.24036,1.77416,4.08336,0.933323,0.867345,0.62533,314.946,48.1436,5314.89,0.0630896,0.788948,0.0164124,4992.05,-0.000131027,0.00393447,-54.9138,5346.85,72.322,92.9937,0.589693,9.96768,9.68913,95.7447,124.21,-23.4226,-31.216 
12,75,47.3227,2.2,46.05,0.2,-0.19,-0.01,12,6704.65,0.233806,10.4382,11.4121,95.6019,0.124388,-95.7093,472.644,3.10317,-0.260133,-2.14456,-4.06719,0.693206,-122.592,382.31,31.3255,5290.05,4265.33,3.8751,0.5118,-0.600698,-3.29526,1.46514,1.30709,554.258,44.0624,5462,0.103391,0.877869,0.0146428,5360.82,0.00153703,0.0465679,10.0995,7.97037,96.7664,73.0962,0.560631,10.6891,10.0169,95.4313,124.79,1.33511,-51.6935 
13,97,43.248,4.2,48.55,-0.2,0.19,0.01,13,11346.7,0.232609,20.9682,10.2334,96.5415,-0.0429982,137.346,0.0105452,1.96811,0.635408,1.9222,1.55996,0.741839,-210.78,4679.33,15.8065,5632.92,7177.41,3.29533,1.96263,4.57665,2.88718,2.06906,0.690576,4974.97,37.7057,5928.56,0.48812,0.98691,0.0115802,10192.1,0.00182834,0.708563,9.67196,7.86555,96.8384,73.9424,0.676735,9.87506,9.46847,95.8588,124.932,0.979552,-50.9891 
14,97,43.248,0,48.55,-0.2,0.19,0.01,14,13684.9,0.0115176,26.0115,10.3327,96.2981,0.000227385,-14.9577,3.40362e-12,2.46948,2.27315,1.10213,1.26714,-2.55697,-200.612,5724.11,16.0046,6849.24,8749.48,3.73268,3.53635,3.62852,2.53034,-1.29377,0.700965,6005.49,36.8474,7130.62,0.489029,0.989377,0.0094293,12280.4,0.00199924,0.834026,9.7623,8.2153,96.445,74.5652,0.784023,9.94622,9.86141,95.679,125.678,0.765942,-51.1128 
15,75,46.2227,0,46.05,0.2,-0.19,-0.01,15,6904.32,0.00924121,11.7229,11.0954,95.7994,-0.0101866,12.9718,1.26086e-11,-0.405327,-1.49315,1.05365,2.46256,2.72515,-140.993,54.982,10.4913,5930.01,4238.53,0.482469,-0.60535,2.82925,3.35036,3.61295,0.70741,252.739,25.1399,6127.77,0.0447707,0.851736,0.00750077,5645.18,0.00140036,0.0150691,5.92937,-1.84264,102.563,63.7136,0.648498,10.3334,10.1018,95.5124,124.52,7.05083,-60.8067 
16,75,47.3227,2.2,46.05,0.2,-0.19,-0.01,16,6701.72,0.27587,10.5723,10.8101,95.9132,-0.0074422,-165.027,0.567081,-3.29928,0.86462,-4.43574,0.365324,-0.192444,-154.81,403.284,21.1492,5231.28,3760.41,-2.32448,1.83942,-2.48615,1.34012,0.782355,-1.92925,620.421,37.2334,5448.42,0.114574,0.904958,0.0124321,5415.03,0.0017036,0.0460993,10.4292,7.91953,95.8993,74.0216,0.56566,10.2188,10.0236,95.5928,124.774,0.306472,-50.7523 
17,97,43.248,4.2,48.55,-0.2,0.19,0.01,17,11627.4,0.307569,21.6922,10.0351,96.2197,0.172954,-605.683,84.3556,-0.98463,-1.2036,0.175533,-2.49654,1.93671,-200.989,4347.81,71.3222,6101.61,10496.5,0.280941,0.0619707,2.70668,-1.23097,3.20228,0.460918,4629.72,92.2042,6383.51,0.451803,0.966321,0.025918,10247.2,0.00192184,0.671349,9.53366,8.02884,96.3969,73.5071,0.713759,9.87085,9.66764,95.7309,123.977,0.665957,-50.47 
18,97,43.248,0,48.55,-0.2,0.19,0.01,18,12488.4,0.0466721,24.339,9.94126,96.306,-0.0931589,66.2436,500,0.214626,0.153698,4.56532,-1.17141,-1.3015,-251.13,5231.82,36.5122,6301.39,8077.49,1.79593,1.735,7.72792,0.409892,0.279802,0.353233,5584.05,62.6037,6653.63,0.488149,0.980758,0.017037,11439.2,0.00186247,0.816889,9.28184,7.87133,96.3517,73.8028,0.760485,9.83014,9.50815,95.73,124.537,0.621676,-50.7343 
19,75,46.2227,0,46.05,0.2,-0.19,-0.01,19,5961.88,0.225973,9.7092,10.6986,95.8852,0.0381982,-191.208,21.3184,0.416446,1.70599,2.37269,-2.53979,1.70033,-142.91,53.6004,29.6625,5001.59,3619.25,1.31631,2.60586,4.17242,-1.63993,2.60019,0.539206,254.045,44.5102,5202.04,0.0525774,0.765339,0.0155171,4831.84,0.000264088,0.00325997,44.621,5395.48,79.6559,71.5059,0.558767,9.96201,9.81805,95.7374,124.853,-16.0815,-53.3467 
20,75,47.3227,2.2,46.05,0.2,-0.19,-0.01,20,6135.19,0.00820422,9.98827,11.3579,95.6965,-0.0201322,-0.574614,500,-0.783708,-2.80172,2.31945,0.166746,-2.12476,-122.975,404.024,40.456,4811.76,3693.4,-0.00936463,-2.02737,3.86814,0.941089,-1.35042,-1.72007,576.509,53.2327,4984.25,0.11617,0.86089,0.0192944,4962.64,0.00145251,0.0533152,8.83004,7.69275,96.5145,73.5115,0.514273,10.5835,9.9557,95.3552,124.009,1.15925,-50.4974 
21,97,43.248,4.2,48.55,-0.2,0.19,0.01,21,11750.5,0.252523,22.5337,10.0561,96.027,-0.0723341,-71.7978,166.138,-0.622079,-0.132614,-1.66776,-3.89242,1.80748,-187.484,4830.92,15.6795,6065.17,7545.7,0.558457,1.04792,0.693308,-2.71188,2.98801,0.73084,5093.89,35.1584,6328.14,0.477732,0.988066,0.0101308,10662.7,0.00167202,0.737228,9.54488,7.94123,96.3141,73.7468,0.709784,9.92006,9.67432,95.3746,124.451,0.939505,-50.704 
22,97,43.248,0,48.55,-0.2,0.19,0.01,22,13509.9,0.251943,25.7278,10.2957,96.0813,0.190439,-121.043,367.376,-0.208165,1.93047,-1.19334,-0.835896,0.943814,-177.988,5554.95,33.927,6952.27,9373.27,0.912582,3.05122,1.04815,0.28485,2.06456,0.857615,5804.6,52.4193,7201.92,0.478048,0.984442,0.0132304,12142.3,0.00169972,0.828828,9.75947,8.0907,96.2983,74.1863,0.797552,10.1701,9.83626,95.3989,125.064,0.899377,-50.8779 
23,75,46.2227,0,46.05,0.2,-0.19,-0.01,23,6484.12,0.259414,10.4543,10.6582,96.1513,-0.619644,137.241,449.796,-0.0349412,3.35566,1.98493,1.10046,2.94607,-144.168,94.3453,39.8441,5341.22,6395.57,0.872844,4.26344,3.8005,2.00824,3.85386,0.74319,296.554,54.8226,5543.43,0.0573077,0.755564,0.0178918,5174.77,0.00162794,0.014887,5.38389,7.82325,122.032,60.053,0.619219,10.0067,9.5797,95.7637,123.636,26.2683,-63.5833 
24,75,47.3227,2.2,46.05,0.2,-0.19,-0.01,24,7346.55,0.082223,11.6957,11.2987,95.8969,-0.178198,-37.3378,2.70126e-08,-1.37733,-1.27229,-3.14594,-1.96594,2.49634,-153.22,481.943,18.3381,5651.71,4518.39,-0.41254,-0.3075,-1.21637,-1.00115,3.46112,3.32323,696.85,34.2571,5866.62,0.118927,0.920785,0.0106422,5859.48,0.0018287,0.0617303,9.52872,8.60927,96.1981,73.2005,0.589563,10.4469,10.2432,95.5598,124.071,0.638329,-50.8709 
25,97,43.248,4.2,48.55,-0.2,0.19,0.01,25,10670.9,0.224055,20.554,10.0409,96.0305,-0.147907,48.1235,107.696,-1.06406,2.51401,5.48494,0.392771,2.5627,-173.895,4125.63,53.8116,5681.05,6950.08,0.0309097,3.60898,7.67489,1.48774,3.65767,0.53373,4369.54,71.8787,5924.95,0.455944,0.972018,0.021859,9583.5,0.00143647,0.661631,9.52423,7.79089,96.1485,73.1355,0.690919,9.96245,9.36941,95.4252,123.641,0.723298,-50.5053 
26,97,43.248,0,48.55,-0.2,0.19,0.01,26,13623.9,0.252641,25.2216,10.5973,96.4989,0.337298,195.46,267.565,-1.76996,2.4275,4.23975,-0.281767,0.360179,-157.284,5737,30.9953,6779.4,10847.1,-0.779591,3.41787,6.22049,0.708606,1.35055,0.43025,5957.61,47.3364,7000.01,0.491649,0.986286,0.0123037,12117.6,0.00172242,0.814332,10.1014,8.20397,96.7941,73.6874,0.756107,10.5495,9.88758,95.7857,124.277,1.00842,-50.5895 
27,75,46.2227,0,46.05,0.2,-0.19,-0.01,27,6695.91,0.13347,11.4618,10.7892,95.7791,-0.17237,64.97,500,-0.936841,-0.74739,2.55461,1.48597,0.736199,-107.701,63.7476,25.3515,5691.23,4390.21,-0.258674,-0.0692233,3.91094,2.16413,1.41437,0.453897,214.809,36.5412,5842.29,0.0401061,0.770598,0.0113904,5356.03,0.00158659,-0.0103157,8.38042,24.407,114.496,92.9998,0.632767,10.2774,10.0238,95.5898,123.813,18.9059,-30.8136 
28,75,47.3227,2.2,46.05,0.2,-0.19,-0.01,28,6752.49,0.254279,11.0101,10.7028,96.1984,-0.757045,445.355,394.06,-0.192212,-1.7329,1.7783,1.16171,1.59067,-130.516,388.418,14.9733,5345.98,14811.5,0.629611,-0.911082,3.42195,1.98353,2.4125,0.54595,571.479,28.5334,5529.04,0.105109,0.919645,0.00941692,5437.03,0.00155664,0.0472139,10.4804,8.3073,95.7556,74.7279,0.564798,10.3152,10.3017,95.8592,125.502,-0.103616,-50.7744 
29,97,43.248,4.2,48.55,-0.2,0.19,0.01,29,12092.1,0.276258,22.5466,10.2601,96.2407,-0.0846595,-40.0906,468.203,-2.37584,-0.0558257,5.06869,-0.576551,1.87671,-210.268,4667.78,66.1747,6320.63,7641.05,-1.05184,1.26817,7.71668,0.747448,3.20071,0.350512,4962.7,88.0207,6615.55,0.460175,0.969896,0.0239231,10784.4,0.00168127,0.708864,9.75869,8.0939,96.3918,72.4096,0.716935,10.1989,9.85836,95.5427,122.998,0.84918,-50.5886 
30,97,43.248,0,48.55,-0.2,0.19,0.01,30,11822.6,0.273204,22.4355,10.0654,96.4002,-0.204125,-215.676,348.512,2.18862,0.877889,3.26977,0.0173376,0.761861,-205.45,4836.22,28.6803,6039.54,8784.43,3.48229,2.17155,5.8571,1.311,2.05553,0.606311,5124.39,50.0258,6327.71,0.479238,0.983203,0.0143543,10692.8,0.00176971,0.772203,9.40647,7.75025,96.5856,72.9999,0.705465,9.99926,9.55718,95.7079,123.364,0.877619,-50.3638 
31,75,46.2227,0,46.05,0.2,-0.19,-0.01,31,5383.26,0.160545,9.19432,10.7378,95.9005,-0.308416,-6.15726,264.326,1.0228,-0.86396,0.681758,-1.13042,-0.399027,-103.776,50.6494,20.5744,4687.98,3275.69,1.67625,-0.210513,1.98865,-0.476974,0.254421,0.384668,196.205,31.3563,4833.54,0.0440938,0.781449,0.011809,4449.72,0.0010892,0.0019515,-438.581,0.00514657,132.945,60.2372,0.544674,9.93466,9.78379,95.568,124.052,37.3768,-63.8146 
32,75,47.3227,2.2,46.05,0.2,-0.19,-0.01,32,6545.71,0.0293657,10.6348,10.7393,96.2644,0.0580473,-70.4656,499.416,-0.777446,-0.369837,-0.264059,-0.298587,-2.39904,-135.241,388.426,24.9366,5041.65,3851.1,0.0741306,0.48174,1.43909,0.55299,-1.54746,-0.438386,578.115,38.9876,5231.34,0.111569,0.894439,0.0135427,5181.69,0.00174604,0.040958,10.212,8.68463,96.6007,73.9216,0.552451,10.0142,10.0672,95.9643,124.719,0.636333,-50.7977 
33,97,43.248,4.2,48.55,-0.2,0.19,0.01,33,11334,0.102431,21.8023,10.1419,96.2515,0.0435754,26.786,0.511002,-2.70412,-2.20701,-3.85005,-0.704073,-0.213722,-138.523,4596.9,20.5831,5910.95,7236.08,-1.83188,-1.33477,-2.10557,0.168167,0.658519,0.526362,4791.19,34.9751,6105.24,0.471397,0.987386,0.0104427,10163.8,0.00161448,0.692933,9.51249,8.07795,96.4886,74.2344,0.692072,9.91564,9.66679,95.5997,125.052,0.888828,-50.8172 
34,97,43.248,0,48.55,-0.2,0.19,0.01,34,12618.5,0.201921,23.2885,10.4062,96.3281,0.0043685,-228.012,500,-1.85319,-1.84515,-2.0966,-1.47222,1.3649,-226.001,5078.18,37.3266,6407.82,7921.52,-0.430117,-0.422079,0.749537,-0.0491475,2.78797,0.715671,5395.17,60.8072,6724.81,0.4769,0.980658,0.0163838,11313,0.00189822,0.74913,9.85065,8.03376,96.5016,73.8253,0.740991,10.2025,9.60913,95.6664,124.579,0.835172,-50.7535 
35,75,46.2227,0,46.05,0.2,-0.19,-0.01,35,6927.12,0.209821,11.9311,10.528,96.0608,-3.1562,3266.58,1.89101e-05,-1.68143,-1.27735,-1.41868,-1.37138,1.37842,-106.165,63.6389,1.0918,5942.96,339713,-1.01294,-0.608857,-0.0816976,-0.702894,2.04691,0.772732,212.545,12.1219,6091.87,0.0381357,0.909251,0.00365212,5573.39,0.00141226,0.0132651,8.193,-4.40793,98.6451,72.3588,0.662826,10.0441,10.1414,95.7153,124.606,2.92985,-52.2468 
36,75,47.3227,2.2,46.05,0.2,-0.19,-0.01,36,6033.83,0.0446253,10.0434,11.1195,95.9232,0.0281117,-96.1324,5.95403e-06,-0.374349,-2.43479,0.132715,-3.17397,4.07305,-137.098,329.148,25.7894,4859.5,3723.44,0.488918,-1.57152,1.85925,-2.31071,4.93631,0.453524,521.44,40.0333,5051.79,0.104981,0.881558,0.0143878,4967.02,0.00131542,0.0478959,9.80213,7.98585,95.4599,73.9628,0.529653,10.3119,9.97077,95.6179,124.179,-0.158042,-50.2163 
37,97,43.248,4.2,48.55,-0.2,0.19,0.01,37,11760.7,0.00145317,22.5605,10.3664,96.3685,-0.00987985,5.0644,4.51939e-11,1.61667,1.08221,-2.0063,0.112545,-2.20417,-208.584,4479.9,71.2459,6356.45,7614.89,2.93007,2.3956,0.620493,1.42594,-0.890779,0.904265,4772.46,92.9169,6649.01,0.449232,0.967051,0.0250966,10623.6,0.00150866,0.699304,9.68608,7.95547,96.5275,73.5052,0.735229,10.1595,9.66483,95.8069,124.076,0.720659,-50.5704 
38,97,43.248,0,48.55,-0.2,0.19,0.01,38,12329.8,0.24408,23.4134,10.2561,96.4314,0.752916,-307.154,472.485,-1.21358,-0.229695,-1.92035,2.00718,1.01596,-247.442,5130.12,32.1151,6389.71,15345.4,0.344498,1.32838,1.19581,3.56526,2.57403,0.86725,5477.18,57.8234,6736.78,0.480221,0.98186,0.0155651,11405.5,0.00164201,0.80195,9.55979,7.80713,96.6365,72.9487,0.751181,10.2262,9.32125,95.683,123.143,0.953538,-50.1939 
39,75,46.2227,0,46.05,0.2,-0.19,-0.01,39,5490.14,0.180943,9.30154,10.6149,95.9128,0.683472,-528.296,33.2215,2.46078,-0.583012,-1.87968,-1.74509,2.69658,-130.943,49.8164,29.8239,4783.24,14968.4,3.2853,0.241502,-0.230654,-0.920579,3.52109,1.03912,233.477,43.4284,4966.9,0.0507079,0.754425,0.0158512,4604.35,0.000997806,0.00548565,3.24731,3811.62,108.872,52.8552,0.561119,10.0083,9.52034,95.5218,124.634,13.3507,-71.7791 
40,75,47.3227,2.2,46.05,0.2,-0.19,-0.01,40,6813.51,0.0116912,11.2849,11.506,95.8067,-0.00571055,11.9021,4.37221e-12,2.28217,2.51228,4.23762,-0.787067,-0.0276634,-138.237,369.612,31.8754,5545.31,4229.09,3.15261,3.38273,5.97851,0.0833773,0.842781,0.555171,563.503,46.2377,5739.2,0.100375,0.874436,0.0146238,5614,0.00137769,0.0502676,11.1221,7.76674,96.4214,72.8508,0.580661,10.5564,10.2248,95.4376,123.738,0.98381,-50.8875 
41,97,43.248,4.2,48.55,-0.2,0.19,0.01,41,11210.7,0.197827,21.635,-10.2186,96.3571,-0.00985882,-146.678,1.17493,-0.543913,-1.87077,-0.892626,-1.26294,1.98717,-136.781,4307.62,52.2273,5976.67,7243.95,0.317361,-1.0095,0.829922,-0.401661,2.84844,0.678893,4499.47,66.4383,6168.52,0.453221,0.974811,0.0194545,9927.76,0.00132017,0.651337,9.66036,8.32005,96.5189,74.2276,0.693544,10.1247,9.86085,95.6517,125.278,0.867246,-51.0501 
42,97,43.248,0,48.55,-0.2,0.19,0.01,42,12398.8,0.24349,23.7456,10.1791,96.3039,-0.342297,-166.522,2.57561,-2.29408,1.58668,0.416583,0.108061,0.958257,-178.262,5080.97,37.9229,6430.23,9723.96,-1.17161,2.70915,2.66152,1.23053,2.08073,0.645618,5331,56.4436,6680.26,0.475573,0.981808,0.015326,11209.6,0.001609,0.78997,9.62973,7.79869,96.551,74.3801,0.768018,10.0417,9.5136,95.5963,125.457,0.954693,-51.0771 
43,75,46.2227,0,46.05,0.2,-0.19,-0.01,43,6203.73,0.0228987,10.8212,10.4963,96.105,-0.0308963,24.2667,500,-1.17858,-0.490309,4.36783,0.0982729,1.2331,-142.849,41.2128,25.2259,5286.45,3721.88,-0.279095,0.409176,6.1668,0.997757,2.13258,0.345852,241.573,40.0674,5486.81,0.0476478,0.77504,0.0132734,5069.97,0.00140334,-0.00477558,-1.37496,63.5424,104.573,40.008,0.626844,9.82631,9.67193,95.7664,124.281,8.80671,-84.2733 
44,75,47.3227,2.2,46.05,0.2,-0.19,-0.01,44,6294.78,0.195638,10.5033,10.9057,96.0726,0.0512701,-98.2209,3.18868,-0.960886,-0.724094,2.36597,-1.79003,-1.46724,-126.232,369.281,33.8156,5135.08,3892.79,-0.166037,0.0707546,3.95567,-0.995186,-0.672388,-0.803924,546.334,46.9306,5312.13,0.104641,0.869318,0.0160137,5221.01,0.00123219,0.056878,9.15891,8.04931,96.8701,73.4972,0.547034,10.5435,10.092,95.6043,124.424,1.26586,-50.9269 
45,97,43.248,4.2,48.55,-0.2,0.19,0.01,45,10634.3,0.169112,20.6622,10.2518,96.5141,0.079801,-159.638,179.291,1.36093,-0.71811,4.6837,-2.03399,-0.33093,-147.061,4097.38,34.3345,5733.96,7310.32,2.28694,0.207895,6.53571,-1.10799,0.595074,0.232685,4303.64,49.6136,5940.23,0.451539,0.980224,0.0151524,9531.05,0.00111873,0.612172,9.74634,8.42823,96.7114,73.4479,0.651649,10.238,9.99054,95.8755,124.22,0.835952,-50.7723 
46,97,43.248,0,48.55,-0.2,0.19,0.01,46,12184.4,0.183971,23.8357,10.2284,96.2048,-0.116129,94.0165,0.249446,1.38654,1.72353,-1.20659,-1.28585,-2.46079,-178.505,5120.92,25.9475,6319.92,8291.97,2.51054,2.84753,1.04141,-0.161845,-1.33679,0.787505,5371.29,44.4935,6570.29,0.481594,0.985711,0.0123209,11153.1,0.00135119,0.798821,9.70474,7.82667,96.3305,72.8345,0.751037,10.1272,9.52942,95.5593,123.193,0.771215,-50.3583 
47,75,46.2227,0,46.05,0.2,-0.19,-0.01,47,6144.28,0.204055,10.9394,10.0849,96.2897,-0.135983,-57.1444,293.05,-1.29627,0.893626,0.715975,-5.59991,0.980964,-140.042,40.3715,14.3465,5314.66,3844.33,-0.414466,1.77543,2.47959,-4.71811,1.86277,-1.5168,236.794,28.8963,5511.08,0.0465529,0.824025,0.00956633,5086.55,0.0047352,-0.00584753,349.277,89.3838,135,40,0.616802,9.73981,9.99443,95.9017,124.898,39.0983,-84.8982 
48,75,47.3227,2.2,46.05,0.2,-0.19,-0.01,48,5987.62,0.165377,10.3405,10.7641,95.9679,0.0893779,-54.1711,42.657,-2.75771,0.956754,0.115277,2.30517,-3.30738,-136.525,350.737,34.9634,4960.8,3780.99,-1.89805,1.81642,1.8346,3.16483,-2.44772,0.257272,542.227,49.1478,5152.29,0.106817,0.863095,0.0172685,5076.24,0.00110789,0.0501813,9.37392,8.14665,97.0129,73.7902,0.539009,10.28,10.159,95.3543,124.801,1.65863,-51.0108 
49,97,43.248,4.2,48.55,-0.2,0.19,0.01,49,11816.8,0.104616,23.0691,10.2051,96.1954,-0.0647502,-59.6387,2.25648e-05,-0.262721,-0.755302,-4.97838,3.39334,1.11498,-198.178,4547.49,52.8573,6384.93,7789.46,0.985151,0.492571,-2.48263,4.64121,2.36285,1.41383,4825.45,73.4472,6662.89,0.45145,0.974055,0.019902,10688.8,0.00140878,0.715205,9.54293,8.08358,96.3674,73.9429,0.762093,10.0589,9.49519,95.5027,124.733,0.864788,-50.7903 
50,97,43.248,0,48.55,-0.2,0.19,0.01,50,11958.5,0.0100712,23.5142,10.1637,95.9878,-0.026465,-20.8145,500,3.40945,0.303683,-3.7828,4.50399,-1.08093,-224.637,5021.41,22.9829,6218.53,7797.9,4.82393,1.71816,-0.953848,5.91847,0.333544,1.08056,5336.49,46.3218,6533.6,0.481369,0.985037,0.0128918,11086.1,0.00144336,0.79359,9.61504,7.69508,96.0992,73.8649,0.750858,9.93742,9.45733,95.3535,124.637,0.745686,-50.7721 
51,75,46.2227,0,46.05,0.2,-0.19,-0.01,51,6305.62,0.0510603,11.1649,10.6833,96.3508,-0.0348015,-86.0372,500,1.10877,2.79571,0.309159,2.25352,-2.38281,-128.888,-39.9406,33.266,5469.55,3980.35,1.92034,3.60728,1.9323,3.0651,-1.57124,0.784191,140.837,46.6569,5650.32,0.0275442,0.633013,0.0149831,5113.12,0.000995924,0.00376676,7.95094,3289.86,106.993,85.8062,0.643813,10.0058,9.65581,95.9933,123.685,11.0001,-37.8787 
52,75,47.3227,2.2,46.05,0.2,-0.19,-0.01,52,6034.31,0.190703,10.3945,10.5295,95.748,-0.0378476,-55.5557,446.215,-0.889458,-0.861301,5.20862,1.16046,-1.87748,-137.438,348.533,24.8594,4857.45,3631.35,-0.0240448,0.00411293,6.93945,2.02587,-1.01207,0.125278,541.304,39.1387,5050.22,0.108576,0.887679,0.0140752,4985.5,0.0012372,0.0489888,9.49235,8.02865,96.0149,73.9661,0.546391,10.2201,9.92359,95.2887,124.387,0.726214,-50.421 
53,97,43.248,4.2,48.55,-0.2,0.19,0.01,53,10354.2,0.256419,19.8729,9.89706,96.2489,-0.480833,627.983,214.898,2.51264,-1.34599,-4.43549,0.402813,-0.64102,-198.315,4211.96,21.383,5298.66,16232.3,3.76138,-0.0972507,-1.93802,1.65155,0.607715,1.48628,4490.12,41.9872,5576.82,0.477788,0.983899,0.0136793,9397.72,0.00153487,0.669864,9.37835,7.78623,96.2618,73.8539,0.643734,9.71652,9.5306,95.5636,124.561,0.698214,-50.7072 
54,97,43.248,0,48.55,-0.2,0.19,0.01,54,11843.4,0.149425,23.2459,10.0422,96.1012,-0.167257,52.0413,1.53238e-10,-0.12156,-1.78888,-3.20631,0.874042,0.548773,-207.147,4921.85,13.0775,6096.7,7882.61,1.18279,-0.484533,-0.597609,2.17839,1.85312,1.14462,5212.39,34.5992,6387.24,0.481151,0.988517,0.00987995,10833.2,0.00147821,0.775508,9.47444,7.90253,96.3452,73.6966,0.740769,10.0045,9.36332,95.4726,124.351,0.872656,-50.6543 
55,75,46.2227,0,46.05,0.2,-0.19,-0.01,55,6004.5,0.0230389,10.3226,10.6411,95.639,0.015079,-10.2266,0.0256729,-0.805957,1.69331,-0.394533,-1.12478,0.878134,-168.653,-8.69072,15.7046,5077.87,3580.82,0.256007,2.75528,1.72939,-0.0628205,1.9401,0.738681,227.862,33.227,5314.42,0.0464592,0.796694,0.0113861,4904.55,0.00131395,0.03446,-1.92833,-1.01572,126.959,66.0007,0.587258,10.041,9.8017,95.5241,123.847,31.4348,-57.8467 
56,75,47.3227,2.2,46.05,0.2,-0.19,-0.01,56,6511.49,0.2154,10.7896,10.845,96.0511,-1.01464,44.2733,0.507827,0.354787,4.66517,2.28349,-0.445853,-0.0291074,-177.087,413.824,9.84588,5202.18,5271.49,1.46985,5.78023,4.51362,0.669214,1.08596,0.666125,662.206,28.2445,5450.56,0.121312,0.930543,0.00945542,5458.7,0.00134366,0.0593128,9.94363,7.57866,96.8338,73.8956,0.569041,10.3522,10.0584,95.6111,124.445,1.22268,-50.5494 
57,97,43.248,4.2,48.55,-0.2,0.19,0.01,57,10771.1,0.00461562,21.1014,-10.2415,96.1601,-0.0732639,8.92318,97.1705,-0.596112,-3.44026,0.498962,0.453336,1.90016,-145.807,4074.34,37.8898,5815.11,7056.39,0.321994,-2.52215,2.33517,1.37144,2.81826,0.46004,4278.85,53.0386,6019.61,0.446826,0.978768,0.0159715,9576.11,0.00123477,0.6418,9.66046,7.99894,96.3324,73.7097,0.692636,10.0465,9.71938,95.5017,124.411,0.830714,-50.7013 
58,97,43.248,0,48.55,-0.2,0.19,0.01,58,11854.1,0.00484786,23.1292,10.3552,96.3918,-0.0118316,0.666032,5.10743e-11,-0.646499,1.02789,2.92716,0.0714385,3.35067,-208.823,4690.52,77.9193,6241.42,7797.03,0.668401,2.34279,5.55696,1.38634,4.66558,0.619909,4983.42,99.6151,6534.31,0.464282,0.966201,0.0273157,10733.6,0.00134523,0.722827,9.74586,8.09681,96.6238,72.7689,0.734907,10.1076,9.71156,95.8046,123.236,0.819269,-50.4673 
59,75,46.2227,0,46.05,0.2,-0.19,-0.01,59,6146.65,0.0169631,10.6588,10.9131,96.0691,-0.0182169,9.5798,0.0135105,-0.847827,-1.22278,0.424229,3.06932,-2.91264,-119.123,37.5687,30.0915,5264.18,3792.29,-0.0977434,-0.472697,1.9244,3.8194,-2.16256,0.360836,204.65,42.4678,5431.26,0.0410601,0.733595,0.0141992,4984.16,0.00126593,0.00147678,-2428.03,0.596688,93.1575,79.746,0.608207,10.2121,9.67272,95.5928,123.424,-2.43536,-43.6782 
60,75,47.3227,2.2,46.05,0.2,-0.19,-0.01,60,6597.17,0.151857,11.1855,11.2184,96.0517,0.185807,-413.103,8.14749,-2.19157,-4.33444,-3.07644,2.08872,0.357191,-129.035,428.603,30.5975,5404.91,6583.59,-1.37907,-3.52194,-1.45145,2.90121,1.16969,0.363836,609.587,44.0037,5585.9,0.110329,0.887843,0.0143039,5525.18,0.00126748,0.0477277,9.97552,8.4278,95.304,73.4414,0.569093,10.3123,10.5087,95.8687,124.895,-0.564686,-51.4534 
61,97,43.248,4.2,48.55,-0.2,0.19,0.01,61,11574.1,0.207665,22.2499,-10.2408,96.1625,-0.153163,38.0115,453.709,1.1107,-4.05439,-1.23835,-2.40319,-1.1337,-155.69,4514.5,70.8321,6115.17,7607.02,2.09104,-3.07406,0.722317,-1.42285,-0.153362,1.39322,4732.87,87.0076,6333.54,0.459217,0.968831,0.0246815,10306.4,0.00144515,0.706047,9.68532,7.94102,96.3439,73.0531,0.716457,10.082,9.72513,95.6034,123.441,0.740495,-50.388 
62,97,43.248,0,48.55,-0.2,0.19,0.01,62,13425.9,-0.00547693,25.7935,10.4965,96.1829,0.0216567,-34.105,500,1.30295,1.65153,-6.58851,-0.541486,-1.6094,-216.09,5639.35,15.1986,6893.29,8837.56,2.66361,3.01219,-3.86719,0.819175,-0.248741,2.62552,5942.44,37.6495,7196.38,0.484099,0.989034,0.0095454,12275.3,0.00152274,0.836958,9.92506,8.0451,96.3237,73.6856,0.803978,10.2612,9.63507,95.676,124.277,0.647678,-50.5913 
63,75,46.2227,0,46.05,0.2,-0.19,-0.01,63,5983.68,0.0643483,10.5751,10.6323,96.047,0.0318224,-48.4862,500,1.94392,-1.193,-3.68058,2.14036,1.23349,-72.6174,4.57121,23.7011,5170.99,3710.46,2.40117,-0.735746,-2.76608,2.59762,1.69074,1.86773,106.424,31.2458,5272.84,0.0224215,0.660592,0.0107981,4746.52,0.00117457,0.000403899,-22.307,0.141301,100.942,70.424,0.580259,10.1126,10.1019,95.6301,123.401,5.31156,-52.9767 
64,75,47.3227,2.2,46.05,0.2,-0.19,-0.01,64,5967.17,0.206577,9.81338,10.8209,96.1987,-0.724387,1724.35,481.586,-2.14211,-2.04928,2.41786,-4.60401,-1.5036,-127.032,328.456,30.5709,4729.56,44119.2,-1.34223,-1.24939,4.01763,-3.80412,-0.703715,2.30366,506.631,43.769,4907.73,0.104992,0.868669,0.0161631,4825.43,0.00136023,0.047148,9.10686,7.6856,97.4877,72.5237,0.525691,10.2663,9.92305,95.7817,123.156,1.70599,-50.6323 
65,97,43.248,4.2,48.55,-0.2,0.19,0.01,65,11070.9,0.225141,21.2007,10.1386,96.2538,0.114842,-110.47,7.5892,0.7046,0.196302,0.18228,-0.946767,-1.02803,-185.39,4219.1,55.8678,5894.6,7410.17,1.87195,1.36365,2.51699,0.220586,0.139319,0.588223,4479.13,75.1291,6154.63,0.452657,0.971484,0.0219919,9895.21,0.00141916,0.662535,9.62223,7.98234,96.3883,72.816,0.703014,10.1242,9.52686,95.6856,123.478,0.702626,-50.6618 
66,97,43.248,0,48.55,-0.2,0.19,0.01,66,12392.5,0.210832,24.2239,10.1253,96.3656,0.00203065,139.841,448.334,0.353466,3.99045,2.00237,1.6136,-3.19431,-178.075,5381.21,22.2549,6205.64,7993.75,1.47476,5.11174,4.24495,2.73489,-2.07302,0.630659,5630.98,40.7562,6455.41,0.4978,0.987492,0.0114964,11311.7,0.00150573,0.811384,9.6977,8.04605,96.5355,74.6342,0.733916,9.89289,9.71617,95.5915,125.496,0.943959,-50.8618 
67,75,46.2227,0,46.05,0.2,-0.19,-0.01,67,5660.7,0.164621,10.1387,10.1796,96.1628,0.103413,-209.544,2.11216e-10,0.751009,-3.80886,5.65058,-2.18149,-1.49544,-125.416,-10.2695,29.7752,4931.59,4065.18,1.54072,-3.01916,7.23,-1.39179,-0.705728,-0.978628,165.638,42.8054,5107.5,0.0355428,0.688588,0.0152038,4660.24,0.0035849,-0.00473621,285.767,-72.7198,113.592,40.0001,0.58962,9.72928,9.68591,95.7844,124.267,17.8073,-84.267 
68,75,47.3227,2.2,46.05,0.2,-0.19,-0.01,68,5837.53,0.0761783,9.95446,10.7865,96.2209,-0.168315,144.356,0.000985254,-0.355514,-1.84814,-1.40214,-0.219565,1.25488,-127.541,369.776,34.1583,4645.85,4286.34,0.447575,-1.04505,0.204038,0.583524,2.05797,0.909238,548.664,47.4093,4824.74,0.114438,0.868647,0.0177792,4794.43,0.00132269,0.0510249,8.89485,7.66369,96.8239,73.3191,0.516905,10.0315,10.0738,95.7125,124.204,1.11142,-50.8848 
69,97,43.248,4.2,48.55,-0.2,0.19,0.01,69,11275.2,0.0345952,23.1342,9.84345,96.6891,0.00326177,-25.5145,21.6914,2.19307,-0.793633,-6.09312,-0.192309,-1.15788,-144.662,4686.54,11.3174,5750.63,7415.77,3.10397,0.117264,-4.27133,0.718588,-0.24698,-6.38362,4889.44,26.3472,5953.53,0.482739,0.990658,0.00808628,10128.6,0.00132579,0.739009,9.05122,8.27755,96.8299,74.0495,0.702378,9.73567,9.79034,96.1697,124.969,0.66024,-50.92 
70,97,43.248,0,48.55,-0.2,0.19,0.01,70,13188.8,-0.00278392,25.8501,10.1385,96.2666,0.00861381,-31.0138,497.402,1.857,0.183891,1.06205,0.641957,-3.04623,-175.445,5132.98,65.4805,6899.4,8540.29,2.96173,1.28862,3.27151,1.74669,-1.9415,0.553503,5379.06,83.7085,7145.48,0.461046,0.973489,0.0211242,11667.1,0.00173023,0.812471,9.52837,7.97582,96.5183,73.8023,0.826151,10.0039,9.5808,95.5589,124.51,0.95942,-50.708 
71,75,46.2227,0,46.05,0.2,-0.19,-0.01,71,5679.62,0.218513,9.51131,10.3656,95.4613,0.563586,-342.761,475.154,1.32587,1.17762,2.77855,0.412163,0.964044,-113.706,78.643,41.3438,4639.72,9497.93,2.04185,1.8936,4.21051,1.12814,1.68002,0.615623,238.127,53.1574,4799.2,0.0533747,0.719086,0.0199957,4461.42,0.00418438,-0.00475772,6857.22,81.3373,116.236,40.0003,0.554068,9.87713,9.57424,95.1667,122.455,21.0689,-82.455 
73,97,43.248,4.2,48.55,-0.2,0.19,0.01,73,11339.4,0.116639,22.5164,9.91796,96.1897,0.022887,-246.524,500,0.811233,0.76133,0.928252,0.579324,-2.08271,-159.431,4333.61,60.4795,6052.77,7453.38,1.81513,1.76522,2.93604,1.58322,-1.07882,0.581808,4557.23,77.0437,6276.38,0.452086,0.971265,0.0221122,10080.4,0.00142023,0.689286,9.33962,8.10402,96.497,73.8571,0.731668,9.86169,9.67384,95.6128,124.847,0.884153,-50.9902 
74,97,43.248,0,48.55,-0.2,0.19,0.01,74,12217.7,-0.000567029,24.2681,10.142,96.293,-0.00597546,-7.455,500,0.0233846,0.323972,-0.225919,-0.0520669,0.251789,-161.037,5228.58,10.3938,6254.11,8013.71,1.03739,1.33798,1.80209,0.961939,1.26579,0.718651,5454.45,27.1249,6479.98,0.488889,0.991372,0.00765198,11156.8,0.00146975,0.830652,9.39032,7.824,96.4201,73.1492,0.747251,9.95857,9.55662,95.6995,123.602,0.720529,-50.4532 
75,75,46.2227,0,46.05,0.2,-0.19,-0.01,75,6361.99,0.192462,11.3839,10.222,95.7547,-0.0185878,-44.3771,0.132124,2.69626,-0.855063,1.08469,-3.26163,4.72013,-131.852,29.6644,16.3082,5559.66,3814.96,3.5265,-0.024825,2.74517,-2.43139,5.55037,0.706895,214.6,30.0071,5744.59,0.0407223,0.803407,0.00953061,5269.84,0.0038828,-0.00492714,396.041,74.3524,135,40,0.649705,9.90763,9.73395,95.4306,124.023,39.5693,-84.0232 
76,75,47.3227,2.2,46.05,0.2,-0.19,-0.01,76,6762.38,0.189213,11.2746,11.1252,95.7891,-0.084808,-36.7096,116.393,-0.0701693,0.21841,-2.52184,0.878024,1.22408,-121.611,442.683,16.4015,5479.81,4184.57,0.69558,0.984159,-0.990345,1.64377,1.98983,1.22909,613.254,29.0364,5650.38,0.109792,0.923481,0.00937751,5585.59,0.00131351,0.055278,10.3304,7.75498,96.7701,73.0196,0.574696,10.5956,10.3017,95.3148,123.51,1.45524,-50.4903 
77,97,43.248,4.2,48.55,-0.2,0.19,0.01,77,10966.3,0.205784,20.8671,10.297,96.1105,-0.178497,89.5294,31.8385,2.87147,0.171641,2.78502,1.7677,-2.25941,-212.228,4259.04,49.9818,5687.59,7514.88,4.20781,1.50798,5.4577,3.10405,-0.923066,0.59132,4556.71,72.0314,5985.26,0.463847,0.973081,0.0216885,9823.74,0.00131155,0.651611,9.7641,8.21248,96.3667,73.1481,0.655457,10.4298,9.72014,95.3878,123.694,0.97894,-50.5459 
78,97,43.248,0,48.55,-0.2,0.19,0.01,78,13284.9,0.0189136,25.7498,10.5003,96.2153,-0.0680721,158.119,500,0.0335768,2.94197,-1.33501,-1.14752,0.260699,-230.637,5816.96,20.9061,6659.17,9152.21,1.48584,4.39423,1.56951,0.304741,1.71296,0.834217,6140.45,44.8684,6982.66,0.499825,0.987374,0.0116983,12285.2,0.00141446,0.83502,9.98741,8.26447,96.3555,72.5931,0.757611,10.2497,9.91078,95.5317,122.894,0.8238,-50.3006 
79,75,46.2227,0,46.05,0.2,-0.19,-0.01,79,6165.17,0.179946,10.8787,10.4342,95.9255,3.83353,-2507.18,0.115708,0.558789,0.252939,-3.92648,0.4004,-0.806001,-130.798,44.5305,43.5957,5333.26,316577,1.38239,1.07654,-2.27928,1.224,0.0175988,2.60372,227.987,57.1851,5516.72,0.0448556,0.694954,0.0187371,5082.7,0.00121408,0.0103236,10.9586,5.51209,116.087,59.2854,0.608227,9.92888,10.0025,95.5016,123.19,20.5858,-63.9045 
80,75,47.3227,2.2,46.05,0.2,-0.19,-0.01,80,6451.93,0.00940944,10.9666,11.1974,95.5167,-0.00958702,-3.96055,499.744,2.45101,1.46891,-5.06452,-1.887,0.800976,-138.962,389.925,30.7614,5199.79,3998.71,3.32602,2.34392,-3.31452,-1.01199,1.67598,2.09774,584.832,45.199,5394.7,0.10968,0.880864,0.0151993,5332.16,0.00126647,0.0518448,9.63181,8.8589,94.9934,72.9921,0.565,10.4561,10.0703,95.2197,123.739,-0.226298,-50.7471 
81,97,43.248,4.2,48.55,-0.2,0.19,0.01,81,11727.1,0.0796259,22.7164,10.3361,96.257,-0.00170065,22.1374,499.966,-0.665844,0.981354,-0.981337,-0.11482,-3.09694,-184.412,4720.73,13.1636,6211.38,7644.72,0.495348,2.14255,1.34105,1.04637,-1.93575,0.565942,4979.39,32.3233,6470.04,0.46654,0.988768,0.00911894,10673,0.00138872,0.724914,9.68198,7.99569,96.4094,72.37,0.715062,10.2354,9.69844,95.5228,122.791,0.886567,-50.421 
82,97,43.248,0,48.55,-0.2,0.19,0.01,82,12224.6,0.219915,23.929,10.0547,96.0587,-1.05155,-85.2148,0.492269,-0.735833,-0.147458,-4.20176,-0.694966,-0.11029,-192.626,5096.42,10.9224,6364.79,10749.3,0.477082,1.06546,-1.77593,0.517949,1.10263,2.28024,5366.59,30.9355,6634.96,0.478931,0.990013,0.00851569,11205.4,0.00147341,0.783936,9.47166,8.02715,96.3687,72.9329,0.753484,9.97636,9.65569,95.3455,123.351,1.02314,-50.4179 
83,75,46.2227,0,46.05,0.2,-0.19,-0.01,83,5816.24,0.133123,10.1533,10.5062,95.8717,-0.263209,82.5418,499.991,1.08094,-0.110568,2.55748,1.24577,1.72099,-100.544,20.61,25.0544,4995.05,4179.77,1.71404,0.522531,3.82367,1.87887,2.35409,0.628524,161.633,35.5005,5136.07,0.0345268,0.722353,0.0125725,4681.37,0.00113742,-0.0170566,-0.523668,0.0144828,122.231,61.1552,0.571116,10.0689,10.0286,95.6745,122.866,26.5569,-61.7105 
84,75,47.3227,2.2,46.05,0.2,-0.19,-0.01,84,5654.47,0.184566,9.71972,10.4832,96.2002,0.172051,-140.8,244.036,1.45698,1.68181,0.874507,-1.05917,0.129814,-132.554,334.822,25.6023,4594.18,4105.56,2.29164,2.51647,2.54382,-0.224508,0.964472,0.685633,520.742,39.3742,4780.1,0.110158,0.883142,0.0149468,4727.23,0.00106143,0.0482569,9.64801,7.77821,96.4601,73.0972,0.516378,10.2244,10.0338,95.832,124.077,0.628153,-50.9802 
85,97,43.248,4.2,48.55,-0.2,0.19,0.01,85,11473.1,0.243027,21.818,10.1592,96.0486,-0.0882052,108.098,427.234,0.622089,-0.649666,-2.18998,0.55511,1.351,-165.63,4318.92,64.2029,6137.21,7525.94,1.66502,0.393261,-0.104129,1.59804,2.39392,1.01751,4551.24,81.4112,6369.52,0.448115,0.969647,0.023003,10156.4,0.00157927,0.671224,9.68643,7.94101,96.2398,73.2597,0.721923,10.1108,9.60071,95.4243,123.64,0.815501,-50.3803 
86,97,43.248,0,48.55,-0.2,0.19,0.01,86,12920,0.214946,24.7228,10.3656,96.1372,-0.0274626,-10.967,493.842,4.38629,0.704895,-3.84781,2.00562,-0.491627,-235.118,5307.84,10.1819,6698.11,8352.11,5.86677,2.18537,-0.886864,3.48609,0.988848,1.07619,5637.62,34.6097,7027.88,0.476869,0.989371,0.00899013,11822.2,0.00150598,0.802764,9.7615,8.07628,96.2653,73.0297,0.768328,10.3035,9.73034,95.5165,123.555,0.74879,-50.5253 
87,75,46.2227,0,46.05,0.2,-0.19,-0.01,87,6151.68,0.115308,10.7927,10.5633,95.8651,0.335812,-436.559,500,0.114772,1.68681,-1.35106,0.375885,0.0878535,-146.988,52.1773,23.3983,5271.08,8483.67,1.04032,2.61236,0.500027,1.30143,1.0134,0.922686,258.342,38.6698,5477.24,0.0508716,0.792426,0.0128384,5078.32,0.00128034,0.000522866,-19.0322,-0.0560399,102.77,68.4259,0.611841,9.9903,9.82758,95.59,122.687,7.18009,-54.2609 
88,75,47.3227,2.2,46.05,0.2,-0.19,-0.01,88,6065.94,0.230493,9.76317,10.8185,96.1141,0.185616,-271.627,17.945,3.41504,0.401801,1.16604,0.712758,-1.16578,-141.911,352.514,47.4248,4736.04,5079.66,4.30862,1.29537,2.95319,1.60633,-0.272209,0.701436,551.558,62.1688,4935.09,0.112691,0.835247,0.0226793,4894.43,0.00145644,0.0444114,10.326,7.83848,96.9108,73.7916,0.52523,10.3124,9.84384,95.6652,123.766,1.24556,-49.9739 
89,97,43.248,4.2,48.55,-0.2,0.19,0.01,89,12669.6,0.214428,23.9342,10.4824,95.912,-0.0626919,-15.5256,281.949,-2.63201,0.635512,-0.982542,1.03033,-3.77116,-195.801,4946.18,52.0671,6745.53,8198.86,-1.3991,1.86842,1.48327,2.26324,-2.53825,0.115825,5220.81,72.41,7020.16,0.458024,0.976304,0.0186463,11398.6,0.00148554,0.752377,9.83093,8.03005,96.1567,73.0458,0.776804,10.3339,9.72891,95.2808,123.64,0.875879,-50.5942 
90,97,43.248,0,48.55,-0.2,0.19,0.01,90,11867.4,0.1131,23.6421,9.8935,95.986,-0.116723,-56.6588,499.999,-1.24649,-1.14031,-2.66136,1.12856,2.41709,-223.299,4929.62,17.9821,6161.07,7829.6,0.159563,0.265747,0.150754,2.53461,3.82315,0.978258,5242.82,41.1821,6474.27,0.479226,0.98644,0.0115817,10940.2,0.00147518,0.804523,9.36456,7.66531,96.0434,73.1071,0.760639,9.86444,9.33404,95.4729,123.495,0.570461,-50.3875 
91,75,46.2227,0,46.05,0.2,-0.19,-0.01,91,6568.62,0.222082,11.2449,10.4488,95.9801,-0.0549629,-98.2777,4.98745,0.0938239,0.0304576,2.89152,0.275721,-1.07777,-139.149,63.9116,44.3714,5628.91,4000.71,0.970009,0.906643,4.6439,1.15191,-0.201585,0.3784,259.082,58.8284,5824.08,0.0481183,0.715633,0.018267,5384.27,0.00434238,-0.00520113,596.931,76.7657,134.996,40,0.653836,9.84313,9.73855,95.5773,124.22,39.4187,-84.2198 
92,75,47.3227,2.2,46.05,0.2,-0.19,-0.01,92,6521.15,0.196193,10.7366,11.1205,95.6976,0.25532,-250.307,29.6333,-1.14173,-0.300486,-3.73301,0.624189,-3.27925,-132.001,366.314,28.7402,5310.15,5967.18,-0.310552,0.530691,-2.07066,1.45537,-2.44808,0.271723,551.458,42.4546,5495.3,0.102362,0.88127,0.0140317,5387.32,0.00122416,0.047503,10.3305,8.19421,96.488,71.8206,0.558542,10.6824,10.2654,95.4375,123.114,1.05048,-51.2936 
93,97,43.248,4.2,48.55,-0.2,0.19,0.01,93,11479.7,0.00190766,22.5541,10.1738,96.0219,0.00301599,2.63233,2.83262e-11,0.546559,-0.105452,0.154978,-0.59818,-0.288475,-210.463,4623.39,9.86726,6022.44,7469.95,1.87179,1.21978,2.80544,0.72705,1.03675,0.633794,4918.59,31.7336,6317.63,0.469416,0.988835,0.00916809,10478.1,0.0014137,0.708952,9.46778,8.13452,96.3143,72.5509,0.70532,9.97523,9.83124,95.377,123.099,0.937297,-50.5477 
94,97,43.248,0,48.55,-0.2,0.19,0.01,94,11550.5,0.0168604,22.6123,10.107,96.0421,-0.0138949,10.1416,500,0.397536,-2.46899,2.40456,1.52375,-0.788809,-237.496,4699.87,33.5893,6014.82,7444.38,1.89299,-0.973538,5.39546,3.0192,0.706642,0.462643,5032.98,58.2643,6347.94,0.473953,0.980143,0.0166266,10619.2,0.00149099,0.755841,9.38029,7.78669,96.1629,73.3141,0.732776,9.9855,9.36229,95.4559,123.98,0.706937,-50.6658 
95,75,46.2227,0,46.05,0.2,-0.19,-0.01,95,6165.71,0.182099,10.3815,10.6764,95.7453,-0.0555538,-94.1076,500,2.04176,-2.39766,-4.66142,2.90086,1.57145,-139.074,40.4926,14.8367,5196.13,3778.29,2.91748,-1.52194,-2.90999,3.77657,2.44717,1.61793,235.558,29.286,5391.2,0.0473026,0.821307,0.00990753,4979.81,0.00133877,0.00128819,-3.57082,2369.54,96.3809,70.9162,0.594816,10.1916,9.74276,95.4495,122.251,0.931397,-51.335 
96,75,47.3227,2.2,46.05,0.2,-0.19,-0.01,96,6813,0.224864,11.0582,11.0973,95.8651,-0.534893,900.17,276.506,1.01044,1.51396,-1.51036,0.374143,-3.39056,-155.216,448.676,38.1698,5510.95,19669.1,1.98779,2.49131,0.44434,1.35149,-2.41321,0.884937,666.381,54.296,5728.66,0.116753,0.875206,0.0171598,5707.6,0.00137965,0.0555276,9.13139,8.13401,96.5383,73.7893,0.57697,10.7689,10.1174,95.4924,124.302,1.04594,-50.5125 
97,97,43.248,4.2,48.55,-0.2,0.19,0.01,97,11243.1,0.106365,21.684,10.3311,96.342,0.179576,-482.831,500,3.12337,2.95668,3.78441,0.252676,-2.65739,-191.242,4192.1,65.3759,6209.63,10115.1,4.32757,4.16088,6.19281,1.45688,-1.45319,0.578289,4460.34,85.2452,6477.87,0.438973,0.967637,0.0236674,10160.9,0.00124498,0.640861,9.74107,8.14513,96.5825,72.9484,0.709294,10.2985,9.86238,95.6671,123.163,0.91543,-50.2146 
98,97,43.248,0,48.55,-0.2,0.19,0.01,98,12681,0.213124,24.632,10.2014,96.0766,-0.596157,-66.0119,92.1336,0.556244,1.84359,1.97549,-3.76905,0.801192,-200.733,5361.19,13.7073,6486.73,9461.12,1.82021,3.10755,4.50342,-2.50509,2.06516,0.499133,5642.74,34.5627,6768.28,0.486493,0.989395,0.00931918,11598.8,0.00142778,0.810949,9.82312,7.98287,96.2536,73.466,0.770133,10.0745,9.63192,95.4512,124.121,0.802444,-50.6545 
99,75,46.2227,0,46.05,0.2,-0.19,-0.01,99,5273.37,0.1914,9.13791,10.1943,95.8177,-0.0679857,159.984,73.2467,1.89178,1.57258,1.28,-0.695903,1.02111,-92.9125,7.41867,18.1723,4508.24,3386.57,2.47683,2.15763,2.45009,-0.110858,1.60615,0.714436,137.737,27.8255,4638.56,0.0326418,0.738807,0.0109295,4219.67,0.00344825,-0.00478089,238.102,-65.1398,118.477,40,0.539212,9.56028,9.70477,95.4684,123.196,23.0089,-83.1959 
100,75,47.3227,2.2,46.05,0.2,-0.19,-0.01,100,5756.99,0.0671347,9.81183,10.7729,95.8317,0.000519912,3.09251,499.855,0.586075,-0.513974,1.02329,-2.70782,0.281621,-133.49,386.865,16.2473,4530.29,3441,1.42663,0.326576,2.70439,-1.86727,1.12217,0.271544,574.098,30.1164,4717.53,0.121489,0.915916,0.0116232,4725.52,0.00121194,0.0560005,9.81988,8.07109,96.813,73.2717,0.512748,9.87967,10.1887,95.5109,124.078,1.30204,-50.8061 
101,97,43.248,4.2,48.55,-0.2,0.19,0.01,101,11266.3,0.206895,21.5881,10.2491,96.2836,0.22093,-223.307,222.342,1.33781,0.63213,3.32769,-4.4831,1.30461,-182.02,4479.09,73.4929,5851.8,8808.74,2.48395,1.77826,5.61995,-3.33697,2.45074,0.375279,4734.39,92.4041,6107.1,0.468351,0.966972,0.0271164,10108.6,0.00142756,0.699642,9.57904,7.97743,96.4779,72.8638,0.706098,10.0912,9.47676,95.6961,123.338,0.781865,-50.4739 
102,97,43.248,0,48.55,-0.2,0.19,0.01,102,12699.3,-0.015064,24.5826,10.5221,95.9908,-0.0139601,2.21246,0.712645,-0.35242,1.06138,5.22986,-2.29576,2.61921,-164.579,5389.84,28.024,6451.4,8421.27,0.683891,2.09769,7.30248,-1.25944,3.65552,0.414872,5620.68,45.1231,6682.23,0.48871,0.986146,0.0122864,11501,0.00133875,0.812392,9.76239,8.13525,96.1748,72.5848,0.747067,10.3175,9.74241,95.3785,122.932,0.796286,-50.347 
103,75,46.2227,0,46.05,0.2,-0.19,-0.01,103,6234.83,0.204532,10.5819,10.6063,95.5299,-0.0559388,-88.1555,183.01,1.4631,-0.916037,0.198107,-2.41548,0.66716,-142.504,-4.10354,22.9815,5355.63,3814.17,2.36042,-0.0187239,1.99273,-1.51817,1.56447,0.545114,195.773,37.7872,5555.5,0.038503,0.747509,0.0123745,5084.62,0.00124244,0.0405564,-0.835798,-2.13284,106.308,69.4392,0.603538,10.1979,9.98731,95.3207,123.493,10.9873,-54.0537 
104,75,47.3227,2.2,46.05,0.2,-0.19,-0.01,104,6163.86,0.190181,10.3968,10.8033,95.4825,0.431939,-339.474,134.803,-0.469831,-3.16874,-0.544451,-0.717509,-2.9412,-105.235,427.735,17.8457,4958.65,8429.71,0.192806,-2.50611,0.780823,-0.054872,-2.27857,1.20198,575.338,28.7792,5106.25,0.113505,0.919508,0.0102756,5068.84,0.00124234,0.052578,9.74179,8.91205,96.1313,71.9993,0.53539,10.4214,10.0564,95.1238,123.427,1.0075,-51.4282 
105,97,43.248,4.2,48.55,-0.2,0.19,0.01,105,11056.1,0.000537305,21.3451,10.3978,96.098,-0.00673784,45.9324,1.10596e-11,3.35541,-0.126365,-1.82904,1.63048,0.647817,-159.132,4321.01,57.4163,5820.86,7235,4.35743,0.875649,0.174985,2.63249,1.64983,0.981942,4544.21,73.9496,6044.06,0.460734,0.97231,0.0220415,9862.98,0.00130973,0.656386,9.72754,8.21334,96.4298,73.0604,0.661767,10.1796,10.0022,95.4323,123.438,0.997582,-50.3773 
106,97,43.248,0,48.55,-0.2,0.19,0.01,106,11786.4,0.219822,23.3922,9.87896,96.0461,-0.0640745,-298.13,474.212,-0.987764,3.6586,1.60769,-0.616567,2.28045,-175.112,4943.94,18.0127,5985.35,8144.62,0.11487,4.76124,3.81296,0.486067,3.38308,0.696377,5189.55,36.2061,6230.97,0.486241,0.987938,0.0105905,10672.8,0.00149341,0.803968,9.38288,7.75185,96.2773,73.4772,0.735462,9.83344,9.41625,95.4264,124.077,0.850827,-50.6 
107,75,46.2227,0,46.05,0.2,-0.19,-0.01,107,5863.41,0.236228,9.55621,10.5244,95.7706,0.124821,-188.364,357.389,0.305988,1.09355,-0.781586,1.10432,-1.11416,-142.087,104.617,31.4311,4814.19,4039.38,1.20067,1.98823,1.00778,1.99901,-0.219474,0.831368,303.908,46.1934,5013.48,0.064445,0.789892,0.0166896,4715.77,0.00146996,0.0324149,2.89509,0.0769634,91.679,71.4048,0.578567,9.85159,9.52126,95.53,123.082,-3.85099,-51.6776 
108,75,47.3227,2.2,46.05,0.2,-0.19,-0.01,108,5776.51,0.188232,9.90016,10.5179,95.803,0.0284561,-213.079,499.916,0.287057,0.93877,0.963236,0.0706305,-1.61452,-122.099,396.459,25.4134,4626.36,3587.11,1.05588,1.7076,2.50089,0.839458,-0.845688,0.524378,567.716,38.0991,4797.62,0.118531,0.894901,0.0144177,4789.62,0.00121425,0.042897,10.3388,8.46895,96.0367,73.2456,0.52848,9.93257,10.0031,95.5066,123.626,0.530103,-50.3806 
109,97,43.248,4.2,48.55,-0.2,0.19,0.01,109,12056.7,0.226581,23.1102,10.2182,96.0325,-0.110563,-179.007,499.933,-1.5209,-0.853443,3.75806,1.48618,-2.87916,-145.637,4599.52,56.7405,6504.02,8331.59,-0.603859,0.0635963,5.59214,2.40321,-1.96212,-0.0180531,4803.79,71.8716,6708.29,0.448655,0.974486,0.0193541,10707.1,0.00142523,0.719716,9.68867,7.9605,96.2494,72.8908,0.746012,10.2598,9.82429,95.3526,123.496,0.896784,-50.6055 
110,97,43.248,0,48.55,-0.2,0.19,0.01,110,13193.8,0.23419,24.8552,10.4618,96.1722,-0.726198,609.629,3.75191,1.6808,3.0965,2.28725,1.54073,-0.97985,-205.806,5469.78,-2.79873,6837.88,22876.6,2.97671,4.39241,4.87907,2.83664,0.316058,0.683196,5758.44,18.5838,7126.54,0.478681,0.994384,0.00478066,12029.8,0.00159765,0.787709,9.91277,8.18592,96.2192,72.8379,0.767989,10.3871,9.86023,95.5681,123.075,0.651152,-50.2374 
111,75,46.2227,0,46.05,0.2,-0.19,-0.01,111,6685.55,0.21238,11.5977,10.4448,95.7073,0.303263,-305.406,225.159,-1.19056,3.17147,2.79924,1.56129,-0.747197,-149.281,73.4139,25.3815,5655.55,6958.4,-0.250573,4.11145,4.6792,2.50127,0.192786,0.583483,282.795,40.8912,5864.93,0.0519468,0.798056,0.0126806,5443.94,0.00138507,0.0104481,-8.63184,7.82449,119.754,57.2558,0.655004,9.99292,9.8779,95.4764,122.902,24.2775,-65.6459 
112,75,47.3227,2.2,46.05,0.2,-0.19,-0.01,112,6735.03,0.21966,11.0426,10.9925,95.7352,-0.142346,66.9818,247.839,-2.65555,-1.4816,-5.26767,-0.382562,3.03894,-123.526,443.394,26.4583,5349.05,4261.87,-1.87774,-0.703789,-3.71205,0.395251,3.81675,-0.783288,616.652,39.2922,5522.31,0.112604,0.899679,0.0129374,5476.28,0.00142199,0.0598176,10.118,7.215,96.6312,71.9068,0.563254,10.5832,10.2596,95.525,123.175,1.1062,-51.2682 
113,97,43.248,4.2,48.55,-0.2,0.19,0.01,113,11268,0.242394,21.759,9.98532,95.9329,-0.606423,375.742,146.719,0.110171,-1.40521,-1.65447,0.879185,0.343966,-212.88,4176.23,65.6935,6099.98,14490.4,1.45062,-0.0647612,1.02642,2.21963,1.68441,0.837497,4474.81,87.8108,6398.56,0.442807,0.966799,0.0246568,10105.5,0.00152997,0.673621,9.41708,7.82973,96.281,73.7525,0.737047,10.0268,9.4878,95.2461,124.437,1.03492,-50.6844 
114,97,43.248,0,48.55,-0.2,0.19,0.01,114,12409.4,0.22512,23.9763,10.1776,96.1243,-0.199512,-313.294,224.095,1.02166,-1.28779,-5.54318,1.73907,-3.61389,-174.281,4966.73,55.2379,6446.46,9978.51,2.11906,-0.190388,-3.34838,2.83647,-2.51649,-2.04475,5211.18,73.345,6690.91,0.46951,0.975962,0.0197933,11099.2,0.00151851,0.740804,9.72829,8.23775,96.4867,73.8541,0.742932,10.1415,9.89359,95.4774,124.658,1.00936,-50.8035 
115,75,46.2227,0,46.05,0.2,-0.19,-0.01,115,6236.68,0.219967,10.521,10.5052,95.9999,-0.125321,170.436,15.6943,-0.822233,0.190784,-4.17609,3.88246,1.04424,-120.077,39.6837,18.3569,5178.84,4293.28,-0.0661389,0.946878,-2.6639,4.63855,1.80034,1.57218,208.104,30.8324,5347.26,0.0423518,0.794106,0.01051,4913.69,0.00146926,0.00288809,14.8153,0.538307,87.7892,64.5501,0.603212,9.97646,9.77608,95.8064,123.518,-8.01725,-58.9675 
116,75,47.3227,2.2,46.05,0.2,-0.19,-0.01,116,6652.53,0.0932965,10.932,11.369,96.2403,-0.125104,110.748,0.588633,-2.07232,-1.78677,3.12841,-1.35339,-0.825951,-117.598,449.772,19.6546,5275.7,4496.95,-1.33184,-1.04629,4.60937,-0.612905,-0.085469,-2.00703,614.714,31.8726,5440.65,0.113784,0.916812,0.0106763,5402.48,0.00143633,0.0493384,10.1449,8.68389,95.7252,72.1744,0.559981,10.5337,10.1711,95.9636,123.016,-0.238406,-50.8416 
117,97,43.248,4.2,48.55,-0.2,0.19,0.01,117,11036.7,0.241494,21.1298,10.0497,96.3213,0.0465329,-46.5767,396.594,0.199551,-0.328149,-2.99362,-3.12203,-2.65081,-198.301,4253.53,46.6524,5737.01,6983.21,1.4482,0.920497,-0.49633,-1.87339,-1.40217,0.646285,4531.67,67.2551,6015.15,0.461238,0.974685,0.0201808,9825,0.00149201,0.65438,9.60097,8.06177,96.6592,72.9773,0.679552,10.0706,9.7546,95.5201,123.597,1.13911,-50.6197 
