cyc,freq,delay,cyc,ROIsum,fBg,fA1,fWidth1,fCtr1,fA2,fWidth2,fCtr2,box1,box2,box3,box4,box5,box6,box7,box8,box9,Nfit,BZ-2,BZ-1,BZ0,BZ1,BZ2,Excited,c5,c7,c9,fraction95,fraction75,fraction97,sum95,Tx,Ty,LiToTF,LiNfit,TFcalc,ToTFcalc,G_ctr_x,G_ctr_y,G_sigma_x,G_sigma_y,G_ar,G_Tx,G_Ty,G_ToTFcalc
290,43.248,0.41,290,16000.3,0,5,101,125,0,5,135,-2.82076,-9.26164,-20.2831,-8.8062,-9.85763,284.655,-27.7531,28787.8,-31.1378,16439.4,-3.92062,-10.3615,-22.4828,-9.90605,-10.9575,0.609867,-44.3883,27540.2,-47.7731,0.436395,-0.000921858,1.00094,-101.716,519.6,575.564,0.552636,38339.4,8.95702e-07,0.610545,111.076,86.8279,25.094,26.1735,0.958756,572.409,634.361,0.672756 
291,43.288,0.41,291,16757.6,0,5,101,125,0,5,135,-5.9168,-6.41422,-13.9366,-15.1439,-10.6748,340.594,-41.4494,29632,-51.2094,16439.4,-7.23278,-7.73021,-16.5686,-16.4599,-11.9908,0.723775,-61.3538,28139.1,-71.1137,0.418254,-0.00124748,1.00137,-146.69,577.726,705.239,555.136,41319.7,9.18335e-07,0.695069,111.48,87.0595,24.8461,26.0978,0.952039,561.156,630.698,0.647816 
292,43.268,0.41,292,17495.2,0,5,101,125,0,5,135,-6.16087,-8.10407,-16.659,-14.7163,-14.9191,333.499,-22.2295,30015.4,-42.5576,16439.4,-7.44944,-9.39265,-19.2362,-16.0049,-16.2077,0.71832,-41.7192,28553.7,-62.0472,0.359104,-0.0008356,1.00118,-116.176,570.344,626.967,0.716603,39699,9.06167e-07,0.659907,111.35,87.623,25.6781,26.6726,0.962714,599.365,658.784,0.69344 
293,43.158,0.41,293,17849.1,0,5,101,125,0,5,135,-3.83408,-6.09108,-9.51448,-15.2904,-11.5516,337.106,-38.0068,30333.6,-37.7544,16439.4,-5.13659,-7.39359,-12.1195,-16.5929,-12.8541,0.775966,-57.7073,28856,-57.4549,0.455632,-0.00114407,1.00108,-126.653,548.363,592.636,0.656154,40069.9,9.08981e-07,0.627153,111.286,87.0611,25.3355,26.1026,0.970611,583.477,630.93,0.667495 
294,43.258,0.41,294,14393.1,0,5,101,125,0,5,135,-4.87154,-6.19814,-13.7318,-8.93109,-7.59525,374.366,-36.2606,27082.3,-25.7043,16439.4,-6.31801,-7.64461,-16.6247,-10.3776,-9.04173,0.66755,-58.1386,25441.5,-47.5822,0.504512,-0.00130753,1.00102,-115.237,595.569,628.014,1.13698e+06,36641.8,8.82282e-07,0.693176,111.595,87.4341,25.5968,26.0423,0.982892,595.574,628.017,0.693181 
295,43.238,0.41,295,12884.4,0,5,101,125,0,5,135,-2.85283,-3.65522,-12.0962,-5.26802,-8.01163,297.729,-40.1682,25526.4,-33.3849,16439.4,-4.0032,-4.80558,-14.397,-6.41839,-9.16199,0.628812,-57.5675,24221.5,-50.7842,0.485766,-0.00135997,1.00114,-118.509,565.738,601.862,0.665177,34926.8,8.68297e-07,0.672029,111.101,86.9732,25.7072,26.2805,0.978187,600.725,639.556,0.713854 
296,43.193,0.41,296,12568.1,0,5,101,125,0,5,135,-10.692,-13.3064,-18.484,-8.81862,-11.9515,334.681,-55.4904,25209.5,-26.6242,16439.4,-11.9851,-14.5996,-21.0703,-10.1118,-13.2446,0.703283,-75.0492,23742.6,-46.183,0.575227,-0.00180952,1.00106,-130.469,561.56,616.206,1.14514,34385.1,8.63784e-07,0.681013,111.861,86.8196,25.0174,25.9637,0.96355,568.916,624.233,0.68991 
297,43.148,0.41,297,17764.8,0,5,101,125,0,5,135,-8.50037,-6.96695,-13.6579,-14.8757,-5.22361,304.989,-21.8442,29877.9,-55.8533,16439.4,-9.67878,-8.14536,-16.0148,-16.0541,-6.40202,0.715521,-39.6678,28541.1,-73.6768,0.309711,-0.00079483,1.0014,-128.08,534.533,576.312,0.715432,39353.2,9.03528e-07,0.614291,111.401,86.7383,24.8547,25.5675,0.972119,561.541,605.326,0.645273 
298,43.178,0.41,298,15780.7,0,5,101,125,0,5,135,-5.11484,-6.82174,-14.1769,-8.83661,-7.97729,361.499,-39.4669,28083.2,-57.5761,16439.4,-6.5116,-8.2185,-16.9704,-10.2334,-9.37405,0.669244,-60.5929,26498.8,-78.7021,0.390833,-0.00130836,1.00161,-155.035,494.688,578.836,1032.23,35263.2,8.71075e-07,0.61431,111.054,87.3243,25.2953,26.113,0.968683,581.626,631.433,0.695713 
299,43.228,0.41,299,10654,0,5,101,125,0,5,135,-3.1375,-5.65727,-24.0226,-10.2491,-8.52615,350.227,-48.0443,23415.3,-54.977,16439.4,-4.49071,-7.01047,-26.729,-11.6023,-9.87936,0.552367,-68.5116,21880.2,-75.4443,0.430769,-0.00179247,1.00188,-159.045,574.583,595.023,0.641351,32400.3,8.46833e-07,0.690471,111.66,87.4917,25.9993,26.2099,0.991967,614.455,636.124,0.738274 
300,43.118,0.41,300,18473.9,0,5,101,125,0,5,135,-6.22074,-6.27263,-13.0724,-6.09216,-7.84885,353.224,-22.582,31143.6,-45.6319,16439.4,-7.58553,-7.63741,-15.802,-7.45695,-9.21364,0.668691,-43.2244,29595.4,-66.2743,0.352124,-0.000835276,1.00122,-122.754,559.834,621.24,185.604,41163,9.17172e-07,0.642996,111.626,87.6357,24.9009,25.8732,0.96242,563.632,619.888,0.644471 
301,43.218,0.41,301,10976.1,0,5,101,125,0,5,135,-1.8562,-6.32507,-15.4855,-8.60699,-11.6547,263.255,-40.7006,23349.8,-36.6024,16439.4,-2.87336,-7.34224,-17.5198,-9.62415,-12.6719,0.649824,-56.0852,22195.9,-51.987,0.473414,-0.00144599,1.00127,-118.47,578.959,642.519,0.670577,32391.2,8.46755e-07,0.720293,111.645,87.1921,25.9928,27.1328,0.957987,614.147,681.711,0.76415 
302,43.203,0.41,302,8259.94,0,5,101,125,0,5,135,-4.39487,-2.84416,-15.2387,-6.86514,-5.78796,335.799,-33.6861,21089.1,-32.8758,16439.4,-5.69233,-4.14162,-17.8336,-8.1626,-7.08542,0.584449,-53.3102,19617.3,-52.4999,0.458346,-0.00155528,1.00145,-116.31,576.963,581.047,1112.6,28645.1,8.12766e-07,0.712384,111.737,86.9833,26.0364,25.8661,1.00658,616.209,619.547,0.760214 
303,43.138,0.41,303,14526.9,0,5,101,125,0,5,135,-2.9817,-8.48901,-22.0198,-4.65328,-6.32268,303.22,-53.6972,27117.8,-44.7197,16439.4,-4.15328,-9.66059,-24.3629,-5.82486,-7.49426,0.526896,-71.4174,25788.8,-62.4399,0.488006,-0.00158498,1.00132,-146.345,502.733,567.933,0.646398,36315.9,8.79659e-07,0.60744,112.002,87.0411,24.2926,25.584,0.949524,536.432,606.108,0.648214 
304,43.168,0.41,304,15433.8,0,5,101,125,0,5,135,-7.41611,-4.99291,-19.7859,-11.3803,-16.2478,312.906,-40.8432,27844.2,-51.9826,16439.4,-8.62511,-6.20192,-22.204,-12.5893,-17.4568,0.668979,-59.1295,26472.8,-70.2688,0.41219,-0.00127797,1.00144,-143.452,522.471,566.638,508.106,35119.8,8.69893e-07,0.625487,111.025,87.4468,25.2104,25.9227,0.972523,577.731,622.26,0.68926 
305,43.278,0.41,305,16692.5,0,5,101,125,0,5,135,-7.99599,-6.43298,-11.0372,-9.12724,-12.5075,297.952,-28.2854,29021.2,-36.028,16439.4,-9.14721,-7.58421,-13.3397,-10.2785,-13.6588,0.753007,-45.6977,27715.3,-53.4403,0.416091,-0.000943076,1.00105,-109.826,561.649,600.199,1.60562,38454.4,8.96597e-07,0.647564,111.456,86.8692,24.9169,25.5204,0.976353,564.358,603.098,0.65069 
306,43.253,0.41,306,15363.9,0,5,101,125,0,5,135,-10.9486,-6.75449,-22.6926,-8.48771,-9.96741,302.013,-31.5072,28242.3,-34.7334,16439.4,-12.1155,-7.92141,-25.0265,-9.65463,-11.1343,0.619961,-49.1569,26918.6,-52.3831,0.438836,-0.00104459,1.00106,-112.017,571.99,635.202,0.914362,38308.1,8.95458e-07,0.67314,111.242,87.0276,25.398,26.5199,0.957694,586.359,651.265,0.690106 
307,43.188,0.41,307,10987.9,0,5,101,125,0,5,135,-7.35996,-4.1625,-10.0302,-6.2168,-7.97072,362.882,-42.8411,23928.1,-39.8209,16439.4,-8.76207,-5.5646,-12.8344,-7.61891,-9.37282,0.709318,-64.0479,22337.6,-61.0277,0.466545,-0.00164113,1.00149,-137.281,551.084,588.444,0.610332,32750.7,8.49875e-07,0.670048,111.338,87.3939,25.5718,26.169,0.977178,594.412,634.143,0.722408 
308,43.233,0.41,308,9795.53,0,5,101,125,0,5,135,-7.88839,-2.59601,-13.9186,-4.89137,-12.8366,340.609,-15.4467,22774,-39.3466,16439.4,-9.20443,-3.91206,-16.5507,-6.20742,-14.1526,0.669166,-35.3518,21281.1,-59.2518,0.332086,-0.000950149,1.00151,-106.454,548.647,614.621,0.744059,31509.6,8.39002e-07,0.69213,111.336,87.1114,25.116,26.3421,0.953456,573.412,642.559,0.723481 
309,43.308,0.41,309,11376.7,0,5,101,125,0,5,135,-5.41315,-4.47044,-16.3754,-8.66329,-8.14462,303.535,-42.9862,24851.9,-49.7577,16439.4,-6.58594,-5.64324,-18.721,-9.83609,-9.31742,0.626354,-60.7248,23521.6,-67.4963,0.428483,-0.00147742,1.00156,-141.72,519.185,562.75,0.898682,34003.3,8.60576e-07,0.628101,111.234,87.5507,24.2101,24.9771,0.969295,532.794,577.69,0.644671 
311,43.223,0.41,311,7803.4,0,5,101,125,0,5,135,-8.53761,-8.49282,-16.5473,-5.00509,-17.3862,319.864,-29.0477,20555.7,-52.8633,16439.4,-9.7735,-9.72871,-19.0191,-6.24097,-18.6221,0.69994,-47.7406,19153.7,-71.5561,0.357318,-0.00142632,1.00203,-133.608,564.111,606.282,0.607508,29050.3,8.1658e-07,0.716178,111.415,87.034,25.8894,26.5958,0.97344,609.27,654.996,0.773616 
312,43.198,0.41,312,9113.46,0,5,101,125,0,5,135,-8.61224,-2.80436,-18.4282,-9.55191,-12.2834,295.532,-41.6151,21520.5,-40.8388,16439.4,-9.75412,-3.94624,-20.712,-10.6938,-13.4253,0.646139,-58.886,20225.2,-58.1097,0.457838,-0.0016665,1.00156,-128.618,561.508,606.813,0.698436,30016,8.25529e-07,0.707087,111.179,86.6525,25.5188,26.286,0.970813,591.95,639.824,0.745488 
313,43.243,0.41,313,15848.8,0,5,101,125,0,5,135,-3.8304,-8.23787,-16.5009,-2.88272,-10.8226,328.986,-38.1645,28094.7,-33.9324,16439.4,-5.10154,-9.509,-19.0431,-4.15385,-12.0937,0.618384,-57.3905,26652.8,-53.1584,0.473595,-0.00123195,1.00108,-121.181,563.728,605.545,0.72959,37689.9,8.90615e-07,0.656021,111.61,86.7877,25.4986,26.1785,0.97403,591.015,634.601,0.687638 
314,43.298,0.41,314,13386.8,0,5,101,125,0,5,135,-7.01034,-7.04721,-17.4679,-8.43162,-8.60969,305.015,-29.8149,25705.9,-54.4302,16439.4,-8.18886,-8.22573,-19.8249,-9.61014,-9.78821,0.64368,-47.64,24369,-72.2552,0.354606,-0.00111836,1.00161,-134.346,511.42,577.624,90.4197,34494.6,8.647e-07,0.628559,111.048,87.0785,23.8256,24.9228,0.955975,516.002,575.182,0.630032 
315,43.213,0.41,315,7432.18,0,5,101,125,0,5,135,-5.34559,-5.70015,-8.49957,-2.57633,-8.86327,319.682,-46.8816,20114,-38.8158,16439.4,-6.58077,-6.93534,-10.97,-3.81152,-10.0985,0.714295,-65.5638,18712.9,-57.4981,0.48724,-0.00200611,1.00167,-134.561,580.387,627.632,0.755477,28665.3,8.12956e-07,0.742411,111.786,86.849,25.8148,26.5983,0.970541,605.763,655.121,0.774898 
316,43.208,0.41,316,8795.72,0,5,101,125,0,5,135,-9.01704,-6.02595,-18.0479,-9.71028,-9.0081,318.018,-29.1189,21158.7,-52.2487,16439.4,-10.2458,-7.2547,-20.5054,-10.939,-10.2369,0.653519,-47.7039,19764.9,-70.8337,0.359475,-0.00138109,1.00195,-132.704,566.099,633.43,540.308,29552.9,8.21262e-07,0.729145,111.916,87.2638,25.0393,26.0378,0.961651,569.914,627.8,0.728339 
317,43.318,0.41,317,15197.1,0,5,101,125,0,5,135,-10.82,-9.45597,-19.6228,-4.25976,-12.2066,340.904,-32.9136,27890.5,-42.6815,16439.4,-12.1372,-10.7732,-22.2572,-5.57695,-13.5238,0.653683,-52.836,26396.3,-62.604,0.412908,-0.0011451,1.00129,-127.961,558.686,610.601,2.66535e+08,37710.1,8.90775e-07,0.655684,111.472,86.8629,24.7915,25.6788,0.965448,558.692,610.607,0.655691 
318,43.183,0.41,318,9869.23,0,5,101,125,0,5,135,-9.56599,-8.69799,-14.7197,-5.8053,-11.8297,349.881,-27.6851,22566.5,-25.5362,16439.4,-10.9179,-10.0499,-17.4234,-7.15717,-13.1816,0.703329,-48.1322,21032.9,-45.9833,0.465891,-0.00130938,1.00119,-103.312,513.481,568.159,0.815686,31242.1,8.3662e-07,0.645608,112.347,87.1119,24.1729,25.1957,0.959406,531.156,587.847,0.667906 
