cyc,detuning,freq,VVA,cyc,ROIsum,fBg,fA1,fWidth1,fCtr1,fA2,fWidth2,fCtr2,box1,box2,box3,box4,box5,box6,box7,box8,box9,Nfit,BZ-2,BZ-1,BZ0,BZ1,BZ2,Excited,c5,c7,c9,fraction95,fraction75,fraction97,sum95,two2D_bg,two2D_a1,two2D_sh1,two2D_sv1,two2D_ch1,two2D_cv1,two2D_a2,two2D_sh2,two2D_sv2,two2D_ch2,two2D_cv2,two2D_chd,two2D_cvd
0,0,47.5376,1.12,0,15319.5,0.238718,24.5379,12.4509,95.5494,0.289062,-220.615,500,1.60342,1.37306,-1.34981,-0.679647,-3.78911,-105.632,749.357,75.8941,13220.5,12021.6,2.26856,2.0382,-0.0195364,-0.0145096,-3.12397,1.01701,897.517,86.8689,13368.7,0.0748334,0.855155,0.0118283,11993.5,0.00195348,0.0976966,9.9281,8.55153,95.6677,76.1487,1.12631,12.0746,11.4763,95.2182,128.729,0.449525,-52.58 
1,0,47.5376,1.18,1,14135.6,0.249227,22.8782,12.1856,95.7058,-0.107777,460.151,454.164,2.30985,-0.222485,-1.98758,-1.33746,-2.99024,-143.449,1596.47,78.1249,11236.9,10689.8,3.21311,0.680777,-0.18106,-0.434196,-2.08698,1.15194,1797.67,93.0287,11438.1,0.159208,0.916958,0.0147611,11291.3,0.00198874,0.207541,9.99213,8.57771,96.3474,76.6019,0.992919,11.8753,11.1652,95.2443,128.664,1.10308,-52.0625 
2,0,47.5376,1.24,2,14981.8,0.306449,23.7155,12.2568,95.7595,1.51471,90.9231,213.477,-2.76018,1.76511,1.22741,-8.10176,1.1121,-207.944,3986.89,86.4573,9491.11,13945.8,-1.45081,3.07448,3.84615,-6.79239,2.42147,-2.49997,4278.55,108.062,9782.78,0.345093,0.957672,0.0199424,12398.3,0.00217939,0.43639,11.3298,9.51702,96.226,76.7901,0.79966,12.0209,11.4926,95.1884,128.839,1.03767,-52.0487 
3,0,47.5376,1.16,3,13965.1,0.212593,23.0707,11.8924,95.6182,-0.138884,-122.494,3.36994e-06,0.507088,1.17446,1.77482,0.612824,-2.43255,-176.406,1754.95,71.6243,10858.3,9485.32,1.61787,2.28524,3.99637,1.7236,-1.32177,0.518585,2002.38,89.9522,11105.7,0.178463,0.927115,0.0147011,11220.1,0.00193856,0.230128,9.86863,8.77795,96.1769,76.5097,0.973319,11.7163,11.2256,95.1615,128.579,1.01543,-52.0697 
4,0,47.5376,1.4,4,13056.7,0.03587,21.2855,11.8854,95.7675,-0.0224141,239.969,9.52965e-07,0.196936,-0.873752,8.4251,2.62863,-3.77564,-187.658,4380.45,83.9188,7196.62,8410.65,1.37857,0.307879,10.7884,3.81027,-2.59401,0.212014,4643.65,103.416,7459.83,0.428567,0.962489,0.0249012,10835.3,0.00219585,0.529147,10.6304,9.14688,96.2615,76.591,0.628391,11.619,11.2703,95.1107,128.121,1.15084,-51.5304 
5,0,47.5376,0,5,16795.9,0.319888,26.4047,12.4431,95.8465,0.201743,-93.6117,67.8273,-0.281356,3.03758,-0.578979,1.94111,-0.797148,-248.384,175.079,69.1587,14946,11310.4,1.28265,4.60159,2.54903,3.50511,0.76686,0.799371,523.461,94.9648,15294.4,0.0396027,0.759025,0.0113085,13217.8,0.00228212,0.0187201,9.20108,7.85559,121.318,58.1352,1.29796,12.0972,11.284,95.5478,129.887,25.77,-71.7517 
6,0,47.5376,1.3,6,13762.3,0.275952,22.7572,11.6805,95.8368,-0.547392,616.313,119.959,-4.33389,1.44417,-1.2879,-0.0156095,-4.37395,-224.527,4058.2,66.032,8311.11,19635.5,-2.9201,2.85796,1.53968,1.39818,-2.96016,19.2324,4373.12,89.3596,8626.03,0.379192,0.965475,0.0187256,11532.7,0.00204166,0.473523,10.9647,9.25844,96.3026,77.1318,0.738423,11.6608,11.1677,95.1106,129.118,1.192,-51.9865 
7,0,47.5376,1.1,7,16459.8,0.126505,26.1188,12.5977,95.6677,-0.105243,-119.384,499.996,0.538852,-0.229249,-0.395508,-0.827557,-0.448644,-207.205,266.329,48.3053,14558.9,11120.2,1.84357,1.07547,2.21393,0.47716,0.856073,0.657615,556.955,69.8331,14849.5,0.0432351,0.820061,0.00858852,12882,0.00224791,0.0345474,10.0332,7.22687,95.9648,74.9226,1.27052,12.1381,11.1735,95.3439,128.779,0.620851,-53.8568 
8,0,47.5376,1.14,8,14701.1,0.000162113,23.6194,12.5376,95.652,0.00161565,3.0429,5.03007e-12,-1.646,-0.175055,-1.57082,-0.645006,-2.98455,-194.136,1339.03,60.4427,12014.4,9640.19,-0.423581,1.04737,0.874027,0.577415,-1.76213,-1.79156,1611.32,80.6127,12286.7,0.136446,0.919497,0.0119417,11809.3,0.00201135,0.165047,9.88006,8.79565,96.391,76.9941,1.03164,12.1156,11.3413,95.1627,129.424,1.2283,-52.4304 
9,0,47.5376,0,9,15817.2,0.118249,24.8933,12.8037,95.7915,0.309376,-563.927,0.366199,-0.971491,-1.32831,-2.79487,-0.724378,-0.505487,-205.884,203.865,37.5113,14121.9,16055.1,0.324903,-0.0319117,-0.202079,0.572017,0.790908,1.139,492.637,58.9018,14410.6,0.0395582,0.826967,0.00747312,12453.5,0.00196733,0.0258085,8.94294,7.68246,96.5354,74.8059,1.16166,12.2836,11.8105,95.4863,127.955,1.04916,-53.1494 
10,0,47.5376,1.22,10,14419,0.325431,23.0839,11.9693,95.5898,-0.260465,-138.054,38.5329,-0.618992,0.735113,-1.79976,-0.488116,-1.03331,-210.162,2939.67,62.4007,9885.96,10164.9,0.704346,2.05845,0.846913,0.835221,0.290028,0.821136,3234.44,84.2357,10180.7,0.276816,0.956411,0.0150128,11684.5,0.00224174,0.350717,10.7891,9.18169,96.3137,77.0832,0.849983,11.9168,11.3674,95.1134,128.991,1.2003,-51.9076 
11,0,47.5376,0,11,16789.9,0.0366374,26.6118,12.8324,95.6416,0.0354493,-39.3231,373.749,-1.17384,-1.85174,-0.329455,2.80698,2.65043,-195.72,186.732,67.6989,15065,11162.1,0.0585537,-0.619348,2.13534,4.03938,3.88282,0.775151,461.248,88.0334,15339.5,0.0349615,0.749623,0.0104613,13193,0.0022347,0.0139515,16.3858,5.17108,98.3144,70.4756,1.24787,12.2443,11.6395,95.2638,128.687,3.05062,-58.2117 
12,0,47.5376,1.2,12,13708.6,0.0956032,22.2862,12.2337,95.812,0.234995,-543.849,211.575,1.81476,0.605297,0.248186,-0.683319,-4.96531,-203.682,3037.18,82.4287,9186.46,13035.8,3.09729,1.88783,2.81325,0.599213,-3.68278,0.403316,3322.86,103.59,9472.15,0.297089,0.948266,0.019748,11184.7,0.00212099,0.363997,10.8356,9.05259,96.2319,76.621,0.811028,11.6616,11.3047,95.2477,128.273,0.984257,-51.6518 
13,0,47.5376,1.12,13,16406.3,0.310758,25.9925,12.3561,95.7504,2.36301,94.3963,161.001,-0.307369,-7.66302,1.10891,-0.73721,-0.269576,-203.707,519.536,70.2175,14261.5,17716.3,0.975321,-6.38033,3.67429,0.545481,1.01311,22.3463,805.255,91.3819,14547.2,0.0625227,0.834311,0.0114393,12879.4,0.00233176,0.0659439,9.41672,8.24412,95.9621,75.4503,1.21288,12.0727,11.4762,95.4626,128.576,0.49943,-53.1261 
14,0,47.5376,1.18,14,15145,0.00585621,23.4379,12.6351,95.61,0.0806795,-723.915,500,-1.41346,-3.39364,5.93208,0.438686,0.238112,-266.398,1731.72,94.3087,11594.7,11541.7,0.263974,-1.7162,9.28695,2.11612,1.91555,0.217374,2105.37,121.986,11968.3,0.174878,0.907939,0.0184295,12039.1,0.00270808,0.211108,10.4164,8.58127,96.5233,76.9918,1.02405,11.9716,10.9573,95.1579,128.988,1.36543,-51.9958 
15,0,47.5376,1.24,15,12935.7,0.132443,20.8534,11.9849,95.9582,-0.123992,-67.6337,1.83671,-0.274689,0.931893,2.25348,-2.80554,-6.22775,-206.667,3957.28,73.8657,7624.71,8408.92,1.02664,2.23322,4.85613,-1.50421,-4.92643,-1.88138,4247.15,95.3375,7914.59,0.392663,0.962202,0.0217079,10816.3,0.00193949,0.490318,10.6139,9.08861,96.3482,76.7429,0.671963,11.8394,11.0643,95.4151,128.346,0.933061,-51.6033 
16,0,47.5376,1.16,16,14904.6,0.259806,23.4615,12.2606,95.8102,0.159536,-181.668,0.000542151,-3.65947,1.97026,1.12481,0.880408,-3.06459,-233.559,1836.36,55.4499,11447.5,10307.5,-2.18881,3.44092,4.06613,2.35107,-1.59393,0.330721,2163.95,79.7158,11775.1,0.181276,0.939438,0.0123172,11937.3,0.00236555,0.215901,10.509,9.10861,96.356,76.6506,0.991129,12.0723,11.173,95.391,128.776,0.964956,-52.1255 
17,0,47.5376,1.4,17,12600.6,0.10463,20.3771,11.9256,95.6082,0.0767256,-198.612,500,4.07094,-3.08334,-1.95302,-1.91992,-4.85282,-211.603,4013.14,89.6013,7245.4,8406.82,5.40335,-1.75093,0.7118,-0.587514,-3.52042,-1.77733,4309.93,111.586,7542.19,0.407753,0.956656,0.0265307,10570,0.0020732,0.480407,10.498,9.20415,96.1354,77.0477,0.632531,11.7684,11.1766,95.027,128.62,1.10832,-51.5724 
18,0,47.5376,0,18,17200.1,0.233533,26.6634,12.8925,95.5573,-0.76812,1022.84,500,-1.81012,-0.839721,1.45944,5.283,-0.894524,-216.739,121.925,39.1842,15514.4,36766.6,-0.445372,0.525028,4.18894,6.64775,0.470226,0.632116,425.923,61.7026,15818.4,0.0314215,0.797754,0.00713423,13555.2,0.00195447,0.0243928,10.0219,6.84547,93.898,73.2362,1.23662,12.5734,11.9445,95.2604,127.616,-1.36232,-54.3802 
19,0,47.5376,1.3,19,13646.2,0.123322,22.3116,12.1158,95.9078,-0.55056,660.926,0.094142,-1.99389,-4.50354,3.02488,-0.133672,-3.56894,-205.774,4379.67,102.836,7960.65,20645.4,-0.698185,-3.20784,5.61629,1.16203,-2.27324,-8.37523,4668.29,124.215,8249.27,0.405403,0.955507,0.0269893,11515.2,0.00183976,0.505111,11.1023,9.323,96.3226,77.0382,0.679655,11.912,11.4798,95.1941,128.758,1.12846,-51.7195 
20,0,47.5376,1.1,20,16896.9,0.240248,25.9402,12.9138,95.7492,0.207201,-152.675,2.45967,0.777625,1.71458,-0.884794,1.74386,-0.991901,-228.997,328.338,63.8022,14921,11934.8,2.21956,3.15651,1.99908,3.18579,0.450035,0.818447,649.529,87.5941,15242.2,0.0488349,0.809061,0.0104754,13300.5,0.00246368,0.027334,9.58046,6.86691,97.2106,75.2791,1.23104,12.357,11.5565,95.4968,128.609,1.71383,-53.3295 
21,0,47.5376,1.14,21,14059.8,0.314996,22.1851,12.1559,95.7124,-0.245548,-1104.82,91.2086,0.367988,-1.75842,1.33052,0.0868208,-3.61337,-185.695,1142.66,57.8339,11332,17610.3,1.53726,-0.589153,3.66906,1.25609,-2.4441,-0.0699588,1403.11,77.1269,11592.4,0.127268,0.912247,0.0121075,11024.8,0.00221658,0.150836,10.1892,8.3293,96.6084,76.4079,1.03034,11.7633,10.972,95.3157,128.87,1.29274,-52.4622 
22,0,47.5376,0,22,16561.3,0.292985,25.2565,12.9278,95.521,0.312098,-630.44,2.45062,-4.77313,0.309228,-0.361369,0.195606,-1.26558,-252.579,230.577,69.7506,14701.5,17034.2,-3.1827,1.89965,2.81948,1.78603,0.324841,0.226969,584.844,95.9926,15055.8,0.0447089,0.776859,0.0116085,13081.2,0.00218381,0.0151117,17.0557,7.15762,101.262,71.8314,1.19928,12.4048,11.7624,95.2832,128.286,5.97897,-56.4551 
23,0,47.5376,1.22,23,14637.2,0.322395,23.1657,12.1465,95.6064,-0.268252,236.363,14.7199,0.00144795,-2.39765,4.61515,2.03155,-0.77862,-236.96,2888.29,81.2971,10258.9,11224,1.49352,-0.905571,7.59931,3.52363,0.713457,0.388354,3220.65,105.916,10591.2,0.268133,0.94558,0.0180885,12011.4,0.00230848,0.339112,10.5714,9.08773,96.1129,77.0869,0.881082,12.0015,11.271,95.1122,128.733,1.00064,-51.6466 
24,0,47.5376,0,24,17320.6,0.153805,26.7763,12.8936,95.4237,0.1479,-309.441,500,2.41624,1.33996,1.46486,3.33749,2.36683,-257.79,157.502,62.0498,15454.7,12728.6,4.03947,2.96319,4.71133,4.96073,3.99006,0.772012,519.078,88.8332,15816.3,0.0380372,0.769533,0.0102404,13646.6,0.00227342,0.0197772,11.0211,7.44358,119.063,60.5024,1.26979,12.3967,11.6536,95.1698,128.187,23.8927,-67.6842 
25,0,47.5376,1.2,25,14911,0.343242,23.1417,12.3139,95.751,0.245682,627.703,104.499,-0.000750117,3.65802,1.49829,0.941999,4.32251,-255.018,2275.27,60.7679,10971.2,14296.7,1.60503,5.2638,4.70985,2.54778,5.92829,0.765151,2632.95,87.2633,11328.9,0.218758,0.94518,0.0139907,12035.9,0.0024001,0.266681,10.7635,9.05,96.3193,76.0788,0.937803,12.059,11.3221,95.3838,127.586,0.935454,-51.5067 
26,0,47.5376,1.12,26,16741.5,0.0379116,26.1718,12.9116,95.5789,-0.0278108,75.201,499.728,-4.03999,-3.04233,3.81234,-2.6799,-0.139765,-258.469,421.352,36.7493,14724.2,11068.5,-2.41248,-1.41482,7.06737,-1.05239,1.48775,-0.922867,783.88,63.6033,15086.7,0.0589125,0.875662,0.00770619,13305.8,0.00220876,0.0419422,10.0596,7.87317,96.1372,75.4677,1.22577,12.2789,11.6549,95.3136,128.68,0.823654,-53.2123 
27,0,47.5376,1.18,27,15995.8,0.29419,25.1911,12.4687,95.6209,-0.355345,624.222,88.9728,-3.92273,0.949852,3.90289,-3.02327,-1.30285,-258.935,1538.72,66.001,12882.4,17445.8,-2.29229,2.58029,7.16377,-1.39283,0.327596,-0.121698,1901.9,92.9033,13245.5,0.147483,0.921249,0.0127556,12895.7,0.00228567,0.182008,10.3328,8.95532,96.4996,76.0998,1.11295,12.084,11.2902,95.2592,128.342,1.24034,-52.2418 
28,0,47.5376,1.24,28,14276.4,0.299636,22.6847,12.1724,95.8531,-0.348068,470.655,491.532,-0.938133,1.60832,0.857983,0.61186,-2.60408,-200.21,4517.43,74.5154,8302.5,14321.7,0.322535,2.86899,3.37932,1.87253,-1.34342,0.524036,4798.24,95.3164,8583.32,0.402456,0.966404,0.0200462,11922.4,0.00208746,0.507744,11.0823,9.43402,96.3863,76.5328,0.702927,12.0504,11.4395,95.2072,128.057,1.17916,-51.5238 
29,0,47.5376,1.16,29,16526.3,0.0502965,25.7672,12.8637,95.7144,0.109363,-90.7499,499.911,-1.07369,1.00255,-1.78753,3.35236,-0.607628,-256.361,1267.4,55.2671,13620.4,11113.3,0.540544,2.61679,1.44094,4.9666,1.00661,0.863695,1626.97,81.902,13980,0.122972,0.919037,0.0106768,13230.4,0.00236535,0.138731,10.116,9.40356,96.9785,77.0236,1.11907,12.3059,11.6936,95.3295,128.941,1.64902,-51.9178 
30,0,47.5376,1.4,30,11263.9,0.252873,18.7952,11.4919,96.0588,-0.0653308,297.687,57.2093,3.79801,-0.713931,-5.42751,2.30751,-0.865188,-184.785,3757.36,76.794,6486.34,7664.37,4.96155,0.44961,-3.10043,3.47105,0.298352,1.50993,4016.54,95.9925,6745.52,0.417723,0.959855,0.0255445,9615.32,0.00171089,0.455775,10.5442,9.09339,96.4818,76.8198,0.584553,11.4126,11.0727,95.3613,128.413,1.12044,-51.5931 
31,0,47.5376,0,31,17934.3,0.294471,27.5947,12.907,95.6161,0.21369,-332.89,97.1903,-0.342479,1.12237,1.31047,0.294207,-1.43994,-255.909,277.129,70.8126,15986.8,13910.1,1.26891,2.73376,4.53325,1.9056,0.171452,0.572857,636.066,97.4006,16345.8,0.0447838,0.788658,0.0108575,14203.1,0.00231708,0.0187939,10.0632,9.04266,98.8901,74.751,1.27901,12.4684,11.9364,95.3764,128.883,3.51366,-54.1321 
32,0,47.5376,1.3,32,12372.7,-0.0034829,20.6323,11.7159,95.8786,-0.000367942,12.9001,9.59604e-12,0.55272,3.49448,-2.42544,0.0164392,1.62803,-209.088,4540.2,74.2414,6474.28,7869.15,1.86929,4.81105,0.207702,1.33301,2.9446,0.981398,4833.46,95.9648,6767.55,0.462509,0.966422,0.0254564,10450.5,0.00197053,0.546606,10.7993,9.1203,96.1214,76.4155,0.58862,11.4133,11.0471,95.2536,127.781,0.86773,-51.3655 
33,0,47.5376,1.1,33,15937,0.0798549,25.16,12.5951,95.4867,-0.00943242,-139.982,500,-2.74105,0.216425,-0.945833,-3.98565,2.78904,-252.225,430.953,40.4052,13904.7,10358.9,-1.15286,1.80462,2.23055,-2.39746,4.37723,0.541236,784.723,66.6104,14258.4,0.0621847,0.870665,0.00853223,12619.2,0.00224807,0.0631207,8.75967,7.35892,96.4295,74.7773,1.20723,12.1153,11.2364,95.2371,127.87,1.1924,-53.0929 
34,0,47.5376,1.14,34,15338.6,0.0299712,24.1236,12.677,95.6321,0.221572,-352.952,0.000176878,-1.47985,0.810013,1.02294,-3.97145,-1.32919,-253.077,1423.92,49.5011,12355.6,12501.1,0.113716,2.40357,4.21006,-2.37789,0.264372,0.0875133,1778.89,75.7949,12710.6,0.144289,0.93061,0.0108654,12328.7,0.00220383,0.175723,10.6761,8.42512,96.8169,75.2229,1.04453,12.1316,11.5059,95.255,127.372,1.56189,-52.1489 
35,0,47.5376,0,35,16816.3,0.187435,25.8815,12.922,95.4197,0.0891207,-195.166,500,0.898714,3.03721,1.15532,-1.56311,-0.868065,-254.505,284.927,36.4744,14985.5,11453.4,2.50126,4.63976,4.36041,0.0394335,0.734482,0.644783,641.894,62.9164,15342.4,0.0479881,0.853585,0.00749748,13376.1,0.00206097,0.0289231,10.7006,6.72282,97.4223,74.4627,1.19714,12.5145,11.9711,95.1707,128.295,2.25156,-53.8323 
36,0,47.5376,1.22,36,13285.7,0.00490693,22.0995,11.8096,95.6293,-0.0187424,-6.15026,500,-0.741614,-0.58563,3.02212,2.0732,3.71001,-260.826,3666.94,46.7896,8229.34,8499.67,0.900738,1.05672,6.30683,3.71555,5.35236,0.636121,4032.77,73.8884,8595.18,0.36114,0.968933,0.0155888,11166.8,0.00197416,0.44527,10.8093,9.04023,96.0732,76.6312,0.741538,11.5056,11.2153,95.1153,127.959,0.957859,-51.3281 
37,0,47.5376,0,37,16425.2,-0.00724194,25.8,12.8764,95.3387,-0.00648135,7.01682,7.71781e-13,2.00844,1.5235,1.5974,0.87733,-1.73941,-255.927,237.436,19.2541,14629.5,10816.1,3.61994,3.13501,4.82041,2.48884,-0.127906,0.654111,596.399,45.8439,14988.5,0.0457473,0.881431,0.00560273,13036.8,0.00198236,0.012195,20.229,11.3431,111.763,64.6506,1.22789,12.2598,11.6101,95.0763,126.815,16.6866,-62.1649 
38,0,47.5376,1.2,38,15375.9,0.245236,24.034,12.4521,95.402,0.0477647,5.10638,500,-2.04087,2.76391,0.531528,-4.79408,-0.133873,-253.733,2951.8,60.1174,10727.2,9750.32,-0.44318,4.3616,3.72691,-3.19639,1.46382,0.369684,3307.69,86.4792,11083.1,0.264475,0.956248,0.0141699,12506.6,0.00232287,0.343046,10.9522,9.27656,95.8925,77.0225,0.889099,12.1966,11.5998,95.0203,128.823,0.872198,-51.8006 
117,0,47.5376,1.5,117,12525.4,0.256342,20.7287,11.7229,96.0866,-0.463413,-219.229,40.2598,-1.48559,-3.1936,0.235973,2.6474,-3.40878,-204.353,3849.26,75.1802,7436.95,11217.7,-0.198832,-1.90685,2.80949,3.93415,-2.12202,-0.116676,4135.88,96.4117,7723.58,0.392159,0.960805,0.0224777,10546.5,0.00187114,0.468704,10.7436,9.03192,96.4131,76.7851,0.666312,11.5532,11.1239,95.4789,128.415,0.934168,-51.6297 
120,0,47.5376,1.5,120,12163.4,0.259882,20.0722,11.6946,95.8916,-0.0658475,-144.667,9.36329,-1.6644,0.331173,-3.77269,1.3322,2.88867,-225.478,3775.25,78.0512,7151.52,7951.55,-0.244624,1.75095,-0.933133,2.75197,4.30845,1.12224,4091.5,101.478,7467.77,0.397629,0.958402,0.0244206,10289.8,0.00193625,0.449277,10.706,9.0795,96.0011,76.7195,0.636941,11.5109,11.215,95.6303,128.248,0.370805,-51.5285 
123,0,47.5376,1.5,123,13988.9,0.289086,22.4355,12.0825,96.0552,-2.12742,-1381.57,149.502,-0.71386,1.53447,-1.21693,5.55256,0.0308922,-203.716,4448.31,81.6541,8167,104504,0.568883,2.81722,1.34856,6.8353,1.31364,0.895327,4734.04,102.819,8452.73,0.402904,0.963383,0.0219163,11749.8,0.00209471,0.496927,10.8745,9.60025,96.3302,77.6416,0.676046,12.0373,11.6119,95.6231,129.348,0.707042,-51.7065 
