cyc,freq (MHz),cyc,ROIsum,fBg,fA1,fWidth1,fCtr1,fA2,fWidth2,fCtr2,box1,box2,box3,box4,box5,box6,box7,box8,box9,Nfit,BZ-2,BZ-1,BZ0,BZ1,BZ2,Excited,c5,c7,c9,fraction95,fraction75,fraction97,sum95,two2D_bg,two2D_a1,two2D_sh1,two2D_sv1,two2D_ch1,two2D_cv1,two2D_a2,two2D_sh2,two2D_sv2,two2D_ch2,two2D_cv2,two2D_chd,two2D_cvd
2,43.28,2,17899.9,-0.046896,39.9279,11.6173,121.839,-0.0206537,-17.4527,499.936,-4.11366,-4.88606,-11.0828,-5.82728,-6.21492,246.295,11676.3,32.4343,8964.88,15111.8,-5.66451,-6.43691,-14.1845,-7.37814,-7.76577,0.657627,11330.8,19.6398,8619.43,0.604519,0.996976,0.00417978,18743.5,-0.0027822,1.19175,11.6757,10.2449,121.8,87.9203,0.84613,11.6715,11.6892,120.648,137.596,1.15274,-49.6757 
3,43.36,3,14223.5,-0.75837,34.2534,11.5304,121.976,0.0621839,-292.1,296.73,-2.3115,-7.61191,-15.4284,-6.32619,-4.57257,175.782,9675.69,20.4944,7327.22,13448.4,-3.41835,-8.71876,-17.6421,-7.43304,-5.67943,0.588682,9429.14,11.3629,7080.67,0.607606,0.997896,0.00294745,15518.5,-0.00288493,1.02808,11.4856,10.0521,121.837,87.9194,0.724517,11.4557,11.5264,120.843,137.647,0.99368,-49.7278 
4,43.22,4,13985.5,-0.155384,32.6977,-11.6563,122.128,0.257215,318.766,6.05238e-06,-5.96914,-8.10441,-3.86208,-4.53873,-3.95793,204.308,9698.39,21.2363,7212.34,15076.3,-7.25562,-9.39089,-6.43503,-5.8252,-5.2444,0.811572,9411.82,10.6228,6925.77,0.61243,0.998029,0.00281749,15368,-0.00305445,0.986098,11.8165,10.2354,121.895,87.7981,0.668256,11.9684,11.8198,121.014,137.682,0.881282,-49.8837 
5,43.24,5,12733.8,-0.783765,30.9003,11.8277,122.098,0.443924,375.116,233.136,-5.64381,-1.84063,-15.0367,2.30475,-7.31433,224.047,8748.5,23.9515,6865.4,17318.4,-7.05457,-3.25139,-17.8582,0.893987,-8.7251,0.503873,8434.25,12.3126,6551.15,0.599524,0.997452,0.00345023,14068.2,-0.00289677,0.886341,11.625,10.3875,122.048,87.2779,0.639588,11.7508,11.8741,120.978,136.916,1.06988,-49.6384 
6,43.26,6,16494.7,-0.282866,38.2141,-11.4903,121.649,0.0632863,251.275,500,-2.33552,-6.9917,-10.4628,-3.46672,-2.0211,218.937,11157.3,37.3811,8237.65,14811.5,-3.71411,-8.37029,-13.22,-4.84531,-3.39969,0.605954,10850.2,26.0078,7930.57,0.61403,0.995823,0.00600479,17670.5,-0.00297066,1.16108,11.4832,10.1678,121.64,87.4261,0.781085,11.8344,11.6644,120.518,136.923,1.12146,-49.4965 
7,43.24,7,14315.6,-0.0375524,33.2216,11.3789,121.852,0.00972663,15.0667,499.628,-4.80507,-9.52561,-8.07753,-10.9314,-6.6224,234.481,9919.36,27.8069,7157.18,12310.7,-6.28153,-11.0021,-11.0305,-12.4079,-8.09887,0.774062,9590.47,15.626,6828.3,0.620228,0.997157,0.00419782,15462.8,-0.00286289,1.01182,11.6802,10.2787,121.863,87.7288,0.668807,11.8475,11.8265,120.936,137.46,0.926895,-49.7314 
8,43.06,8,17401.1,0.0165094,39.2205,11.4561,121.958,-0.0403181,-13.0642,1.38663e-11,-3.00415,-8.40514,-4.6186,-7.19181,-8.33501,246.756,11722.9,23.8269,8519,14643.8,-4.55791,-9.95889,-7.72611,-8.74557,-9.88877,0.810992,11376.8,11.0084,8172.9,0.618119,0.99831,0.00247507,18405.5,-0.00286657,1.24329,11.5116,9.99884,121.876,87.5537,0.817668,11.6511,11.5406,120.763,137.094,1.11277,-49.5406 
9,43.23,9,13074.5,-0.0342929,30.2282,11.6785,122.111,0.230779,35.9757,0.000338728,-7.09837,-3.89172,-17.6084,-6.09429,-0.939705,149.804,8587.84,20.0687,7272.73,11762.3,-8.04165,-4.835,-19.4949,-7.03756,-1.88298,0.527878,8377.73,12.2866,7062.61,0.57971,0.99744,0.00319442,14451.6,-0.00272637,0.852845,11.7276,10.3978,122.011,88.4656,0.6493,11.9351,12.1406,121.043,138.358,0.967752,-49.8923 
10,43.08,10,17237.3,0.0282294,39.6178,11.1817,122.094,-0.0518215,-22.6005,499.999,-7.47288,-8.25537,-6.08756,-5.16233,-2.46244,168.86,11751.1,32.2704,8188.5,14459.1,-8.53615,-9.31863,-8.21409,-6.2256,-3.52571,0.770685,11514.3,23.4985,7951.66,0.627389,0.996441,0.00541425,18352.7,-0.00281119,1.24809,11.3263,10.159,122.029,88.1255,0.794395,11.5266,11.6486,120.933,137.887,1.09604,-49.7616 
11,43.12,11,16797.9,-0.0116039,38.1348,-11.2646,122.037,0.00498941,-7.80604,500,-4.7562,-5.49967,-17.116,-7.70447,-3.18974,141.28,11176.8,25.4578,8279.84,13985.3,-5.64581,-6.38928,-18.8952,-8.59407,-4.07934,0.566661,10978.6,18.1185,8081.68,0.612344,0.99712,0.00411288,17928.9,-0.00271596,1.17751,11.4498,10.0861,121.873,87.9206,0.807136,11.5632,11.527,121.022,137.583,0.850992,-49.6619 
12,43.18,12,12411.9,-0.342954,29.5087,11.6163,121.96,0.124386,178.327,1.48e-10,-4.04722,0.724589,-7.84539,0.0902904,-3.45265,119.312,8648.7,9.27141,6569.17,11880.8,-4.7985,-0.0266883,-9.34795,-0.660987,-4.20393,0.508986,8481.36,3.07336,6401.83,0.606377,0.999366,0.00088357,13986.9,-0.00282338,0.892494,11.6098,10.1613,121.849,88.0295,0.620655,11.8287,11.7169,120.776,137.916,1.07288,-49.8865 
13,43.225,13,12329.9,-0.748069,29.8801,11.8024,122.159,0.245956,379.372,51.7429,-5.49288,0.00189495,-14.6592,-6.54479,-2.3293,132.983,8749.88,13.2323,6318.72,14517.7,-6.33023,-0.835462,-16.3339,-7.38215,-3.16666,0.520274,8563.36,6.32412,6132.19,0.618872,0.998709,0.00189616,13837,-0.00287309,0.892192,11.6522,10.3558,121.941,88.0199,0.583084,11.7917,12.1203,121.059,137.84,0.882557,-49.8204 
14,43.3,14,18271.7,-0.0989587,42.2384,11.1838,121.874,0.056441,-1.37678,102.342,-4.91339,-4.02052,-8.7078,-7.31036,-1.23036,133.113,12324.8,23.1357,8720.51,15380.3,-5.75156,-4.8587,-10.3842,-8.14854,-2.06854,0.667297,12138.1,16.2208,8533.81,0.623196,0.997667,0.00348919,19477.2,-0.00300647,1.28197,11.4984,10.2589,121.901,88.2517,0.84035,11.6274,11.712,120.999,137.799,0.901959,-49.5473 
15,43.215,15,13625.2,-0.776382,31.7506,12.0968,121.896,0.706834,1648.49,433.131,-5.74157,-9.77759,-12.1771,-6.74195,-6.60681,217.883,9184.68,37.7544,7238.23,50434.5,-7.11352,-11.1495,-14.921,-8.1139,-7.97876,0.6972,8879.08,26.4358,6932.63,0.598275,0.994817,0.00697539,14841.1,-0.00284134,0.903868,11.7445,10.5384,121.585,88.1161,0.640997,12.0413,12.2506,120.79,138.161,0.795163,-50.0454 
16,43.27,16,15838.9,-0.817267,36.8061,11.8655,122.073,-2.56129,5665.35,260.888,-5.09399,-10.3105,-14.3911,-6.47863,-7.61436,221.278,10383.5,32.5965,8271.05,486586,-6.48732,-11.7039,-17.1777,-7.87196,-9.00768,0.67123,10073.1,21.1016,7960.69,0.595363,0.996347,0.00485918,16919.3,-0.00287834,1.08415,11.5223,10.1308,121.958,88.1137,0.773126,11.7023,11.8837,120.912,137.883,1.04607,-49.7696 
17,43.21,17,14040.1,-0.775206,32.5142,11.9472,121.806,0.264195,40.8639,3.45231,-3.94787,-3.02451,-11.8396,-3.80889,-3.38647,146.653,9491.38,20.9781,7183.47,12996.9,-4.8713,-3.94794,-13.6865,-4.73233,-4.3099,0.566169,9285.69,13.3598,6977.77,0.607441,0.997489,0.00351454,15286.6,-0.00270109,0.938853,11.7973,10.4731,121.778,88.0335,0.638591,11.9818,12.2281,120.791,137.838,0.987174,-49.8049 
18,43.32,18,16697.4,-0.00820057,38.8452,11.2803,121.912,-0.00554879,-5.14023,4.10736e-12,-8.22656,-6.86316,-6.1116,-0.822721,0.450066,160.138,11478.5,17.2658,8052.35,14265.4,-9.23491,-7.87151,-8.12829,-1.83107,-0.558279,0.705753,11253.8,8.94697,7827.74,0.625711,0.998611,0.00210107,17985.7,-0.00305672,1.23286,11.4621,10.0257,121.771,87.5993,0.776772,11.7157,11.581,120.796,137.007,0.974289,-49.4075 
19,43.18,19,13158,-0.765431,31.1767,11.9516,122.126,0.486494,-94.7801,57.1348,-6.67228,-7.78878,-8.54788,-3.77266,-7.57244,190.309,8972,28.5854,6903.81,13630.8,-7.87061,-8.9871,-10.9445,-4.97098,-8.77077,0.736556,8705.07,18.6992,6636.88,0.603982,0.996255,0.00516328,14412.8,-0.00274283,0.909355,11.7235,10.2526,121.979,88.3707,0.645514,11.9061,11.7144,120.998,138.148,0.981141,-49.7773 
20,43.1,20,17178.7,-0.0819568,38.7112,-11.3832,122.012,-0.061475,55.2897,458.127,-5.13648,-4.19618,-4.97905,-6.13539,-3.10895,193.441,10951.4,36.3869,8658.69,14455.5,-6.35452,-5.41423,-7.41514,-7.35344,-4.32699,0.759751,10680.1,26.338,8387.37,0.596879,0.995703,0.00575131,17893.2,-0.00258794,1.14413,11.4628,10.1671,121.987,88.0972,0.82399,11.683,11.7503,120.854,137.797,1.13363,-49.7001 
21,43,21,15683.1,-0.140715,35.9942,-11.3372,121.978,0.221505,83.2837,500,-8.89243,-1.10455,-6.08289,-7.68448,-2.24808,159.549,10226.3,21.3356,7995.35,13884.6,-9.89707,-2.10918,-8.09216,-8.68912,-3.25272,0.747438,10002.5,13.0473,7771.57,0.599454,0.997722,0.00308309,16686.1,-0.00254822,1.1087,11.3352,9.88756,121.842,87.9062,0.781273,11.5359,11.4633,120.917,137.529,0.925663,-49.6224 
22,43.17,22,13110.5,-0.0248164,31.1757,11.3675,122.04,0.0311463,78.8973,1.47962e-05,-5.81943,-0.227559,-14.0636,-3.70175,-5.96703,165.37,8747.9,25.3116,7129.06,11616.6,-6.86072,-1.26885,-16.1462,-4.74304,-7.00832,0.551832,8515.95,16.721,6897.11,0.589442,0.996576,0.00444605,14447.5,-0.00283501,0.909099,11.638,10.1319,121.811,88.3872,0.689153,11.5683,11.6447,120.982,138.174,0.828585,-49.7872 
23,43.195,23,13339.4,-0.785683,31.52,-12.0193,122.053,0.443889,565.288,488.444,-2.26056,-5.40557,-8.27086,-4.11629,-2.06854,144.775,9114.69,22.2661,6915.17,20501.2,-3.17217,-6.31718,-10.0941,-5.0279,-2.98015,0.63416,8911.63,14.7454,6712.11,0.606892,0.997113,0.00403048,14684,-0.00285612,0.920126,11.7813,10.3583,121.99,88.0539,0.630676,11.9474,12.0559,121.037,137.678,0.953469,-49.6237 
24,43.2,24,11759.3,-0.120466,28.232,11.542,121.94,0.0444902,-156.304,483.038,-6.08564,-5.63589,-10.8984,-7.09998,-4.76651,170.219,8122.01,25.0294,6243.13,10834,-7.15747,-6.70772,-13.0421,-8.17181,-5.83834,0.681259,7883.26,16.1869,6004.38,0.604219,0.99642,0.00494149,13047,-0.00261164,0.843417,11.4708,10.2666,121.669,88.487,0.57913,11.7026,11.9581,120.873,138.558,0.795307,-50.0705 
25,43.4,25,17258.3,-0.761986,39.253,11.6962,122.115,-0.142101,598.171,117.735,-3.49877,-5.43809,-3.40336,-7.82225,-2.85654,147.515,11065.2,33.7829,8766.86,17712.6,-4.42763,-6.36695,-5.26108,-8.75111,-3.7854,0.815996,10858.3,26.1198,8559.96,0.59596,0.995808,0.00558956,18219.9,-0.00264675,1.14858,11.4132,10.2932,121.962,88.2772,0.830606,11.7116,11.6486,121.022,138.151,0.940113,-49.8734 
26,43.235,26,12466.9,-0.0495599,29.4369,-11.3828,122.09,0.0134773,34.0158,2.6498e-11,-3.92905,-4.81859,-3.07538,-4.36266,-3.59079,191.452,8533.01,14.2392,6542.86,10922.7,-5.13457,-6.02412,-5.48643,-5.56818,-4.79631,0.796871,8264.48,4.29366,6274.33,0.604995,0.999092,0.001259,13660.4,-0.00264318,0.888167,11.5607,10.1522,121.973,88.0366,0.613581,11.7854,11.7875,121.021,137.724,0.951996,-49.6877 
27,43.14,27,21595.4,-0.108784,46.6517,11.6265,121.824,-0.107991,22.1861,4.22943e-12,-10.1564,-1.68815,-18.8386,-7.54622,-3.77191,192.606,13717.6,37.7431,10540.9,17734.8,-11.3692,-2.90094,-21.2642,-8.75901,-4.9847,0.568485,13447.4,27.7376,10270.7,0.603558,0.996403,0.00495026,22280.2,-0.00273714,1.36373,11.7846,10.4188,121.726,87.6926,0.96198,11.8586,11.8529,120.854,137.349,0.871996,-49.6567 
28,43.19,28,13475.4,-0.171115,31.1134,11.7107,122.027,0.0790935,85.849,498.517,-7.96218,-4.92619,-11.6149,-6.48867,-3.9649,139.319,9263.12,36.3159,6891.87,12082.2,-8.83944,-5.80345,-13.3694,-7.36592,-4.84216,0.667597,9067.71,29.0785,6696.46,0.611581,0.994419,0.00793562,14826.7,-0.00277183,0.925709,11.7719,10.4603,121.769,87.9035,0.613602,12.0851,12.0878,120.935,137.802,0.834019,-49.8983 
29,43.22,29,13476.4,-0.179104,31.4618,11.6812,121.8,0.591641,-460.301,0.00176797,-5.23098,-5.29598,-13.2908,-7.24053,-5.30976,158.343,9098.41,14.0495,7124.04,20829.1,-6.22802,-6.29303,-15.2849,-8.23757,-6.3068,0.639084,8876.32,5.82391,6901.94,0.599266,0.998853,0.00155197,14812,-0.00286245,0.908063,11.7461,10.5171,121.64,88.387,0.641956,11.8859,12.1513,120.548,138.247,1.09195,-49.86 
30,43.34,30,18644,-0.168098,41.68,11.5669,121.834,0.0536101,-57.0278,6.05133,-8.62315,-12.4506,-11.9125,-8.36999,-3.48946,220.932,11846.1,34.3676,9584.41,15793.7,-10.0143,-13.8417,-14.6947,-9.76114,-4.88061,0.723744,11536.2,22.8907,9274.53,0.591228,0.99654,0.00452596,19512.3,-0.00280526,1.23182,11.4795,10.1991,121.683,88.5037,0.88017,11.8768,11.7861,120.743,138.212,0.940926,-49.7079 
31,43.25,31,14720.5,-0.690509,34.2341,11.7101,121.801,0.427037,604.739,500,-5.03357,-8.56865,-0.309787,-2.7309,-12.9094,150.073,9598.67,23.7048,7701.2,21456.8,-5.97854,-9.51362,-2.19973,-3.67587,-13.8543,0.937547,9388.18,15.9088,7490.71,0.593055,0.997043,0.00389703,15830.2,-0.00261523,0.983246,11.5341,10.315,121.737,88.3395,0.709042,11.8533,11.8662,120.66,138.093,1.077,-49.7533 
32,43.16,32,16196,-0.812264,36.7263,12.0871,122.129,0.280409,338.738,33.4064,-11.4337,-6.88033,-9.40833,-7.00377,-4.87947,261.732,10805.2,33.7708,8145.34,17542.9,-13.0818,-8.52839,-12.7045,-8.65183,-6.52752,0.743313,10438.1,20.1744,7778.23,0.609439,0.996629,0.00475514,17127.4,-0.00283363,1.09896,11.7201,10.2922,121.898,88.5579,0.747557,11.9832,11.7503,120.935,138.46,0.963433,-49.9025 
33,43.04,33,16674,-0.128627,38.0027,11.4706,122.037,-0.0482101,56.2389,500,-6.65173,-5.86876,-9.42261,-5.93597,-4.17567,183.822,10878,31.7675,8452.71,14278.7,-7.80921,-7.02624,-11.7376,-7.09345,-5.33315,0.699034,10620.2,22.2184,8194.88,0.601104,0.996352,0.00496958,17667.7,-0.00285799,1.14249,11.612,10.0991,121.957,88.5775,0.795748,11.841,11.6785,120.884,138.43,1.07348,-49.8528 
34,43.2,34,12566.7,-0.00578536,29.6019,11.5777,122.036,0.00954866,-18.6315,500,-5.21792,0.602845,-6.99448,-4.37634,1.77348,161.109,8611.88,20.1597,6703.31,11162.5,-6.23238,-0.411618,-9.0234,-5.3908,0.759013,0.55548,8385.91,11.7904,6477.34,0.600864,0.997546,0.00334189,13956.4,-0.00278589,0.866985,11.7502,10.3487,121.808,88.4484,0.613098,11.8912,11.9689,121.067,138.443,0.740824,-49.995 
35,43.38,35,16699.3,-0.744445,37.6425,11.879,121.858,0.728851,-230.218,329.04,-6.46798,-5.09526,-10.9503,-3.35398,-3.5376,174.823,10906.2,30.3946,8329.22,20018.7,-7.5688,-6.19607,-13.1519,-4.4548,-4.63841,0.634771,10661,21.3129,8084.02,0.605282,0.996514,0.0048331,17613.2,-0.00257435,1.12753,11.6856,10.0922,121.706,88.7556,0.782317,11.7649,11.6711,120.889,138.611,0.816801,-49.855 
36,43.02,36,17413.4,-0.0128068,39.462,-11.479,121.818,-0.0135797,14.0179,6.74887e-12,-14.5829,-3.81023,-9.79977,-7.55759,-8.83456,198.31,11324.7,39.0255,8791.67,14752.3,-15.8316,-5.05894,-12.2972,-8.8063,-10.0833,0.763867,11046.5,28.7237,8513.52,0.601396,0.99547,0.00617668,18368.2,-0.00278785,1.19119,11.5716,10.0752,121.65,88.6187,0.817149,11.6598,11.8842,120.902,138.436,0.748355,-49.8171 
37,43.15,37,14233.5,-0.761919,33.6808,12.1147,122.051,0.27149,139.172,12.4432,-6.79899,-4.20564,-11.6705,-8.71191,-4.03801,189.955,9532.17,9.95509,7661.81,14512.8,-7.99509,-5.40174,-14.0627,-9.90801,-5.23411,0.669902,9265.74,0.0872753,7395.38,0.592978,0.999984,2.17388e-05,15625.8,-0.00295737,1.01325,11.4393,10.0928,121.993,88.2011,0.72183,11.7521,11.6123,121.048,138.007,0.944518,-49.8057 
38,43.205,38,11779.8,-0.0421134,27.696,11.7169,121.631,-0.0781242,68.1764,499.997,-8.98248,-5.42767,-10.7756,-7.71338,-3.14449,138.791,7951.57,19.9204,6491.63,10737.3,-9.85641,-6.3016,-12.5235,-8.58731,-4.01842,0.696674,7756.9,12.7105,6296.96,0.58888,0.997141,0.00370454,13172.3,-0.00272321,0.772154,11.9613,10.6297,121.584,88.4583,0.586593,12.0579,11.8753,120.65,138.143,0.933866,-49.6852 
39,43.28,39,15648.3,-0.179968,36.0263,11.4612,121.866,-0.754456,219.216,500,-8.25801,-4.667,-3.31131,-2.21521,-3.8417,157.146,9960.56,21.6862,8362.41,18825.3,-9.24752,-5.65651,-5.29031,-3.20471,-4.8312,0.812601,9740.15,13.5228,8141.99,0.58177,0.997576,0.00305018,16742.3,-0.00270392,1.05059,11.3578,10.1587,121.776,88.7368,0.79274,11.7293,11.625,120.692,138.463,1.08384,-49.7266 
40,43.36,40,15086.4,-0.0985069,35.1208,11.3708,121.763,-0.104663,-22.5348,0.000436509,-8.6941,-10.3863,-17.6938,-4.86275,-5.824,156.199,9891.7,20.5341,7852.25,13077,-9.67765,-11.3699,-19.6609,-5.84629,-6.80754,0.631558,9672.61,12.4199,7633.17,0.595709,0.997758,0.00298833,16237.1,-0.00266543,1.08444,11.3399,9.85651,121.48,88.1842,0.764977,11.5388,11.406,120.688,137.764,0.791972,-49.5793 
41,43.22,41,13131.8,-0.180452,31.2352,11.5962,121.743,0.308694,-298.671,1.59666,-7.1909,-3.444,-15.873,-5.20437,-11.3484,160.839,8589.11,23.6555,7465.6,14792.5,-8.20366,-4.45676,-17.8985,-6.21713,-12.3612,0.635745,8363.52,15.3002,7240.01,0.573239,0.996809,0.00387781,14589.9,-0.00304349,0.847684,11.7864,10.5535,121.549,88.6788,0.681532,12.0076,11.9441,120.536,138.753,1.01315,-50.074 
42,43.24,42,14253.3,-0.57166,33.7182,11.609,122.172,0.180443,188.982,5.51885e-10,-6.15828,-10.4433,-10.8402,-6.76598,-4.75849,184.026,9743.37,26.4109,7255.5,13852.6,-7.31704,-11.602,-13.1578,-7.92474,-5.91726,0.713456,9485.26,16.8512,6997.39,0.611833,0.996901,0.00441658,15503,-0.00274731,1.02077,11.4125,10.2131,122.03,88.7508,0.674797,11.748,11.8373,120.936,138.603,1.09372,-49.8522 
43,43.26,43,16826.8,-0.346757,38.0309,11.6997,121.699,0.610254,26.2742,500,-7.09592,-4.11294,-12.7905,-7.89,-1.37477,187.093,11059.2,22.7125,8535.48,15006.6,-8.27399,-5.29102,-15.1466,-9.06808,-2.55285,0.624456,10796.8,12.9934,8273.07,0.60278,0.997898,0.00288481,17911.6,-0.00285581,1.12653,11.7082,10.2929,121.551,88.4592,0.774627,11.7925,12.0531,120.533,138.32,1.01828,-49.8603 
44,43.24,44,15740.9,-0.673519,35.8584,12.0211,122.022,-0.883205,-236.749,0.00746462,-9.30389,-5.32392,-5.86951,-4.08898,-3.81564,129.994,10412.5,36.8342,8009.53,20839.2,-10.1224,-6.14245,-7.50658,-4.90752,-4.63418,0.774666,10230.2,30.0813,7827.2,0.603139,0.994881,0.00702976,16961.6,-0.0028436,1.04869,11.8976,10.2656,121.754,88.5366,0.723091,11.9417,12.079,120.916,138.387,0.838127,-49.8503 
45,43.06,45,17190.3,-0.810042,39.6361,11.7383,121.843,-0.690824,-850.238,400.861,-4.08195,-4.87814,-9.99562,-9.57077,-8.1842,114.069,11218,24.817,8707.81,34266.4,-4.80021,-5.5964,-11.4321,-10.289,-8.90247,0.721305,11058,18.8914,8547.81,0.600681,0.997019,0.0040547,18409.2,-0.00285299,1.18702,11.4464,10.1651,121.743,88.6487,0.82961,11.6419,11.6132,120.794,138.446,0.949393,-49.7975 
46,43.23,46,13896.4,-0.0260477,32.1644,11.7111,121.976,-0.00460997,26.7488,1.47631e-10,-8.72828,-3.4401,-8.5941,-9.8882,-2.58275,143.949,9279.04,22.9317,7405.75,12266.2,-9.63469,-4.3465,-10.4069,-10.7946,-3.48915,0.730892,9077.14,15.4538,7203.85,0.594347,0.997029,0.00393616,15272.4,-0.00295475,0.920928,11.8923,10.4578,121.704,88.87,0.659669,11.9697,12.2582,120.77,138.985,0.933592,-50.1152 
47,43.08,47,14619.1,-0.0367141,35.4446,11.0449,122.014,-0.00316831,3.96681,500,-10.639,-8.02971,-9.59248,-8.0461,-4.56213,177,9532.7,12.8173,7931.41,12744.5,-11.7535,-9.14423,-11.8215,-9.16062,-5.67665,0.751422,9284.44,3.6225,7683.15,0.584223,0.999318,0.000867773,15891.9,-0.00294524,1.04553,11.2332,10.0168,121.921,88.6644,0.785018,11.3531,11.4902,120.889,138.175,1.03241,-49.5102 
48,43.12,48,15157.3,-0.183358,35.9705,11.2784,121.882,0.0157535,104.393,1.47555e-08,-12.5492,-9.5864,-15.6997,-6.24651,-4.39154,218.346,10394.8,24.8772,7583.57,13260.1,-13.9241,-10.9613,-18.4494,-7.62138,-5.76641,0.674743,10088.6,13.5345,7277.32,0.617149,0.997658,0.00341429,16347.1,-0.00283129,1.12203,11.2613,10.0525,121.687,88.013,0.745296,11.4282,11.511,120.737,137.643,0.950313,-49.6296 
49,43.18,49,14851.7,-0.206215,34.3817,11.7265,122,0.111185,-13.0065,1.78367,-6.2374,-4.46394,-12.307,-7.30701,-7.01095,174.396,9990.61,30.4953,7774.1,13171.8,-7.33553,-5.56207,-14.5033,-8.40514,-8.10908,0.669743,9746,21.4358,7529.49,0.600813,0.996166,0.00521695,16221.4,-0.00310566,0.996739,11.7279,10.5267,121.917,88.9556,0.709015,12.0567,11.9406,120.974,138.969,0.942764,-50.0135 
50,43.225,50,11557.9,-0.735232,29.0093,11.9449,122.242,32.1828,-4371.09,500,-7.17815,-4.81692,-13.5378,-6.38165,-11.0909,183.545,8089.92,23.7915,6450.05,4.59067e+06,-8.33389,-5.97266,-15.8493,-7.53738,-12.2467,0.682633,7832.48,14.2567,6192.61,0.595258,0.996825,0.00422301,13158.1,-0.00309322,0.843833,11.6353,10.2216,121.904,88.9346,0.597014,11.873,11.8829,121.052,139.151,0.851647,-50.2161 
51,43.3,51,15545.1,-0.0142282,36.7378,-11.1178,121.814,0.00205884,-21.428,500,-5.32858,-3.02678,-9.90034,-4.61036,-1.42407,177.338,10247.8,20.3304,7977.16,13297.7,-6.44524,-4.14343,-12.1336,-5.72701,-2.54072,0.608466,9999.1,11.118,7728.42,0.600707,0.998058,0.00264303,16645.5,-0.00281385,1.12859,11.1944,9.98519,121.761,88.5843,0.78568,11.513,11.4334,120.65,138.322,1.11141,-49.7372 
52,43.215,52,11548.2,-0.116496,27.8589,11.6941,122.102,-0.10366,150.027,11.3794,-6.65921,-11.4608,-9.13027,-8.5285,-0.881684,144.169,8149.06,15.3127,6237.6,11111.7,-7.567,-12.3686,-10.9459,-9.43629,-1.78948,0.740048,7946.84,7.8234,6035.39,0.604908,0.99828,0.00238215,13137.3,-0.00291716,0.848622,11.591,10.2237,121.911,88.1244,0.575846,11.8685,11.9191,120.922,138.073,0.988207,-49.9489 
53,43.27,53,14836.9,-0.565239,35.3944,11.4457,121.985,-0.021176,172.251,2.35101e-05,-4.40679,-6.67576,-5.3075,-10.7237,-7.3166,132.578,9779.97,14.4223,7799.1,13306.5,-5.24159,-7.51056,-6.97712,-11.5585,-8.15141,0.823092,9594.02,7.53511,7613.14,0.594376,0.998627,0.00181991,16141.3,-0.00293589,1.03703,11.3726,10.2353,121.823,89.284,0.760035,11.6782,11.4778,120.822,139.388,1.00132,-50.1042 
54,43.21,54,12380.4,-0.110148,29.5798,11.5295,122.229,-0.665801,594.905,499.991,-7.2852,0.427732,-5.35879,-6.76768,-8.43883,129.363,8513.81,18.8869,6681.86,23995.9,-8.09977,-0.386832,-6.98792,-7.58224,-9.25339,0.783724,8332.37,12.1668,6500.42,0.598472,0.997451,0.00343601,13922.7,-0.00293839,0.86806,11.609,10.4408,122.048,88.4028,0.608675,11.8315,12.1228,121.102,138.327,0.946491,-49.9241 
55,43.32,55,16679.5,-0.0345891,38.5512,11.3643,122.096,-0.0060338,-0.701676,500,-7.27483,-3.22673,-6.56096,-4.24442,-4.4624,109.43,10939.6,33.6618,8614.81,14262,-7.96388,-3.91578,-7.93906,-4.93347,-5.15145,0.734512,10786.1,27.9771,8461.32,0.597143,0.995481,0.006054,18062.8,-0.00293939,1.168,11.3777,10.1062,122.02,89.0723,0.814454,11.6913,11.6484,120.993,139.009,1.02719,-49.9369 
56,43.18,56,13945,-0.0137934,32.515,11.4263,121.796,0.00467783,-31.5805,1.68168e-11,-11.351,-6.81151,-6.43153,-6.93415,-10.2014,150.149,9076.46,24.2246,7578.97,12099.2,-12.2964,-7.75696,-8.32243,-7.8796,-11.1468,0.82443,8865.86,16.4247,7368.37,0.583178,0.996768,0.00408941,15202.7,-0.00278743,0.928682,11.6059,10.3863,121.651,88.9483,0.704046,11.7759,11.7782,120.596,138.997,1.05465,-50.0482 
57,43.1,57,16941.4,-0.847309,39.2679,11.8183,122.079,-0.191092,1362.36,497.034,-7.29671,0.11155,-10.4635,-4.81604,-2.99244,175.535,10767.9,35.4973,8862.12,23582.2,-8.40201,-0.993747,-12.6741,-5.92133,-4.09774,0.605032,10521.7,26.3786,8615.92,0.586775,0.995632,0.00560818,17931.4,-0.00284638,1.12227,11.6038,10.1992,121.947,88.7368,0.832603,11.6632,11.7721,120.997,138.443,0.949939,-49.7065 
58,43,58,16391.1,-0.715894,37.932,11.5265,122.004,0.425949,108.163,18.7185,-4.07524,-4.86815,-0.72248,-5.32204,-3.82655,127.752,10254.4,33.2654,8590.86,15732.8,-4.87966,-5.67256,-2.33132,-6.12646,-4.63097,0.901387,10075.2,26.6289,8411.68,0.582071,0.995396,0.00579776,17309.3,-0.00256324,1.07734,11.3318,10.2734,121.972,88.6797,0.820621,11.601,11.664,120.936,138.455,1.0357,-49.7751 
59,43.17,59,13340.9,-0.134011,31.4613,11.5275,121.759,0.17513,-200.838,8.92329,-9.50171,-3.45368,-6.79217,-6.00802,-8.0823,153.741,8954.65,17.4073,7016.85,12951.1,-10.4698,-4.42175,-8.7283,-6.97608,-9.05037,0.779846,8739.01,9.42078,6801.22,0.599052,0.998117,0.00254512,14588.1,-0.00278082,0.911536,11.7278,10.3779,121.781,88.7684,0.644425,11.8671,11.9202,120.766,138.636,1.01532,-49.8679 
60,43.195,60,14423.2,-0.0239173,33.4897,11.6619,122.078,0.0168251,40.5496,497.574,-8.14423,2.01237,-9.20293,-6.54535,-5.10441,183.691,9600.89,25.0264,7750.14,12736.1,-9.30088,0.855718,-11.5162,-7.702,-6.26106,0.660533,9343.25,15.484,7492.5,0.591839,0.997108,0.00379247,15786.8,-0.00311315,0.961954,11.7873,10.4855,121.884,88.6101,0.691238,12.1007,12.0851,120.99,138.81,0.894635,-50.2 
61,43.2,61,13342,-0.477557,31.1503,12.017,121.901,0.154423,507.819,500,-3.81465,-5.1577,-8.39605,-7.18033,-5.01869,164.449,8690.27,23.7085,7489.52,14738.6,-4.85014,-6.19319,-10.467,-8.21582,-6.05418,0.707464,8459.62,15.1657,7258.86,0.575397,0.996873,0.00383389,14702.2,-0.00292009,0.842099,11.9895,10.5859,121.74,88.8146,0.663054,12.1337,12.0778,120.686,138.919,1.05411,-50.1047 
62,43.4,62,15843.7,-0.839123,37.5378,11.703,121.896,0.0457119,817.077,223.982,-0.76853,-5.04453,-11.8408,-4.22537,-6.34655,213.538,10926.4,36.5526,7856.87,15516.8,-2.11312,-6.38912,-14.53,-5.56996,-7.69114,0.599651,10626.9,25.4598,7557.36,0.620504,0.995825,0.00616754,17126.2,-0.00301653,1.1568,11.487,10.0413,121.848,88.494,0.759453,11.6096,11.6385,120.724,138.093,1.12451,-49.5992 
63,43.235,63,12928.9,-0.0660343,30.7063,11.6262,121.614,0.0176736,-9.28673,7.29298e-12,-5.72728,-4.23778,-9.97351,-6.05059,-3.85379,241.612,8785.7,11.3532,7002.07,11626.8,-7.24864,-5.75914,-13.0162,-7.57195,-5.37515,0.666003,8446.82,-1.19807,6663.19,0.595805,1.00025,-0.000331327,14177.2,-0.00298382,0.90947,11.6934,10.1755,121.526,88.4129,0.653195,11.997,11.6963,120.572,138.176,0.953605,-49.7626 
64,43.14,64,16533.6,-0.811303,39.1173,11.5329,121.781,0.998672,383.24,0.413427,-6.58775,0.603157,-7.03886,-6.82516,-10.6375,174.74,10667.3,8.89048,8521.01,27145.1,-7.68804,-0.497132,-9.23944,-7.92545,-11.7378,0.750877,10422.3,-0.186907,8275.92,0.594215,1.00003,-4.16046e-05,17539.5,-0.00291327,1.1436,11.3947,10.0935,121.583,88.1089,0.824984,11.5867,11.6687,120.693,137.81,0.890152,-49.701 
66,43.22,66,11053.1,-0.878143,28.6017,11.876,121.803,-1.72883,-897.398,0.62601,-6.10652,-10.7844,-16.0879,-9.61142,-10.6905,161.098,7779.99,17.7564,6446.2,61562.2,-7.12091,-11.7988,-18.1167,-10.6258,-11.7049,0.694836,7554.03,9.38767,6220.24,0.585428,0.99783,0.00277242,12903.4,-0.00326396,0.80076,11.5977,10.398,121.633,89.0337,0.603012,11.7336,11.9011,120.545,138.882,1.08785,-49.8485 
67,43.34,67,16719.4,-0.816132,38.6861,11.78,121.989,-0.971745,608.836,491.416,-9.60241,-3.10156,-5.63025,-5.21724,-10.2663,171.053,11094.4,20.0949,8459.36,34094.9,-10.6795,-4.17864,-7.78439,-6.29432,-11.3434,0.806744,10854.5,11.2091,8219.45,0.605611,0.998196,0.00250583,17923.2,-0.00285719,1.17167,11.5447,10.059,121.919,88.6141,0.807237,11.6493,11.5382,120.757,138.412,1.16173,-49.798 
68,43.25,68,15247.2,-0.802166,35.4924,11.8926,121.732,-0.0658775,385.067,108.37,-6.42072,-4.87292,-10.0851,-9.22258,-10.1518,205.586,9887.79,26.0771,8097.78,14566.4,-7.71524,-6.16744,-12.6741,-10.5171,-11.4463,0.738787,9599.44,15.3973,7809.43,0.588362,0.997201,0.0036188,16315.5,-0.00274913,1.01497,11.6061,10.2567,121.602,88.3377,0.750895,11.7757,11.7843,120.558,138.057,1.0438,-49.7195 
69,43.16,69,15481.8,-0.0770415,35.2061,11.512,121.63,0.0623874,-120.819,8.26171e-10,-2.21844,-5.88134,-7.36943,-2.77826,-9.16678,192.238,9887.63,20.9479,8247.89,13439,-3.42891,-7.09181,-9.79037,-3.98873,-10.3773,0.71767,9618,10.9615,7978.26,0.583641,0.99801,0.00252451,16479.3,-0.00261356,1.01273,11.511,10.2976,121.492,88.9233,0.763278,11.8365,11.7295,120.482,138.653,1.00931,-49.7301 
70,43.04,70,18439.2,-0.107527,40.4151,-11.6107,121.655,0.0136722,17.4747,499.809,-3.21979,-7.35478,-11.9197,-3.40159,-9.34392,193.763,11522.1,39.9185,9318.96,15283.4,-4.43986,-8.57485,-14.3598,-4.62166,-10.564,0.662599,11250.4,29.8529,9047.19,0.591162,0.995378,0.00604164,19031,-0.00240175,1.19047,11.5216,10.2543,121.579,88.9527,0.846218,11.7704,11.9142,120.577,138.817,1.00177,-49.8639 
71,43.2,71,11455.4,-0.596899,28.518,11.7384,121.776,-0.826937,275.248,455.998,-7.68595,-6.03626,-7.18375,-6.81701,-7.62759,133.809,8132.32,19.2841,6082.08,18306.9,-8.52851,-6.87882,-8.86887,-7.65957,-8.47015,0.780506,7944.64,12.3329,5894.4,0.610477,0.997291,0.00383947,13013.8,-0.00274553,0.844035,11.5337,10.2352,121.497,88.357,0.577725,11.7725,11.5959,120.608,138.452,0.88915,-50.0951 
72,43.38,72,16962,-0.760819,38.5406,11.7984,121.685,-0.394686,140.31,415.274,-4.72114,-5.07132,-21.7256,-3.81422,-7.61668,186.196,10838.4,30.9943,8575.99,16605.3,-5.89356,-6.24375,-24.0704,-4.98664,-8.78911,0.518432,10577.3,21.3218,8314.83,0.596641,0.996485,0.00470151,17728,-0.00263606,1.14676,11.6225,9.97882,121.562,88.9963,0.820259,11.7248,11.5902,120.66,138.774,0.901775,-49.7781 
73,43.02,73,15984.7,-0.0494004,36.8455,-11.4284,121.635,0.0136778,-2.64459,500,-9.61099,-5.58511,-13.0107,-4.69603,-2.09952,186.99,10470.8,34.9414,8309.86,13708.9,-10.7884,-6.76254,-15.3656,-5.87346,-3.27694,0.634735,10208.5,25.2276,8047.59,0.595963,0.995694,0.00574148,17129.4,-0.00288481,1.0936,11.6661,10.0741,121.401,88.1881,0.787322,11.7463,11.6153,120.564,137.678,0.836528,-49.4896 
74,43.15,74,15938.2,-0.0202842,36.2673,11.4671,121.905,-0.0323368,-0.712257,500,-2.33738,-8.11583,-8.14334,-5.68086,-1.31833,225.764,10745.7,30.8536,8035.32,13539,-3.75896,-9.53741,-10.9865,-7.10243,-2.73991,0.678053,10429,19.1256,7718.67,0.611061,0.996801,0.00454369,17067.1,-0.00292345,1.1018,11.6462,10.2582,121.796,88.445,0.758669,11.6976,11.7504,120.681,138.243,1.11547,-49.7981 
75,43.205,75,13431.7,0.00227968,31.2651,11.5436,122.018,-0.0215474,-35.4637,0.338471,-7.98304,-6.50684,-9.78517,-2.95773,-2.65502,144.955,8938.2,19.6801,7392.6,11773.8,-8.89578,-7.41958,-11.6107,-3.87047,-3.56776,0.671684,8734.88,12.15,7189.29,0.585539,0.997572,0.00310352,14917.7,-0.00302828,0.874618,11.7924,10.6542,121.825,89.2249,0.654103,12.0916,12.2344,120.805,139.105,1.02003,-49.8801 
76,43.28,76,15371.7,-0.363173,35.4137,-11.5446,121.841,1.00951,-2646.44,7.72478e-05,-8.03247,-7.45587,-0.14469,-3.91432,-5.44824,162.821,10146.5,24.6778,7836.24,100278,-9.05771,-8.48111,-2.19517,-4.93955,-6.47348,0.929522,9918.09,16.2196,7607.87,0.602526,0.997146,0.00391192,16460.9,-0.00266307,1.07896,11.4571,10.0071,121.578,88.7599,0.74038,11.829,11.6064,120.681,138.414,0.896719,-49.6539 
77,43.36,77,17301.8,-0.465578,37.9708,11.9037,122.013,1.72504,58.3005,221.797,-5.8568,-6.283,-7.8837,-3.18225,-2.17626,145.677,11143.3,22.3809,8488.44,17987.7,-6.77409,-7.20029,-9.71828,-4.09954,-3.09355,0.685347,10938.9,14.8133,8284.12,0.60559,0.997636,0.00328316,18063.3,-0.00246929,1.16714,11.5979,10.0205,121.809,88.7714,0.803798,11.7743,11.6941,120.706,138.641,1.10321,-49.8692 
78,43.22,78,13156.4,-0.512308,30.5315,11.9983,121.959,-0.718879,712.799,0.0141573,-8.22757,-5.73732,-4.34459,-5.57207,-4.03905,155.146,8895.34,30.6108,7004.1,28606,-9.20449,-6.71424,-6.29842,-6.54898,-5.01597,0.813558,8677.74,22.5512,6786.49,0.597883,0.995473,0.00608401,14514.1,-0.00274936,0.882247,11.988,10.3326,121.671,88.4587,0.641265,11.8744,11.8353,120.684,138.395,0.987182,-49.9363 
79,43.24,79,13050.8,-0.0889798,30.591,11.7716,121.823,-0.309182,485.846,8.19142,-8.43895,-4.39442,-6.41788,-0.746805,-4.39003,136.053,8494.72,24.6029,7225.74,16612.6,-9.29564,-5.25111,-8.13126,-1.60349,-5.24672,0.724627,8303.89,17.5352,7034.91,0.578511,0.996318,0.00457065,14353.9,-0.00280739,0.867761,11.662,10.3235,121.518,88.8479,0.659876,12.197,11.7343,120.54,138.79,0.977072,-49.9424 
80,43.26,80,15860,-0.0655481,36.6039,11.8031,121.974,-0.0134073,-109.953,70.5844,-7.80916,-3.02821,-10.0445,-3.89728,-0.142709,164.999,10519.2,27.7981,8266.41,14112.3,-8.84812,-4.06717,-12.1224,-4.93623,-1.18167,0.610908,10287.7,19.2267,8034.98,0.5982,0.99674,0.00438858,17197.8,-0.00303286,1.06663,11.7563,10.2701,121.819,88.7468,0.76276,11.8536,11.9105,120.9,138.636,0.919091,-49.8889 
81,43.24,81,13520.7,-0.0644341,31.0731,11.6433,121.83,0.042898,58.594,500,-4.00288,-6.07793,-10.0349,-3.88232,-1.16346,197.073,8736.45,13.1383,7422.67,11859.4,-5.2438,-7.31885,-12.5168,-5.12324,-2.40438,0.616133,8460.04,2.90075,7146.26,0.579224,0.9994,0.000747174,14605.8,-0.00270533,0.889123,11.6397,10.3666,121.52,88.7186,0.671329,11.9946,11.9185,120.871,138.703,0.649008,-49.9841 
82,43.06,82,17350.8,-0.662443,38.5418,11.8138,121.72,-0.183642,811.825,18.033,-5.54732,-4.94987,-8.95004,1.24382,-0.722121,136.662,10953.5,23.3418,8849.02,19675.5,-6.40785,-5.81039,-10.6711,0.383301,-1.58264,0.557008,10761.9,16.2425,8657.34,0.591078,0.997366,0.00344418,18207.2,-0.002558,1.12607,11.6819,10.2376,121.794,89.535,0.84274,11.6081,11.6,120.604,139.488,1.18998,-49.9526 
83,43.23,83,13551.7,-0.770838,31.895,11.9699,122.003,0.220472,300.932,128.554,-7.9014,-3.01213,-8.30118,-6.98343,-3.08651,146.952,9407.41,24.3849,6804.77,14588,-8.82671,-3.93745,-10.1518,-7.90875,-4.01183,0.708587,9201.3,16.751,6598.65,0.618527,0.996824,0.00465452,14876.1,-0.0027269,0.94703,11.6937,10.3928,121.782,88.5893,0.606243,11.9919,12.2206,120.905,138.578,0.876098,-49.9889 
84,43.08,84,17454.4,-0.0020649,39.2746,11.3202,121.555,-0.00594865,-12.5843,6.93532e-11,-7.15559,-3.74283,-8.22203,-5.01419,-7.16196,171.056,11527,16.0408,8442.31,14475.5,-8.23268,-4.81992,-10.3762,-6.09128,-8.23906,0.7252,11287.1,7.15479,8202.39,0.615397,0.998892,0.00160426,18341.1,-0.00257232,1.22267,11.4203,10.0632,121.471,88.641,0.811922,11.6276,11.5566,120.351,138.299,1.11925,-49.6576 
85,43.12,85,18090.3,-0.695762,39.9993,11.7964,121.926,-0.0223801,415.657,25.5032,-5.88571,-4.30051,-1.50195,-5.73977,-1.56414,124.499,11517.1,38.572,8893.6,15663.1,-6.66964,-5.08445,-3.06983,-6.5237,-2.34808,0.870448,11342.5,32.1046,8718.98,0.602017,0.995071,0.0067372,18840.8,-0.00249716,1.20298,11.5494,10.1811,121.845,88.9901,0.829293,11.8551,11.6886,120.871,138.815,0.974056,-49.8254 
86,43.18,86,12737.3,-0.749162,30.5871,11.8229,121.635,0.373806,68.0445,5.16565,-8.50485,-6.52134,-6.0717,-4.53146,-0.824057,175.359,8500.79,18.0458,7011.53,12600.2,-9.60904,-7.62553,-8.28008,-5.63565,-1.92825,0.749684,8254.83,8.9362,6765.58,0.586563,0.998109,0.00242721,14073.2,-0.00283048,0.872601,11.615,10.3512,121.608,88.8355,0.648351,11.8071,11.8196,120.468,138.73,1.14016,-49.8948 
87,43.225,87,14862.9,-0.0392079,33.5453,11.6134,121.786,-0.0461199,-91.6063,500,-7.63289,-2.65477,-6.08435,-3.22967,-3.68747,147.852,9754.5,19.3863,7776.81,12819.4,-8.56388,-3.58576,-7.94632,-4.16065,-4.61846,0.724803,9547.13,11.7056,7569.44,0.594583,0.997859,0.0028406,16056.8,-0.00266436,0.973702,11.7606,10.39,121.592,88.7877,0.711365,11.8705,11.8611,120.762,138.79,0.829631,-50.0025 
88,43.3,88,14060.2,-0.737019,33.9733,11.4498,121.757,0.39682,536.895,391.329,-4.59924,-1.72029,-5.5136,-3.44104,-2.02669,178.995,9332.28,21.2273,7382.22,19598.3,-5.72632,-2.84737,-7.76777,-4.56813,-3.15377,0.677195,9081.22,11.9288,7131.16,0.596898,0.997707,0.00307196,15214,-0.00275115,1.02684,11.1705,9.97519,121.613,89.445,0.738247,11.4915,11.3261,120.606,139.382,1.00663,-49.9373 
89,43.215,89,13021.1,-0.0812691,30.3176,11.3928,121.877,0.0167568,-65.896,1.91804,-8.34268,-8.06469,-5.26916,-4.24035,-0.338764,106.921,8818.83,24.7011,6803.23,11280,-9.01593,-8.73794,-6.61566,-4.9136,-1.01201,0.781626,8668.86,19.1468,6653.26,0.602395,0.99615,0.00527328,14390.7,-0.00267396,0.880408,11.7584,10.5115,121.667,89.0348,0.62035,11.7668,12.0394,120.75,139.183,0.91724,-50.1479 
90,43.27,90,13756,-0.67328,32.6879,11.4768,121.841,0.547732,1067.75,321.555,-7.28484,-2.32092,1.0594,-3.09858,-0.921286,137.073,8979.47,14.431,7254.11,31250.9,-8.14795,-3.18403,-0.66682,-3.96169,-1.7844,0.962422,8787.21,7.31034,7061.85,0.591317,0.998546,0.0019033,14860.4,-0.00252126,0.958605,11.2673,10.142,121.748,88.7168,0.712793,11.451,11.5217,120.825,138.587,0.922943,-49.8706 
91,43.21,91,12525.9,-0.048321,29.2369,11.4576,121.853,0.00894316,-24.9542,0.00014599,-4.47881,-6.21754,-5.35059,-1.64076,5.12466,51.479,8320.96,13.5996,6736.41,10912.2,-4.80296,-6.54169,-5.99889,-1.96491,4.80051,0.58651,8248.76,10.9253,6664.2,0.590041,0.997688,0.00301087,13980,-0.00267227,0.83288,11.7005,10.4951,121.687,89.0094,0.623434,11.9312,11.8752,120.828,138.995,0.859371,-49.9856 
92,43.32,92,16318.6,-0.734839,38.02,11.6141,121.825,-0.920719,-1779.87,499.998,-5.55399,-2.18987,-6.60873,-5.80085,-4.21272,140.068,10546.6,35.191,8456.22,67721.4,-6.43596,-3.07185,-8.37268,-6.68282,-5.09469,0.717692,10350.2,27.9147,8259.76,0.593012,0.995302,0.00618706,17453.6,-0.00281416,1.12672,11.3951,10.0979,121.745,89.1275,0.820435,11.593,11.5029,120.748,139.112,0.996885,-49.984 
93,43.18,93,12879.8,-0.10936,30.097,11.4431,121.755,-0.0227847,-12.4499,475.656,-11.0285,-2.07083,-10.7324,-3.99548,-5.57594,139.798,8549.22,21.5992,7035.2,11220.7,-11.9088,-2.9511,-12.4929,-4.87575,-6.45621,0.677058,8353.14,14.3369,6839.12,0.586812,0.997005,0.00384678,14234.8,-0.00274194,0.888233,11.5493,10.2415,121.65,88.5452,0.638238,11.9112,11.9504,120.722,138.331,0.927255,-49.7857 
94,43.1,94,15838.2,-0.103869,37.2019,11.2071,121.471,-0.0473615,33.5181,0.31286,-6.907,-0.641087,-6.73539,-1.8246,-2.04728,166.71,10617.9,25.0888,8059.6,13624,-7.95673,-1.69082,-8.83485,-2.87433,-3.09701,0.638712,10384.1,16.4285,7825.77,0.606751,0.997239,0.00385221,17114.3,-0.00288442,1.14131,11.3545,10.0406,121.342,88.0851,0.791781,11.5061,11.4187,120.412,137.625,0.929936,-49.5403 
95,43,95,17230.3,-0.757488,39.8502,11.6428,121.887,4.97047,300.864,484.409,-6.84826,-7.20991,-1.30623,-3.53703,-0.200742,146.436,11456.7,20.3702,8655.28,63785.1,-7.77033,-8.13198,-3.15037,-4.4591,-1.12281,0.872116,11251.3,12.7631,8449.89,0.60758,0.998019,0.00277467,18518.2,-0.00292347,1.19931,11.446,10.2159,121.752,88.8351,0.829052,11.6367,11.5585,120.797,138.527,0.955191,-49.6916 
