cyc,delay from wiggle start,start of charge column,wait between wiggle 1st period and pulse,freq,cyc,ROIsum,fBg,fA1,fWidth1,fCtr1,fA2,fWidth2,fCtr2,box1,box2,box3,box4,box5,box6,box7,box8,box9,Nfit,BZ-2,BZ-1,BZ0,BZ1,BZ2,Excited,c5,c7,c9,fraction95,fraction75,fraction97,sum95
34,145,0.83,0.11,44.74,34,24128.2,-8.56293e-05,51.2121,12.4032,116.379,-0.0310456,-20.9595,500,-2.14072,-8.13865,-22.5525,-13.4962,-8.13246,-1317.93,404.554,94.4076,28666.8,20698.9,6.1579,0.159975,-5.95529,-5.19762,0.166165,-0.275533,2253.07,162.871,30515.3,0.0687576,0.887701,0.00973626,32768.4 
35,145,0.83,0.11,44.85,35,24293.7,-0.0226406,51.1453,12.3662,116.331,0.0414462,26.0561,4.95333e-06,-4.3796,-2.07314,-7.11952,-8.50731,-4.812,-1126.57,4884.31,134.487,24366.2,20624.2,2.71408,5.02054,7.06785,-1.41362,2.28169,0.548972,6464.43,193.01,25946.3,0.199453,0.950344,0.0135179,32410.8 
36,145,0.83,0.11,44.76,36,24515.6,-0.000445499,50.7247,12.4814,116.414,-0.0409318,-7.72029,500,-0.75576,-10.2584,-15.6725,1.06423,-6.8673,-1083.32,1444.73,108.814,27435.9,20620.3,6.06559,-3.43709,-2.02981,7.88558,-0.0459491,1.24055,2964.19,165.09,28955.4,0.0928643,0.91119,0.0103937,31919.5 
37,145,0.83,0.11,44.88,37,24371.4,-1.13626,51.8054,12.7051,116.405,-0.0312833,475.121,194.96,-2.11379,-12.0923,-13.5975,-5.87535,1.5663,-1261.92,1939.08,119.27,27243.5,21910.3,5.83218,-4.14635,2.29445,2.07063,9.51227,0.852572,3709.04,184.825,29013.4,0.113349,0.919791,0.0115987,32722.5 
38,145,0.83,0.11,44.9,38,23293.2,0.00377375,47.5903,12.6983,116.44,0.160055,-112.094,500,-0.559962,-9.1123,-12.7523,-1.34816,-6.45147,-1214.77,686.581,106.736,27322.7,20256.5,7.08915,-1.46319,2.54597,6.30095,1.19764,0.837531,2390.42,169.841,29026.5,0.076087,0.889412,0.0106636,31416.9 
39,145,0.83,0.11,44.75,39,22628.8,-0.131302,47.2287,12.5651,116.457,0.0108646,-34.1976,500,-19.3534,-6.86615,-19.2452,-3.60225,-4.37178,-1109.04,913.582,105.766,26207.1,19330.3,-12.3701,0.117178,-5.27854,3.38108,2.61154,0.542541,2469.12,163.379,27762.7,0.0816729,0.896222,0.0107242,30231.8 
40,145,0.83,0.11,44.8,40,26233.7,-0.0657998,54.7004,12.2876,116.491,0.0605486,-57.6814,500,-5.48274,-10.6399,-18.1598,0.228547,-0.885296,-1015.35,5481.94,137.21,25176,21994,0.910667,-4.24646,-5.37304,6.62195,5.50811,2.5705,6906.07,189.956,26600.1,0.206113,0.954076,0.012984,33506.2 
41,145,0.83,0.11,44.81,41,23842.4,-0.045149,49.4075,12.4078,116.727,-0.00853266,-22.9552,500,-12.2458,-9.2157,-7.87117,-13.5817,-10.9269,-1063.32,5714.26,134.752,22795.1,19962.8,-5.55038,-2.52023,5.51976,-6.88625,-4.23147,1.40383,7205.68,189.99,24286.6,0.228808,0.955893,0.0142058,31492.2 
42,145,0.83,0.11,44.89,42,22332.9,-0.0146373,46.9208,12.4171,116.318,-0.0134718,2.25077,1.35099e-11,2.62596,1.31188,-15.5804,-14.7769,0.454495,-1161.16,1237.03,108.261,25675.8,18967.2,9.93745,8.62338,-0.957392,-7.46539,7.76599,1.05347,2865.66,168.581,27304.4,0.0949836,0.90666,0.0112455,30170.1 
43,145,0.83,0.11,44.82,43,27253.1,-1.21713,57.3239,12.8172,116.401,-6.06539,5201.89,144.414,-8.49916,-14.456,-10.9055,-6.47332,-5.98712,-1106.34,6145.96,152.258,26161.7,1.05102e+06,-1.53286,-7.48971,3.02711,0.492982,0.979179,1.66923,7697.7,209.73,27713.5,0.21738,0.95449,0.013749,35411.2 
44,145,0.83,0.11,44.83,44,25761,-0.0824337,52.9635,12.4107,116.821,-0.0505775,177.533,500,-13.8513,-2.98874,-21.4745,-5.60981,-7.69307,-999.91,5887.02,143.55,24248.8,21690.1,-7.55515,3.30742,-8.88218,0.686359,-1.39691,0.358245,7289.49,195.493,25651.3,0.221291,0.955172,0.0138447,32940.7 
45,145,0.83,0.11,44.87,45,22958.2,-0.0637477,48.1196,12.4229,116.454,-0.226305,169.555,499.982,-17.285,-14.1058,-23.1869,-11.8613,5.41331,-1020.99,2659.25,121.443,24788.3,20708.9,-10.8561,-7.67694,-10.3291,-5.43236,11.8422,0.539952,4091.29,174.482,26220.4,0.134974,0.930551,0.0121097,30311.7 
46,145,0.83,0.11,44.79,46,22765.6,-0.0767278,47.165,12.4892,116.523,0.0471185,-149.851,4.78176e-11,-19.9413,-13.5042,-17.5508,-4.68208,1.87775,-997.534,4112.32,139.228,22905.2,19405.5,-13.6601,-7.22296,-4.9884,1.59913,8.15896,0.690419,5511.46,191.048,24304.4,0.18485,0.942808,0.0142734,29815.8 
47,145,0.83,0.11,44.77,47,24536,-0.820062,50.2157,12.9205,116.481,0.0193342,267.924,1.73839e-09,-10.1866,-4.24682,-18.8449,-10.7902,-2.87089,-1073.03,2292.6,103.714,26627.5,21289.6,-3.42997,2.50979,-5.33166,-4.03358,3.88571,0.166891,3797.64,159.456,28132.6,0.118936,0.93155,0.0103332,31930.2 
48,145,0.83,0.11,44.86,48,23657,-0.323637,49.2921,12.6417,116.399,0.176651,138.037,0.00282829,-3.96752,-11.6186,-5.15453,-2.6113,-4.70191,-1128.38,3715.16,139.108,24798.6,21078.9,3.1376,-4.51348,9.05573,4.49382,2.40322,0.378761,5297.83,197.726,26381.2,0.167234,0.938691,0.0136184,31679.1 
49,145,0.83,0.11,44.84,49,25924.8,-1.06814,53.2667,12.8288,115.916,2.69194,-1554.25,499.595,-7.48196,4.601,1.92202,-1.95559,-3.32609,-900.432,5347.82,148.558,25265,158446,-1.81218,10.2708,13.2616,3.71419,2.34369,0.522588,6610.77,195.334,26527.9,0.199488,0.950834,0.0133825,33138.7 
50,145,0.83,0.11,44.78,50,25466.6,-0.719972,51.2333,12.9566,116.311,1.27127,-1900.66,1.48547e-07,-8.25991,1.69553,-22.7087,-5.73351,4.63212,-965.196,2999.21,125.548,26484.8,100266,-2.18233,7.77311,-10.5536,0.344067,10.7097,2.73265,4352.99,175.688,27838.6,0.135221,0.934029,0.0114918,32191.6 
