cyc,VVA,cyc,ROIsum,fBg,fA1,fWidth1,fCtr1,fA2,fWidth2,fCtr2,box1,box2,box3,box4,box5,box6,box7,box8,box9,Nfit,BZ-2,BZ-1,BZ0,BZ1,BZ2,Excited,c5,c7,c9,fraction95,fraction75,fraction97,sum95
0,2.4,0,15634.2,-1.37143,41.578,11.9084,93.0979,-3.61798,4541.56,169.101,5.05316,9.41805,11.3761,-1.32616,-0.24653,-940.382,5972.64,-10.7008,15284.9,551010,10.9745,15.3394,23.2187,4.59517,5.6748,0.611744,7291.61,87.0013,16603.9,0.348767,0.979547,0.00955999,20906.8 
1,6,1,9990.1,-0.428503,42.4503,11.488,93.8402,-0.129103,-593.398,500,13.0338,12.4783,16.7069,2.93075,4.84064,-1888.04,20212.2,-58.4408,1350.87,18369.1,24.9223,24.3667,40.4838,14.8192,16.7291,0.666309,22860.3,137.719,3999.03,0.87455,0.989567,0.0596542,26139.5 
2,8,2,15441.2,-0.042792,41.464,11.333,93.1919,-0.0255299,58.2423,1.67993e-10,6.37818,10.2113,17.6481,2.56282,3.55617,-1151.79,7270.19,-14.4823,14195.4,15345.6,13.6307,17.4638,32.1531,9.81531,10.8087,0.616639,8885.69,105.184,15810.9,0.406656,0.979705,0.0121065,21850.6 
3,2.8,3,13774.1,-0.767152,42.9396,11.5815,93.2114,0.10089,-493.957,500,6.81957,5.57926,15.1478,6.94534,5.36765,-1389.47,10198.4,-19.5686,11702.2,17811.2,15.5687,14.3284,32.646,15.6945,14.1168,0.646513,12147.3,124.792,13651,0.520424,0.982339,0.0165609,23341.1 
4,7,4,12559.7,-0.0288164,43.2342,11.2327,93.3506,-0.0441789,-48.2726,500,7.48462,12.5602,16.2318,6.03663,5.11058,-1662.47,15137.9,7.51856,7061.07,15878.6,17.9528,23.0283,37.168,16.5048,15.5787,0.662822,17469.6,180.243,9392.85,0.694017,0.982265,0.034142,25171.8 
5,3.5,5,9433.69,-0.111628,39.2531,11.0531,93.4205,-1.02344,804.083,3.53277e-06,7.27645,10.7098,23.3877,5.92504,7.81954,-1699.45,15647.6,-34.6326,4013.12,40912.8,17.9774,21.4108,44.7897,16.626,18.5205,0.624639,18031.3,141.934,6396.77,0.774652,0.986412,0.0392683,23276.6 
6,2.6,6,14664.8,-0.262041,41.0471,11.2208,92.9743,0.492119,16.3803,499.996,3.5344,6.31689,9.8182,6.12898,3.55654,-1075.34,7408.87,-10.5452,13447.5,15255.9,10.3055,13.088,23.3604,12.9001,10.3277,0.666192,8917.13,101.178,14955.8,0.421,0.98053,0.0123088,21180.9 
7,2.2,7,18034.1,-0.0222214,42.0626,11.4865,93.1297,0.00706925,-14.0666,500,-1.55537,4.70671,6.04084,2.52198,2.89712,-777.304,3965.3,6.68757,18226.7,15731.5,3.3391,9.60119,15.8298,7.41646,7.7916,0.640053,5055.54,87.4465,19317,0.241944,0.970619,0.0082701,20895.5 
8,1.8,8,20951.2,-0.0230228,43.3137,11.8193,92.7901,-0.0247294,33.9388,500,3.85504,4.13984,-5.20969,1.6982,5.24146,-499.994,1196.19,-18.0742,22295.1,16692.6,7.00337,7.28817,1.08698,4.84653,8.38979,0.962013,1897.48,33.8732,22996.4,0.091425,0.969706,0.00270604,20754.5 
9,9,9,18824.8,-0.0649058,41.4685,11.6166,92.8109,0.00848473,-114.502,499.949,1.50301,4.94635,9.58729,-0.984436,3.35855,-554.333,2075.24,-16.0693,20075.6,15713.3,4.9935,8.43684,16.5683,2.50605,6.84904,0.578991,2852.75,41.5237,20853.1,0.142979,0.97516,0.00365469,19952.3 
10,2.1,10,17424.7,-0.02678,40.2876,11.4415,93.0086,0.0250366,-1.72738,500,3.10399,6.78372,-0.49605,0.76891,3.93473,-612.117,2625.9,-1.08947,18718.1,15006.9,6.95833,10.6381,7.21263,4.62325,7.78907,0.806223,3484.46,62.5071,19576.7,0.178349,0.969563,0.00584734,19537.3 
11,3,11,11796.3,-0.00303195,39.6068,11.1358,93.2399,-0.0101451,10.7698,500,5.95499,6.34886,13.0779,5.14171,3.50809,-1346.43,11349,-37.3913,9003.34,14361.3,14.4331,14.827,30.0341,13.6198,11.9862,0.646242,13237.5,102.498,10891.8,0.597123,0.986631,0.0170397,22168.8 
12,10,12,22548.1,-0.328151,44.1287,12.163,92.4737,-0.0963202,281.117,3.76427e-06,-2.4427,1.61984,-4.3384,1.23632,0.154265,-375.651,135.976,-4.29945,24049.2,18354,-0.0773283,3.98521,0.392355,3.60169,2.51964,0.962352,662.864,34.7292,24576.1,0.0318451,0.916013,0.00259638,20815.2 
13,5,13,9766.91,-0.451992,41.3631,11.7857,93.9694,-0.996906,919.551,0.415195,9.41509,17.1711,21.7914,5.38026,5.52059,-1873.81,21942.5,7.16277,-464.985,45711.4,21.214,28.97,45.3892,17.1791,17.3195,0.651045,24570.7,201.844,2163.22,0.932668,0.985828,0.146672,26344.5 
14,0,14,23728.8,-0.180584,45.1144,-12.2941,92.6126,-0.136175,493.102,500,-5.13143,-4.45111,-8.32609,-1.80438,-1.4403,-278.389,-79.9632,26.9531,25353.8,20241.2,-3.37849,-2.69816,-4.82021,-0.0514365,0.312643,0.546788,310.505,55.8767,25744.3,0.0144955,0.760502,0.00398228,21420.8 
15,2,15,19934.5,-0.855305,43.5902,12.1587,92.6542,0.0522771,189.691,218.018,-0.773333,2.50136,10.8447,2.09445,-0.334299,-636.235,2406.41,-22.117,20964.8,17576.1,3.23287,6.50756,18.8571,6.10065,3.6719,0.508547,3298.79,43.9853,21857.2,0.155444,0.977198,0.00369336,21221.7 
16,4,16,8451.17,-2.51067,38.8323,12.0592,93.5291,2.23324,-7427.23,336.397,8.36453,12.8366,21.3148,7.68835,2.55478,-1624,17028.3,-51.8903,1613.65,555200,18.5904,23.0625,41.7666,17.9142,12.7807,0.633993,19306.2,116.837,3891.47,0.85816,0.98952,0.0524085,22497.2 
17,1.4,17,22435.4,-0.382906,43.4538,12.2142,92.5308,0.86888,323.789,415.414,-3.02599,-2.09207,4.03003,1.68906,0.0357456,-303.021,156.186,18.1588,23647,26436.1,-1.11794,-0.184029,7.84612,3.59711,1.94379,0.350758,581.203,49.6416,24072,0.0286021,0.869966,0.00378443,20320.3 
18,1.6,18,22590.2,-0.432833,44.8681,12.1538,92.6756,0.363944,1.80207,500,-2.60196,5.80122,-2.77584,2.72153,-1.51273,-382.278,393.522,19.6851,24167.7,17773.3,-0.194856,8.20832,2.03837,5.12864,0.894373,0.873195,929.705,59.4023,24703.9,0.0438812,0.899431,0.00440995,21186.9 
19,2.4,19,15768.1,-1.27689,41.4741,11.7498,93.0698,-0.417348,1754.26,460.152,7.34842,8.50678,10.1381,1.64462,-2.10048,-877.69,5108.9,-3.47392,16050.1,39697,12.875,14.0334,21.1912,7.1712,3.4261,0.638972,6339.95,87.7146,17281.1,0.309108,0.976361,0.00926344,20510.5 
20,6,20,9386.75,-0.126909,40.2142,11.2165,93.4847,0.312117,-309.463,2.31838e-05,12.2631,13.646,24.5359,11.3288,1.92544,-1741.14,19009.1,-41.6376,1341.87,17827.8,23.2266,24.6094,46.4629,22.2923,12.8889,0.641158,21451.2,139.26,3783.99,0.873631,0.988767,0.0634897,24554.1 
21,8,21,14325.4,-0.125017,39.3945,11.2785,93.0211,-0.0370864,211.727,500,4.41607,4.09674,10.4312,0.25216,-0.314911,-997.778,6648.55,0.610665,13845.3,14719.4,10.6988,10.3795,22.9967,6.5349,5.96783,0.593538,8048.03,104.276,15244.7,0.391656,0.977828,0.0124434,20548.7 
22,2.8,22,11388.7,-0.221714,37.2744,11.0855,93.0294,-0.00992994,-91.5697,479.759,7.90152,12.9711,13.0818,7.17888,0.244642,-1180.73,8653.81,-29.5003,10110,13480.8,15.3363,20.4058,27.9513,14.6136,7.67939,0.674933,10309.9,93.1731,11766.1,0.516577,0.984431,0.0143774,19958.1 
23,7,23,11570.8,-2.24293,42.5894,11.8736,93.2239,-0.73015,-1740.55,498.468,13.2445,9.01994,13.0468,4.09852,-0.754333,-1503.72,14063.3,-20.6191,6578.37,57832.5,22.7131,18.4885,31.9839,13.5671,8.71421,0.664973,16172.4,135.612,8687.49,0.69421,0.985538,0.0279515,23296.2 
24,3.5,24,10036.4,-2.30809,40.3635,11.8857,93.168,-1.06087,1528.08,438.437,13.3614,11.3464,19.5272,7.72365,1.50668,-1550.59,14916.4,-40.6952,4444.37,68389.5,23.125,21.11,39.0544,17.4873,11.2703,0.651446,17091.3,120.405,6619.22,0.75897,0.987822,0.0324218,22519 
25,2.6,25,15553.9,-0.176073,42.1639,11.2464,93.1923,0.090363,910.519,3.74168e-06,6.95547,8.36305,16.285,4.09127,3.36537,-1013.73,7355.02,-14.076,14367.6,18114.9,13.3386,14.7462,29.0513,10.4744,9.74855,0.624462,8776.87,91.2464,15789.5,0.404013,0.982132,0.0105333,21724.3 
26,2.2,26,19211,0.0601227,44.1533,11.4566,92.8025,-0.0223953,-75.3484,500,2.26758,6.9524,5.41649,2.5282,2.78599,-712.65,3853.75,-5.12268,19622.8,16522,6.75495,11.4398,14.3912,7.01557,7.27335,0.692986,4853.31,68.9189,20622.4,0.223001,0.975752,0.00611856,21763.6 
27,1.8,27,20891.6,-0.0573772,43.0667,11.7781,92.7216,0.018282,23.5225,9.24582e-12,-2.89937,4.80688,0.693662,0.356039,2.89007,-405.172,1090.55,9.2711,22184.7,16526.4,-0.348116,7.35814,5.79618,2.9073,5.44133,0.726012,1658.84,51.3668,22753,0.0816509,0.948596,0.00414149,20316.3 
28,9,28,18894.3,-0.721314,41.4184,11.8839,92.6398,0.646749,1162.28,425.759,0.548541,4.89745,-1.39562,-2.06033,2.06377,-568.327,1964.75,-4.46083,19968.2,40493.6,4.12714,8.47605,5.76158,1.51827,5.64237,0.774281,2761.89,54.5861,20765.3,0.139564,0.966569,0.00481903,19789.4 
29,2.1,29,18817.3,-0.0520442,42.3421,11.5957,92.7126,-0.0207279,52.8224,499.998,-0.254154,2.81537,0.215941,1.35362,0.533768,-610.795,2945.31,-7.75017,19558.2,16018.8,3.59186,6.66138,7.90796,5.19963,4.37978,0.714932,3802,55.709,20414.9,0.185082,0.974999,0.00500166,20542.2 
30,3,30,11359.3,-0.203855,38.5186,11.0645,93.0646,-0.148397,-102.511,1.24272e-09,5.73414,5.41267,17.9278,8.65474,2.28385,-1305.98,10842.5,-40.7768,8570.17,14369,13.9575,13.6361,34.3745,16.8781,10.5072,0.615297,12674.2,94.9092,10401.9,0.597734,0.987065,0.0165299,21203.8 
31,10,31,23519.9,-0.405805,45.3969,12.2602,92.5062,1.10431,144.002,498.296,-2.34096,-1.02559,2.30074,-0.848397,-0.488368,-334.126,90.2979,20.2475,25053.1,23295.1,-0.237062,1.07832,6.50854,1.2555,1.61553,0.363208,558.942,54.9619,25521.7,0.0260133,0.853183,0.00395136,21486.7 
32,5,32,8484.5,-0.119696,37.6628,11.2246,93.8048,0.055491,4222.51,3.40604e-09,8.74742,14.8108,23.8998,7.05511,5.94662,-1717.61,19506.1,-35.1114,-518.07,21389.6,19.5627,25.6261,45.5304,17.8704,16.7619,0.636779,21915.2,143.341,1891.04,0.933919,0.988683,0.122524,23465.8 
33,0,33,23575.1,-0.00329467,45.0712,-12.2045,92.4596,-0.00494209,1.58569,3.55021e-12,3.46174,-0.569024,-1.42031,0.554414,-3.83165,-363.443,3.76528,27.5567,25228.2,17906.8,5.75024,1.71948,3.15669,2.84292,-1.54314,0.735314,513.529,65.317,25738,0.023754,0.817938,0.00465309,21618.6 
34,2,34,19611.1,-0.021215,43.099,11.6211,92.702,-0.00617304,-45.0872,499.91,0.0203239,8.99841,8.81611,-0.705028,0.61074,-609.863,2316.71,1.90785,20666.6,16313.7,3.86047,12.8386,16.4964,3.13512,4.45088,0.595492,3172.11,65.2702,21522,0.152358,0.965243,0.00555555,20820.2 
35,4,35,8847.7,-2.39918,38.6275,12.0188,93.5468,6.65093,4840.11,474.314,10.0358,8.10998,13.594,9.66062,5.22076,-1556.88,17026.2,-22.4304,1469.68,1.06304e+06,19.839,17.9132,33.2005,19.4639,15.024,0.685126,19209.9,139.323,3653.35,0.865091,0.987467,0.0656388,22205.6 
36,1.4,36,23155.4,-0.153879,44.5766,12.2174,92.4544,-0.121002,316.58,43.9936,0.912454,-3.37148,-6.59352,-0.0756884,-0.0864868,-343.558,41.8427,12.0628,24638.1,18975.9,3.07574,-1.20818,-2.26694,2.0876,2.0768,1.6021,523.716,47.7571,25120,0.0247947,0.862381,0.00348992,21122.1 
37,1.6,37,22968.5,-0.426356,44.8996,12.3601,92.5733,-0.408086,830.089,2.50546,0.976278,5.58149,-3.70677,1.32969,-0.195611,-412.776,471.942,9.65396,24486.5,29093.3,3.57542,8.18063,1.49151,3.92883,2.40353,0.923824,1050.9,52.5398,25065.5,0.0486425,0.919548,0.00384639,21604.6 
38,2.4,38,16621,-0.526557,41.9026,11.4319,93.0122,0.348571,-947.182,9.03063e-14,5.1853,9.89338,12.1164,7.16292,1.61047,-834.828,5308.99,6.50479,16236.7,26341.7,10.442,15.1501,22.6297,12.4196,6.86716,0.664787,6479.92,93.2402,17407.7,0.312222,0.975438,0.00977041,20754.2 
39,6,39,8921.19,-0.0341843,37.5345,11.112,93.6261,0.062573,15.0787,500,6.98108,10.9469,20.1519,8.49307,5.14023,-1644.76,17826.3,-11.4014,1095.83,13608.2,17.3377,21.3036,40.8652,18.8497,15.4969,0.641071,20133.2,159.483,3402.77,0.878279,0.986327,0.0794752,22923.5 
40,8,40,11588,-0.245844,34.2871,10.9113,93.016,0.0143182,307.431,9.50801e-05,1.54723,7.69438,9.69296,2.79725,-0.37831,-898.724,5527.82,-10.8911,11492.2,12322.1,7.20626,13.3534,21.011,8.45628,5.28072,0.620107,6788.37,82.4829,12752.8,0.393628,0.979179,0.0117742,17245.6 
41,2.8,41,14224.4,-1.58667,41.5739,11.7599,93.1389,1.0627,1104.14,412.988,4.35592,8.60903,8.20778,6.95111,4.5036,-1157.95,9161.09,8.26855,11613.3,54112.6,11.6472,15.9003,22.7904,14.2424,11.7949,0.7016,10785.2,128.575,13237.4,0.498395,0.979564,0.0175779,21639.9 
42,7,42,10749.9,-0.358091,39.7515,11.4937,93.2478,0.067513,186.651,464.975,4.28038,9.8768,16.5029,2.82735,5.14609,-1399.6,13187.9,-21.9504,6244.32,15283.6,13.0933,18.6897,34.1287,11.6403,13.959,0.627054,15151,123.463,8207.4,0.692425,0.98594,0.0269634,21881 
43,3.5,43,9098.12,-0.19521,36.5148,10.8893,93.3933,1.95771,1253.67,1.12387e-10,9.6789,11.8584,16.278,5.44963,0.712771,-1433.27,13990.9,-28.392,4126.99,92840.3,18.7038,20.8832,34.3278,14.4745,9.73767,0.65017,16001.2,120.519,6137.29,0.760738,0.986991,0.0349108,21033.8 
44,2.6,44,16292.4,-0.816758,43.973,11.7147,92.94,2.79351,-4441.95,2.13355e-10,4.15408,7.05732,9.92925,1.24017,5.13998,-1135.23,7778.24,-9.72087,14974.3,420711,11.3023,14.2055,24.2257,8.3884,12.2882,0.655935,9370.51,108.225,16566.6,0.408211,0.980189,0.0118909,22955.1 
45,2.2,45,18436.3,-0.0130123,42.6555,11.604,92.5972,0.00884094,-5.06684,6.38079e-11,4.16133,5.26992,5.95773,6.40791,3.28377,-754.986,4101.84,1.16639,18524.9,16114.5,8.91528,10.0239,15.4656,11.1619,8.03771,0.711486,5160.79,79.6065,19583.8,0.243209,0.973715,0.00743235,21219.5 
46,1.8,46,19244,-0.569218,40.1434,12.0209,92.497,2.35461,1271.91,208.342,-2.31231,-1.43526,2.50644,-0.679854,-0.467907,-503.969,1163.11,1.65059,20292.6,113201,0.86105,1.7381,8.85316,2.49351,2.70545,0.468319,1869.98,54.011,20999.5,0.0979583,0.951886,0.00471558,19089.5 
47,9,47,20005.6,-0.0405699,42.6058,11.6767,92.8627,-0.0208178,163.181,500,5.30108,8.54847,5.60186,2.52111,1.09363,-578.099,1987.69,-3.06315,20891.8,16305.8,8.94122,12.1886,12.8821,6.16125,4.73377,0.713137,2798.53,56.9991,21702.6,0.135886,0.965584,0.00481475,20594.7 
48,2.1,48,20006,0.00215303,43.4793,11.6795,92.716,-0.0369195,54.416,500,-0.478017,0.793353,3.60435,2.07364,3.5966,-651.852,2738,21.7671,20599.8,16596.6,3.62652,4.89789,11.8134,6.17818,7.70114,0.654751,3652.29,89.492,21514.1,0.171519,0.958883,0.00760433,21293.8 
49,3,49,11938.5,0.0486895,38.735,10.8501,93.0166,-0.09978,-14.2637,500,4.17883,9.92309,16.6178,3.55263,-1.87799,-1271.4,10489.6,-17.773,8833.09,13727.8,12.1845,17.9288,32.6292,11.5583,6.12769,0.594308,12272.9,114.321,10616.4,0.585027,0.98396,0.0194506,20978.3 
50,10,50,23938.9,-0.156666,45.8306,-12.2399,92.276,0.00877785,48.9613,500,-0.981031,-3.76619,-2.77327,1.78377,-0.642519,-353.23,222.219,6.86366,25159,18275.2,1.24316,-1.542,1.67512,4.00796,1.58167,0.759527,717.658,43.5628,25654.5,0.0329892,0.903973,0.00311825,21754.3 
51,5,51,8141.83,-0.153335,39.6054,11.1857,93.8056,0.144773,205.238,6.30799e-11,11.2092,14.1618,19.8761,0.897471,4.26641,-1822.46,20288.4,-81.5718,-426.933,15388.8,22.6848,25.6373,42.8271,12.373,15.7419,0.640905,22844.6,107.774,2129.24,0.928998,0.991812,0.0852883,24590.6 
52,0,52,22762,-0.362778,44.2106,12.1139,92.4814,0.225687,109.598,408,2.35879,1.13047,0.136298,-1.16249,-2.54015,-319.815,-129.969,-8.19194,24332.3,18239.6,4.37258,3.14425,4.16388,0.851296,-0.526358,0.653174,318.602,25.0356,24780.8,0.015437,0.87911,0.00185759,20638.9 
53,2,53,19625.3,-0.146858,41.9106,11.8348,92.5418,-0.0619322,43.5197,7.76709e-08,2.38801,2.31317,11.2254,-0.0797444,3.65672,-571.637,2276.48,-3.05944,20242.4,16234.3,5.98746,5.91261,18.4243,3.5197,7.25616,0.551722,3078.25,56.3314,21044.2,0.151381,0.968969,0.00490678,20334.5 
54,4,54,8452.39,-0.00910977,35.9334,10.916,93.5325,0.0571987,-44.677,500,6.70708,16.1473,17.2965,6.93654,2.96922,-1548.44,16518.4,-7.12625,1300.49,12852.2,16.4572,25.8974,36.7968,16.6867,12.7193,0.661039,18690.2,153.751,3472.33,0.867798,0.985808,0.075415,21537.5 
55,1.4,55,22734.9,-0.424373,43.9077,12.3432,92.4005,0.498239,-16.421,371.856,-3.96221,0.338141,-2.47214,-5.75137,-5.50645,-308.743,94.5191,3.66986,24282.5,17909,-2.01814,2.28221,1.416,-3.8073,-3.56238,1.24887,527.561,35.747,24715.6,0.0253704,0.893992,0.00265722,20794.3 
56,1.6,56,24294.6,-0.133238,46.4861,12.1522,92.6042,0.252171,53.4978,37.5884,0.685012,-1.0373,4.00214,-0.540754,0.133397,-397.17,411.566,24.6945,25530.8,18828.8,3.18588,1.46357,9.00388,1.96012,2.63427,0.506575,968.635,65.9589,26087.9,0.0433186,0.893523,0.00463586,22360.7 
57,2.4,57,17712.9,-0.0898102,43.5379,11.5122,92.8731,-0.0337384,227.358,1.21855e-12,5.31114,7.86056,13.0767,4.57118,0.725522,-919.276,5875.73,12.0454,16984.2,16565.9,11.0996,13.649,24.6536,10.3596,6.51396,0.628015,7165.11,107.555,18273.6,0.323489,0.974403,0.0107259,22149.5 
58,6,58,10682.4,-2.55785,42.6014,12.2555,93.5242,0.270914,-535.564,7.16691,5.23711,11.2125,27.3797,10.5304,4.64372,-1668.07,19450.5,42.8174,1384.43,21719.4,15.7405,21.7159,48.3865,21.0338,15.1471,0.603467,21790.2,216.124,3724.06,0.877083,0.982939,0.0965805,24843.9 
59,8,59,14935.4,-0.0585111,40.832,11.2883,92.7832,-0.0302755,-25.0921,500,4.75309,7.53347,4.99075,1.63946,-2.97318,-1088.9,7520.03,-21.5514,13561.9,15029.3,11.6096,14.39,18.7038,8.49596,3.88332,0.672339,9047.32,91.5809,15089.2,0.422368,0.982594,0.0110567,21420.4 
60,2.8,60,11749.5,-1.51627,37.5534,11.3763,92.9918,0.177184,-830.812,352.741,7.59046,7.59303,14.0864,9.71332,4.00927,-1070.57,8124.81,-15.4697,9952.73,18699.4,14.3315,14.3341,27.5686,16.4544,10.7504,0.669596,9626.39,95.7582,11454.3,0.506148,0.98289,0.0151665,19018.9 
61,7,61,10130.9,-0.174502,36.8756,10.974,93.2922,0.15825,-108.042,500,11.3214,4.07781,19.462,9.97755,2.83591,-1342.83,12446.7,9.73239,5906.83,13730,19.7768,12.5333,36.3729,18.433,11.2914,0.630384,14330.2,149.247,7790.29,0.691671,0.9821,0.0340883,20718.2 
62,3.5,62,10947,-0.113836,40.1663,11.133,93.279,0.0112609,31.0323,499.999,7.44936,6.41575,20.5696,6.47044,2.0387,-1549.57,15807,1.80325,4525.68,14568.3,17.2066,16.173,40.0841,16.2277,11.7959,0.605034,17980.4,162.798,6699.1,0.765982,0.984402,0.0428477,23473.7 
63,2.6,63,14064.1,-0.193609,39.1333,11.135,92.8705,1.26573,-623.823,0.0218303,4.85978,7.05236,12.9724,5.22377,3.74899,-979.151,6821.51,-16.1264,12999,39889,11.0252,13.2178,25.3033,11.3892,9.91444,0.642861,8194.86,85.6036,14372.3,0.410149,0.982048,0.0108527,19980.2 
64,2.2,64,18336.8,-0.0103017,41.9247,11.4306,92.603,-0.11819,75.5639,8.14642e-08,2.38997,3.94759,9.55841,2.14515,5.14244,-677.902,3747.38,-1.37092,18275.6,15891.1,6.65854,8.21616,18.0956,6.41372,9.41101,0.629151,4698.2,69.0605,19226.5,0.229585,0.974921,0.00657326,20463.9 
65,1.8,65,19680.7,-0.527264,41.2148,11.8231,92.545,2.89222,-1494.17,363.419,1.03909,0.783229,6.75551,5.91343,0.0648492,-491.946,938.862,-2.76147,20961.7,156541,4.13674,3.88088,12.9508,9.01108,3.1625,0.609233,1628.86,48.3498,21651.7,0.0840346,0.95062,0.0040967,19383.3 
66,9,66,22786.5,-0.693918,46.9545,12.3463,92.6357,-0.742789,1774.21,500,1.06064,1.53837,6.20538,0.305125,0.0954521,-620.446,2181.42,8.21765,23608.7,61772.4,4.96742,5.44515,14.019,4.21191,4.00224,0.570572,3051.65,72.6796,24478.9,0.131967,0.959989,0.00543958,23124.4 
67,2.1,67,20272,-0.730028,44.6985,12.0178,92.816,-0.473714,920.189,4.52957e-07,-0.604492,2.73276,4.56496,-1.709,-1.62822,-667.341,2988.19,-0.0121867,20823.6,31677.1,3.59758,6.93483,12.9691,2.49307,2.57385,0.546034,3924.21,69.3219,21759.6,0.180281,0.970013,0.00583435,21767.1 
68,3,68,13712,-1.82472,42.3651,11.9148,93.0514,3.58808,-1491.42,252.654,2.18916,5.55214,18.6773,10.1616,4.47401,-1273.47,11698.9,57.7488,9447.35,190636,10.2079,13.5709,34.7147,18.1803,12.4927,0.610675,13485.1,190.058,11233.5,0.594146,0.975929,0.0302242,22696.5 
69,10,69,22769.6,-0.242332,44.4308,12.1504,92.5877,0.0864939,120.765,500,1.2921,-2.2143,-2.62496,2.34414,-2.12169,-328.02,136.039,1.29455,24408.6,17914,3.35755,-0.148842,1.50595,4.4096,-0.0562336,0.833927,596.119,35.3746,24868.6,0.0284023,0.905922,0.00261347,20988.4 
70,5,70,8635.08,-0.126604,37.2532,11.0979,93.7685,0.188804,53.4198,2.7622e-08,6.44535,14.7219,19.8548,6.61592,7.6484,-1653.95,19060.2,-11.6224,-523.748,13786.9,16.8598,25.1364,40.6837,17.0304,18.0629,0.654558,21380,160.216,1796.07,0.935554,0.987056,0.141131,22852.8 
71,0,71,22746.9,-0.444847,44.4305,12.2561,92.4737,0.528525,11.331,482.358,-3.98153,0.296948,0.228387,0.393393,0.598061,-362.538,51.8891,16.2313,24346.3,17921.7,-1.69872,2.57975,4.794,2.6762,2.88087,0.573188,560.384,53.8976,24854.8,0.0267597,0.855934,0.00397871,20941.3 
72,2,72,20491.9,-0.00597944,43.6411,11.6078,92.7095,-0.0102306,12.8435,499.999,2.54799,4.24351,14.3995,3.02654,5.60096,-666.51,2422.1,-6.35074,20862.9,16495,6.74483,8.44035,22.7932,7.22338,9.7978,0.585575,3356.95,62.897,21797.8,0.158114,0.968252,0.00528725,21231.1 
73,4,73,7963.46,-0.315129,34.6823,10.9958,93.596,0.105611,231.66,500,8.47821,14.8078,24.4509,7.09397,11.3427,-1464.36,15828.9,-20.5995,1107.49,13211,17.6989,24.0285,42.8922,16.3146,20.5634,0.64697,17882.8,131.541,3161.39,0.873391,0.987291,0.071191,20475.2 
74,1.4,74,21730.4,-0.0234842,42.9894,11.8487,92.4905,-0.036254,49.9217,1.84285e-11,2.65783,3.92302,-4.64332,1.32055,4.92801,-347.417,18.6294,7.03446,23279.7,16640.6,4.84543,6.11061,-0.268129,3.50815,7.1156,1.01258,505.916,43.1298,23767,0.0253024,0.870179,0.00333172,19994.8 
75,1.6,75,18523.8,-0.0190941,38.0496,11.4375,92.5008,-0.0268953,-6.35373,500,4.42759,1.18083,-3.97391,-1.54758,-3.80579,-364.372,242.479,-3.62219,20056.4,14172.5,6.72194,3.47519,0.614802,0.746772,-1.51143,0.938809,753.547,34.2347,20567.5,0.0427693,0.926351,0.00305682,17618.9 
76,2.4,76,12876.6,-0.0443779,33.7696,10.7271,92.7481,0.144311,59.3188,500,7.74719,3.16194,4.83112,4.61934,3.94526,-673.782,3801.79,30.6657,13012.2,12071.1,11.9898,7.40457,13.3164,8.86197,8.18789,0.732391,4746.83,100.669,13957.2,0.293164,0.964215,0.0131123,16191.7 
77,6,77,9502.5,-1.58569,39.7014,11.7952,93.6348,1.50575,1377.93,2.0549e-05,9.09843,12.5907,18.7245,7.7584,2.11036,-1632.78,18381.6,-5.13577,1223.47,82786.2,19.3796,22.8719,39.2869,18.0396,12.3915,0.649129,20671.8,164.504,3513.6,0.877673,0.986265,0.079398,23552.9 
78,8,78,15581,-0.13217,40.5246,11.2845,93.0062,0.197599,206.338,3.24836e-05,8.57058,9.60776,14.5698,4.46939,4.28402,-1009.51,6967.34,27.5309,13934.1,16213.9,14.9272,15.9643,27.283,10.826,10.6406,0.657426,8383.27,132.415,15350,0.399769,0.973102,0.0156421,20970.3 
79,2.8,79,12592,-0.864336,38.9685,11.3133,93.1792,-0.0752517,249.93,1.48282e-05,8.11752,6.73869,10.119,3.96265,2.33869,-1124.34,8739.35,-28.6371,10672.6,14963.8,15.1972,13.8184,24.2784,11.0424,9.41839,0.670823,10316.4,88.178,12249.6,0.506672,0.985262,0.0130868,20361 
80,7,80,11134.5,-0.206995,39.3842,10.9867,93.1603,1.05938,-258.998,9.70937e-05,4.64646,6.01532,15.5488,8.21514,4.37273,-1471.26,13047.5,-16.0347,6581.46,23017.7,13.9106,15.2794,34.077,17.4793,13.6368,0.63895,15111.1,136.823,8645.04,0.680679,0.984402,0.0283287,22200 
81,3.5,81,8360.88,-1.68427,34.641,11.3178,93.3669,9.0094,-10912.7,1.8417e-10,4.99158,9.40638,16.2121,9.77319,5.8587,-1329.42,12560.8,-20.7303,3667.35,3.21329e+06,13.3626,17.7774,32.9541,18.1442,14.2297,0.658393,14425.4,117.392,5532,0.760768,0.985959,0.0376198,18961.7 
82,2.6,82,16659.5,-1.33487,44.0935,11.6399,93.05,1.47201,646.134,252.511,6.83509,6.66013,17.2233,5.30294,5.45376,-989.476,7488.38,17.0429,14658.4,47669.9,13.0656,12.8906,29.6842,11.5334,11.6842,0.623574,8876.21,119.846,16046.3,0.402839,0.976917,0.0135715,22034.2 
83,2.2,83,14278.4,-0.746382,35.0245,11.2718,93.0117,-0.416842,-100.685,461.129,0.932875,3.47044,2.61953,-0.201396,4.55789,-546.071,2668.22,3.10454,14832.6,14217.9,4.37134,6.9089,9.49645,3.23707,7.99635,0.70333,3434.13,59.8392,15598.5,0.211658,0.970409,0.00701711,16224.9 
84,1.8,84,21148,-0.58734,43.5998,12.0636,92.7679,-0.898969,1299.21,0.371532,-0.321615,-0.535112,8.06325,0.494789,2.66614,-456.354,1310.87,10.1439,22024.5,55142.7,2.55193,2.33843,13.8103,3.36833,5.53968,0.499783,1950.96,57.5573,22664.6,0.095002,0.950906,0.00465629,20535.9 
85,9,85,18676.1,-0.0271418,40.6443,11.468,92.4781,0.0121088,12.5313,500,4.98788,1.99322,7.47124,1.51088,1.20671,-574.446,1710.31,1.71455,19739.3,15178.4,8.60501,5.61035,14.7055,5.12801,4.82385,0.621701,2516.02,61.3972,20545,0.12994,0.959045,0.00547486,19362.9 
86,2.1,86,18718.7,-0.842824,42.4375,11.8333,92.6436,0.329695,1303.16,188.189,6.94309,2.8288,9.50412,0.829546,1.42497,-682.711,3038.42,-3.02884,19189.3,30333.9,11.2419,7.12766,18.1018,5.1284,5.72383,0.617489,3995.99,67.9022,20146.8,0.194771,0.971122,0.00617026,20516.4 
87,3,87,11837.4,-0.783072,38.8868,11.2507,93.2177,1.21985,2246.54,5.14033e-05,6.73061,11.0235,13.4168,5.36129,0.938074,-1251.14,10585.3,-24.6151,8765.34,103453,14.6087,18.9016,29.173,13.2394,8.81616,0.65573,12340.2,105.373,10520.2,0.58856,0.985277,0.0181168,20966.7 
88,10,88,21434.6,-0.0765461,42.1177,11.9596,92.5123,0.0394583,-54.7738,2.73854e-05,-0.0983569,1.66925,2.40261,2.05968,2.21148,-310.791,159.749,-6.12594,22762.9,16467.8,1.85861,3.62622,6.31654,4.01665,4.16844,0.683959,595.664,26.164,23198.8,0.030362,0.92862,0.00207325,19618.7 
89,5,89,10792.6,-2.45869,41.9156,12.2452,93.7479,1.53158,-581.96,478.103,6.06518,9.84029,25.7916,7.14341,5.05314,-1664.3,20808,83.0375,-308.943,45723.9,16.5448,20.3199,46.7509,17.623,15.5328,0.599638,23142.3,255.951,2025.39,0.93304,0.981013,0.188831,24803.2 
90,0,90,21528.3,-0.37664,42.2946,12.0663,92.5194,0.043101,-198.791,381.121,-0.39033,-0.667984,-1.34077,-4.44801,-1.29196,-373.613,63.8952,9.06622,23068.2,16892.1,1.96221,1.68456,3.36432,-2.09546,1.06058,0.437048,587.924,47.8832,23592.2,0.0294942,0.875252,0.00372484,19933.5 
91,2,91,15730.2,-0.615749,36.2022,11.367,92.6846,0.386555,-342.773,492.868,3.37416,0.892289,5.85901,2.0511,3.56738,-539.264,1757.43,3.78581,16743.3,17709.4,6.76976,4.28789,12.6502,5.4467,6.96299,0.649749,2513.8,59.8132,17499.6,0.149067,0.960025,0.00625686,16863.5 
92,4,92,7716.93,-0.0136239,33.9589,10.8659,93.4305,-0.0139328,10.73,500,11.0194,12.3864,17.6942,7.11981,7.13808,-1461.28,15722.7,-5.5113,1110.39,12016.9,20.2207,21.5877,36.0967,16.3211,16.3394,0.673526,17772.3,146.31,3159.98,0.872753,0.985798,0.0785883,20363.4 
93,1.4,93,22479.5,-0.41597,43.6982,12.254,92.3895,0.377146,-141.23,10.3226,1.93543,1.32811,-5.38464,-2.43722,-0.840325,-332.066,161.711,-12.0221,23919.6,19165.5,4.02636,3.41904,-1.20277,-0.34629,1.25061,1.16829,627.466,22.4783,24385.4,0.0304248,0.941006,0.00169517,20623.5 
94,1.6,94,22917.6,-0.121511,44.9049,12.0798,92.4471,0.187698,-124.176,499.995,1.07847,1.83732,-7.56627,-1.82254,-0.271807,-382.819,453.53,3.50043,24222.1,18417.1,3.48897,4.24783,-2.74526,0.587971,2.1387,1.35569,990.47,43.2738,24759,0.0465165,0.928973,0.00320929,21292.9 
95,1.2,95,21454.5,-0.0266989,42.2422,11.9649,92.5693,0.00565632,3.32722,0.000221063,-0.885888,-1.51418,-3.98828,1.09007,2.16603,-295.603,73.7773,16.2969,23181.2,16453.8,0.975443,0.347154,-0.265623,2.9514,4.02736,1.03306,488.389,47.0088,23595.8,0.0246202,0.85584,0.00365652,19836.9 
96,1.75,96,22750.2,-0.581076,45.857,12.2132,92.6008,0.502515,-61.1891,5.31344,4.51619,-1.35377,10.0479,1.07635,-2.28252,-415.851,843.809,-0.735512,24277.7,19232.9,7.13469,1.26473,15.2849,3.69485,0.335986,0.4485,1427.08,42.4698,24861,0.0654231,0.950498,0.00313698,21813.1 
97,1.35,97,22949.6,-0.406447,44.5279,12.2869,92.4191,0.438108,330.658,9.69117e-08,4.17766,0.168891,2.2567,-1.63968,-3.61551,-340.448,116.449,5.66277,24434.9,22526.1,6.32136,2.3126,6.54412,0.504024,-1.4718,0.539481,593.96,41.0339,24912.4,0.0282541,0.892141,0.00302501,21022.1 
98,1.6,98,22713.6,-0.465872,44.9048,12.1636,92.6658,0.4299,-77.62,243.622,2.29607,0.403554,-0.469683,3.14853,1.72237,-442.686,452.183,-4.44781,24151.5,18867.1,5.08355,3.19103,5.10527,5.936,4.50985,0.785724,1073.09,41.5456,24772.4,0.0501763,0.936547,0.00307986,21386.5 
99,1.45,99,21535.2,-0.388846,43.1409,11.8652,92.6618,-0.280524,197.003,57.4265,-0.16518,0.534632,-1.65055,1.24564,-0.452031,-341.2,100.245,23.8296,23030.6,18462.2,1.98327,2.68308,2.64634,3.39409,1.69642,0.78664,578.812,59.279,23509.2,0.02915,0.848014,0.00462344,19856.3 
100,1.55,100,20865.2,-0.114881,41.9337,11.818,92.4469,-0.49082,383.975,8.35746e-12,-0.979311,-0.568387,3.32013,2.96007,-0.358172,-346.996,406.298,23.6904,22179.1,22267.6,1.20563,1.61655,7.69001,5.145,1.82677,0.560168,892.993,59.7419,22665.8,0.045844,0.895194,0.00483191,19478.9 
101,1.8,101,22095.3,-0.193658,45.1417,12.0028,92.5861,0.211287,-107.331,499.662,1.27924,5.58425,5.93561,0.938039,1.59999,-415.448,1276.26,-3.2244,23411.1,18376.5,3.8952,8.20021,11.1675,3.554,4.21595,0.640139,1858.97,39.939,23993.8,0.0863275,0.963765,0.00305691,21533.9 
102,1.7,102,19770.2,-0.223848,40.7967,11.7806,92.3788,0.374498,-919.358,500,0.315932,1.1452,-2.83161,-0.979227,1.80515,-409.535,957.416,13.5916,20658.4,26853.4,2.89467,3.72393,2.32586,1.59951,4.38388,0.844193,1531.83,56.1407,21232.8,0.0808664,0.939729,0.00484703,18942.7 
103,1.5,103,21572,-0.0593353,42.6186,11.8218,92.5248,-0.0647385,67.8114,2.35954e-11,3.567,3.81101,2.38556,0.953657,-2.82329,-416.51,185.865,-0.296173,22888.8,16544.2,6.18966,6.43367,7.63087,3.57631,-0.200637,0.677067,770.061,42.9776,23473,0.0384686,0.911022,0.00336144,20017.9 
104,1.4,104,21669.9,-0.41789,43.1309,12.0121,92.4075,-0.457554,486.355,290.31,-0.492726,-1.10628,-5.79722,-2.19908,3.59885,-292.483,69.4696,2.62876,23319.4,24109.8,1.34896,0.735408,-2.11385,-0.357394,5.44053,1.41828,479.705,33.0166,23729.7,0.0240598,0.892501,0.00255648,19938 
105,1.65,105,21760.5,-0.479142,43.9818,11.9824,92.6365,-0.211387,-3.24087,496.287,-0.130503,-3.06587,0.42416,-4.16538,-4.05012,-389.779,524.448,10.3072,23223.4,17178.1,2.32383,-0.61154,5.33282,-1.71104,-1.59579,-0.426543,1071.15,50.8037,23770.1,0.0520921,0.92336,0.00392168,20562.6 
106,1.3,106,22531,0.00163418,43.6897,11.9909,92.531,-0.033427,4.14154,500,-2.5034,1.89345,-4.09029,-3.68606,1.98825,-300.623,-73.1559,18.6302,24046.4,17058.5,-0.610458,3.7864,-0.304405,-1.79312,3.8812,1.06138,348.497,49.8638,24468,0.0170729,0.799748,0.00374002,20412.3 
107,1.2,107,19135,-0.0306232,38.1465,11.7131,92.358,0.0153874,-14.1552,499.874,-1.51834,-1.97011,2.13812,2.54032,-1.71168,-301.763,165.009,13.4345,20219.2,14552.3,0.381786,-0.0699856,5.93836,4.44044,0.188438,0.454147,588.261,44.7865,20642.4,0.0335861,0.88243,0.00398079,17515 
108,1.75,108,19966.2,-0.205179,40.8991,11.7432,92.5904,0.0532679,51.0485,1.94415e-08,0.420803,-0.745364,-1.17889,0.893928,0.228216,-393.961,720.97,34.17,21152.3,15723.4,2.90147,1.7353,3.78245,3.3746,2.70888,0.73919,1273.54,75.101,21704.9,0.0667769,0.906456,0.00633349,19071.6 
109,1.35,109,22299.6,-0.369411,43.1989,12.1826,92.4764,-2.3888,-1356.42,387.217,4.43856,4.67774,-1.05388,-1.53313,-3.23791,-372.598,0.157547,21.1081,23725.4,122611,6.78472,7.02389,3.63843,0.813026,-0.891759,0.790513,522.763,59.8196,24248,0.0256179,0.833158,0.00452389,20406.2 
110,1.6,110,21172.1,-0.443428,42.9003,11.8921,92.6484,0.732953,-750.04,69.6662,3.39323,1.28097,1.30477,0.897189,-1.90924,-376.987,375.743,-5.12108,22632.9,34503.9,5.76702,3.65476,6.05234,3.27098,0.464551,0.684932,904.504,34.0464,23161.6,0.0454592,0.938199,0.00270049,19897 
111,1.45,111,20548.7,-0.134143,40.7401,11.8293,92.4887,0.194855,-81.7634,500,-0.294997,2.84939,2.60272,-0.798877,1.81692,-287.734,109.724,18.2533,21777.9,16207,1.51679,4.66118,6.22629,1.01291,3.62871,0.634733,513.299,48.1478,22181.5,0.0274461,0.858995,0.0039826,18702.1 
112,1.55,112,23400.3,-0.487391,45.9574,12.2627,92.5065,-0.357896,955.107,141.007,2.65483,-2.69864,1.18997,0.896961,-0.550574,-419.605,411.381,6.12444,24769.8,29473.5,5.29698,-0.0565009,6.47426,3.53911,2.09157,0.626745,999.919,49.7198,25358.4,0.0458809,0.919949,0.00359879,21793.8 
113,1.8,113,19677.6,-0.365759,41.3549,11.7657,92.6839,0.300323,-374.785,3.57168e-11,2.58607,0.596541,-3.64862,3.42637,2.65505,-424.453,1180.6,27.5836,20623.7,19503.6,5.25874,3.26921,1.69672,6.09904,5.32772,0.921635,1775.93,71.6825,21219,0.0926147,0.934024,0.00618456,19175.5 
114,1.7,114,19953.2,-0.45107,41.0858,11.7431,92.6751,-0.138517,68.0425,481.995,4.74135,5.06058,1.73787,-4.82439,-1.75951,-426.606,654.08,-3.40437,21213.7,16012.9,7.42758,7.7468,7.11033,-2.13816,0.926722,0.66259,1252.44,40.9184,21812.1,0.0654413,0.945918,0.0034438,19138.3 
115,1.5,115,22671.2,-0.0952959,44.1979,12.0307,92.4446,0.0776989,62.7746,499.989,-0.0869261,2.54353,-0.672103,-0.95498,-3.92567,-397.22,117.998,6.52795,24185,17468.3,2.41426,5.04472,4.33027,1.54621,-1.42449,0.636447,675.137,47.7975,24742.2,0.032205,0.889763,0.00354601,20963.7 
116,1.4,116,21659.8,-0.326498,42.6694,11.9941,92.248,0.487426,-416.386,0.0336368,2.05685,7.01751,4.14801,-1.17943,0.67082,-374.346,210.352,15.7546,22722.8,23267.1,4.41401,9.37467,8.86233,1.17773,3.02798,0.670014,735.41,54.6477,23247.9,0.0371444,0.884924,0.00431148,19798.7 
117,1.65,117,20705,-0.433268,41.6617,11.9745,92.3636,-0.0916099,70.3067,498.911,2.12626,-0.489066,-1.70158,0.853371,2.01249,-350.264,578.109,8.30825,21879,16449.8,4.33178,1.71645,2.70946,3.05889,4.21801,0.831024,1069.39,44.6993,22370.2,0.0550862,0.931838,0.00366732,19413 
118,1.3,118,22745.3,-0.360279,44.2116,12.0991,92.485,0.273222,84.1928,478.286,1.3389,2.63442,-5.54288,-3.68243,1.74763,-373.327,-13.7079,21.5248,24023.9,18162.2,3.68964,4.98516,-0.841397,-1.33169,4.09837,1.07938,509.919,60.312,24547.5,0.0247068,0.82851,0.00450557,20638.9 
119,1.2,119,23721,-0.088982,45.7682,12.146,92.3449,0.228363,-191.676,2.80931e-05,-2.58008,0.0391542,-4.71435,4.62118,-1.36336,-315.555,87.3999,33.6094,25250.9,19521.3,-0.593118,2.02612,-0.740411,6.60815,0.623609,1.09343,529.997,66.3943,25693.5,0.0245384,0.820191,0.00473761,21598.7 
120,1.75,120,20133.1,-0.0167837,41.2306,11.6316,92.6919,-0.0191479,43.2726,8.21549e-11,2.21531,5.08197,-1.82949,0.500003,5.11067,-368.994,808.154,16.7531,21238.4,15638.9,4.53876,7.40543,2.81742,2.82346,7.43412,0.88739,1325.7,55.0901,21755.9,0.0691712,0.932208,0.0046429,19165.5 
121,1.35,121,23112.2,-0.0149482,44.3301,12.0904,92.5235,-0.031097,18.5008,500,8.53371,-0.203429,0.377256,1.89405,1.35036,-307.443,37.6795,9.83974,24444.3,17466.2,10.4696,1.73246,4.24903,3.82993,3.28625,0.819706,468.898,41.7818,24875.5,0.022471,0.8651,0.00308452,20866.8 
122,1.6,122,22300.9,-0.465723,44.4101,12.0968,92.5134,0.641521,-66.2406,56.3982,4.15985,-1.49248,0.311853,3.89737,3.67665,-390.308,431.141,16.0001,23633.7,18871.7,6.61751,0.965179,5.22718,6.35503,6.13431,0.793386,978.585,56.5515,24181.1,0.0470313,0.908157,0.00428958,20807.1 
123,1.45,123,23555.7,-0.0228749,45.7754,12.0111,92.4784,-0.0232149,18.4551,500,3.4281,-1.88735,2.69159,-2.32423,-0.824164,-367.506,183.214,5.34493,25106.5,17912.1,5.74219,0.426744,7.31977,-0.0101394,1.48993,0.510988,698.678,43.5274,25622,0.0321842,0.901693,0.00311966,21708.7 
124,1.55,124,18690.7,-0.0361021,38.3803,11.5446,92.5608,-0.00149783,21.6829,500,0.209507,-2.60095,3.64994,1.72276,0.168108,-320.483,283.589,21.8046,20051.1,14424.9,2.2275,-0.582953,7.68593,3.74075,2.1861,0.496247,733.098,55.1015,20500.6,0.0417872,0.883756,0.00492681,17543.6 
125,1.8,125,21560.3,-0.0878112,44.1812,11.7865,92.3794,-0.113356,367.327,0.00127934,0.686487,-1.44981,0.402008,-0.972248,1.91426,-468.821,1089.82,-0.494417,22719.5,18307.4,3.63853,1.50224,6.3061,1.9798,4.86631,0.655272,1747.39,48.2143,23377.1,0.0835407,0.953938,0.00378489,20916.6 
126,1.7,126,22965.1,-0.0121311,45.2001,12.0726,92.6305,-0.0289894,10.8277,500,3.24062,3.87468,4.1873,-0.0185549,-0.493886,-469.731,746.995,8.02183,24158.5,17774,6.19839,6.83245,10.1028,2.93922,2.46388,0.645971,1405.84,56.825,24817.3,0.0646183,0.933937,0.00420021,21756.1 
127,1.5,127,21792.5,-0.0763761,42.8075,11.9981,92.3188,-0.047402,17.4622,500,0.124131,-1.27707,1.26563,-2.03027,-2.45717,-426.221,311.294,2.37738,23087.7,16746.7,2.80793,1.40673,6.63323,0.653532,0.226627,0.434413,909.11,46.6601,23685.5,0.0447149,0.917584,0.00361579,20331.3 
128,1.4,128,20765.3,-0.371092,41.5275,11.8749,92.278,0.839584,-150.321,217.347,0.918335,5.44561,-2.27612,-2.81762,0.245292,-369.575,12.3351,15.0612,22389.9,20161.7,3.24545,7.77272,2.37811,-0.4905,2.57241,0.846357,530.7,53.4586,22908.3,0.0274754,0.850137,0.00428033,19315.5 
129,1.65,129,20630.7,-0.431419,41.8331,11.8819,92.5581,0.273759,-71.6926,194.021,3.03477,2.2527,-1.26978,0.613696,-1.26519,-355.029,538.56,-5.10623,21793.7,16819.8,5.27029,4.48823,3.20126,2.84922,0.970336,0.809214,1036.52,31.7799,22291.6,0.0536623,0.949077,0.0026193,19315.7 
130,1.3,130,23950,-0.0747719,45.588,12.2129,92.4155,-0.00528742,-17.1311,446.127,-0.132896,-0.0797893,-4.93405,-2.5648,-2.25633,-339.241,77.475,-5.43339,25419.5,18127.3,2.00321,2.05632,-0.661838,-0.428694,-0.120221,1.23232,553.293,29.8124,25895.4,0.025395,0.913832,0.00211626,21787.5 
131,1.2,131,25149,-0.103201,47.3438,12.3988,92.1589,0.0119683,-11.5312,500,-1.00303,0.782528,-6.17484,-5.36785,-2.75766,-344.239,35.0102,-11.8501,26600.8,19113.5,1.16456,2.95011,-1.83968,-3.20027,-0.590075,-0.214024,517.839,23.915,27083.6,0.0227858,0.925224,0.00162395,22726.4 
132,1.75,132,21703.5,-0.152167,44.1799,11.8425,92.6265,0.846496,-1772.05,483.08,1.89783,-2.24061,1.80966,-0.729414,2.55808,-438.983,1166.96,2.02787,22684.3,65863,4.66199,0.523552,7.33799,2.03475,5.32225,0.630896,1782.68,47.6365,23300,0.0853418,0.955326,0.00375203,20888.7 
133,1.35,133,23375,-0.0547951,44.9163,12.1031,92.2181,0.675007,-964.984,500,3.00577,-4.0855,1.15784,-1.76771,0.641482,-325.292,-40.2956,20.3343,24920.8,38901.1,5.05404,-2.03722,5.2544,0.280563,2.68976,0.532591,415.958,54.1309,25377.1,0.0195974,0.814507,0.00391395,21225.1 
134,1.6,134,23094.3,-0.0113839,45.2779,12.0266,92.6436,-0.0286703,10.0406,500,0.471601,-6.20284,0.745145,-2.10414,1.34133,-334.824,447.066,-15.9569,24573.7,17736,2.5799,-4.09454,4.96174,0.00415748,3.44963,0.281,916.689,18.83,25043.3,0.0427317,0.9653,0.00138316,21452.2 
135,1.45,135,21569.3,-0.0307344,42.6807,11.8437,92.7254,0.0153638,25.4906,2.79226e-11,4.28494,1.56384,-0.22962,-3.3809,-1.00565,-301.477,22.3734,5.57722,23263.4,16468.4,6.18326,3.46217,3.56703,-1.48258,0.892672,0.717408,445.225,36.8995,23686.2,0.0224092,0.873334,0.00286151,19867.9 
136,1.55,136,21389.2,0.00678672,42.595,11.7901,92.6842,0.00787804,-35.7796,500,-1.19034,-0.372886,-5.47398,-0.83765,1.82353,-292.943,225.492,-3.75237,22912.3,16357.4,0.654244,1.4717,-1.78482,1.00693,3.66811,1.35581,636.373,26.6832,23323.1,0.0322029,0.931638,0.00210306,19761.4 
137,1.8,137,21536.3,-0.0410103,43.6227,11.8802,92.5459,-0.0446515,48.2215,499.991,0.327872,6.38616,-4.34342,1.92679,3.78119,-433.713,1023.45,-0.252886,22681.6,16940.7,3.05885,9.11713,1.11853,4.65776,6.51217,0.95428,1631.77,44.8082,23290,0.0787173,0.954149,0.00353156,20729.6 
138,1.7,138,21344.1,-0.471814,42.8966,12.0553,92.3864,0.709506,-757.168,452.784,-3.7332,2.7199,0.149192,-0.12322,-0.401511,-418.208,900.701,3.76938,22165.7,34322.5,-1.09985,5.35324,5.41588,2.51012,2.23183,0.62419,1487.28,47.2195,22752.3,0.0738317,0.947364,0.0038085,20144.2 
139,1.5,139,20256.9,-0.213101,41.2597,11.9594,92.3082,-0.568048,450.407,9.87314e-05,-0.218874,-3.93478,-4.45277,-2.00901,0.378425,-369.291,322.042,6.04475,22080.7,24392,2.10645,-1.60945,0.197884,0.316313,2.70375,0.946733,840.009,44.4127,22598.6,0.0433645,0.915311,0.0036072,19370.9 
140,1.4,140,23592.1,-0.139421,45.917,12.1572,92.4233,-0.161774,150.26,500,2.28106,-1.98326,1.06542,-1.41027,0.211023,-361.305,58.8179,11.3856,25502.1,18963.3,4.5561,0.29178,5.6155,0.86477,2.48606,0.593498,565.583,48.9238,26008.8,0.0258342,0.868525,0.00345312,21892.8 
141,1.65,141,21831.1,-0.0137225,44.0682,11.8457,92.7045,0.0125673,1.71276,1.14941e-11,2.21899,-0.648066,9.57874,3.19938,-3.25442,-441.368,626.701,30.3185,23391.6,16994.2,4.99817,2.13111,15.1371,5.97855,-0.475245,0.454906,1245.76,76.1749,24010.7,0.0595077,0.903336,0.00581021,20934.5 
142,1.3,142,21765.1,-0.415323,43.203,12.0332,92.3244,-0.535282,623.846,309.193,-0.417668,3.90416,-0.818382,-4.15904,-2.15829,-436.265,60.2587,45.9106,23210.3,27794.1,2.32938,6.65121,4.67571,-1.41199,0.588758,0.635651,672.163,91.2368,23822.2,0.0332648,0.808056,0.00700566,20206.4 
143,1.2,143,21725,-0.022962,42.9752,11.886,92.2144,0.0712067,33.8933,1.13711e-10,-3.36809,-1.3752,1.65421,-6.40239,-1.95869,-416.19,66.7741,24.9654,23434.5,16706.9,-0.747453,1.24544,6.89549,-3.78176,0.661944,-0.613484,650.521,68.206,24018.3,0.0319737,0.844963,0.0052039,20345.5 
144,1.75,144,19814.7,-0.662885,42.3713,11.9321,92.6733,-0.128535,-54.1315,197.493,4.00599,4.19422,3.76964,0.223581,1.73423,-448.044,1054.86,-2.19549,21511.8,16684.7,6.82721,7.01544,9.41207,3.0448,4.55545,0.694958,1683.29,44.3545,22140.2,0.0848506,0.95592,0.00367681,19838.2 
145,1.35,145,21723.2,-0.479119,42.8975,12.2663,92.6646,-0.330848,-589.207,338.676,-2.94658,-3.3268,-3.76471,-2.31026,-3.16712,-405.691,119.779,21.3369,23503.7,23475.2,-0.392059,-0.772275,1.34434,0.24427,-0.612595,8.13864,688.799,63.4866,24072.8,0.0337176,0.861106,0.00483466,20428.5 
146,1.6,146,21430.9,-0.0467267,43.541,11.9548,92.5329,0.231291,-117.919,495.946,2.78689,6.09537,3.79271,0.478557,2.26947,-468.534,604.89,4.37013,23188.8,17832.7,5.73713,9.0456,9.69318,3.42879,5.21971,0.70737,1262.05,53.049,23846,0.0606297,0.931481,0.00408131,20815.8 
147,1.45,147,21508.3,-0.467169,43.4851,11.962,92.7001,0.553143,-332.267,159.458,6.64389,1.19815,1.68417,-3.82179,-0.26902,-417.387,116.981,5.19532,23566.1,22916.3,9.27207,3.82633,6.94053,-1.19362,2.35916,0.672686,702.408,48.5603,24151.5,0.0342527,0.892073,0.00369016,20506.7 
148,1.55,148,21794.2,-0.0197079,43.4284,11.8611,92.673,0.00646438,-46.9863,499.949,5.24274,2.39244,-5.6999,-1.33597,-3.47043,-476.172,230.364,37.1362,23626.9,16778.5,8.24107,5.39077,0.296753,1.66236,-0.472101,0.980372,898.241,86.6086,24294.8,0.0431433,0.855626,0.00652409,20820 
149,1.8,149,21077.3,-0.218494,43.6145,12.0271,92.9181,3.14338,-1609.96,500,-0.671163,1.31772,3.20001,2.77638,-0.965745,-501.787,1445.1,11.0378,22503.1,181819,2.48845,4.47734,9.51924,5.936,2.19387,0.613273,2148.91,63.1715,23206.9,0.101466,0.951072,0.00498936,21178.6 
150,1.7,150,22642.2,-0.637443,45.4313,12.4168,92.6409,-0.151824,1409.51,87.5438,4.38007,1.48854,-0.823731,-0.914511,-0.190612,-483.085,944.336,2.5244,24299.8,25329.9,7.42193,4.5304,5.25998,2.12735,2.85124,0.762967,1621.91,52.715,24977.4,0.0733784,0.946183,0.00387273,22103.3 
151,1.5,151,21130.3,-0.48275,42.5938,12.0611,92.5574,0.227852,-444.342,125.275,3.3249,0.466058,2.04395,-6.22479,-2.86538,-389.945,192.433,28.4463,23051.1,20019.3,5.78028,2.92144,6.9547,-3.76941,-0.409999,0.394032,739.369,68.96,23598,0.0368033,0.859682,0.00535432,20089.7 
152,1.4,152,21825.2,-0.442933,42.9997,12.1933,92.7324,0.420078,21.1735,42.3938,-1.45608,4.9,3.16771,-1.03949,0.0266177,-387.513,0.748418,7.2882,23788.6,17357.4,0.983981,7.34006,8.04784,1.40058,2.46668,0.602363,544.273,47.5493,24332.1,0.0265543,0.867389,0.00358689,20496.6 
153,1.65,153,19324.6,-0.564293,40.2414,12.0205,92.4787,3.11686,-796.26,206.579,1.22326,-1.10707,-4.1127,0.255787,1.99303,-466.317,640.764,17.6811,21017.3,96538.4,4.15954,1.8292,1.75985,3.19206,4.9293,0.889108,1294.82,66.1296,21671.3,0.0679149,0.917956,0.00558972,19065.3 
154,1.3,154,24381.4,-0.0550438,46.412,12.3957,92.5191,0.0079093,-4.67515,500,1.39894,-1.39321,-2.72585,-5.73606,-2.75665,-348.643,-48.7086,0.915419,26490.7,18729.5,3.59425,0.802104,1.66477,-3.54075,-0.561336,0.150212,440.297,37.138,26979.7,0.0195135,0.871377,0.00252928,22563.7 
155,1.2,155,24014.6,-0.016361,45.8745,12.3244,92.6802,0.0279549,-25.0845,3.01417e-11,-0.0362859,-0.410721,2.74888,-1.16226,0.952049,-440.154,17.4332,19.6069,25954.4,18427.7,2.73525,2.36081,8.29195,1.60927,3.72358,0.557075,634.793,65.3372,26571.8,0.028309,0.84737,0.00450912,22423.7 
156,1.75,156,23160.4,-0.055217,46.3268,12.1598,92.5576,-0.0612854,115.425,2.3663e-08,0.251682,2.03836,2.72851,-6.1537,2.80602,-507.513,1119.9,-33.4574,24742.5,18568.3,3.44736,5.23404,9.11987,-2.95802,6.0017,0.56249,1831.74,19.2713,25454.4,0.080678,0.981922,0.0013927,22704.3 
157,1.35,157,22336.3,-0.48101,44.3844,12.2997,92.6115,-0.1058,697.969,489.227,1.77766,-0.801296,-1.66726,1.34354,1.24337,-504.925,105.357,8.68368,24309.3,20175.3,4.95704,2.37808,4.6915,4.52292,4.42275,0.7763,813.564,61.1434,25017.5,0.0381455,0.883766,0.00448197,21327.9 
158,1.6,158,23133.1,-0.257405,45.9267,12.2934,92.6889,-0.073488,412.067,5.39858e-10,-3.70158,-1.01309,0.624209,-0.933233,-5.63791,-453.779,636.943,3.31073,25127.1,19365.2,-0.844251,1.84424,6.33886,1.92409,-2.78059,0.022136,1273.41,50.4566,25763.5,0.05685,0.935156,0.0035947,22399.5 
159,1.45,159,23605.9,-0.535356,46.1133,-12.436,92.6693,-0.0536762,219.648,183.038,0.742263,-0.485593,3.71796,6.16232,3.35272,-465.942,124.411,-3.5828,25655.3,19052,3.67618,2.44832,9.58579,9.09623,6.28663,0.691707,777.94,44.8268,26308.8,0.0348054,0.908398,0.00312889,22351.1 
160,1.55,160,18606.8,-0.085304,38.792,11.6813,92.6734,0.0828957,146.882,2.36516e-05,5.81874,-0.710762,-0.719674,-1.07741,-2.62161,-415.578,496.124,3.05026,20326.7,15147.6,8.43552,1.90602,4.51389,1.53937,-0.00482238,0.724594,1079.01,46.2272,20909.6,0.0592055,0.930255,0.00405603,18224.9 
161,1.8,161,21532.2,-0.346707,45.8899,11.7815,92.9551,1.04472,-249.828,499.797,0.79483,0.231564,-0.0136632,4.37157,-0.14297,-504.32,1421.65,-16.1591,23117.5,26096.5,3.9704,3.40713,6.33747,7.54713,3.0326,0.739142,2129.01,36.2378,23824.9,0.0982677,0.971075,0.00279403,21665.4 
162,1.7,162,21399.8,-0.0078111,43.5466,11.934,92.7936,-0.0132088,9.63604,500,-1.04731,-1.24628,-0.780894,-0.011506,2.69249,-410.903,811.934,19.9162,23049.2,16921.6,1.54004,1.34107,4.39381,2.57584,5.27984,0.709608,1388.27,62.6075,23625.5,0.0668683,0.926852,0.00485785,20761.2 
163,1.5,163,23263.5,-0.130906,45.3444,12.2393,92.577,0.177235,-271.65,0.000140576,-0.139882,-0.0281023,3.1561,1.57967,3.36278,-459.074,214.025,16.9118,25219,19633.8,2.75078,2.86256,8.93743,4.47033,6.25345,0.646386,857.921,64.6078,25862.9,0.0388806,0.883558,0.00458066,22065.5 
164,1.4,164,21606.4,-0.0278163,42.9267,12.1063,92.6846,-0.0596717,48.1428,500,1.04749,2.10709,-5.28799,0.0274936,1.28371,-380.644,119.425,-11.2964,23749,17011,3.4443,4.5039,-0.494362,2.42431,3.68053,1.03646,653.315,28.2511,24282.9,0.0317678,0.929649,0.00213855,20565.3 
165,1.65,165,23104.9,-0.0707092,45.8365,-12.2277,92.7734,-0.0261087,33.3365,500,2.49529,5.07214,-0.146318,-2.39883,1.53156,-559.517,787.375,0.0838136,24648.4,18273.7,6.01842,8.59527,6.89994,1.1243,5.05469,0.750838,1572.15,58.2155,25433.2,0.0700998,0.939143,0.0041988,22427.3 
166,1.3,166,21910.1,0.00215463,42.9949,12.0494,92.7004,-0.00835762,17.8386,500,-0.0864742,-1.89725,-4.19961,-1.70437,0.70404,-437.382,1.84821,-2.42495,23718.8,16869.5,2.6676,0.856829,1.30855,1.04971,3.45812,0.859911,615.319,43.0174,24332.3,0.0299167,0.890993,0.00324611,20567.8 
167,1.2,167,21627.1,-0.140437,42.63,12.0411,92.823,-0.0557108,26.8553,500,-2.36629,-3.35078,2.32753,-2.00113,4.08632,-416.49,33.0054,32.6321,23460.3,16758.7,0.256233,-0.728253,7.57258,0.62139,6.70885,0.475249,617.173,75.9038,24044.4,0.0303524,0.822892,0.00578156,20333.6 
168,1.75,168,21274.3,-0.664191,43.9855,12.2184,92.6495,-0.36619,1048.11,405.031,-2.66566,-0.258112,-3.68711,-1.52303,-0.455433,-558.218,1073.3,-8.6869,22939.7,29989.4,0.849296,3.25684,3.3428,1.99193,3.05952,0.732584,1856.25,49.3098,23722.7,0.0871119,0.955578,0.00381439,21308.8 
169,1.35,169,20924.2,-0.0223492,41.5972,12.0091,92.7982,0.0165751,-33.8766,4.03251e-11,1.82587,-0.708809,0.998174,-0.672637,1.30408,-383.934,132.229,-5.55247,22892.9,16280.2,4.2434,1.70872,5.83323,1.74489,3.72161,0.661878,670.733,34.3368,23431.4,0.0337314,0.917778,0.00269218,19884.5 
170,1.6,170,23524.3,-0.101689,46.409,-12.1781,92.7601,-0.307903,270.289,500,2.12861,-6.26083,4.09037,0.481067,-2.44258,-451.551,510.852,-5.32538,25438.5,21107.5,4.9719,-3.41753,9.77696,3.32436,0.400713,0.350645,1144.2,41.589,26071.9,0.050801,0.940195,0.00292986,22523.1 
171,1.45,171,22457.8,-0.0818946,44.3716,12.1188,92.8069,-0.0632203,139.071,500,2.33904,0.715445,-1.72404,1.49182,-1.11131,-385.537,246.551,-8.10229,24381.8,17791.2,4.76666,3.14307,3.1312,3.91944,1.31632,0.807627,787.304,31.9535,24922.6,0.0370953,0.933685,0.00235621,21223.8 
172,1.55,172,21683.5,-0.534789,43.8797,12.1159,92.8539,-0.760786,1069.48,0.00724135,3.22878,1.45142,-0.0924735,5.1732,-1.82231,-484.551,429.147,20.7319,23394.1,43793.6,6.27987,4.5025,6.0097,8.22429,1.22877,0.771017,1108.78,71.0748,24073.7,0.0531807,0.899136,0.00540919,20849.2 
173,1.8,173,21630.6,-0.672751,44.4804,12.2782,92.6627,1.97147,-639.16,145.09,3.77475,3.6293,7.02128,3.23773,-0.643446,-544.09,1305.79,-0.757306,23017.9,58798.6,7.20074,7.05529,13.8733,6.66372,2.78254,0.63079,2068.93,55.7715,23781,0.0959197,0.954951,0.00430155,21569.3 
174,1.7,174,20959.4,-0.621578,43.6073,12.0566,92.9093,-0.252069,678.32,1.29751,4.34174,2.93015,3.23282,0.750767,1.70333,-491.954,881.027,4.3494,22749.7,22681.2,7.43944,6.02785,9.42822,3.84847,4.80103,0.701118,1571.04,55.4615,23439.7,0.0755612,0.941815,0.00433975,20791.6 
175,1.5,175,22683.4,-0.584038,45.3535,12.3243,92.6209,-0.0339834,793.044,293.327,-0.0532653,2.05911,-1.48072,1.68613,5.34692,-419.118,302.301,29.9165,24677.2,19073,2.58581,4.69819,3.79743,4.32521,7.986,0.837666,890.155,73.4613,25265.1,0.0411965,0.873804,0.0053276,21607.5 
176,1.4,176,22454.1,-0.498735,44.5476,12.2183,92.4837,-0.422065,1231.65,307.137,-0.795453,-1.06324,6.04661,-5.82992,-0.806061,-463.917,24.3663,10.8791,24491.7,34641,2.12571,1.85792,11.8889,-2.90876,2.1151,0.211551,675.055,59.0783,25142.4,0.0317049,0.867187,0.00430983,21291.8 
177,1.65,177,19857.9,-0.584377,41.3365,12.0371,92.475,-0.910267,1030.06,24.2141,-6.79532,-0.883658,-3.67744,-4.08227,4.38761,-462.982,688.365,-2.00888,21628.2,46720.5,-3.88005,2.03162,2.15311,-1.16699,7.30289,0.665697,1337.74,46.0932,22277.6,0.0682336,0.943131,0.00379692,19605.3 
178,1.3,178,20040.3,-0.537517,40.7167,12.1881,92.3879,-0.0850067,-42.105,23.1226,-5.33007,-3.66253,-3.4498,-2.49631,0.545786,-448.485,174.567,12.3013,22123.5,16271.4,-2.50608,-0.838539,2.19818,0.327681,3.36978,0.138311,803.611,58.8971,22752.6,0.041294,0.886322,0.00474583,19460.7 
179,1.2,179,22016.9,-0.289905,43.5433,12.1361,92.7556,1.22155,1056.75,500,-2.4118,-1.56821,6.79188,-2.65034,3.89597,-425.349,76.6267,16.0476,23891.5,59225,0.266508,1.1101,12.1485,0.0279698,6.57428,0.396419,673.22,60.2397,24488.1,0.032439,0.864611,0.00451107,20753.4 
180,1.75,180,22429.9,-0.293161,45.4205,12.1282,92.7155,0.377018,21.2448,500,-0.234974,-2.2362,4.12074,6.31737,-0.124082,-517.23,1215.21,14.2248,23856.5,18193.3,3.02188,1.02066,10.6344,9.57423,3.13277,0.611655,1940.68,67.9629,24581.9,0.0878219,0.942254,0.00506715,22097.9 
181,1.35,181,20064.2,-0.433852,40.4108,12.0024,92.529,-0.336557,315.198,158.95,-0.48041,-0.476144,-2.53027,2.01902,3.84063,-401.069,56.0337,21.5045,22036.1,19242.5,2.04502,2.04928,2.52058,4.54444,6.36606,0.856175,618.573,63.174,22598.7,0.0323023,0.848374,0.00512318,19149.5 
182,1.6,182,20658.5,-0.568992,42.4504,12.0908,92.7582,-0.529564,693.151,308.722,2.01514,-0.8239,-2.48495,-5.13763,2.21767,-422.157,433.776,32.6574,22752,28657.5,4.67335,1.83431,2.83146,-2.47942,4.87587,0.758728,1025.89,76.5178,23344.1,0.0508672,0.884543,0.00600186,20168 
183,1.45,183,20766.5,-0.201626,41.5556,12.1397,92.528,-0.239295,440.215,1.35596e-10,-9.53516,0.162754,5.47696,0.971965,1.77671,-446.685,260.259,8.69553,22737.9,19851.5,-6.72251,2.97541,11.1023,3.78462,4.58936,0.29416,886.778,55.1043,23364.5,0.044238,0.901921,0.00432575,20045.6 
184,1.55,184,21583,-0.589606,43.7207,12.2523,92.7578,0.152439,431.589,499.743,-1.02709,-1.79936,3.08723,-3.21944,1.99303,-490.875,396.946,8.28002,23574.3,19579.8,2.06382,1.29155,9.26905,-0.128529,5.08393,0.472745,1085.45,59.28,24262.8,0.0517349,0.912764,0.00448055,20980.9 
185,1.8,185,20175.9,-0.0420651,42.5586,11.7743,92.7842,-0.0681776,52.4015,2.62812e-12,1.22935,-4.34525,-1.51913,-5.87812,-0.998571,-569.628,1320.7,-21.0917,21755.7,16428.6,4.81615,-0.758461,5.65446,-2.29133,2.58822,0.435064,2119.66,38.0904,22554.6,0.102824,0.969511,0.00310132,20614.4 
186,1.7,186,20296.5,-0.641667,42.2456,12.1584,92.6516,-2.04289,1437.13,6.34289,0.512702,1.6213,1.32125,-4.66865,3.81823,-407.054,1003.45,11.4245,21954.9,112294,3.07581,4.18441,6.44747,-2.10554,6.38134,0.641478,1574.38,53.7158,22525.9,0.07854,0.943656,0.00437352,20045.6 
187,1.5,187,24058.7,-0.0294918,46.8324,12.2114,92.609,0.0609299,-131.432,497.197,0.956094,-4.50779,-4.2289,-0.670287,0.106358,-405.719,266.159,13.4158,25976.2,18877.5,3.5108,-1.95308,0.880501,1.88441,2.66106,0.87392,835.219,55.5684,26545.2,0.0369528,0.895712,0.00384135,22602.3 
188,1.4,188,20153.7,-0.488007,41.4375,11.9001,92.8021,0.432059,255.645,4.57551,-0.503597,-2.69054,-1.73951,-2.38076,2.4024,-373.92,20.6346,21.419,22347.7,19648,1.85088,-0.336065,2.96943,-0.0262862,4.75687,0.677755,545.094,60.2678,22872.1,0.0282428,0.837881,0.00483048,19300.2 
189,1.65,189,21641.1,-0.610576,43.6911,12.3439,92.6826,0.70329,-224.753,293.471,-0.922794,1.11717,-4.09074,8.3322,-1.28583,-463.434,738.581,23.9027,23373.9,22702.2,1.99533,4.03529,1.7455,11.2503,1.6323,0.915508,1388.59,72.0517,24023.9,0.0658469,0.916755,0.00549443,21088.2 
190,1.3,190,23927,-0.533759,46.4177,12.5008,92.6764,0.903944,-75.3776,345.173,-3.06005,-0.583628,1.34498,5.46356,-0.0990236,-390.982,78.9399,-12.432,25962.9,21107.5,-0.598137,1.87828,6.26881,7.92547,2.36289,0.648556,627.331,28.1895,26511.3,0.0280476,0.927096,0.00195488,22366.6 
