cyc,freq,VVA,cyc,ROIsum,fBg,fA1,fWidth1,fCtr1,fA2,fWidth2,fCtr2,box1,box2,box3,box4,box5,box6,box7,box8,box9,Nfit,BZ-2,BZ-1,BZ0,BZ1,BZ2,Excited,c5,c7,c9,fraction95,fraction75,fraction97,sum95,two2D_bg,two2D_a1,two2D_sh1,two2D_sv1,two2D_ch1,two2D_cv1,two2D_a2,two2D_sh2,two2D_sv2,two2D_ch2,two2D_cv2,two2D_chd,two2D_cvd
0,46.787,9,0,20927.4,-0.0544947,41.3304,11.0667,118.717,0.0733967,-0.891457,2.05648e-11,0.226045,-1.12203,1.519,-1.95972,-0.0388191,-31.2049,916.93,-5.72417,19142.8,14891.7,0.422534,-0.925537,1.91198,-1.76323,0.15767,10.7261,960.698,-4.10313,19186.5,0.0476839,1.00753,-0.000394098,20147.2,0.00045212,0.0756677,10.5446,15.3194,121.397,86.9739,1.75297,11.3657,11.9439,118.186,132.8,3.21089,-45.8258 
1,46.737,8,1,19200.8,-0.0296889,37.8554,-11.0376,118.806,0.00682646,-17.7272,1.53563e-10,3.22601,-0.0544728,0.895461,1.92479,-0.843549,-52.5207,1613.99,21.5473,16690.9,13605.7,3.55672,0.276236,1.55688,2.2555,-0.512841,0.78172,1687.66,24.2756,16764.6,0.091461,0.975446,0.00266033,18452.2,0.00059385,0.148424,10.454,12.3834,120.888,83.6342,1.50686,11.3605,12.1416,118.126,132.287,2.76223,-48.6524 
2,46.787,3,2,22474,-0.0672868,46.3706,-10.6921,118.603,0.0410168,-225.182,31.2829,2.16899,-0.0586835,0.150291,2.86821,-0.142945,-66.2698,193.732,-0.60052,21539.2,16440.6,2.58627,0.3586,0.984858,3.28549,0.274338,0.868503,286.682,2.84207,21632.2,0.0130792,0.982947,0.00024196,21918.9,0.00100344,-0.0598227,-10.9447,15.0825,94.2609,108,2.07631,10.9629,11.9216,118.166,132.521,-23.9048,-24.5214 
3,46.737,1,3,22344.3,-0.0650267,47.0702,10.4679,118.528,-0.02374,-37.0975,97.7912,3.98335,4.511,-0.813658,-1.00586,0.544228,-125.437,7.91341,-14.706,21735.6,16068.5,4.77319,5.30084,0.766025,-0.216017,1.33407,0.935941,183.851,-8.18977,21911.5,0.00832078,1.08455,-0.00068899,22095.4,-7.43812e-06,0.103821,-0.812095,-0.123174,108.191,76.4898,2.16869,10.814,11.6805,118.141,132.208,-9.95023,-55.7187 
4,46.737,5,4,23325.3,-0.0545865,45.0861,11.3749,118.705,-0.00763217,7.53238,43.5214,-0.191962,-0.50605,0.961174,1.92525,0.0531065,-7.34965,826.941,3.29106,21823.7,16696.9,-0.145683,-0.459771,1.05373,1.97152,0.0993853,0.581717,837.249,3.67286,21834,0.0369299,0.992382,0.000309778,22671.3,6.63932e-05,0.0635767,10.9184,16.4195,122.782,86.9294,1.9866,11.6742,11.7943,118.172,132.288,4.61012,-45.3591 
5,46.787,6,5,23406.5,-0.0192031,47.8657,-10.6674,118.61,0.00836454,-12.3189,164.512,-1.56806,-2.01918,0.614413,0.410607,0.00712453,7.00598,401.493,-1.68927,22146.3,16625.1,-1.61217,-2.0633,0.526183,0.366492,-0.0369903,1.1866,391.666,-2.05322,22136.5,0.0173857,1.00926,-0.00017089,22528.1,0.000697725,0.104758,-0.106201,50.8198,124.898,107.756,2.15784,10.9171,11.7174,118.139,132.713,6.75919,-24.9568 
6,46.737,3,6,23295.2,-0.0469897,48.1135,10.7049,118.418,-0.0124349,64.0444,500,1.64142,2.03391,2.47026,0.53106,-2.7154,-63.0944,338.305,-2.69562,22249.5,16792.5,2.03871,2.4312,3.26484,0.928348,-2.31811,0.485445,426.801,0.582014,22338,0.0187483,0.997619,4.79936e-05,22764.8,-6.63369e-05,0.0356712,-10.0452,15.57,125.104,94.1898,2.1899,10.9345,11.7278,117.979,132.41,7.12516,-38.2206 
7,46.737,10,7,19036.4,-0.0813559,38.0489,11.1101,118.841,-0.103428,169.988,292.976,-0.423176,-3.27206,-0.340853,-1.15615,-0.620077,-17.716,1398.54,1.14215,17047.4,14333.4,-0.311622,-3.16051,-0.117747,-1.0446,-0.508524,0.977105,1423.38,2.06246,17072.2,0.0769579,0.997471,0.000222491,18495.6,0.000135855,0.123094,10.6577,13.0568,121.636,84.932,1.56526,11.4206,11.9867,118.202,132.555,3.43349,-47.6228 
8,46.787,1,8,24770.6,-0.052571,49.0681,11.087,118.654,-0.161704,67.3076,0.251232,-1.42644,2.68317,1.90829,1.71832,-3.01094,-25.1691,81.8377,-9.85254,24022.4,18063.9,-1.26796,2.84165,2.22526,1.8768,-2.85246,0.211822,117.14,-8.54505,24057.7,0.00484552,1.14634,-0.000654725,24174.9,0.000176949,-0.0169455,8.95525,7.16825,115.824,74.0266,2.25786,11.4109,11.7293,118.242,132.78,-2.41856,-58.7535 
9,46.787,4,9,22877.6,-0.00386,46.4821,10.8294,118.507,0.0066421,-30.2983,500,-0.159296,2.40633,1.4924,2.90227,-0.144815,-19.2069,274.17,-18.3378,22016.4,16393,-0.0383557,2.52727,1.73428,3.02321,-0.023874,0.759879,301.11,-17.3401,22043.3,0.0134758,1.11207,-0.00145117,22344.4,-0.000103603,0.0363305,9.83997,13.9068,125.718,97.2109,2.14698,11.1611,11.5524,118.088,132.33,7.6302,-35.119 
10,46.737,2,10,23226.7,-0.0506379,46.7465,10.9155,118.736,0.0593222,17.8404,45.199,-0.180392,2.29894,5.33974,2.15242,-1.25331,-17.445,158.011,-7.00988,22382.9,16645.1,-0.0705452,2.40879,5.55943,2.26227,-1.14346,0.383414,182.48,-6.10365,22407.4,0.00807794,1.06217,-0.000502031,22589.9,0.000331413,-0.0191236,-7.37645,8.86611,112.653,75.4327,2.15761,11.206,11.6342,118.32,133.161,-5.66657,-57.7281 
11,46.737,6,11,20670.5,-0.0199053,41.7791,-10.9097,118.618,-0.0144516,7.65347,499.993,-2.2439,-1.64782,1.45526,1.14108,-0.82107,-57.1244,1008.3,-2.11762,18966.8,14841.3,-1.8842,-1.28813,2.17466,1.50078,-0.461373,-51.109,1088.42,0.84988,19046.9,0.0540554,0.998635,8.21887e-05,20135.3,0.000230215,0.0859598,10.3154,14.1534,121.08,84.8217,1.80357,11.2527,11.7059,118.074,132.4,3.00595,-47.5784 
12,46.787,10,12,18684.3,-0.0399399,36.284,11.3102,118.7,0.0181513,-42.8339,103.083,-1.35859,-3.01925,-3.16364,-2.55707,-0.821791,-42.6119,1028.69,-6.68005,16982.3,13384.5,-1.09027,-2.75093,-2.62701,-2.28876,-0.553475,0.717843,1088.46,-4.46645,17042.1,0.0600345,1.00723,-0.000483019,18130.5,0.000127122,0.0941031,10.4149,13.1501,121.952,84.5558,1.4998,11.7548,12.1569,118.042,132.389,3.90995,-47.8332 
13,46.787,8,13,20274.7,-0.123408,39.7711,-11.293,118.625,0.0910271,8.17157,2.21013e-12,1.95652,-0.414143,-1.37199,-1.30545,-0.0857098,9.23635,672.608,8.6779,18850.9,14645,1.89837,-0.472302,-1.4883,-1.36361,-0.143869,0.0518648,659.653,8.19809,18838,0.0338325,0.978714,0.000801022,19497.6,0.000206832,0.0567466,10.3463,15.5277,122.717,87.2487,1.72122,11.5471,11.8983,118.077,132.097,4.63995,-44.8483 
14,46.737,4,14,21372.8,-0.00336663,42.307,11.1583,118.372,-0.00692965,10.3692,4.21594e-11,-0.185842,-5.22976,-0.0311136,-1.64167,-0.116415,-71.8717,515.297,-12.5376,20238.6,15369.9,0.266715,-4.7772,0.874,-1.18911,0.336141,1.19468,616.104,-8.80396,20339.4,0.0294006,1.02565,-0.000797998,20955.5,-0.000118021,0.0485502,9.84468,15.337,123.186,87.5761,1.8874,11.5513,11.7527,117.899,132.07,5.28729,-44.4943 
15,46.737,7,15,20245.2,-0.0527898,40.5247,-10.9972,118.584,0.0123604,39.4118,2.78929,-0.504466,0.802615,4.57165,0.824616,-3.06601,-9.51619,1338.49,1.19298,18222.3,14523.5,-0.444545,0.862536,4.69149,0.884537,-3.00608,-0.570145,1351.84,1.68733,18235.6,0.0690154,0.99782,0.00017042,19587.4,0.000281164,0.127331,10.2135,12.1848,120.906,84.2423,1.67504,11.3451,12.0165,118.005,132.589,2.90126,-48.3467 
16,46.787,5,16,22765.4,-0.0149157,46.0451,10.8321,118.53,-0.0165734,-19.5082,500,-2.08639,1.35976,6.56729,1.42133,2.43033,1.72724,370.482,0.353686,21637.9,16247,-2.09726,1.34888,6.54553,1.41045,2.41945,0.32009,368.06,0.26396,21635.5,0.0167273,0.998747,2.24737e-05,22003.6,0.000143722,0.0403512,-8.58302,17.3103,125.127,93.5954,2.08525,11.1435,11.6623,118.051,132.085,7.076,-38.4892 
17,46.787,2,17,23158.2,-0.0324529,46.8989,10.8043,118.577,0.00361197,-5.91947,355.807,2.69777,-0.697801,0.178352,0.919213,1.40633,-12.1878,116.795,-11.7328,22342.3,16495.8,2.77451,-0.621058,0.331838,0.995956,1.48308,0.933155,133.89,-11.0997,22359.4,0.00595243,1.1697,-0.000915298,22493.3,0.000946404,-0.0638404,11.1241,14.7164,94.5241,108,2.18199,11.1019,11.6047,118.094,132.555,-23.5696,-24.5548 
18,46.737,9,18,19311.6,-0.0198597,38.0645,-11.1416,118.673,-0.0071701,-19.9581,4.47711e-10,1.40171,-0.206261,-0.330743,2.39015,0.117187,10.2424,1575.14,18.3684,17078.4,13810.4,1.33722,-0.270755,-0.45973,2.32566,0.0526932,1.15401,1560.77,17.8363,17064.1,0.0838008,0.980393,0.00192177,18624.8,0.000336361,0.140891,10.451,12.7794,120.547,83.9676,1.50745,11.5217,12.2739,118.071,132.337,2.47664,-48.369 
19,46.787,7,19,21589.2,-0.000381477,44.1327,10.7717,118.723,-0.0456362,19.4793,3.07407e-11,3.24564,-0.77579,-0.206911,1.7243,-1.6409,-0.559667,610.096,-7.71133,20416.8,15504.2,3.24916,-0.772265,-0.199862,1.72783,-1.63737,1.08442,610.881,-7.68225,20417.6,0.0290502,1.0225,-0.000693586,21028.4,2.30575e-05,0.0465761,10.0586,17.4747,124.461,89.4763,1.98675,11.0427,11.6719,118.241,132.049,6.22079,-42.5727 
20,46.787,9,20,17914.9,0.000150848,35.9587,-10.915,118.464,0.0263475,-52.038,500,-1.65914,0.354969,2.37337,1.83727,-1.22314,21.4127,852.812,-0.811108,16337.8,12821.5,-1.79397,0.220139,2.10371,1.70244,-1.35797,-1.40605,822.778,-1.92345,16307.8,0.0480298,1.00411,-0.000217318,17130.6,0.000291699,0.069174,10.4225,14.4559,121.837,85.2118,1.53054,11.2056,11.9572,117.94,132.033,3.89749,-46.8213 
21,46.737,8,21,18601.2,-0.0392544,37.3287,10.9541,118.581,0.00749258,-38.2932,5.38496e-10,1.90281,0.779862,-1.40499,-1.02684,2.50734,82.018,1494.83,8.76146,16432.5,13320.5,1.38637,0.263416,-2.43788,-1.54329,1.99089,-6.15975,1379.79,4.50079,16317.5,0.0779664,0.994324,0.000507842,17697.3,0.000292806,0.133593,10.4018,12.6356,121.175,83.9398,1.52111,11.2695,12.0367,117.896,132.048,3.27865,-48.1081 
22,46.787,3,22,22090.3,0.0127702,44.9254,10.7129,118.805,-0.0814341,29.7944,500,0.499637,0.522862,-2.82123,-0.126614,2.30026,-60.2731,165.208,-0.320231,21332.9,15746.3,0.879161,0.902386,-2.06219,0.25291,2.67979,1.77758,249.747,2.81084,21417.5,0.0115265,0.980685,0.000241701,21667.2,0.000875486,-0.058737,-10.8688,14.6296,94.0992,108,2.10015,11.0158,11.58,118.32,132.319,-24.2208,-24.3195 
23,46.737,1,23,24708.9,0.0195357,49.6532,10.9558,118.726,-0.0558746,-41.016,500,-2.07796,0.644886,0.40799,0.4762,-2.98536,22.0422,64.5597,-0.191608,23858.7,17783.3,-2.21675,0.506093,0.130402,0.337406,-3.12416,1.02986,33.6434,-1.33666,23827.7,0.00140995,1.07472,-0.000103347,23861.4,0.000982833,-0.0684012,10.5182,-14.8892,93.5812,108,2.25578,11.2248,11.8432,118.278,132.914,-24.6969,-24.9144 
24,46.737,5,24,22672.9,-0.00729327,45.1561,11.0687,118.619,-0.00954683,-2.41753,2.17028e-10,-3.06317,0.979772,5.04348,0.143067,-0.795492,-18.7844,720.88,7.19117,21397,16271.5,-2.94489,1.09805,5.28004,0.261347,-0.677212,-0.749898,747.227,8.16698,21423.3,0.0337036,0.981232,0.000701753,22170.6,4.77159e-05,0.0659937,10.118,15.726,122.7,88.2733,1.98818,11.3034,11.8672,118.115,132.774,4.58511,-44.5009 
25,46.787,6,25,23022.3,0.00698799,44.2755,11.3438,118.394,-0.0190959,-6.51989,500,2.19064,0.789445,-1.44291,-2.42627,2.60797,-47.1853,425.813,-8.47275,21915.7,16354,2.48776,1.08656,-0.848683,-2.12915,2.90508,1.24237,491.995,-6.02157,21981.9,0.0218919,1.02189,-0.000504869,22473.9,4.48155e-05,0.0389388,-9.59869,17.6726,125.282,90.9364,2.02913,11.6105,11.669,117.916,132.455,7.3656,-41.5181 
26,46.737,3,26,21247.8,-0.0430971,43.1511,10.809,118.676,0.0429386,-1.70029,429.54,4.34018,2.18428,0.374873,0.642139,-0.845523,-54.2623,301.554,-14.5589,20316.5,15185.9,4.68186,2.52595,1.05822,0.983814,-0.503847,0.879005,377.662,-11.7401,20392.6,0.0181828,1.05753,-0.00106163,20770.3,-0.000131026,0.0469748,3.43744,68.7994,126.944,108,2.01274,10.9574,11.3986,118.105,132.822,8.8389,-24.8221 
27,46.737,10,27,19216,-0.0333744,37.9896,11.0868,118.881,0.0726978,-124.496,91.5519,-2.09433,-2.31966,0.968889,-1.43039,0.759222,7.70474,1352.09,6.91507,16984.5,14005.6,-2.14284,-2.36818,0.87186,-1.4789,0.710707,1.19782,1341.29,6.51483,16973.7,0.0732344,0.991572,0.000706536,18315,0.000384739,0.127616,10.7394,12.1295,121.115,83.8135,1.54398,11.4591,12.0687,118.237,131.962,2.87745,-48.148 
28,46.787,1,28,24232.7,-0.019976,47.3748,11.1586,118.376,0.0322991,-111.815,490.652,2.43967,0.950855,0.795467,0.42136,-1.16079,-38.6524,63.3197,-15.3296,23372.2,17326.4,2.68306,1.19424,1.28224,0.664744,-0.917405,0.738686,117.533,-13.3216,23426.4,0.0049921,1.24743,-0.00104863,23543.9,0.000991987,-0.061486,-11.16,16.0028,94.099,108,2.16319,11.4254,11.9028,117.954,132.382,-23.8551,-24.3816 
29,46.787,4,29,22799.5,-0.0769594,45.1444,11.17,118.204,0.015396,-97.1045,1.10339e-09,3.89352,2.58696,3.36817,0.0900081,-0.406611,-90.9762,190.717,-5.0268,21986.4,16464.1,4.46637,3.15981,4.51388,0.662861,0.166242,0.651953,318.32,-0.30076,22114,0.0141902,1.00166,-2.5054e-05,22432.4,0.000214662,0.0176755,80.708,-0.146781,139.582,80.7924,2.08299,11.4318,11.6048,117.748,131.173,21.8332,-50.3806 
30,46.737,2,30,23941.6,0.00373334,49.0452,10.776,118.473,-0.0481619,4.18655,7.38151e-12,3.26728,-1.44336,6.14977,2.23932,-1.00723,-74.5515,138.779,-5.95393,23024.6,17211.4,3.73671,-0.973932,7.08863,2.70875,-0.537803,0.410379,243.344,-2.08113,23129.2,0.0104116,1.01519,-0.000165777,23372.5,0.000306383,-1.13146,0.783088,-0.223934,118.376,80.5273,2.25657,11.0078,11.6412,118.042,131.861,0.333278,-51.3333 
31,46.737,6,31,21740.6,0.480866,42.5512,-10.9083,118.842,-0.862636,230.764,2.97625e-12,0.869942,-1.99459,-3.81602,-1.19279,-2.89297,-42.4732,1156.46,-7.99725,19717.2,21590.2,1.13738,-1.72715,-3.28113,-0.925342,-2.62553,0.557904,1216.03,-5.79085,19776.8,0.057926,1.0084,-0.000539678,20992.9,0.000474811,0.105794,10.0699,12.5562,121.792,84.5662,1.81362,11.3578,11.9649,118.249,132.128,3.54268,-47.562 
32,46.787,10,32,19605.8,-0.00122002,39.841,10.8283,118.867,0.00882808,-46.4134,500,1.01462,-0.0488056,-2.57589,0.822321,-3.34697,29.7009,1001.22,20.6548,17831.8,14057.2,0.827601,-0.235824,-2.94992,0.635302,-3.53398,0.43884,959.559,19.1118,17790.1,0.0511774,0.966319,0.00197506,18749.7,0.000312895,0.0920167,9.88758,14.1071,121.855,84.8192,1.6565,11.2095,12.0145,118.298,131.781,3.5579,-46.9622 
33,46.787,8,33,19991.5,-0.114195,38.6642,11.3977,118.425,-0.127104,104.359,7.35411e-13,0.979294,0.370138,-4.50655,-2.71005,-0.0107221,30.1655,534.128,-2.55847,18778.8,14777.5,0.789349,0.180193,-4.88644,-2.9,-0.200666,0.303684,491.818,-4.12551,18736.4,0.0255778,1.0149,-0.000405771,19228.3,6.90903e-05,0.0484694,9.68806,16.2494,123.447,88.0558,1.70963,11.6836,11.8353,117.863,132.404,5.58378,-44.348 
34,46.737,4,34,23763.3,0.00794809,47.5895,10.9395,118.666,-0.0468982,-7.27014,2.98824e-10,1.00176,1.43888,2.79584,1.3913,-2.90075,-27.575,474.613,2.72328,22484.6,16958.5,1.17539,1.61251,3.1431,1.56493,-2.72712,0.340906,513.29,4.15575,22523.2,0.0222815,0.986029,0.00033977,23036.5,0.000112705,0.0468246,9.87334,16.9267,124.142,90.8018,2.13849,11.2755,11.6881,118.15,132.5,5.99249,-41.6981 
35,46.737,7,35,17842.8,-0.0120341,35.1456,11.0665,118.627,0.0245615,-47.8333,160.664,-0.852398,-0.468398,-5.31127,-3.76795,0.340188,-41.6441,1108.11,-0.387047,16046.2,12699.5,-0.590176,-0.206176,-4.78682,-3.50573,0.60241,0.435948,1166.52,1.77628,16104.6,0.0675419,0.997342,0.000203137,17271.1,0.000266303,0.102971,11.1337,11.9848,121.4,84.4417,1.50354,11.3712,11.7698,118.066,131.974,3.3332,-47.5324 
36,46.787,5,36,20635.4,-0.131236,42.8843,-10.5918,118.429,-0.0123005,75.3897,1.39948e-11,0.340009,1.32839,1.35199,-2.63381,-3.71811,-14.9179,274.571,-3.45485,19495.9,14816.6,0.433943,1.42233,1.53985,-2.53987,-3.62417,1.55632,295.495,-2.6799,19516.8,0.0149147,1.01613,-0.000253008,19812.3,0.000131284,0.035689,8.8412,-14.5934,125.756,96.6293,1.99109,10.8277,11.4317,117.965,131.987,7.79092,-35.3576 
37,46.787,2,37,23733.7,-0.0990674,47.6537,11.0534,118.572,0.0459473,-46.3704,457.918,-3.59122,-0.362666,3.43932,0.0403021,4.36886,-47.4601,51.7852,-8.69733,23014.5,17216.3,-3.29238,-0.063822,4.03701,0.339146,4.66771,0.290216,118.353,-6.23187,23081,0.00510155,1.1015,-0.000497616,23199.4,0.000828016,-0.0630143,11.0143,16.5171,93.7446,108,2.21546,11.3556,11.56,118.108,131.861,-24.3634,-23.8611 
38,46.737,9,38,18055.1,-0.01976,37.0817,-10.7936,118.481,0.00889144,21.811,500,1.37443,0.390424,-1.62733,1.02766,2.2638,32.6154,1283.14,5.34272,16072.3,13035.6,1.16906,0.185053,-2.03807,0.822286,2.05843,1.92776,1237.4,3.64841,16026.6,0.071675,0.994867,0.000419175,17264,0.000229477,0.123158,10.2101,12.9261,121.075,84.137,1.51976,11.1322,11.9294,117.83,132.242,3.24529,-48.1053 
39,46.787,7,39,20237.7,-0.0380372,39.537,-11.2811,118.539,-0.0355129,-8.04885,488.885,0.960926,-1.24926,0.071567,3.04662,-0.88882,-2.11831,510.081,-1.76484,19050.7,14528.7,0.974265,-1.23592,0.0982439,3.05996,-0.875481,0.95139,513.052,-1.6548,19053.7,0.0262206,1.00568,-0.000160011,19566.7,8.10669e-05,0.0453685,9.17522,16.9501,123.399,88.8211,1.73455,11.6054,11.9141,118.035,132.337,5.3633,-43.5164 
40,46.787,9,40,20872.7,-0.0677686,39.4402,11.5539,118.736,0.0815246,-38.869,1.27771e-11,2.35854,-3.79303,1.09718,0.425388,-1.84896,61.4356,850.824,-5.32399,19177.5,14937.3,1.9717,-4.17987,0.323493,0.0385444,-2.23581,1.07925,764.654,-8.51545,19091.4,0.0385099,1.01988,-0.000822322,19856,0.000337759,0.0668064,9.99083,15.7203,123.153,86.0241,1.7032,11.8347,11.9371,118.151,132.418,5.00197,-46.3934 
41,46.737,8,41,18415.2,-0.0135988,35.3276,11.4095,118.581,0.0302179,-12.695,500,-1.762,-0.398075,-0.7897,-0.467782,1.97478,-16.8614,1518.92,-4.2617,16156.8,13133.7,-1.65583,-0.291903,-0.577357,-0.36161,2.08095,0.283448,1542.57,-3.38578,16180.5,0.0870376,1.00386,-0.000385612,17723,0.000279359,0.13157,11.0172,12.3074,120.667,83.9066,1.41462,11.8305,12.1871,117.939,132.657,2.72807,-48.7506 
42,46.787,3,42,22982.6,0.0112491,47.3655,10.7117,118.477,-0.0330515,15.6439,500,2.82733,0.279968,0.988751,-0.563856,-0.569852,15.6589,77.183,-1.22606,22250.2,16533.2,2.72873,0.181368,0.791551,-0.662456,-0.668451,0.666116,55.22,-2.03951,22228.2,0.00247807,1.0691,-0.000169047,22283.4,0.000872562,-0.0592011,-10.7855,16.0909,93.7814,108,2.18118,11.0321,11.6283,118.032,132.174,-24.2508,-24.1738 
43,46.737,1,43,22269.9,-0.0553987,45.9,-10.6758,118.553,0.0168406,-1.86184,52.412,-0.970792,0.248463,5.14538,-0.472712,-0.195596,-28.3554,30.9934,-7.94355,21553.1,15952.7,-0.792246,0.427009,5.50247,-0.294165,-0.0170503,-0.140168,70.7645,-6.47054,21592.9,0.00326651,1.1905,-0.000552311,21663.7,0.000211876,-0.0182302,-8.48231,8.24172,111.308,78.1866,2.1599,10.923,11.4973,118.178,131.851,-6.87006,-53.6643 
44,46.737,5,44,22478.1,-0.029103,45.338,-10.8607,118.547,-0.0195234,-1.45232,500,3.29055,1.24715,-0.58614,0.51809,0.454663,12.5267,833.376,-6.45683,20898,16030.3,3.21167,1.16827,-0.743895,0.439213,0.375786,1.16713,815.806,-7.10757,20880.4,0.0376013,1.01548,-0.000627435,21696.2,0.000249155,0.0715126,9.91196,15.0862,122.255,86.1189,2.02608,11.0685,11.6526,118.092,131.225,4.16313,-45.1065 
61,46.737,8,61,19916.8,0.0123671,38.6765,11.3051,118.906,0.00538901,-47.9769,500,-3.08238,-0.901488,2.04479,2.85716,0.924046,-7.92162,1422.4,1.99882,17861.6,14242.1,-3.0325,-0.851608,2.14455,2.90704,0.973927,-0.00146681,1433.51,2.41033,17872.7,0.0742513,0.997066,0.000248367,19306.2,0.000221388,0.128826,10.9936,12.1438,120.91,85.0065,1.56715,11.7015,12.2046,118.248,133.012,2.66177,-48.0053 
62,46.787,3,62,20639.7,0.0425779,41.1041,10.9201,118.425,-0.0913277,-85.6177,1.73096e-11,-2.09625,2.40317,6.47539,-0.716807,0.435598,-39.4302,168.352,-7.55291,19755,14866.4,-1.84797,2.65145,6.97195,-0.468526,0.683879,0.127501,223.657,-5.50459,19810.3,0.0111639,1.04501,-0.000512118,20034,0.00040179,-0.016149,7.43933,8.62869,110.618,75.3332,1.9021,11.2207,11.6385,118.011,132.15,-7.39351,-56.8167 
63,46.737,1,63,21735.1,-0.0360812,43.8595,-10.8789,118.645,-0.00163326,13.0361,4.02313e-10,2.10655,-1.74767,7.30986,-3.38013,-0.645668,-44.2457,21.9183,-11.7865,21090.6,15533.2,2.38515,-1.46906,7.86707,-3.10153,-0.367064,-0.480284,83.9772,-9.48801,21152.7,0.00395435,1.24645,-0.000826957,21236.7,0.000749802,-0.0630857,-11.0747,14.4691,94.5161,108,2.02477,11.2157,11.7161,118.233,132.054,-23.7166,-24.0537 
64,46.737,5,64,20374.3,-0.0741462,41.2336,-10.9369,118.779,-0.0206485,75.3077,416.993,1.34761,2.19854,1.87002,0.462502,2.36994,15.859,760.548,-8.17962,18992.7,14731.2,1.24775,2.09868,1.6703,0.362642,2.27008,0.781645,738.304,-9.00346,18970.5,0.0374606,1.02181,-0.000875035,19708.8,8.62572e-05,0.0635466,10.1088,15.6144,122.387,87.1951,1.84589,11.1416,11.5948,118.297,133.221,4.08972,-46.0263 
65,46.787,6,65,23002.8,-0.0186308,47.4272,10.6641,118.693,-0.0161952,-24.3686,500,0.73854,3.96977,-2.51876,0.679175,0.227492,-33.5158,377.577,1.57916,21852.5,16477.3,0.94958,4.18081,-2.09668,0.890215,0.438533,1.48062,424.586,3.32025,21899.5,0.0190192,0.9865,0.000279209,22324.1,-1.22286e-05,0.059302,-3.08355,70.9484,126.453,108,2.14115,10.8032,11.6506,118.118,132.711,8.33551,-24.7111 
66,46.737,3,66,24381.4,-0.0720485,50.0197,10.7512,118.767,-0.0755344,160.518,499.714,2.95106,0.0170892,2.71195,-0.994785,-0.174119,-98.6077,317.296,-1.85793,23378.2,17900.9,3.57197,0.637996,3.95376,-0.373879,0.446788,0.519978,455.602,3.26454,23516.5,0.0190056,0.987616,0.000255655,23972.1,-0.000204271,0.061255,-3.06335,68.8179,126.389,108,2.27601,10.9259,11.6237,118.235,132.21,8.15444,-24.2096 
67,46.737,10,67,17967.8,0.00102631,34.6031,11.1801,118.701,0.00996789,39.4791,41.8999,2.51695,4.49144,0.920743,2.54003,0.45208,-53.2906,1297.05,4.97221,15917,12606.6,2.85251,4.82699,1.59186,2.87559,0.787637,0.87693,1371.79,7.74056,15991.8,0.0790042,0.990222,0.000890848,17363.5,0.000403929,0.116062,10.5129,12.6067,121.19,83.6662,1.43258,11.5099,12.0813,118.064,131.763,3.12605,-48.0972 
68,46.787,1,68,22952,0.0527644,46.1233,10.6794,118.786,0.0230621,-94.6848,498.677,-0.559368,1.56158,4.56225,-1.99911,0.371645,-61.0874,95.4327,2.26845,21989.8,16105.8,-0.174717,1.94623,5.33155,-1.61446,0.756296,0.146255,181.114,5.44182,22075.4,0.00813754,0.950045,0.000453892,22256.6,0.000389502,0.239799,0.1192,3.55478,108.495,79.2666,2.16746,11.0079,11.5624,118.413,131.633,-9.91781,-52.3663 
69,46.787,4,69,20613.2,0.0637566,42.9022,-10.5205,118.967,-0.126645,35.4965,1.4639e-11,3.1166,0.552814,-1.94539,-2.47983,-1.0586,-20.3277,179.503,-4.58418,19665.6,14839.3,3.24459,0.680812,-1.68939,-2.35184,-0.930607,-0.614437,208.014,-3.52819,19694.1,0.0104519,1.03059,-0.000330121,19902.1,0.00107782,-0.0651433,-10.6461,14.1067,94.6647,108,1.9829,10.7463,11.6119,118.519,132.841,-23.8546,-24.8413 
70,46.737,2,70,21550.5,0.0681136,43.6428,-10.7473,118.702,-0.0657241,-15.1622,499.995,0.366422,1.23103,-0.35889,-1.69591,3.17832,-14.2097,165.651,-13.1381,20725.6,15301.4,0.455896,1.3205,-0.179941,-1.60643,3.26779,1.05523,185.582,-12.4,20745.5,0.00886634,1.13241,-0.00110227,20931.1,0.000343863,-0.0150975,-5.47216,8.4765,108.901,81.3709,2.02216,11.0568,11.6299,118.295,132.565,-9.39386,-51.194 
71,46.737,6,71,19308.5,-0.0693532,39.0588,-10.9393,118.813,0.16762,-23.2181,267.699,0.838801,-1.08374,2.93996,-0.44614,-0.169923,-11.0717,966.228,-8.56574,17612.3,14035.9,0.908516,-1.01402,3.0794,-0.376425,-0.100208,-0.233111,981.757,-7.99058,17627.9,0.0527554,1.01445,-0.000835711,18609.6,0.000193034,0.0960963,10.4294,12.9329,121.547,85.243,1.66524,11.1823,11.8674,118.241,132.634,3.30588,-47.3906 
72,46.787,10,72,16354.3,-0.0218995,31.6384,11.1542,118.699,-0.0178322,-1.45606,500,0.0695319,-0.551723,1.50374,-2.69329,-1.04554,-63.1171,750.73,2.96399,14770.7,11489,0.466964,-0.154292,2.2986,-2.29586,-0.648106,7.90907,839.258,6.2428,14859.3,0.0534609,0.98715,0.000773322,15698.5,0.000444374,0.0621993,9.93322,14.8441,122.307,85.6516,1.33881,11.5096,12.0111,118.063,131.926,4.24366,-46.2746 
73,46.787,8,73,20366.9,-0.0417332,41.3279,-10.7566,118.754,0.025127,10.1954,1.52645e-10,2.03433,-0.877416,5.7499,0.699831,-2.59387,-34.5843,594.693,-17.4878,18985.9,14479.9,2.2521,-0.659648,6.18544,0.917599,-2.3761,0.0211965,643.201,-15.6912,19034.4,0.0326869,1.0446,-0.00152087,19677.6,0.000213875,0.0604349,9.43481,15.0023,122.687,87.5117,1.83317,11.0836,11.7173,118.265,132.277,4.4226,-44.7656 
74,46.737,4,74,20095.9,-0.045073,41.9085,10.5665,118.803,0.0599404,-11.6303,6.65442e-11,-0.581944,-2.56759,-2.75821,-1.90992,-1.09762,-97.6815,421.732,-11.3829,19024.1,14438.1,0.0331304,-1.95252,-1.52806,-1.29485,-0.482549,0.707539,558.739,-6.30853,19161.1,0.0283339,1.02016,-0.000606856,19719.8,0.000573295,-0.317483,-0.0652639,17.9011,126.316,87.3634,1.91719,10.8172,11.4915,118.333,132.363,7.98282,-44.9999 
75,46.737,7,75,16649.4,-0.0265185,35.0373,10.5201,118.957,0.0398839,-44.9633,500,2.03948,-4.6809,-0.631075,-3.69753,-0.570124,-39.6705,1151.86,-0.5686,14800.6,12057.4,2.28928,-4.43111,-0.131485,-3.44774,-0.320329,0.978236,1207.5,1.49221,14856.3,0.0751691,0.997842,0.000184992,16063.8,0.000280033,0.110863,10.2714,12.8103,121.55,83.9794,1.47268,10.764,11.7061,118.336,131.877,3.21411,-47.8976 
76,46.787,5,76,19399,-0.0216136,40.254,10.5288,118.614,0.00357137,-19.6889,421.307,1.44159,1.21234,1.94618,1.99199,1.60027,-35.0202,183.595,-3.0341,18439.3,13799.3,1.66211,1.43285,2.3872,2.2125,1.82078,0.749123,232.715,-1.21488,18488.5,0.0124305,1.00922,-0.000121059,18721.2,-0.000351465,0.0192866,6.93975,147.778,124.011,108,1.83818,10.808,11.5144,118.132,131.463,5.87896,-23.4634 
77,46.787,2,77,22258.4,-0.0786005,46.1971,10.6948,118.594,0.0181594,49.4328,500,3.84691,-1.61914,1.26828,-0.58276,-2.42855,-34.3463,50.6282,-9.08738,21591.5,16112.8,4.06318,-1.40287,1.70082,-0.36649,-2.21228,0.0457472,98.8022,-7.30316,21639.7,0.00454504,1.14857,-0.000622077,21738.5,0.000143242,-0.0218142,-8.68942,5.93894,110.559,77.8564,2.1542,10.9147,11.5648,118.194,131.703,-7.6356,-53.8471 
78,46.737,9,78,18222.1,-0.00268444,36.8609,10.7462,118.845,-0.00798766,-16.3865,383.509,2.54201,4.47154,3.29345,-1.22194,-0.721355,-19.9488,1459.1,13.1677,15910.9,12899.1,2.66762,4.59715,3.54467,-1.09633,-0.595743,0.611218,1487.08,14.204,15938.9,0.085337,0.983559,0.00163891,17425.9,0.000594761,0.134693,10.6545,12.2844,120.763,83.944,1.4805,11.0083,12.1136,118.252,132.417,2.51184,-48.4728 
79,46.787,7,79,20555.2,0.0483166,41.2745,-10.8413,118.827,-0.127814,26.2326,9.4604e-12,3.76284,2.99158,1.09826,-3.35564,-0.233622,-60.2613,476.197,-6.66775,19373.9,14675.7,4.14229,3.37103,1.85715,-2.97619,0.145827,0.716036,560.719,-3.53729,19458.4,0.0280091,1.01116,-0.000334983,20019.2,0.000136875,0.0483461,9.53762,15.5519,124.239,89.6843,1.84484,11.1794,11.7742,118.331,132.36,5.90819,-42.6752 
80,46.787,9,80,16407.9,-0.035209,33.3672,10.9344,118.722,-0.00196784,14.8001,500,-0.868345,-0.500271,7.20762,-2.73338,1.55538,-62.213,717.856,-6.14953,15187,11878,-0.476607,-0.108532,7.9911,-2.34164,1.94712,-0.139722,805.116,-2.91768,15274.3,0.0500712,1.00638,-0.000352001,16079.4,4.10559e-05,0.0583615,10.3105,16.6437,122.927,87.0802,1.44461,11.179,11.7959,118.115,132.915,4.81205,-45.8346 
81,46.737,8,81,19222.6,-0.0441204,39.0179,10.8296,119.028,-0.000787909,-12.1871,273.484,2.12334,1.70913,2.40916,-2.60499,0.556929,-10.694,1426.83,7.90599,17012.1,13755.6,2.19068,1.77647,2.54383,-2.53765,0.624267,0.446704,1441.83,8.46153,17027.1,0.0780677,0.989834,0.000914585,18469,0.000334715,0.133355,10.0453,12.8095,121.084,84.8064,1.58208,11.1516,12.1165,118.387,132.744,2.69686,-47.9374 
82,46.787,3,82,20577.3,-0.0215905,43.4467,10.431,118.679,-0.0513086,42.348,1.6511e-10,1.46,-1.66673,-1.65041,3.21397,-2.24406,-62.5488,7.77646,-2.5219,19909.1,14823.6,1.85386,-1.27288,-0.8627,3.60782,-1.85021,1.58453,95.5072,0.727391,19996.8,0.00475342,0.986847,6.70028e-05,20092.3,0.000446206,-0.0346457,-3.03243,62.5531,106.036,108,2.0494,10.815,11.3904,118.162,131.141,-12.1265,-23.141 
83,46.737,1,83,18231.8,-0.048887,37.9252,10.5932,118.662,0.175742,-33.9334,256.358,-0.501846,0.529914,1.57861,1.2503,-0.411269,-58.9744,117.79,11.2878,17455.8,13272.4,-0.1305,0.90126,2.3213,1.62164,-0.0399232,0.503335,200.507,14.3514,17538.6,0.0113031,0.888686,0.00150509,17739.1,0.000299046,-0.00570813,-0.092902,-5.89515,95.6696,71.2221,1.76813,10.8593,11.4205,118.265,132.317,-22.5956,-61.0946 
84,46.737,5,84,18971.1,-0.114205,40.0417,10.5425,118.782,0.0398633,-0.119916,500,2.94187,-1.13937,2.73694,-0.97182,-0.134541,-76.036,624.617,-13.0886,17764.2,13742.2,3.42065,-0.660587,3.6945,-0.493041,0.344238,0.414107,731.265,-9.13869,17870.9,0.0393108,1.02236,-0.000942892,18602.1,3.85186e-06,0.0604768,9.69984,16.0454,122.498,87.3213,1.78628,10.8033,11.5572,118.271,132.132,4.22754,-44.8111 
85,46.787,6,85,23588.6,-0.0321455,45.4425,11.3556,118.69,-0.0485393,58.8878,34.7135,-2.59639,-2.50448,2.14429,-1.03525,-4.26556,-32.5864,361.465,-10.9425,22532.5,16891.4,-2.3912,-2.29929,2.55466,-0.830065,-4.06037,1.36359,407.171,-9.24966,22578.2,0.0177143,1.0414,-0.000755228,22985.4,-2.1344e-05,0.0406134,9.40038,16.4552,124.783,93.9381,2.09227,11.6846,11.5797,118.229,132.142,6.55421,-38.2042 
86,46.737,3,86,21333.3,0.0209314,44.8802,10.3857,118.64,-0.00633056,-15.4601,1.39373e-10,3.3521,2.07148,4.15622,2.2717,-0.460486,-24.2287,296.892,-6.41172,20345.3,15176.6,3.50467,2.22404,4.46134,2.42426,-0.307925,0.637477,330.875,-5.15309,20379.3,0.0159765,1.02802,-0.000466011,20710.1,-5.38703e-06,0.0568095,-3.01723,62.5175,126.703,108,2.12362,10.4717,11.2848,118.073,131.812,8.62965,-23.8121 
87,46.737,10,87,18104.4,-0.100226,36.4153,-10.931,118.748,0.00734133,38.5761,2.77234e-12,1.44334,0.607629,4.86528,2.44774,1.70028,-61.9903,1273.88,8.21291,16168.9,12967.3,1.83367,0.997965,5.64595,2.83808,2.09062,0.578858,1360.82,11.4332,16255.9,0.0772463,0.98551,0.00129393,17616.7,0.000351792,0.11668,10.7725,12.6398,121.272,83.6067,1.50304,11.1136,12.0388,118.074,132.012,3.19843,-48.4049 
88,46.787,1,88,22266.3,-0.0194827,44.9143,10.8177,118.74,-0.0185121,64.2588,407.279,-0.606772,1.43447,1.63918,-0.629454,-1.74789,-15.6997,65.6515,-1.93146,21334.3,15855.3,-0.507916,1.53332,1.83689,-0.530597,-1.64904,-1.69077,87.6718,-1.11589,21356.3,0.00408841,1.02278,-9.62614e-05,21444,0.000600431,-0.0175579,7.84295,9.02511,108.927,80.0913,2.06997,11.0689,11.6,118.354,131.952,-9.42736,-51.8606 
89,46.787,4,89,18588.8,-0.032219,38.8121,10.4975,118.596,0.0133682,-8.54161,174.587,-1.69059,-1.39118,3.70352,-0.40159,-0.779659,-78.0844,225.576,-7.69558,17774.7,13266.9,-1.19891,-0.899501,4.68687,0.0900866,-0.287982,-0.960573,335.097,-3.63925,17884.2,0.0183924,1.01937,-0.000374989,18219.3,0.000870972,-0.059166,10.9036,-13.1339,94.0254,108,1.80844,10.8017,11.4766,118.166,131.557,-24.1411,-23.5569 
90,46.737,2,90,22294.5,-0.0665619,46.6092,10.552,118.72,0.024636,183.83,76.1232,2.47491,3.17574,3.15249,-3.42755,-0.190145,-58.3708,99.7386,-17.8055,21553.9,16157.7,2.84245,3.54329,3.88758,-3.06,0.177401,0.473991,181.609,-14.7732,21635.8,0.00832407,1.16598,-0.0012594,21817.4,0.000890631,-0.0657852,10.6781,15.3842,94.6698,108,2.21683,10.7779,11.37,118.305,132.061,-23.6354,-24.0611 
91,46.737,6,91,16524.9,-0.0287325,34.0741,10.631,118.819,0.0347216,-17.2635,1.46734e-05,5.0647,2.94713,2.38907,1.13492,-3.17369,-39.1771,686.957,-1.99986,15111.8,11811.7,5.31139,3.19382,2.88245,1.38161,-2.927,0.707135,741.907,0.0353113,15166.7,0.0466354,0.999917,4.28878e-06,15908.7,0.000269025,0.0644444,9.33096,14.7328,122.556,85.6457,1.52682,10.8626,11.4511,118.252,131.918,4.30439,-46.2722 
92,46.787,10,92,16764.8,-0.0456257,33.938,10.8825,118.907,0.00104834,-84.0315,47.5928,0.890664,1.411,3.6608,0.286858,-1.14503,-28.7259,741.365,10.7847,15285.1,12025.8,1.07154,1.59188,4.02256,0.467738,-0.964148,0.350107,781.656,12.277,15325.4,0.0485289,0.973249,0.00147352,16107,0.000332587,0.069128,9.83262,14.6363,122.392,86.0042,1.41131,11.1609,12.1187,118.33,132.446,4.06206,-46.4416 
93,46.787,8,93,19687.7,0.0494067,40.5005,10.6594,118.912,-0.00859266,-48.4874,2.11321e-11,-0.906458,-0.559118,7.2934,2.46191,0.610985,-39.4824,590.476,-1.69607,18435.3,14067.2,-0.657848,-0.310507,7.79062,2.71052,0.859596,0.250353,645.854,0.354964,18490.6,0.0337499,0.999039,3.53615e-05,19136.5,0.000136712,0.0505535,9.63697,18.1876,123.664,88.6864,1.78772,10.9093,11.8196,118.421,132.589,5.24304,-43.9023 
94,46.737,4,94,20511,-0.076027,42.1273,-10.7805,118.762,0.165952,-23.5113,258.731,2.38122,2.32851,7.66977,1.86198,0.0345639,-23.5304,456.536,-21.9535,19469.3,14911.2,2.52939,2.47667,7.96609,2.01014,0.182728,0.474706,489.539,-20.7312,19502.4,0.0244869,1.08004,-0.00196202,19991.9,-0.000101756,0.0494986,9.56378,15.1875,123.132,89.3799,1.89319,11.0926,11.6944,118.311,132.342,4.82097,-42.9623 
95,46.737,7,95,18598.4,-0.0436004,38.3451,10.6645,119.013,-0.0118858,81.6615,14.8558,-2.16171,0.680191,2.39781,-2.60928,-2.20933,-41.2203,1202.29,-0.388072,16693.7,13343.6,-1.90216,0.939744,2.91691,-2.34973,-1.94978,2.24388,1260.1,1.75324,16751.5,0.0699604,0.997571,0.00019276,18011.6,0.000258078,0.120904,9.98846,12.1168,121.407,84.0013,1.61957,10.9742,11.799,118.396,132.264,3.01156,-48.2626 
96,46.787,5,96,18845.7,-0.0319806,38.7786,10.6776,118.595,-0.00230085,-16.5867,5.56083e-11,1.01669,1.78019,-2.40109,3.11798,-1.54302,-29.1263,183.326,-14.7059,17939.1,13480.3,1.20009,1.96359,-2.03429,3.30138,-1.35962,1.66239,224.178,-13.1928,17980,0.0123147,1.11481,-0.00135348,18204.2,6.40457e-05,0.0238881,8.44773,18.07,125.239,95.6686,1.80085,10.9042,11.5301,118.21,132.454,7.02937,-36.7857 
97,46.787,2,97,21662.5,-0.0302672,45.685,-10.3748,118.798,0.0124843,1.33085,498.614,-0.583312,0.0081261,2.71511,2.25861,0.49661,-30.2392,78.7703,-13.2988,20938.2,15430,-0.392903,0.198535,3.09593,2.44902,0.687019,0.487225,121.184,-11.728,20980.6,0.00574282,1.20389,-0.00103078,21101.8,0.000328165,-0.023169,7.85811,9.16326,111.747,78.9798,2.18,10.5647,11.4014,118.421,132.56,-6.67457,-53.5801 
98,46.737,9,98,18034.7,-0.0328223,34.2491,11.5466,119.012,0.00601592,-8.66573,183.747,-3.67601,-1.36356,4.05956,-2.60957,-0.462757,-24.6968,1509.54,0.260068,15784.1,12875.3,-3.5205,-1.20805,4.37057,-2.45406,-0.307248,2.40114,1544.18,1.54302,15818.7,0.0889355,0.998254,0.000179654,17362.9,0.000314432,0.138183,10.8791,12.2396,121.367,83.1972,1.38035,11.8972,12.072,118.254,131.411,3.11262,-48.2142 
99,46.787,7,99,20018.5,-0.0657466,40.6526,10.7815,118.852,0.0848978,-58.1496,4.09528e-11,-0.122877,-1.10037,1.37982,0.186508,-2.68828,-111.521,539.184,-1.66149,18651.6,14428.7,0.579344,-0.398148,2.78426,0.888729,-1.98605,-0.490399,695.604,4.13183,18808,0.0356653,0.989712,0.000404518,19503.7,0.000258768,0.0437944,9.52015,18.3265,124.6,89.9267,1.83815,10.9841,11.5943,118.335,132.556,6.26583,-42.6291 
100,46.787,9,100,18994.1,-0.0328353,38.4924,10.8152,119.101,0.0768405,-93.1474,145.105,-0.58661,-2.35476,4.21244,0.657312,-2.59849,-85.815,768.561,-0.879459,17448.1,13785.1,-0.0462559,-1.81441,5.29315,1.19767,-2.05814,-1.05798,888.925,3.57846,17568.4,0.048161,0.993004,0.000375072,18457.4,0.000238815,0.0689027,9.46954,15.9809,123.021,87.2497,1.67809,11.0938,11.7655,118.531,132.692,4.4899,-45.4428 
101,46.737,8,101,18846.1,-0.0272854,38.7323,10.7668,119.045,0.0157558,-7.72703,500,2.06728,-1.64017,5.19141,0.369404,-0.969018,-35.9371,1162.11,3.92912,16935.9,13579.4,2.29357,-1.41388,5.64398,0.595691,-0.742732,0.114896,1212.51,5.79599,16986.3,0.0666258,0.991704,0.000628159,18198.8,0.000368477,0.119849,10.0722,11.324,121.461,83.8827,1.61393,11.006,11.9448,118.463,131.987,2.99774,-48.1047 
102,46.787,3,102,19335.9,-0.0304506,40.8046,-10.4051,118.762,-0.00505933,-0.750016,500,2.64751,0.776256,1.82515,-2.83878,1.31839,-24.0366,50.9616,-15.1084,18567.3,13821.5,2.79886,0.927608,2.12785,-2.68743,1.46974,0.541078,84.6753,-13.8598,18601,0.00453156,1.40143,-0.00137446,18685.7,0.000800949,-0.0614004,10.5123,13.2078,94.4649,108,1.94646,10.6916,11.2619,118.384,132.01,-23.9195,-24.01 
103,46.737,1,103,18721.7,-0.0224592,37.7918,10.828,118.858,-0.00950303,-11.7474,375.669,-1.37347,-1.61865,0.223443,2.45184,0.837054,-68.8425,17.6286,-10.4949,18066.4,13324.8,-0.939988,-1.18517,1.09041,2.88532,1.27054,0.650634,114.187,-6.91871,18163,0.00624751,1.11861,-0.000702193,18277.2,0.000272112,-0.019298,6.77263,13.1176,111.851,77.202,1.81739,11.1501,11.2204,118.414,132.429,-6.56312,-55.2273 
104,46.737,5,104,21036.4,0.0384579,41.2206,11.0929,118.853,-0.0474816,-25.3933,3.11599e-10,-1.34023,3.5554,1.66903,-0.648451,-0.900337,-74.306,748.367,0.623573,19363.6,14924.4,-0.872348,4.02329,2.6048,-0.180565,-0.432452,0.493498,852.588,4.48363,19467.8,0.0419573,0.990881,0.000424075,20320.4,0.000442852,0.05938,9.76872,16.7107,122.884,87.8953,1.80889,11.4266,11.7062,118.251,132.088,4.63265,-44.1931 
105,46.787,6,105,20633.7,0.0467938,41.3233,-10.7961,118.612,-0.126534,33.5822,2.77515e-11,0.782181,1.94161,-3.1396,1.37436,-0.453055,-128.616,369.266,-4.98027,19387.9,14661.4,1.59204,2.75148,-1.51988,2.18422,0.356807,1.28331,549.662,1.70109,19568.3,0.027322,0.994613,0.00016011,20117.9,0.000719719,0.0413071,-0.20731,57.7535,126.023,108,1.89539,11.0849,11.497,118.168,131.017,7.85491,-23.0173 
106,46.737,3,106,20739.2,0.0886195,42.9225,-10.48,118.682,-0.163188,18.1413,3.8529e-11,-0.304928,-3.04837,-0.97964,-1.88441,0.0605274,-47.1805,280.787,-5.67021,19701.9,14739.8,-0.00784479,-2.75129,-0.385474,-1.58732,0.35761,0.911878,346.962,-3.21927,19768.1,0.0172489,1.01651,-0.000300081,20115.1,0.000470552,0.00284213,422.066,-0.426879,93.0222,75.2042,1.99439,10.7903,11.5009,118.304,132.342,-25.2821,-57.1378 
107,46.737,10,107,19018.7,-0.0463146,39.0991,10.7002,118.957,0.0240563,-37.0168,255.059,-1.68074,-0.973124,-1.37315,-1.81043,-3.1922,26.2228,1284.09,-1.06894,16887,13648.2,-1.84586,-1.13824,-1.70339,-1.97554,-3.35732,0.830007,1247.31,-2.43117,16850.2,0.0689216,1.00342,-0.000265851,18097.5,0.000422718,0.12127,9.9909,13.1509,121.215,84.5717,1.62933,10.9214,11.8729,118.435,133.193,2.78021,-48.621 
108,46.787,1,108,23035.8,-0.0126892,47.0091,10.6747,118.82,0.00856168,30.2225,8.1421,1.77323,1.0441,-3.03689,-1.99087,3.81688,-48.2401,51.8145,-19.0721,22196,16343.9,2.07699,1.34786,-2.42938,-1.68712,4.12064,1.70848,119.476,-16.5662,22263.7,0.00533777,1.32039,-0.00137257,22383.1,0.000950836,-0.0654816,10.8162,14.0436,94.2982,108,2.23187,10.912,11.4581,118.43,132.735,-24.1322,-24.7346 
109,46.787,4,109,19404.5,-0.0389824,40.5722,10.4438,118.772,0.0303423,-14.1455,500,1.74275,2.64073,-1.55797,-0.800359,1.20405,-50.8925,217.797,-2.10402,18445.7,13807.7,2.06321,2.96119,-0.917054,-0.479902,1.52451,1.178,289.178,0.539752,18517.1,0.0153767,0.996744,5.36923e-05,18806.3,0.000251091,0.0367931,8.24511,-14.1089,125.846,99.7497,1.93198,10.6865,11.1419,118.334,132.641,7.5115,-32.8914 
110,46.737,2,110,21241.6,-0.0515881,43.7588,10.6779,118.785,-0.0028856,15.1974,439.933,0.0907853,1.38188,4.92451,1.90635,-0.170425,-71.6079,118.053,7.45376,20291.9,15212,0.541681,1.83277,5.8263,2.35724,0.280471,0.462442,218.49,11.1736,20392.4,0.0106007,0.917856,0.00100833,20610.9,0.00111638,-0.0667037,-10.1693,13.2999,93.3246,108,2.05633,10.8385,11.3893,118.354,132.284,-25.0296,-24.2845 
111,46.737,6,111,20292.1,0.00177493,40.5683,-10.8805,118.793,-0.0747306,55.6352,500,-2.03165,-1.76631,1.72312,0.122098,-3.08445,-7.46464,988.453,-2.62993,18577.7,14504.5,-1.98465,-1.71931,1.81712,0.169101,-3.03744,1.38214,998.923,-2.24215,18588.1,0.0509992,1.00394,-0.000222249,19587,0.000420086,0.081433,10.3853,13.6569,121.683,85.7752,1.7896,11.0958,11.6482,118.297,132.452,3.38545,-46.6767 
112,46.787,10,112,16987.2,0.0236391,33.5953,10.9035,118.807,0.0123257,-27.6233,11.1294,3.41769,3.57704,1.23823,1.84085,-0.728059,-60.6132,877.123,1.17699,15312,11935.6,3.79935,3.9587,2.00156,2.22251,-0.346394,0.827981,962.139,4.32572,15397,0.0588136,0.992194,0.000517265,16359.1,0.000465639,0.0866127,9.96532,12.2354,121.04,84.8346,1.46041,11.27,11.614,118.223,132.139,2.81708,-47.3047 
113,46.787,8,113,18937.7,-0.0048076,38.5319,10.6898,119.011,-0.0174857,-0.0417675,43.4994,-2.36424,2.02957,-0.267794,0.990801,-0.554565,-56.9219,609.203,12.7273,17534.1,13408.7,-2.00582,2.388,0.44905,1.34922,-0.196143,0.773699,689.041,15.6843,17613.9,0.0376465,0.961692,0.00163762,18302.9,0.000366822,0.0527809,9.77725,16.3082,123.078,87.2847,1.67834,10.9868,11.8535,118.589,132.266,4.48898,-44.9815 
114,46.737,4,114,20796.3,-0.0613895,42.2609,-10.7119,118.915,0.0278529,23.54,0.0339221,0.156528,0.27936,1.07946,-1.26854,0.0515673,-42.5204,499.763,-6.43127,19528.5,14758.1,0.424268,0.547099,1.61494,-1.0008,0.319307,0.152177,559.402,-4.22242,19588.2,0.0277652,1.01339,-0.000397242,20147.6,0.000242143,0.0478972,9.3532,16.1299,124.028,90.0126,1.92567,10.9972,11.5348,118.458,132.096,5.57073,-42.0835 
115,46.737,7,115,18550.4,-0.0293111,38.3761,10.5865,118.935,0.0212046,-12.9311,92.0699,-0.172177,3.57952,0.725335,1.6971,1.09455,-35.2383,1119.07,6.47142,16657.5,13234.3,0.0497097,3.80141,1.16911,1.91898,1.31643,0.858387,1168.49,8.30199,16706.9,0.0653688,0.987719,0.00091454,17875.4,0.000407334,0.0965469,10.2285,13.9468,121.813,85.1088,1.65502,10.806,11.6252,118.418,132.623,3.39474,-47.5141 
116,46.787,5,116,19382.6,0.00345586,40.1353,-10.56,119.006,-0.0120267,-20.7931,500,-2.2244,2.67725,6.11343,-1.90909,-4.16977,-63.3004,239.795,-5.16605,18358,13805.2,-1.82582,3.07584,6.9106,-1.51051,-3.77118,-1.40041,328.58,-1.87772,18446.8,0.0175006,1.0101,-0.000187545,18775.4,0.000268634,0.0283129,9.52332,16.2158,125.336,96.2256,1.87416,10.7744,11.3615,118.556,132.146,6.77987,-35.9205 
117,46.787,2,117,22448.4,-0.0239799,45.8647,10.6908,118.895,-0.0348916,32.575,101.858,-0.612892,-1.88654,3.20703,-0.269248,-0.0696847,-45.6775,37.5767,-4.39727,21565.9,15998.9,-0.325273,-1.59892,3.78226,0.0183714,0.217934,-0.805914,101.644,-2.02441,21629.9,0.00467724,1.03611,-0.000172438,21731.6,0.000405208,-0.0172143,-8.10233,10.383,114.42,72.7896,2.13392,10.9084,11.6389,118.521,132.539,-4.10037,-59.7491 
118,46.737,9,118,16832.2,-0.00352374,34.6728,10.5564,118.972,0.00607447,-60.8505,2.2406,-0.561826,3.41933,0.00919557,0.443528,1.26457,-78.9944,1337.36,-1.87054,14679,11927.2,-0.0644191,3.91674,1.00401,0.940934,1.76197,0.867181,1448.16,2.23306,14789.8,0.0891835,0.997309,0.000278055,16238,0.000503048,0.1326,10.0657,12.3583,121.119,83.9074,1.42116,10.8419,11.8639,118.394,131.79,2.72586,-47.8826 
119,46.787,7,119,19122.2,-0.0216478,38.5336,-10.9114,118.513,-0.00514919,-4.70174,1.23048e-10,0.738558,-0.615228,-1.98903,-1.09065,-0.175166,-39.5855,351.694,-6.50477,18138.9,13688,0.987818,-0.365968,-1.49051,-0.841391,0.0740933,0.0889073,407.216,-4.44838,18194.5,0.0218914,1.01949,-0.000450581,18601.7,0.000418439,-0.382132,-0.0584923,15.1863,124.537,88.4284,1.75539,11.2257,11.5975,118.056,131.881,6.48125,-43.4523 
120,46.787,9,120,17184.7,-0.055191,35.5264,10.6832,118.98,0.11096,99.7382,469.147,3.98001,2.63328,-0.707505,-0.863692,1.4956,7.80378,739.632,-1.06699,15749.1,12715.5,3.93087,2.58414,-0.805782,-0.91283,1.44646,1.12907,728.687,-1.47238,15738.2,0.0442517,1.00355,-0.000172367,16466.9,0.000179667,0.0720859,10.0585,12.9194,121.964,85.7551,1.52821,10.947,11.8796,118.485,132.553,3.47867,-46.7977 
121,46.737,8,121,18548.6,-0.00922636,37.4001,-10.8935,119.051,0.0176441,-1.96973,2.31205e-11,1.22062,1.43182,-0.658475,-0.295426,1.56938,-18.3871,1454.94,11.53,16256.1,13263.9,1.33639,1.5476,-0.426918,-0.179648,1.68515,1.10774,1480.73,12.4851,16281.8,0.0833622,0.985459,0.00141056,17762.6,0.00042127,0.129517,10.5059,13.3517,121.498,84.0668,1.51435,11.1468,12.0436,118.403,132.066,3.09514,-47.9988 
122,46.787,3,122,23120.4,-0.0502308,47.8121,10.623,118.931,0.0043078,15.3332,442.202,4.51961,2.1333,1.91307,-0.478722,0.221025,7.18486,77.6609,-4.49273,22210.6,16536.2,4.47437,2.08806,1.82258,-0.523963,0.175784,0.773221,67.5835,-4.86597,22200.6,0.00303498,1.14416,-0.00040392,22268.2,0.00102565,-0.0648145,-10.9673,15.2954,94.297,108,2.2087,10.8903,11.6397,118.521,132.675,-24.2244,-24.6754 
123,46.737,1,123,20073.8,-0.0396904,40.9218,-10.7652,118.69,0.0106241,-81.7309,481.331,1.56824,-0.616757,-1.46117,-0.332792,-1.72692,9.3413,48.5889,-12.8906,19407.3,14369.1,1.50943,-0.675577,-1.57881,-0.391611,-1.78574,0.45974,35.4868,-13.3758,19394.2,0.00182643,2.93786,-0.00127209,19429.6,0.000180808,-0.0209016,7.64276,10.1401,111.603,78.4967,1.9372,11.0451,11.4558,118.297,132.289,-6.69413,-53.7921 
124,46.737,5,124,20677.9,-0.040009,42.4217,-10.6948,118.897,-0.0978179,0.976538,488.45,1.46803,-3.63262,1.58674,-1.8091,-0.657618,26.8857,665.208,-5.78505,19309.3,14772.3,1.29873,-3.80192,1.24815,-1.97839,-0.82691,1.3074,627.498,-7.18171,19271.6,0.031534,1.02044,-0.000686946,19899.1,0.000136059,0.0576746,9.98795,16.6253,123.141,87.9545,1.90754,10.9074,11.6284,118.436,132.205,4.70529,-44.2502 
125,46.787,6,125,17994.6,-0.0286112,36.2187,10.8815,118.831,0.0222438,8.71782,147.213,1.36517,3.95705,-2.15794,-0.485891,-1.72569,-7.38671,375.718,-8.73207,17089.4,12836,1.41168,4.00356,-2.06492,-0.439379,-1.67918,2.67638,386.079,-8.34834,17099.8,0.0220795,1.03933,-0.000900149,17485.9,0.000365835,-0.0371296,-0.0692478,19.9716,126.443,88.0951,1.65216,11.2768,11.5634,118.363,131.726,8.07998,-43.6311 
126,46.737,3,126,20288.4,-0.0745417,42.7127,-10.5155,118.78,0.0861034,-34.7499,209.831,2.0366,5.05955,-3.93381,0.244927,1.20811,30.395,242.867,-1.91981,19621.4,14718.6,1.84521,4.86816,-4.31659,0.0535384,1.01672,2.24503,200.235,-3.49877,19578.8,0.0101236,1.03154,-0.000329297,19779,-0.000137818,0.0322349,-9.07553,16.1306,125.651,97.1743,2.00059,10.7659,11.4134,118.418,132.493,7.23312,-35.3185 
127,46.737,10,127,16891.4,-0.0173856,33.9356,-10.8699,119.011,0.000316405,-12.01,389.62,0.24704,-0.826793,4.60176,1.60281,-0.652515,55.2718,1203.06,2.85839,14991.1,12008.3,-0.100992,-1.17483,3.90569,1.25478,-1.00055,-0.354212,1125.53,-0.0128776,14913.6,0.0701745,1.00002,-1.59063e-06,16039.1,0.00024796,0.107772,10.5063,12.7729,121.508,83.8667,1.44205,11.2138,11.6938,118.394,132.57,3.11476,-48.7032 
128,46.787,1,128,21469.2,0.00805218,44.1327,10.6623,118.999,-0.0301514,-8.56716,6.5867e-12,2.38216,-0.00733479,2.83202,-0.698247,-1.08081,9.23332,20.5354,-17.6121,20805.6,15326.6,2.32402,-0.0654745,2.71574,-0.756386,-1.13895,0.117965,7.58474,-18.0918,20792.7,0.000364647,-0.315035,-0.0016054,20800.2,0.000140556,-0.0204098,8.76915,8.2001,112.428,79.4643,2.10385,10.9449,11.4053,118.618,132.46,-6.18948,-52.996 
129,46.787,4,129,22024.8,0.0020589,45.6863,-10.5433,118.739,-0.0552834,62.4817,500,-0.517083,-0.581755,2.98926,2.59874,-0.942738,-82.2134,208.508,1.72583,21193.5,15792.9,0.000592577,-0.064079,4.02461,3.11642,-0.425062,0.395021,323.821,5.99666,21308.8,0.0149691,0.96861,0.000518131,21632.6,0.000782268,-0.0438328,2.97723,61.2572,105.864,108,2.11548,10.8935,11.5836,118.249,133.336,-12.3849,-25.336 
130,46.737,2,130,20180.6,-0.0319917,42.235,10.4648,119.017,-0.0432016,29.3835,234.418,0.414282,0.120537,1.14651,0.400547,2.3337,-28.6698,150.233,-10.9862,19338.6,14429.2,0.594808,0.301063,1.50756,0.581074,2.51423,0.725835,190.445,-9.4969,19378.8,0.00973187,1.09561,-0.000903569,19569.3,0.000750002,-0.0445719,-3.02629,58.1752,106.486,108,1.99157,10.788,11.3885,118.462,132.022,-11.976,-24.0225 
131,46.737,6,131,17441.3,-0.0206021,35.9379,10.5001,118.992,0.0152144,-8.43673,2.24614e-10,3.79551,0.884497,1.22926,2.64282,-0.0991122,-45.6431,986.996,5.73499,15770.4,12288.3,4.08291,1.1719,1.80406,2.93022,0.18829,0.822738,1051.02,8.10606,15834.4,0.062244,0.986683,0.000942135,16885.4,0.000333192,0.0899308,9.86738,13.4955,122.164,85.1643,1.55704,10.8207,11.701,118.353,132.081,3.81125,-46.9165 
132,46.787,10,132,17480.5,0.0109697,33.133,11.5593,118.643,-0.143273,68.8709,74.0411,1.80222,-0.315923,-0.855049,-2.66106,1.96989,-16.8109,586.268,4.58026,16358.8,12788.9,1.90807,-0.21007,-0.643342,-2.55521,2.07575,2.11848,609.847,5.45355,16382.4,0.0358898,0.984592,0.000612846,16992.2,3.77509e-05,0.0526717,10.3038,16.679,123.905,88.3729,1.41834,11.9676,12.0564,118.009,132.253,5.89613,-43.8797 
133,46.787,8,133,18332.8,-0.0490583,35.6984,11.3109,118.926,0.0287142,-11.9194,118.489,-2.24999,1.0215,1.55087,1.92213,-0.134321,-45.3754,591.14,-4.57692,17095.2,13155.5,-1.96427,1.30722,2.1223,2.20784,0.151396,0.445075,654.784,-2.21975,17158.9,0.0367574,1.00597,-0.00023836,17813.7,0.000110444,0.0543779,9.72102,16.2393,122.699,87.7987,1.55466,11.6352,11.861,118.363,132.639,4.33577,-44.8403 
134,46.737,4,134,18291.8,-0.024336,38.7888,10.4437,118.62,-0.00902952,20.6963,500,-0.0880471,0.925881,0.844623,-1.01707,-1.03792,-31.2043,250.371,-7.57934,17531.3,13193.3,0.108438,1.12237,1.23759,-0.820587,-0.841439,-0.534767,294.138,-5.95834,17575.1,0.0164606,1.03675,-0.000624905,17869.2,-9.17559e-05,0.0391018,8.03288,17.2876,125.547,91.8397,1.82199,10.7195,11.2648,118.15,131.864,7.39647,-40.0242 
135,46.737,7,135,19330.6,-0.00237828,39.4208,10.7758,119.05,-0.00588981,-8.30517,1.72827e-09,-0.714857,2.56447,-4.12847,-0.088955,-0.165561,22.3764,1237.67,-3.24002,17265.9,13829.9,-0.855755,2.42358,-4.41026,-0.229853,-0.306459,-0.305293,1206.28,-4.40243,17234.5,0.0654137,1.00643,-0.000470774,18440.8,0.000349136,0.119941,9.99326,12.7201,121.555,84.8844,1.63775,11.0568,11.9725,118.462,132.763,3.09312,-47.8784 
136,46.787,5,136,21989.3,-0.0843306,44.826,-10.8688,119.209,-0.00210268,44.9534,360.147,2.66801,-2.49244,2.62498,-0.77362,-1.53873,-43.511,234.787,-6.74418,21118,15863.2,2.94198,-2.21846,3.17294,-0.499643,-1.26475,-0.488196,295.815,-4.48387,21179,0.013775,1.02725,-0.000390149,21474.9,0.000133387,0.016335,17.8558,9.49407,88,65.8033,2.03877,11.0499,11.7567,118.784,132.543,-30.7839,-66.74 
137,46.787,2,137,21165.2,0.0377558,42.1203,10.9387,118.606,-0.0485779,19.9072,1.1377e-11,-1.00107,0.338052,-1.09143,-2.23952,-2.03264,-60.3272,24.2486,-16.144,20448.2,15030.1,-0.621204,0.717916,-0.331706,-1.85966,-1.65278,0.911484,108.863,-13.0101,20532.8,0.00527396,1.26445,-0.00116857,20641.6,0.000230554,-0.0147813,8.73259,9.33286,113.533,74.8802,2.03264,11.2632,11.2424,118.217,131.59,-4.68406,-56.7093 
138,46.737,9,138,16611.3,-0.0344618,31.8884,11.4377,118.932,0.00287446,8.05643,213.99,3.12338,0.450071,-0.56319,-1.5942,-2.32537,-27.3718,1410.64,-0.862883,14559.3,11873.9,3.29573,0.622424,-0.218484,-1.42185,-2.15301,2.7505,1449.03,0.559028,14597.7,0.0903004,0.999325,7.05395e-05,16046.8,0.000243057,0.128489,10.9398,11.9842,121.082,84.1553,1.2896,11.8191,12.0295,118.241,132.405,2.84154,-48.2495 
139,46.787,7,139,20654.4,-0.0160545,39.7746,11.3255,118.853,-0.00362435,-15.8831,264.915,3.8806,3.94218,1.66055,0.355325,0.54736,-32.15,491.276,-2.32401,19446.4,14666,4.08304,4.14462,2.06543,0.557765,0.7498,0.821956,536.369,-0.653884,19491.5,0.0267811,1.00214,-6.18011e-05,20027.9,0.000143984,0.0411936,10.4271,16.5699,123.669,89.7142,1.79923,11.6618,11.629,118.426,132.172,5.24271,-42.4576 
140,46.787,9,140,17506.3,0.0165171,34.3798,11.0064,118.721,-0.0322822,2.25546,6.64783e-09,-0.209068,3.07001,-1.16328,2.52666,-0.93595,-61.6287,729.521,-3.24305,16043.4,12320.4,0.178992,3.45807,-0.387159,2.91472,-0.54789,1.06893,815.962,-0.0415599,16129.8,0.0481512,1.00009,-4.74636e-06,16945.8,0.000232771,0.0675497,9.44731,15.029,122.521,85.1268,1.53759,11.3469,11.5618,118.118,131.844,4.40278,-46.717 
141,46.737,8,141,18148.7,-0.0565803,35.6626,11.0333,118.879,0.0455471,23.6346,499.998,-2.20382,1.67036,0.119627,-0.367572,-0.85442,-19.6785,1340.43,-1.89031,16111.6,12844,-2.07991,1.79427,0.367447,-0.243662,-0.730509,1.41177,1368.03,-0.868055,16139.2,0.0781408,1.00111,-9.90885e-05,17507.2,0.000401409,0.127459,10.6454,11.6217,121.215,84.0688,1.47972,11.2921,12.0337,118.251,131.81,2.96444,-47.7415 
142,46.787,3,142,22564.9,-0.0344349,46.6133,10.5988,118.644,-0.268286,32.059,68.0913,1.90252,2.53862,0.851092,0.951917,-1.24971,-36.7821,124.684,0.342423,21829.7,16362.8,2.13412,2.77022,1.31431,1.18352,-1.0181,0.794127,176.275,2.25318,21881.2,0.0079916,0.978121,0.000189651,22057.5,0.000852931,-0.0639013,-10.3966,13.4997,93.941,108,2.24317,10.8226,11.2725,118.274,132.306,-24.3333,-24.3064 
144,46.737,5,144,20051,0.0176581,40.0061,10.8368,119.001,-0.000321623,-25.6187,55.5891,1.43453,-2.58688,1.19633,-0.978192,-1.74412,-45.876,697.211,-8.71877,18664.7,14113.3,1.72339,-2.29801,1.77406,-0.689323,-1.45525,2.87706,761.557,-6.3356,18729,0.0390731,1.01477,-0.000623531,19490.6,0.000203457,0.057444,10.2173,15.7594,122.694,86.9034,1.8086,11.1841,11.5512,118.536,132.244,4.15773,-45.3408 
145,46.787,6,145,20471.7,-0.0266011,40.3362,-10.9984,118.842,-0.0121737,116.567,9.08467e-10,1.05035,1.51948,1.3748,0.956122,0.847332,-66.9713,377.517,-15.9931,19395.1,14488,1.47205,1.94118,2.2182,1.37782,1.26903,0.732046,471.451,-12.5141,19489,0.0236193,1.04871,-0.00118424,19960.4,0.000522133,-0.0760891,-0.0997223,1.94943,128.39,78.1073,1.8802,11.2874,11.48,118.364,131.565,10.0263,-53.4574 
146,46.737,3,146,21116.4,-0.109502,42.4168,10.8757,118.924,-0.0577041,153.432,500,-2.91947,0.285204,2.88215,-2.58412,-0.387977,-82.6157,302.184,-1.61873,20099,15305.4,-2.39926,0.805413,3.92257,-2.06391,0.132232,-8.87941,418.061,2.67299,20214.9,0.0202618,0.988935,0.000243521,20632.9,6.30374e-05,0.0305567,10.1894,-14.9729,125.944,96.0754,1.9927,11.168,11.3795,118.481,131.509,7.46269,-35.4332 
147,46.737,10,147,17848.9,0.029014,34.4771,11.2741,119.171,-0.0089713,-30.4902,500,0.739816,-0.4245,-1.08769,-2.4515,-3.38854,18.8255,1268.39,8.25273,15816.8,12662.3,0.621277,-0.54304,-1.32477,-2.57004,-3.50707,0.819111,1241.99,7.27478,15790.4,0.0729193,0.989854,0.000847957,17032.3,0.000287844,0.119948,10.3279,12.7488,121.6,84.8056,1.42658,11.6653,11.955,118.542,132.781,3.05825,-47.9752 
148,46.787,1,148,20708.3,0.010109,42.1858,10.6043,118.921,-0.025933,20.2647,9.12663e-11,-0.731405,1.06437,0.520167,-0.0384721,2.00015,-73.2376,44.7327,-12.4216,19860,14579.9,-0.270247,1.52553,1.44248,0.422686,2.46131,0.741572,147.456,-8.61706,19962.7,0.00733239,1.11392,-0.000795792,20110.2,0.000330216,-0.0164967,9.13918,10.0151,113.167,77.6932,2.05782,10.9559,11.1201,118.537,131.78,-5.36956,-54.087 
149,46.787,4,149,19478.6,-0.0192414,40.0835,10.7215,118.892,0.000619317,2.60051,2.87089e-11,-1.25538,-1.08064,-3.24855,-0.588962,0.150524,-46.4636,154.977,5.38662,18760.8,13990,-0.962807,-0.788069,-2.66341,-0.296393,0.443093,0.375898,220.147,7.80032,18826,0.0115586,0.941614,0.000762672,19046.1,-8.8173e-05,0.0332324,9.2914,-13.5386,126.145,100.305,1.85771,10.9389,11.6014,118.426,132.537,7.71911,-32.2321 
150,46.737,2,150,19555.6,-0.0159816,38.625,11.0444,118.674,-0.00203714,-3.87353,243.509,2.96358,1.77284,-1.87209,5.67852,0.205969,-47.7277,147.393,-18.0204,18695.8,13887.2,3.26411,2.07337,-1.27104,5.97905,0.506498,1.12045,214.336,-15.5411,18762.7,0.0112945,1.14533,-0.00152814,18977,0.00087447,-0.061274,-10.8036,14.5486,94.644,108,1.8034,11.3774,11.5579,118.246,131.166,-23.6017,-23.1665 
151,46.737,6,151,20111.7,-0.0246314,40.195,10.8761,118.829,0.0505706,-15.2602,3.4377e-11,0.829778,2.39082,-1.07405,1.23813,2.44966,-35.5832,974.203,0.550753,18389.3,14256.3,1.05384,2.61487,-0.625936,1.46218,2.67371,1.08719,1024.11,2.39923,18439.2,0.0526176,0.995917,0.00023963,19463.3,0.000223568,0.0851079,10.1794,14.0975,122.245,85.981,1.77905,11.187,11.6144,118.251,132.081,3.99371,-46.1 
152,46.787,10,152,17604.8,0.00797384,34.4877,-11.0087,119.224,0.00267042,-21.0943,1.67752e-10,0.0103464,2.26958,3.11535,0.244848,-2.89102,13.6614,892.375,6.57954,15946.8,12361.2,-0.0756759,2.18355,2.9433,0.158826,-2.97704,-0.318116,873.213,5.86986,15927.6,0.0519745,0.988373,0.000678417,16800.8,0.000437072,0.0821018,9.75989,13.1861,122.254,85.1135,1.46549,11.3643,11.9557,118.658,132.325,3.59589,-47.2111 
153,46.787,8,153,19687.7,-0.0512794,38.5148,11.1882,118.846,0.108479,-12.6282,6.72963e-05,0.929478,-0.511904,1.53624,2.98594,1.00668,-34.3855,628.081,-13.5545,18486.1,14072.2,1.14599,-0.295388,1.96928,3.20246,1.2232,0.728208,676.31,-11.7683,18534.3,0.0352049,1.03141,-0.001171,19210.7,6.75065e-06,0.0511292,10.4394,16.2533,123.986,88.6187,1.75532,11.4745,11.5435,118.311,132.077,5.67494,-43.4585 
154,46.737,4,154,19573.1,-0.0385681,40.2727,10.6927,118.869,0.00141172,-33.6238,500,-1.42632,2.1556,2.96948,-2.13772,-1.00152,-3.57772,464.817,-5.01497,18511.5,14019.8,-1.40379,2.17813,3.01454,-2.11519,-0.978991,-3.33936,469.835,-4.82911,18516.5,0.024746,1.01832,-0.000480654,18986.3,-5.68112e-05,0.0424784,9.18705,17.2156,124.418,89.9996,1.87404,10.9821,11.3669,118.43,131.521,5.98887,-41.5212 
155,46.737,7,155,18354.5,-0.0210778,36.2275,-11.1048,119.314,0.0225605,-6.81123,500,1.39447,1.06857,-1.6864,-0.28122,0.116274,-3.81287,1225.89,12.0801,16500.3,13101.1,1.41848,1.09258,-1.63838,-0.257211,0.140283,3.1679,1231.24,12.2781,16505.6,0.0694172,0.982848,0.00136842,17736.9,0.000169614,0.111561,10.4562,13.3226,122.156,84.4167,1.51424,11.387,12.0074,118.724,132.105,3.43218,-47.6887 
156,46.787,5,156,20352.9,-0.013734,39.8424,11.2269,118.872,-0.0435768,26.1192,500,0.232305,-2.46151,-3.48209,-1.85774,0.79965,-79.6996,216.608,-3.18351,19354.2,14598.3,0.734152,-1.95966,-2.47839,-1.35589,1.3015,0.340554,328.395,0.956726,19466,0.0165903,0.994928,9.05287e-05,19794.4,-7.25704e-05,0.0507541,-3.14824,72.5459,126.769,108,1.74252,11.452,11.9888,118.274,132.155,8.49494,-24.1548 
158,46.737,9,158,16221.9,-0.0134651,31.506,11.2325,118.842,0.00984748,-18.3139,416.168,1.64951,-2.02442,-0.711552,1.98649,0.769149,15.421,1319.62,1.77971,14211.3,11526.2,1.55241,-2.12152,-0.905756,1.88939,0.672047,1.83359,1297.99,0.978618,14189.6,0.0838084,0.998682,0.000127029,15487.6,0.000295842,0.119375,10.2712,12.9243,121.369,84.3763,1.26294,11.6147,12.1924,118.186,132.569,3.18228,-48.1924 
159,46.787,7,159,18461.8,-0.0280089,39.2928,10.2903,118.898,0.0249208,-38.2885,3.00702e-09,1.59005,-1.92929,0.542866,2.06976,-0.100351,26.4811,252.642,-2.97304,17484.3,13193.6,1.42331,-2.09603,0.209378,1.90301,-0.267095,0.821437,215.5,-4.34868,17447.2,0.0122008,1.03661,-0.000459352,17662.7,0.000824907,-0.0427342,2.78447,54.3548,106.706,108,1.80291,10.5462,11.6355,118.428,132.443,-11.722,-24.4429 
160,46.787,9,160,17674.2,-0.062236,36.3692,10.7499,118.924,0.00073189,-0.594116,435.17,-0.0319491,-0.735646,-0.759678,0.800239,1.01265,-1.43641,467.889,-8.03672,16583.6,12727.2,-0.0229044,-0.726602,-0.741589,0.809283,1.0217,3.18187,469.903,-7.9621,16585.6,0.0275515,1.03056,-0.000885108,17055.5,8.15402e-05,0.0446818,9.52604,15.6412,123.46,89.3764,1.58238,11.02,11.9745,118.402,132.524,5.05737,-43.1474 
161,46.737,8,161,19293.2,-0.0440771,41.6307,-10.2119,118.832,-0.0339595,-20.1444,500,0.52765,0.053349,2.5007,-0.449262,-4.06714,-21.3865,191.092,-6.12691,18499.5,13861.6,0.662316,0.188014,2.77003,-0.314597,-3.93248,5.41993,221.088,-5.01592,18529.5,0.011791,1.04134,-0.000498905,18750.6,0.000931314,-0.0549088,-11.2576,-15.2846,94.7839,108,1.93296,10.5033,11.4743,118.432,132.443,-23.6482,-24.4426 
162,46.787,3,162,21708.1,-0.0338676,45.3825,-10.5147,119.095,0.00455197,10.8099,500,2.54663,0.873202,-4.70245,-2.06422,0.419072,0.281701,205.326,8.52882,20855.2,15535.5,2.54486,0.871428,-4.706,-2.066,0.417298,-0.601544,204.931,8.51418,20854.8,0.00973091,0.932221,0.000751491,21059.8,0.000326681,-0.0128038,-6.52133,10.222,111.76,79.0392,2.14503,10.6998,11.4307,118.711,133.284,-6.95111,-54.2445 
163,46.737,1,163,19890,0.00610606,41.6901,-10.5673,118.823,-0.032994,-24.3961,499.98,0.539298,3.00598,-4.57877,1.92238,-2.89774,-64.3257,55.5946,-12.8974,19344.8,14367.6,0.94434,3.41102,-3.76869,2.32742,-2.49269,9.94325,145.818,-9.55585,19435,0.00744695,1.12954,-0.00090655,19580.9,0.000644174,-0.0602127,-10.8351,14.7145,93.7151,108,1.9592,10.8266,11.5225,118.431,132.435,-24.7161,-24.4353 
164,46.737,5,164,21714.3,-0.0500551,43.3934,-11.0004,119.073,-0.0200257,24.4128,358.247,0.427882,4.63474,-1.4492,-0.0275199,0.371054,30.4054,792.699,-6.45322,20262.5,15555,0.236427,4.44328,-1.83211,-0.218975,0.179599,1.65241,750.053,-8.03272,20219.9,0.035768,1.0191,-0.000732346,20969.9,4.77293e-05,0.0674055,9.60886,16.0212,123.593,87.8685,1.96362,11.2535,11.5429,118.546,132.417,5.04681,-44.5482 
165,46.787,6,165,18514.4,-0.0315495,39.1312,10.4657,118.912,0.0173605,-3.69286,1.42906e-11,0.370072,2.30812,-0.431846,4.02851,-1.43678,1.22663,274.323,-16.1438,17571.5,13333.9,0.362348,2.3004,-0.447294,4.02079,-1.4445,1.09335,272.602,-16.2076,17569.8,0.0152783,1.11613,-0.00170217,17842.4,-4.30956e-05,0.0355837,-8.09297,16.1869,125.285,93.0489,1.81991,10.7651,11.3738,118.484,132.398,6.80061,-39.3488 
166,46.737,3,166,20714.8,-0.0635288,41.8907,10.9132,118.924,0.0342503,21.3831,87.8457,0.484288,1.02574,0.281521,3.29918,1.60403,4.00231,242.477,-1.70002,19847,14905.9,0.459086,1.00054,0.231118,3.27398,1.57883,0.96468,236.864,-1.90793,19841.4,0.011797,1.0143,-0.000177166,20078.3,-0.00010712,0.0323448,9.13772,16.755,125.633,96.1557,1.97638,11.2084,11.3034,118.546,132.496,7.0872,-36.3402 
167,46.737,10,167,17631.6,-0.0469633,35.321,-10.9726,119.144,0.0219354,8.60623,3.23787e-10,1.80536,2.3013,-1.48336,0.145339,3.17539,53.7337,1144.97,-5.03537,15870.7,12622.6,1.46702,1.96295,-2.16006,-0.193008,2.83704,1.55189,1069.61,-7.82673,15795.4,0.0634217,1.01297,-0.000913612,16865,9.97275e-05,0.112482,9.66908,13.245,122.032,85.9046,1.50458,11.3927,11.6844,118.509,133.11,3.52309,-47.2057 
168,46.787,1,168,24116.1,-0.0129069,49.6902,10.7164,118.837,-0.0217392,-35.7015,500,-2.0147,0.457436,-1.15373,0.753491,0.899914,55.0223,-74.7324,-25.7092,23604.3,17360,-2.36116,0.110975,-1.84665,0.407031,0.553454,0.41121,-151.906,-28.5675,23527.1,-0.00649861,0.752386,-0.00224176,23375.2,-0.000115928,-0.0219055,7.66695,10.4511,112.04,79.2541,2.36204,11.0059,11.4981,118.469,132.257,-6.42906,-53.0028 
169,46.787,4,169,21284.4,0.0215625,43.68,10.6664,119.157,-0.0201313,7.6243,6.72946e-11,-4.39018,-1.05907,-2.42235,4.30195,-3.40347,23.109,202.569,-12.3646,20444.7,15171.8,-4.53569,-1.20458,-2.71337,4.15644,-3.54898,0.654179,170.157,-13.5651,20412.3,0.00826705,1.16213,-0.00122568,20582.5,-7.04217e-05,0.0383428,-8.9162,16.3661,124.75,99.2473,2.057,10.9806,11.3438,118.702,132.192,6.04747,-32.9448 
170,46.737,2,170,21972.6,-0.0137983,45.3692,10.6327,119.143,-0.0352645,16.2239,500,0.827664,1.60389,-3.7098,-0.596724,3.45982,73.5353,154.09,-12.9505,21155.3,15722.2,0.364632,1.14086,-4.63587,-1.05976,2.99679,-2.88477,50.9491,-16.7705,21052.1,0.0024143,2.35868,-0.00146961,21103.1,0.000934771,-0.0705147,-10.6658,13.8816,94.4143,108,2.15248,10.861,11.4098,118.75,132.393,-24.3357,-24.3933 
171,46.737,6,171,20523.4,-0.0338039,41.6877,-10.7347,119.118,-0.00586704,13.4436,3.49417e-11,2.31356,-1.29796,0.414029,0.410304,-1.87021,97.5648,986.411,-12.2617,18805,14570.3,1.69922,-1.9123,-0.81465,-0.204036,-2.48455,0.780791,849.566,-17.33,18668.1,0.043528,1.03702,-0.00171299,19517.7,0.000229246,0.0980203,9.83517,12.3908,121.505,85.4362,1.8396,11.0606,11.6177,118.615,132.695,2.89016,-47.2587 
172,46.787,10,172,17182.9,-0.015851,35.3768,10.7302,119.181,0.0189117,-46.4526,500,0.601286,-0.334581,-0.619592,2.05059,-1.85927,4.45335,813.222,0.585141,15801.3,12385.8,0.573245,-0.362622,-0.675675,2.02255,-1.88731,-1.04867,806.976,0.353798,15795,0.0486071,0.999233,4.12602e-05,16602,0.000116685,0.0785197,10.2456,13.0805,122.323,85.2287,1.51991,11.0134,11.8543,118.66,132.173,3.66252,-46.9441 
173,46.787,8,173,17466.9,-0.0360851,37.0879,-10.3403,118.884,0.0439217,-109.146,495.372,-0.273786,0.47069,2.72335,-0.796922,0.541505,37.844,446.122,-1.7687,16322.9,12640.2,-0.51208,0.232397,2.24677,-1.03522,0.303211,-0.819128,393.042,-3.73462,16269.8,0.0235878,1.01691,-0.00042302,16662.9,0.000115475,0.0437399,9.43982,16.185,123.626,88.0009,1.72552,10.6011,11.2489,118.398,131.63,5.22788,-43.6293 
174,46.737,4,174,20167.8,-0.0218372,42.5493,-10.5007,119.169,0.0351823,-102.66,2.9546e-11,2.88122,1.65379,5.17899,2.60787,0.56143,41.4642,421.265,-11.5458,19202.3,14662.3,2.62013,1.3927,4.65681,2.34678,0.300341,0.588503,363.108,-13.6998,19144.1,0.018614,1.07069,-0.00131997,19507.2,0.000323564,0.035579,-0.0343756,19.1027,125.733,87.9139,1.95474,10.7926,11.5025,118.654,132.171,7.07872,-44.2569 
175,46.737,7,175,17992.6,-0.026534,37.4534,10.5169,119.136,-0.00815914,-51.1917,500,-0.443397,3.12438,-1.62338,-2.00909,2.39587,46.6741,1086.11,-2.2033,16098,12836.2,-0.737291,2.83049,-2.21117,-2.30298,2.10198,-5.93194,1020.65,-4.62793,16032.5,0.0598508,1.008,-0.000532022,17053.2,0.000345026,0.112131,9.80409,12.0597,122.151,84.8551,1.62955,10.7585,11.5479,118.562,131.902,3.58907,-47.047 
176,46.787,5,176,21255.2,-0.0877275,43.9582,10.7294,119.229,0.093382,-49.9863,499.987,0.128554,0.950762,0.993617,-1.3042,0.193244,15.8057,280.201,-12.6009,20154.2,15505.5,0.0290301,0.851238,0.794569,-1.40372,0.0937195,-1.1779,258.032,-13.422,20132,0.0126548,1.10015,-0.00122964,20390,-0.000176169,0.0621289,-3.14852,-72.0792,126.848,108,2.00562,10.7876,11.5225,118.589,133.351,8.25826,-25.3508 
177,46.787,2,177,20635.7,-0.0238534,43.0899,10.4886,119.017,-0.0177525,33.2506,4.94374e-10,0.734212,-0.139445,1.43853,2.19392,2.0796,-24.8955,82.1175,-6.33435,19795.4,14731.8,0.890972,0.0173149,1.75205,2.35068,2.23636,0.758251,117.036,-5.04108,19830.3,0.00586724,1.08152,-0.000468502,19947.3,0.000364933,-0.0216593,8.34658,7.55429,112.784,75.8251,2.07171,10.6934,11.2483,118.605,132.277,-5.82133,-56.4517 
178,46.737,9,178,14979.7,-0.0116932,30.085,10.8061,119.152,-0.00223847,-17.8777,8.59273e-10,1.78091,0.834559,-3.36117,-2.75571,1.53808,28.791,1175.48,-5.15611,13073.5,10584.5,1.59962,0.653269,-3.72375,-2.937,1.35679,-0.220472,1135.09,-6.65174,13033.1,0.0801154,1.01036,-0.000941043,14168.2,0.000390233,0.115026,10.1906,11.8905,121.216,83.7456,1.25397,11.1644,11.7302,118.567,132.146,2.64869,-48.3999 
179,46.787,7,179,18213.4,-0.00195784,37.3686,-10.5929,119.006,-0.0367366,-0.326764,423.568,-0.161277,2.02786,3.21763,0.806513,-0.159483,48.414,457.878,-3.02815,16911.4,12886.4,-0.466127,1.72301,2.60793,0.501663,-0.464333,0.331667,389.972,-5.54316,16843.5,0.0226287,1.02551,-0.000606599,17233.5,0.000259818,0.0407528,9.47617,17.3305,125.126,92.2749,1.70598,10.7795,11.5775,118.478,132.621,6.64805,-40.3464 
180,46.787,9,180,17702.5,-0.128826,36.277,10.701,119.523,0.00840762,159.612,1.02635e-12,0.0197428,-4.40289,0.156484,-1.13933,1.05206,38.9597,721.704,2.86197,16196,12680.9,-0.225576,-4.64821,-0.334153,-1.38465,0.806744,0.942246,667.059,0.838085,16141.3,0.039686,0.997806,9.56361e-05,16808.4,0.000330772,0.0619283,9.97111,16.0421,123.284,87.1694,1.60767,10.8856,11.5681,119.023,132.517,4.26046,-45.3476 
181,46.737,8,181,16280,-0.00460857,33.229,10.6578,119.233,-0.0226433,13.487,47.3957,-1.62115,1.20818,4.09069,-3.06447,-2.4954,15.4406,1240.45,1.83871,14202.9,11538.6,-1.71838,1.11095,3.89624,-3.1617,-2.59263,2.58029,1218.79,1.0366,14181.3,0.079142,0.998514,0.000134633,15400.1,0.000542588,0.110923,10.0837,13.0764,122.143,84.742,1.3935,10.8421,11.7386,118.587,132.713,3.55602,-47.9712 
182,46.787,3,182,20470.7,0.0350932,42.3169,-10.5411,119.065,0.00468063,-21.1756,2.89642e-11,3.14948,5.4887,1.37763,2.84708,0.297242,-66.4024,76.2418,-11.9752,19676.2,14524.2,3.5676,5.90682,2.21386,3.2652,0.71536,0.858709,169.378,-8.52575,19769.3,0.00849493,1.0966,-0.000795063,19938.7,0.00032069,-0.0123684,8.90703,9.10601,111.834,74.2973,2.04612,10.8279,11.1681,118.677,132.823,-6.84308,-58.5256 
183,46.737,1,183,21791.5,-0.0258748,45.1525,10.5495,119.134,0.0242589,-3.88014,492.409,-1.52792,1.09563,2.9685,1.06435,-1.39576,-49.7437,101.606,-9.59504,20938.2,15509.3,-1.2147,1.40885,3.59495,1.37758,-1.08254,0.119778,171.376,-7.01095,21008,0.00809167,1.07711,-0.00061514,21179.3,0.000195443,-0.0155151,0.0360442,2.19178,109.672,77.7778,2.16537,10.8397,11.2618,118.752,131.398,-9.07977,-53.6204 
