cyc,freq,cyc,ROIsum,fBg,fA1,fWidth1,fCtr1,fA2,fWidth2,fCtr2,box1,box2,box3,box4,box5,box6,box7,box8,box9,Nfit,BZ-2,BZ-1,BZ0,BZ1,BZ2,Excited,c5,c7,c9,fraction95,fraction75,fraction97,sum95
0,46.8,0,26598.3,0.0644265,60.313,10.9438,126.065,0.00015266,-77.3097,0.0323496,0.415821,1.73532,0.32433,-0.848447,-0.127753,137.989,1102.22,17.0855,28963.9,21487.3,-0.453061,0.86644,-1.41344,-1.71733,-0.996636,0.619433,935.613,13.8815,28797.3,0.0356055,0.974693,0.000887186,26277.2 
1,46.81,1,24749.4,-0.691601,56.9585,11.1853,125.828,0.598758,574.214,499.992,2.49182,4.18809,1.69788,-1.33252,-5.83343,130.131,901.886,20.0142,27161.5,31932.1,1.67242,3.36869,0.0590712,-2.15193,-6.65284,1.01595,744.765,16.9927,27004.4,0.0303879,0.961605,0.00115781,24508.6 
2,46.82,2,23032.2,-0.172501,53.3592,10.9165,126.078,0.12157,264.795,0.00175254,2.01272,-1.70939,-1.63699,-0.303876,-0.609777,86.4275,932.991,19.4129,25268.8,20010,1.46851,-2.2536,-2.72541,-0.848087,-1.15399,0.505602,828.639,17.4061,25164.5,0.0360696,0.964544,0.00127255,22973.4 
3,46.83,3,26681.3,-0.884901,57.7128,11.7809,126.032,1.29764,-168.499,364.665,2.38976,3.8391,-1.20885,-0.464421,0.17043,128.364,1008.48,26.047,28888.8,29251,1.58149,3.03083,-2.8254,-1.27269,-0.637844,-21.855,853.494,23.0665,28733.8,0.0326518,0.95484,0.0014766,26139.2 
4,46.84,4,26636,-0.535656,57.386,11.6752,125.945,0.87746,-180.838,500,0.713835,6.06963,-1.80497,-4.89443,-2.84221,133.79,779.284,20.7257,29143.3,26975.9,-0.128608,5.22718,-3.48986,-5.73687,-3.68465,0.553316,617.746,17.6192,28981.8,0.0236487,0.95246,0.00111864,26121.7 
5,46.85,5,24595.7,0.0237492,55.7658,11.1764,126.016,-0.0932288,0.745585,0.00117323,0.612756,-0.601507,2.94562,1.65201,2.87346,154.71,660.745,16.9257,27511.1,20291.4,-0.361411,-1.57567,0.997289,0.677839,1.89929,0.390907,473.949,13.3334,27324.3,0.0193296,0.953078,0.000898083,24519.3 
6,46.86,6,22992.6,-0.190468,53.1605,11.0783,125.927,0.225702,-72.8789,1.2919e-08,0.960192,-2.27443,3.40677,-1.39938,0.776997,145.258,611.963,21.9872,25931.1,19707.1,0.045543,-3.18908,1.57747,-2.31403,-0.137651,1.39263,436.579,18.6144,25755.7,0.0188982,0.930566,0.00132958,23101.6 
7,46.87,7,25786.3,-0.0209466,57.4578,11.2736,126.116,0.0351166,9.11686,500,3.68041,-2.07752,-1.4296,0.816787,-0.346393,86.7104,583.788,20.2464,28670.8,21097,3.13441,-2.62351,-2.52158,0.270795,-0.892385,0.0420499,479.094,18.233,28566.1,0.018702,0.937558,0.00117439,25617.2 
8,46.88,8,23657.3,-0.00247205,54.3094,10.9812,125.952,-0.0349299,-26.9412,2.5625e-11,1.30234,0.19391,-2.85744,-0.236531,-0.698349,184.612,493.004,16.775,26445,19444.8,0.139887,-0.968543,-5.18234,-1.39898,-1.8608,0.441003,270.103,12.4884,26222.1,0.0115698,0.925144,0.000876545,23345.5 
9,46.89,9,26331.8,-0.890378,56.5076,11.9088,126.004,1.07626,426.256,344.336,-2.39726,-0.976805,-0.779353,0.0113296,-1.48629,116.448,513.524,22.7515,29301.7,36840.6,-3.13051,-1.71005,-2.24584,-0.721915,-2.21954,0.776039,372.924,20.0476,29161.1,0.0143241,0.914013,0.0012648,26034.7 
10,46.9,10,23334,-0.0294585,53.8889,10.9726,125.882,-0.0371531,59.0117,497.305,1.51779,1.13862,-2.67947,-2.63778,1.31789,122.09,343.809,15.8059,26385.5,19320.2,0.749027,0.369859,-4.21701,-3.40654,0.54912,0.291919,196.399,12.9711,26238.1,0.00843421,0.896396,0.000909837,23285.9 
11,46.91,11,22996,-0.0900809,54.5025,10.6733,126.055,0.0106093,22.8756,2.75179e-11,3.04808,0.0757937,4.97427,-1.21813,-0.873034,124.325,319.182,19.3158,26216.2,18944.9,2.26525,-0.707045,3.40859,-2.00097,-1.65587,-1.60208,169.073,16.4291,26066,0.0073169,0.854664,0.00115971,23107.2 
12,46.92,12,23454,-0.0459764,53.6673,11.0605,125.745,-0.121358,108.306,500,2.89282,-0.447233,2.97769,-3.04776,-4.07143,131.418,333.252,19.234,26846.7,19751.2,2.06532,-1.27474,1.32269,-3.87526,-4.89893,1.19857,174.578,16.1825,26688,0.00737862,0.860425,0.00111573,23660 
13,46.93,13,22775.3,-0.835797,53.8152,10.954,125.79,0.735074,1180.82,227.424,0.477224,-0.664941,-2.26471,-2.31015,-1.52521,79.9951,275.543,19.6247,25694.4,47445.9,-0.0264836,-1.16865,-3.27213,-2.81386,-2.02891,0.648537,178.957,17.7673,25597.8,0.00788182,0.851974,0.00127696,22705 
14,46.94,14,26198.7,-0.0614187,59.3396,-11.1224,126.334,-0.0531509,22.7142,2.64813e-11,7.052,1.00009,5.36633,-0.988238,-2.42644,147.726,301.186,20.1561,29612.6,21524.5,6.12181,0.0698961,3.50595,-1.91843,-3.35663,0.207264,122.822,16.726,29434.3,0.00471938,0.807548,0.00104568,26025 
15,46.95,15,24101.7,-0.113125,55.3147,10.9963,125.763,0.0701967,-10.8826,500,1.75915,0.870617,1.27059,-2.14887,-0.694208,72.1324,246.838,16.1172,27418,19825.7,1.30495,0.416419,0.362189,-2.60307,-1.14841,1.21715,159.745,14.4424,27330.9,0.00659805,0.863397,0.000972469,24211 
16,46.96,16,24362.2,-0.902031,56.2223,11.2318,125.718,3.38595,37.6232,497.187,0.880126,-1.70762,0.0279552,-1.42756,-0.484953,103.03,212.193,17.1609,27636,24703.6,0.231371,-2.35638,-1.26956,-2.07631,-1.13371,0.807777,87.7941,14.7686,27511.6,0.00361323,0.772569,0.000987894,24298 
17,46.97,17,24733.7,-0.076663,56.166,11.0103,125.928,-0.0140111,67.695,500,-1.96896,-1.40775,0.224291,-1.39119,-0.446009,77.1755,207.394,12.6935,27942.1,20162,-2.45491,-1.8937,-0.747615,-1.87714,-0.931963,0.905429,114.212,10.9015,27848.9,0.00463877,0.856871,0.000720578,24621.3 
18,46.98,18,25454.7,-0.896049,57.3648,-11.4099,125.758,0.261796,190.953,475.753,-0.480946,-0.39293,-0.931907,3.74575,-1.92646,102.976,167.984,12.7385,28639,22934.4,-1.12936,-1.04134,-2.22873,3.09733,-2.57487,0.425136,43.6509,10.3475,28514.6,0.00173655,0.706795,0.00066802,25136.5 
19,46.99,19,25203.9,0.213331,56.0598,11.0405,125.988,0.0963726,-463.192,1.32895e-12,0.0728167,1.78421,-6.81689,3.73369e-05,-3.54569,88.1208,205.245,18.4001,28434.1,21601.4,-0.482056,1.22934,-7.92664,-0.554836,-4.10056,0.330224,98.8485,16.354,28327.7,0.00394964,0.775477,0.00106235,25027.2 
20,47,20,24554.3,-0.142301,55.9091,10.9981,125.856,0.0422548,-43.3161,500,2.22747,-0.395879,-0.754963,0.759678,-0.788715,30.2006,143.304,13.5179,27701.4,20076.4,2.03731,-0.586044,-1.13529,0.569513,-0.97888,-11.1554,106.84,12.8166,27664.9,0.00436939,0.826493,0.000852686,24452 
21,46,21,26200.5,-0.218668,56.4599,11.5352,125.947,0.0744734,120.696,109.495,1.81709,1.13956,-0.148643,1.10207,-3.96948,53.6582,72.8202,17.2944,29446.8,21493.8,1.47922,0.801689,-0.824385,0.764195,-4.30735,0.604922,8.03337,16.0485,29382,0.000310598,0.222418,0.00100515,25864.2 
22,46.79,22,24006.6,-0.133631,55.7168,11.0209,125.917,0.0169737,91.5596,0.00717507,0.311874,-1.67284,-8.85217,-4.72685,-0.346488,89.3118,924.018,23.211,26690.4,20040,-0.250499,-2.23521,-9.97691,-5.28922,-0.90886,0.465352,816.183,21.1373,26582.6,0.0337142,0.956644,0.00146261,24208.9 
23,46.78,23,25532.3,-0.0230222,57.0975,-11.2489,125.647,0.0345481,5.18868,499.973,-0.795366,-2.32601,1.51629,-2.65245,-3.21416,117.277,1057.39,25.838,27997,20914.3,-1.53383,-3.06448,0.0393675,-3.39091,-3.95262,1.00331,915.785,23.1149,27855.4,0.0360141,0.957698,0.00152628,25428.5 
24,46.77,24,25449.7,-0.074427,57.4084,11.1215,125.871,0.0932097,-933.664,5.84893e-05,-4.93145,-2.89438,-6.4505,-1.40524,-4.4296,65.7874,4661.14,31.7622,24309.7,23617.2,-5.3457,-3.30863,-7.27899,-1.81948,-4.84385,0.677873,4581.71,30.2347,24230.2,0.176871,0.988584,0.00229332,25904.3 
25,46.76,25,21425.6,-0.723945,50.1915,10.9081,126.593,0.39651,-831.852,2.79008,-2.38349,-2.2503,-6.89211,-2.63283,-0.212789,-66.1919,17894.3,57.408,6387.55,28560,-1.96669,-1.8335,-6.05853,-2.21604,0.204004,0.489626,17974.2,58.9449,6467.47,0.759509,0.994294,0.0165118,23665.6 
26,47.01,26,26081.7,-0.880256,57.3303,11.6231,125.767,-2.25616,1255.54,213.755,-2.21621,1.17414,-1.51588,0.959814,-2.2591,59.0805,159.058,14.0196,29166.7,113906,-2.58823,0.802128,-2.2599,0.5878,-2.63111,0.628874,87.7246,12.6478,29095.4,0.00341452,0.798526,0.000800123,25691.7 
27,47.02,27,25868.7,-0.0922694,55.1584,11.5925,125.737,0.0180455,-31.6588,500,-1.36022,0.0450408,0.105157,0.504297,-0.98955,67.555,177.263,18.1518,28871.3,20833.9,-1.78559,-0.380335,-0.745594,0.0789218,-1.41493,0.824464,95.6967,16.5833,28789.8,0.00376304,0.767308,0.00105995,25430.7 
28,47.03,28,23960.8,-0.0604466,54.9048,-10.9585,125.7,-0.296355,1297.5,0.00745385,-0.386142,-1.97729,-4.70412,-1.99866,-2.2136,71.1563,78.6386,19.2016,27281.4,32104,-0.834194,-2.42534,-5.60022,-2.44671,-2.66165,0.599071,-7.27545,17.5494,27195.5,-0.000304097,-0.310439,0.00118731,23924.8 
29,46.8,29,25407.3,-0.235318,55.795,11.3587,125.841,1.01158,1399.73,4.9011,1.23593,-0.718714,-0.93707,-1.36679,-1.11045,118.608,1011.03,18.1025,27969.8,66724.4,0.489093,-1.46556,-2.43075,-2.11363,-1.8573,0.670547,867.824,15.3485,27826.6,0.0342267,0.969978,0.00101503,25355.2 
30,46.81,30,21706.6,-0.406286,52.7885,10.7684,125.824,-0.0447487,519.527,0.460032,0.434296,1.25477,-4.99675,-4.23843,-0.931376,113.067,808.268,15.8706,24312.3,19261.6,-0.277657,0.542817,-6.42066,-4.95038,-1.64333,0.496388,671.751,13.2453,24175.8,0.0306086,0.966645,0.00100822,21946.5 
31,46.82,31,23635.8,-0.890378,54.5408,-11.3224,125.892,0.707084,37.5338,496.357,-1.44685,-1.0971,0.403842,-0.215778,-0.666902,108.58,864.705,19.9779,25964.2,20966.7,-2.13055,-1.7808,-0.963562,-0.89948,-1.3506,0.864763,733.605,17.4567,25833.1,0.0312615,0.960022,0.00124325,23466.7 
32,46.83,32,21968.3,-0.00651258,51.1779,10.8635,125.948,0.0767789,51.8197,500,-3.52833,-0.21718,-1.01387,-3.92527,-2.62476,80.1461,638.358,17.7511,24609.8,18228.2,-4.03299,-0.721839,-2.02319,-4.42992,-3.12942,0.858887,541.59,15.8902,24513,0.0244919,0.951163,0.00119269,22113 
33,46.84,33,20978.2,0.00517954,49.4652,10.6907,125.628,-0.0103677,34.2083,500,-2.42324,0.663071,1.8675,-4.73802,-4.46658,49.6952,734.797,15.7973,23128.7,17226.2,-2.73616,0.350153,1.24167,-5.05094,-4.7795,1.11314,674.795,14.6434,23068.7,0.0321711,0.963414,0.00116795,20975.2 
34,46.85,34,22289.8,0.0525828,51.6336,10.8619,125.774,0.00826774,-233.657,8.71276e-12,-1.10536,2.39877,1.06568,1.025,0.955441,29.2506,645.519,17.6639,24864,18320.1,-1.28954,2.21459,0.697312,0.840814,0.771258,0.78441,610.202,16.9847,24828.7,0.0271691,0.953552,0.00125856,22459.4 
35,46.86,35,21805.9,0.07237,51.358,-10.774,125.752,-0.149074,94.3683,7.12195e-12,-1.42633,0.0986628,-2.37233,0.693644,-0.295422,52.0755,481.758,14.858,24705.4,18470.7,-1.75423,-0.229243,-3.02814,0.365738,-0.623328,0.425314,418.882,13.6489,24642.5,0.0189502,0.946054,0.00101926,22104.3 
36,46.87,36,22635.1,-0.926573,54.1282,-11.024,125.746,3.67443,-2374.61,61.0722,1.9388,-2.21367,-3.8622,-4.43311,-5.33173,117.019,484.57,10.614,25615.3,303464,1.20197,-2.95051,-5.33587,-5.16994,-6.06856,0.708787,343.282,7.89696,25474,0.0150825,0.9613,0.000570729,22760.4 
37,46.88,37,24027.5,-0.00178552,53.8322,-11.1506,125.896,-0.0597786,-9.42636,500,-1.72907,1.11994,0.32817,-3.55493,-1.43766,74.6758,441.663,14.5886,26819.3,19558.9,-2.19929,0.649729,-0.612257,-4.02515,-1.90787,0.924364,351.499,12.8547,26729.2,0.0147236,0.93985,0.000885126,23873.2 
38,46.89,38,25063.1,-0.0908337,55.0583,11.3627,125.79,0.161527,94.1681,0.00362681,-1.07574,0.170106,-4.30004,-2.82339,-4.82608,94.6693,382.073,21.8146,27899.1,20860.9,-1.67185,-0.426002,-5.49225,-3.4195,-5.42219,0.665755,267.769,19.6165,27784.8,0.0108328,0.886365,0.00129887,24718.4 
39,46.9,39,24040.7,-0.0687166,54.7985,11.0225,125.805,-0.0244435,-5.03137,500,-0.702287,0.283818,-1.55869,-3.35417,-2.8988,54.0504,298.111,24.4245,26935.7,19666.7,-1.04263,-0.0565234,-2.23937,-3.69451,-3.23914,0.781996,232.851,23.1695,26870.4,0.00975136,0.851693,0.00158587,23878.8 
40,46.91,40,27178.1,-0.857392,58.42,11.7696,125.8,1.58758,271.895,45.7144,-1.1449,-1.93264,-7.00133,-1.17067,-3.61383,67.2901,370.74,16.8256,29908.6,36434.7,-1.56861,-2.35635,-7.84874,-1.59437,-4.03754,0.549068,289.494,15.2632,29827.4,0.0109089,0.915528,0.000941749,26537.6 
41,46.92,41,25133.4,-0.157914,56.4522,11.1703,125.887,0.0605737,84.0152,500,1.30178,1.57002,-0.293094,0.564223,-2.67392,51.9963,362.167,14.523,28143.7,20693.4,0.974369,1.24262,-0.947907,0.236816,-3.00133,0.366133,299.387,13.3156,28080.9,0.0119704,0.927787,0.000872743,25010.6 
42,46.93,42,26346,-0.0313643,57.43,11.3407,125.479,0.0237164,23.2024,2.37298e-12,-2.06232,-0.473614,-2.32491,-3.03487,-0.437281,80.4097,296.373,17.1833,29220.1,21219.8,-2.56864,-0.979933,-3.33755,-3.54119,-0.943599,0.706484,199.286,15.3163,29123,0.00771604,0.881448,0.000967856,25827.5 
43,46.94,43,25351.5,-0.0612232,57.0176,11.024,125.703,-0.101452,-7.80593,7.94477e-05,-3.11457,2.06817,0.940674,0.473552,-4.50848,71.4983,370.251,17.7224,28101.9,20487.6,-3.56477,1.61796,0.0402628,0.0233464,-4.95869,1.00588,283.924,16.0623,28015.6,0.0113854,0.909917,0.00105503,24937.6 
44,46.95,44,24270.2,-0.871026,56.8555,11.0097,125.813,0.501814,136.919,58.2731,-0.807194,-2.57694,2.39035,-0.495519,-4.60339,68.0216,229.073,20.7049,27230.5,22613.8,-1.23551,-3.00525,1.53372,-0.923833,-5.03171,1.17705,146.943,19.1255,27148.4,0.00611308,0.814483,0.00129605,24037.5 
45,46.96,45,24637,0.00233688,55.0695,-11.0634,125.64,0.000614438,-46.9756,497.021,-1.56083,1.96734,1.54729,2.4722,-1.50329,69.1016,227.172,14.3838,27536.2,19834.2,-1.99595,1.53222,0.67706,2.03709,-1.9384,-1.16994,143.738,12.7793,27452.8,0.00591463,0.865361,0.000856771,24302.2 
46,46.97,46,24356.5,-0.00570993,56.2574,10.7382,125.774,-0.0734143,3.98918,5.44494e-13,-3.95912,1.42918,-9.04976,-0.707497,-2.92503,72.428,93.2288,13.1494,27242.7,19675.1,-4.41518,0.973116,-9.96188,-1.16356,-3.38109,0.444977,5.77924,11.4677,27155.2,0.000241785,0.223589,0.000777317,23902.4 
47,46.98,47,23852.3,-0.847743,56.4059,-10.8896,125.858,0.259033,709.253,138.35,0.233366,1.45008,1.09321,-0.557504,-3.45487,71.0645,41.5959,13.1675,27005.8,25976.2,-0.214108,1.00261,0.198261,-1.00498,-3.90235,1.05057,-44.2073,11.5174,26920,-0.00186959,1.838,0.000787504,23645.4 
48,46.99,48,25194.1,-0.0199088,55.6824,11.2934,125.749,-0.0274369,77.6639,0.0121439,0.339628,-5.37557,1.2695,-0.315267,-4.88258,126.429,146.349,15.7443,28343.7,20540.3,-0.456462,-6.17166,-0.32268,-1.11136,-5.67867,0.976517,-6.30069,12.8087,28191.1,-0.000254041,-0.390993,0.000836269,24801.8 
49,47,49,24911.9,0.0424554,56.1157,11.06,125.618,0.0303159,-65.9635,0.00115297,-1.90166,-3.4708,-4.84234,-0.756973,-2.32806,80.2777,71.9372,11.8367,28197.9,20269,-2.40714,-3.97629,-5.85332,-1.26246,-2.83355,0.641621,-24.99,9.97274,28101,-0.00101158,3.31534,0.000653316,24703.9 
50,46,50,25631.8,-0.152461,58.768,10.9536,125.818,0.519486,-10.4659,0.000383518,-0.0562407,3.69209,5.68456,-1.56178,-2.84797,74.5467,59.2292,14.234,29026.7,21132.3,-0.525641,3.22269,4.74576,-2.03118,-3.31737,-1.26608,-30.7783,12.5031,28936.6,-0.00121015,3.45906,0.000795313,25433.5 
51,46.79,51,27375.6,-1.84748,60.9459,11.8452,125.658,-0.522197,267.607,0.0219811,0.544227,2.59088,-1.54516,2.83145,1.07292,131.601,1189.79,22.1211,29505.4,28049.8,-0.284428,1.76222,-3.20247,2.0028,0.244266,7.13044,1030.89,19.0655,29346.5,0.0383863,0.96865,0.00119533,26855.8 
52,46.78,52,27179.8,-0.186245,59.4134,11.447,125.845,-0.0375648,48.9644,9.22626,3.45881,1.37512,-1.50433,1.46183,1.78635,131.495,1256.27,22.4906,29118.2,22199.5,2.63083,0.547132,-3.1603,0.633843,0.95836,2.96309,1097.5,19.4374,28959.5,0.0412876,0.969938,0.00123488,26581.8 
53,46.77,53,26094.8,-0.0722563,57.5051,11.435,125.699,-0.24418,164.206,0.0159949,-1.0313,-0.0245843,-1.88018,-0.0904674,-3.47566,58.5155,4909.89,32.9683,24470,22711.4,-1.39975,-0.393041,-2.61709,-0.458924,-3.84411,0.699631,4839.24,31.6096,24399.3,0.183927,0.988698,0.00238079,26310.6 
54,46.76,54,22487.1,-0.0588649,52.4252,10.7232,126.235,0.0817075,-29.6969,500,-3.08735,-1.9086,-3.78116,-2.44372,-1.86407,59.8491,17563.3,54.8008,7933.75,18379.3,-3.4642,-2.28545,-4.53487,-2.82058,-2.24092,0.704492,17491,53.4112,7861.49,0.716577,0.994685,0.0123606,24409.1 
55,47.01,55,25413.7,-0.0938531,56.8697,10.9992,125.576,0.1129,1324.97,474.979,3.24398,-0.505607,-4.12119,-4.02806,-1.60039,83.2009,97.6315,14.7129,28500.9,25232.4,2.72009,-1.0295,-5.16898,-4.55195,-2.12429,0.490973,-2.82517,12.7811,28400.5,-0.000113054,-0.144571,0.000828317,24989.6 
56,47.02,56,25883.3,-0.020026,57.4848,11.2002,125.558,0.0274166,-33.9361,500,-2.23409,2.01172,-3.3212,0.540132,-0.742211,73.8334,1.415,10.8068,29244.9,20989.5,-2.699,1.54681,-4.25102,0.0752226,-1.20712,0.349511,-87.7313,9.09246,29155.8,-0.00343112,1.22155,0.000574146,25569.3 
57,47.03,57,22681,0.0309176,55.5436,10.5459,125.742,0.263779,226.006,2.71675e-12,2.89096,-0.860111,-3.70896,-0.641769,-2.34592,51.4077,31.4384,13.7595,26543,21009,2.56726,-1.18381,-4.35636,-0.96547,-2.66962,0.340745,-30.6312,12.5658,26481,-0.00131619,3.54488,0.000873359,23272.6 
58,46,58,26102.2,0.0137534,57.7321,11.0901,125.686,0.354674,-402.183,2.15533e-10,-0.36736,2.08705,-2.64306,-1.1972,1.52037,87.6736,-56.1974,17.7499,29337.5,25486,-0.919418,1.53499,-3.74717,-1.74925,0.96831,0.0422662,-162.054,15.7142,29231.6,-0.00633971,1.20438,0.000989292,25561.8 
59,46,59,25496.9,-0.0280765,57.5171,-11.0608,125.567,-0.0187628,7.75119,499.983,-0.17884,2.13286,2.47597,-1.84332,0.715704,97.8443,85.3985,19.7016,28628.7,20714.6,-0.794939,1.51676,1.24377,-2.45942,0.099604,4.15499,-32.7387,17.4297,28510.5,-0.00130659,14.6372,0.00112489,25056.5 
60,46,60,24208.4,-0.827107,57.2991,10.9759,125.605,0.443761,64.8469,2.3519e-07,-3.26953,1.38049,-3.38125,-0.832532,-4.18396,56.6741,-66.7062,13.693,27733.3,21409.9,-3.62639,1.02363,-4.09498,-1.18939,-4.54082,0.670503,-135.134,12.3771,27664.8,-0.00558178,1.19088,0.000823467,24209.9 
61,46,61,26275.4,-0.0735038,58.0796,11.13,125.653,0.283909,-212.864,500,-1.39556,-1.50687,-1.78163,-3.50908,-1.12118,61.5191,99.3153,16.8684,29398,23010.6,-1.78293,-1.89424,-2.55637,-3.89645,-1.50855,0.780353,25.0372,15.44,29323.7,0.000969312,0.480956,0.000968997,25829.9 
62,46,62,27094.9,-1.89699,60.1231,11.7384,125.782,0.099901,-425.209,500,1.83932,1.71434,-1.78431,-1.74262,0.918661,65.5114,59.5094,26.2673,30273.7,24357.3,1.42681,1.30183,-2.60932,-2.15512,0.506153,-0.705827,-19.589,24.7462,30194.6,-0.000737768,-0.825949,0.00150744,26551.7 
63,46,63,26766.3,-0.0753289,59.5575,11.1804,125.499,0.237513,-154.277,9.18751,4.06145,1.4673,0.558702,-3.6204,-1.2349,170.761,85.5189,16.5939,30043.7,22869.3,2.98622,0.392064,-1.59177,-4.69564,-2.31014,0.69502,-120.658,12.629,29837.5,-0.00461647,1.22424,0.000779079,26136.4 
64,46,64,28892.7,-0.0162086,61.7474,11.4623,125.706,-0.0596122,20.3944,1.48092e-11,-1.38849,1.13509,3.81082,0.952926,-2.0356,77.4701,90.7779,17.6699,32092.1,23079.8,-1.87629,0.647283,2.83521,0.465118,-2.52341,7.27121,-2.75939,15.8711,31998.6,-9.80036e-05,-0.110309,0.00091284,28156 
65,46,65,27329,-0.74236,59.6015,11.5412,125.776,0.0440587,148.153,500,5.50921,0.234666,-0.654861,-3.9144,-1.63542,50.9219,5.12238,17.8803,30548,22605,5.18857,-0.0859757,-1.29614,-4.23504,-1.95606,0.456464,-56.3606,16.6979,30486.5,-0.00210523,2.07672,0.00100793,26771.7 
66,46,66,27998.9,-0.181469,59.0997,11.6514,125.579,-0.346358,502.261,50.4759,-1.94333,4.49892,5.9177,2.33324,-0.115022,116.406,148.79,18.7998,31195.6,28079,-2.67631,3.76594,4.45174,1.60026,-0.848,0.292659,8.24157,16.0969,31055.1,0.000301484,0.226348,0.000953915,27336.7 
67,46,67,26283.6,-0.766384,58.5184,11.3729,125.579,1.04072,196.164,498.532,2.18097,-2.30926,1.72559,-1.27172,1.45127,-28.5995,-65.581,14.4208,29559.7,28310.9,2.36106,-2.12918,2.08575,-1.09164,1.63135,0.270039,-31.0501,15.0849,29594.2,-0.00119369,6.67522,0.000938083,26011.9 
68,46,68,26601.1,-0.164348,59.0895,11.184,125.864,0.201191,-21.4846,500,-4.84127,2.23177,4.00472,0.992754,-2.055,65.9208,52.9976,14.3752,29627.2,21653.8,-5.25635,1.81668,3.17455,0.577669,-2.47009,2.47137,-26.5951,12.8446,29547.6,-0.00102386,6.45982,0.000800138,25975.3 
69,46.8,69,24131.3,-0.0245725,54.3882,11.1565,125.392,-0.0606526,3.13902,2.43297e-12,0.596382,0.828036,-0.0729321,-1.32662,1.75478,117.187,904.406,14.5577,26537,19758.9,-0.141513,0.0901403,-1.54872,-2.06451,1.01689,0.415074,762.914,11.8367,26395.6,0.0318,0.973566,0.000825383,23991 
70,46.81,70,24899.5,-0.649661,57.7889,11.0718,125.675,0.869954,-854.208,308.062,-0.721333,3.92898,-2.90943,1.86718,-1.64162,66.0592,890.668,32.8556,27235.5,45019.5,-1.13729,3.51303,-3.74135,1.45122,-2.05757,-0.897268,810.908,31.3217,27155.7,0.0328197,0.936685,0.0021202,24707.9 
71,46.82,71,24160.2,-0.902968,55.2465,11.3527,125.707,-3.78199,2547.03,402.17,4.38379,1.43961,1.53216,-0.835145,2.51297,63.5143,889.016,19.9359,26362.8,333998,3.98386,1.03968,0.732296,-1.23508,2.11304,0.889611,812.329,18.4612,26286.1,0.0339261,0.96175,0.00129207,23944.1 
72,46.83,72,21812.3,-0.96488,53.3233,10.9373,125.722,0.972414,583.378,0.258228,0.119418,-3.30035,-5.89991,-2.34528,0.142538,90.0483,778.051,19.1034,24543.7,37452.6,-0.447591,-3.86736,-7.03393,-2.91229,-0.424472,0.521034,669.327,17.0126,24435,0.0301878,0.957414,0.0012809,22172.1 
73,46.84,73,23129.5,0.00434383,54.8327,10.7655,125.57,-0.106996,86.9085,500,2.68449,1.00875,-3.44956,-1.56003,3.93381,141.747,706.04,21.9086,25831.3,19519,1.79195,0.116209,-5.23464,-2.45257,3.04126,-0.911991,534.895,18.6174,25660.2,0.0231397,0.942587,0.00133473,23115.9 
74,46.85,74,22798.1,-0.037116,54.2406,10.76,125.742,-0.0010172,56.905,500,1.01506,1.47527,4.01009,-0.308082,1.43112,110.034,606.871,17.1086,25510.4,19001,0.322204,0.782413,2.62437,-1.00094,0.738266,0.242893,474.016,14.5537,25377.5,0.0207845,0.949009,0.00105531,22806.2 
75,46.86,75,22577.2,-0.990135,53.7435,11.2143,125.672,3.28776,-2361.96,119.811,1.45215,-0.500005,-4.55261,-1.32184,-0.362856,87.1913,496.969,19.2774,25614.4,272414,0.903131,-1.04902,-5.65065,-1.87086,-0.911876,0.341361,391.694,17.2528,25509.2,0.0171497,0.928435,0.00124434,22839.7 
76,46.87,76,25264.6,-0.0144018,56.2886,11.3124,125.712,-0.00624124,-38.2649,500,1.50873,2.98162,3.87979,1.46646,-2.41176,126.628,540.992,16.9984,28208.7,20736.4,0.711386,2.18428,2.28511,0.669115,-3.2091,0.134687,388.101,14.0582,28055.8,0.0154763,0.940389,0.000922189,25077.2 
77,46.88,77,23525.8,-0.0319358,54.3731,11.022,125.646,0.310349,-362.235,500,1.4682,0.896077,-3.81619,-0.610475,-3.40241,171.836,456.162,13.8768,26543.1,23168.8,0.3862,-0.185927,-5.9802,-1.69248,-4.48442,0.499851,248.688,9.88688,26335.6,0.0106168,0.934952,0.000691082,23424 
78,46.89,78,26323.5,-0.916937,58.8859,11.4747,125.572,-0.128346,238.045,283.867,0.17011,1.64667,-0.451044,-0.56351,-2.15144,70.1296,410.308,20.8463,29146.9,22990.7,-0.271477,1.20508,-1.33422,-1.0051,-2.59303,0.66634,325.633,19.2179,29062.2,0.0125725,0.906388,0.00121664,25900.4 
79,46.9,79,25134.1,0.00744526,55.8359,11.303,125.348,-0.0217786,-27.038,500,0.618808,2.98741,-0.302856,-2.82241,0.843095,84.8685,365.55,13.9683,28254.9,20564,0.0844134,2.45302,-1.37165,-3.35681,0.308701,0.271302,263.08,11.9977,28152.4,0.0105076,0.92609,0.000784433,25037.2 
80,46.91,80,25125.6,-0.911885,57.7155,-11.2495,125.561,-7.72478,14433.9,106.098,1.84686,-0.325399,-5.01924,-0.490036,0.602355,72.5544,301.718,17.9129,28100,3.6508e+06,1.39,-0.782255,-5.93295,-0.946892,0.1455,0.0316073,214.116,16.2282,28012.4,0.00861114,0.882896,0.00106604,24865 
81,46.92,81,26864,-0.184262,57.2465,11.6788,125.52,0.291461,0.938136,1.7424e-09,-0.913326,1.43771,1.77548,-0.60654,-3.45333,90.9227,367.303,19.2529,29815.5,21773.1,-1.48584,0.865194,0.630449,-1.17906,-4.02585,1.12135,257.523,17.1418,29705.7,0.00975518,0.895666,0.00106186,26398.6 
82,46.93,82,27327.8,-0.917856,59.0927,11.8067,125.806,-0.121244,373.306,200.34,0.410446,-0.344687,1.95334,-1.17039,-2.38557,85.491,493.303,24.05,30147.1,24185.5,-0.127868,-0.883001,0.876712,-1.70871,-2.92388,1.18392,390.081,22.065,30043.9,0.0145397,0.909927,0.00135106,26828.7 
83,46.94,83,26588,-0.0652805,59.0485,11.3071,125.394,0.0596104,14.6519,500,1.78513,2.34408,3.46149,0.988688,-3.72435,110.444,316.146,17.3437,29865.9,21763.2,1.08969,1.64864,2.07062,0.293249,-4.41979,-2.03427,182.796,14.7793,29732.5,0.0069379,0.876048,0.000914827,26347.4 
84,46.95,84,25255.5,-0.072813,58.0831,10.9905,125.512,-0.0973327,58.8504,432.508,1.1833,-0.483247,0.804303,1.1526,1.55112,70.5508,290.121,15.9775,28648.5,20967.2,0.739062,-0.927487,-0.084176,0.708359,1.10689,1.05457,204.938,14.3394,28563.3,0.00808734,0.890911,0.000923923,25340.7 
85,46.96,85,24641.7,-0.938352,57.6928,11.1221,125.512,15.6972,25317,322.887,3.2882,2.22832,3.96223,-2.25317,-1.53628,127.043,248.013,13.1201,28065.5,1.29578e+07,2.48824,1.42836,2.36232,-3.05313,-2.33623,-1.65561,94.6214,10.1703,27912.1,0.00383747,0.841682,0.000670756,24657.3 
86,46.97,86,26125.4,-0.607676,59.6155,11.3038,125.739,0.57658,-132.842,499.967,-1.02477,0.934365,-0.144558,0.8168,-5.93489,146.355,251.033,17.6979,29712.3,24430.5,-1.94633,0.0128098,-1.98767,-0.104755,-6.85644,0.81735,74.3244,14.2996,29535.6,0.00285143,0.748116,0.00089106,26065.6 
87,46.98,87,24906.3,-0.927266,57.3087,11.275,125.477,0.440385,940.201,8.48352,3.14922,2.1586,1.78106,-0.333735,-2.16207,132.803,200.873,14.6775,28070.6,34513.2,2.313,1.32238,0.10862,-1.16996,-2.99829,1.25602,40.5271,11.5939,27910.3,0.00164734,0.666383,0.000764626,24601.6 
88,46.99,88,25272.5,0.0211177,58.393,10.795,125.785,0.011187,-35.2972,500,-1.19631,2.09796,0.421062,-2.49041,-1.77714,40.9935,142.046,16.0678,28509.7,20532.9,-1.45443,1.83984,-0.0951888,-2.74853,-2.03527,0.978817,92.5507,15.116,28460.2,0.00368178,0.777713,0.000977434,25137.5 
89,47,89,24696.8,-0.0632389,57.8945,10.9502,125.596,-0.036406,-39.4424,500,0.50296,2.85503,-0.391011,0.162014,-3.37339,94.9434,70.8351,19.8364,28597.6,20684.1,-0.0948728,2.2572,-1.58668,-0.435819,-3.97123,0.585875,-43.7993,17.6319,28482.9,-0.00175049,3.38388,0.00113903,25021.2 
90,46,90,25752.6,-0.0335306,58.7814,11.0747,125.546,0.0813385,34.2195,3.95495e-11,0.805955,-1.84516,-4.4998,0.286592,-5.05014,114.103,20.1988,16.6296,29478.2,21282.5,0.0874812,-2.56364,-5.93674,-0.431881,-5.76861,0.593746,-117.568,13.9802,29340.4,-0.00457429,1.26278,0.000876962,25702 
91,46.79,91,25407.1,-0.0104556,57.9369,11.0639,125.433,0.00814553,-39.4557,421.389,-0.161329,2.23225,-0.778526,-3.45969,-1.7886,130.01,1144.43,23.8701,27822.2,20877.3,-0.979967,1.41361,-2.4158,-4.27833,-2.60724,0.727574,987.456,20.8514,27665.2,0.0389793,0.964363,0.00138648,25332.8 
92,46.78,92,26664.4,0.245538,59.1366,-11.2194,125.652,-0.183477,17.9171,6.41911e-12,-0.676063,-0.769909,-5.46676,-1.38761,0.583617,71.2502,1201.36,25.2264,29255.2,21705.5,-1.12471,-1.21855,-6.36405,-1.83625,0.134974,0.388577,1115.33,23.5721,29169.2,0.0416415,0.964334,0.00148642,26784.2 
93,46.77,93,28141.5,-0.154715,61.134,11.4173,125.62,-4.20844,1414.86,499.997,-1.75439,2.7361,-8.86349,-4.0878,-3.45422,119.152,5621.02,42.3164,25877.5,216556,-2.50466,1.98584,-10.364,-4.83807,-4.20449,0.479859,5477.16,39.5497,25733.7,0.194759,0.987521,0.00282311,28122.8 
94,46.76,94,23204.3,-0.210791,52.927,10.7858,126.145,-0.172143,178.171,452.068,-3.81949,-1.90613,-7.56848,-3.14043,-2.03254,64.2394,19095.3,56.1703,7293.76,19581.8,-4.22399,-2.31063,-8.37748,-3.54493,-2.43704,0.59905,19017.7,54.6788,7216.2,0.749674,0.994994,0.0137659,25368 
95,47.01,95,27991.5,-0.43565,60.7377,11.6238,125.505,0.0578561,71.8729,500,0.524212,-0.585552,3.6551,-0.660069,-2.10386,90.9644,67.7685,12.413,31603,23118,-0.0485665,-1.15833,2.50954,-1.23285,-2.67664,1.96268,-42.0618,10.3009,31493.2,-0.00152002,1.75,0.000602156,27672 
96,47.02,96,26352.2,-0.0809335,59.5846,11.1253,125.591,0.0613862,24.2838,500,0.846071,1.54419,-5.2513,-2.33106,-2.83301,110.669,55.8282,18.1553,29834.1,21628.1,0.149219,0.847337,-6.64501,-3.02792,-3.52986,0.455605,-77.7933,15.5856,29700.5,-0.00298532,1.5399,0.00096573,26058.6 
97,47.03,97,27076.6,-0.0956784,58.112,11.6616,125.755,0.212953,-125.517,499.993,-2.67471,-0.955875,-4.40463,-2.41731,-4.55744,98.6475,227.435,19.3815,30308.5,22930.9,-3.29587,-1.57703,-5.64694,-3.03847,-5.1786,0.698619,108.329,17.0909,30189.4,0.00406106,0.78364,0.00104177,26675 
98,46.8,98,24365.8,-0.969774,57.5044,11.1163,125.567,-0.00177113,-652.286,412.424,2.51319,-0.221009,-2.85295,-6.54564,-3.42641,64.6087,1034.3,26.3958,26795.1,20846.8,2.10636,-0.627833,-3.6666,-6.95246,-3.83324,0.717384,956.295,24.8957,26717.1,0.0390845,0.956427,0.00171358,24467.3 
99,46.81,99,24501.6,-0.166466,56.3704,11.148,125.573,-0.002734,-20.2718,500,-1.24801,1.47993,-2.08637,-1.80824,-3.60558,143.511,950.542,14.0278,27246.3,20458.9,-2.15167,0.576276,-3.89368,-2.71189,-4.50924,0.693174,777.266,10.6956,27073,0.0315942,0.976485,0.000727222,24601.5 
100,46.82,100,24960.5,-0.243348,56.9554,-11.1589,125.603,-0.0923131,181.251,0.000354886,4.11032,-3.51204,-0.402499,-0.254098,-4.47589,96.3113,945.799,17.7307,27417.8,21234.2,3.50387,-4.11849,-1.61539,-0.860545,-5.08233,0.802347,829.513,15.4945,27301.5,0.0333743,0.968346,0.00104436,24854.9 
101,46.83,101,25461.3,-0.26539,56.0562,-11.4547,125.514,0.0632446,65.5564,499.967,0.625776,-1.03382,2.44333,2.41461,-1.81989,151.149,852.288,19.352,27911.6,21037.6,-0.325967,-1.98557,0.539849,1.46287,-2.77163,1.17525,669.792,15.8424,27729.1,0.0267154,0.960253,0.00105134,25071.4 
102,46.84,102,24652.4,-0.981386,56.0704,11.5325,125.55,0.168127,661.038,58.2464,1.62625,-0.167775,-1.58684,-1.94553,-0.63676,96.3067,723.146,19.1821,27382.1,24667.9,1.01983,-0.774192,-2.79967,-2.55195,-1.24318,0.559048,606.866,16.9459,27265.8,0.0246686,0.95341,0.00114358,24600.8 
103,46.85,103,23167.7,-0.0956417,54.9571,10.8625,125.547,0.0912448,12.8968,0.0911128,0.648279,-2.63987,-4.56894,-0.788265,-2.76167,74.8249,581.458,14.6109,26233.3,19471.6,0.177127,-3.11102,-5.51125,-1.25942,-3.23282,0.574006,491.115,12.8735,26142.9,0.0209013,0.95614,0.00090628,23496.9 
104,46.86,104,23990.3,-0.530112,55.6129,-11.1095,125.526,-0.380178,289.642,0.00257083,-0.162788,1.03414,0.566063,-2.96167,-2.21054,98.1369,654.163,22.4498,26718.3,23697.2,-0.78073,0.416198,-0.66982,-3.57961,-2.82848,0.91,535.673,20.1712,26599.9,0.0223723,0.938176,0.00139495,23943.5 
105,46.87,105,24628.7,-0.0111253,56.1857,11.0103,125.623,-0.0686281,0.422003,9.8083e-11,-2.20461,3.02231,1.5457,-0.638538,-1.56349,106.682,534.805,18.7738,27359,20139.1,-2.87636,2.35056,0.202199,-1.31029,-2.23524,1.05226,405.997,16.2967,27230.1,0.0166607,0.934365,0.00110125,24368.5 
106,46.88,106,22351.1,0.0551754,53.783,10.4269,125.72,-0.083809,-19.0731,1.97769e-10,0.873919,1.7842,-7.3096,0.518241,4.16798,52.5752,418.732,16.8156,24949.1,18307.6,0.542867,1.45315,-7.9717,0.187189,3.83693,-3.08476,355.253,15.5948,24885.6,0.0159631,0.928659,0.00115304,22254.6 
108,46.9,108,25075.3,-0.0588639,56.8726,11.0364,125.653,0.00715435,69.1336,424.482,1.31591,1.66608,4.11941,1.54438,0.743277,31.4777,340.434,17.6221,28025.1,20448.8,1.11771,1.46788,3.723,1.34617,0.54507,0.545966,302.428,16.8912,27987.1,0.0121306,0.910962,0.00111054,24931.1 
109,46.91,109,24489.8,-0.696183,56.9649,11.057,125.715,-0.793558,-745.408,0.227968,0.451354,0.640859,-0.717021,0.283662,-4.65274,101.635,342.761,15.9477,27451.2,39760.1,-0.188616,0.000890137,-1.99696,-0.356307,-5.29271,0.745081,220.047,13.5878,27328.5,0.00906693,0.902477,0.00091506,24269.1 
110,46.92,110,25439.2,-0.131218,56.7432,11.2569,125.57,0.0864534,-240.218,0.0523677,-0.258394,0.376071,-2.66644,1.74938,-5.7987,117.526,434.547,15.4932,28323.3,21469.6,-0.998422,-0.363957,-4.1465,1.00935,-6.53873,0.624352,292.646,12.7644,28181.4,0.0116628,0.929083,0.000833662,25092.3 
111,46.93,111,23772.1,-0.803413,55.8248,-11.1112,125.659,1.53011,503.583,67.0057,5.79734,2.18169,-1.65378,-1.4549,-3.07121,43.0191,326.429,20.579,26957.7,45275.8,5.52646,1.91081,-2.19554,-1.72578,-3.34209,13.6276,274.488,19.5802,26905.7,0.0114601,0.889021,0.00133876,23951.5 
112,46.94,112,26274.1,-0.402797,58.3994,11.3752,125.499,7.01272,-4998.1,6.77536,4.0977,1.72529,0.638797,-0.266972,-4.64582,25.4282,348.925,19.0549,29399.8,1.16263e+06,3.93759,1.56517,0.318568,-0.427087,-4.80593,0.458501,318.223,18.4645,29369,0.0121631,0.907819,0.0011568,26163 
113,46.95,113,27671,-0.0252274,59.6814,11.3693,125.493,-0.0333349,-21.3498,1.71633e-12,2.69686,-0.497218,-0.633161,-4.42312,-3.23318,32.0597,352.266,16.3798,30495.7,22111.8,2.49499,-0.699089,-1.0369,-4.62499,-3.43505,0.857979,313.557,15.6354,30457,0.0115637,0.919741,0.000944767,27115.7 
114,46.96,114,26586.6,-0.00145513,59.1075,11.1704,125.659,0.00292441,-26.9353,0.000227522,5.12032,3.45372,0.875403,1.57339,-1.35707,72.4287,290.467,18.6553,29743.1,21496,4.66425,2.99765,-0.0367254,1.11733,-1.81314,1.0053,203.016,16.9735,29655.6,0.00771925,0.872363,0.00105323,26300 
115,46.97,115,27765,-0.559647,60.1085,11.7458,125.231,-18.6555,5111.7,398.118,5.20919,4.35545,-2.7873,-0.0504467,-5.87316,92.5622,249.326,14.8591,30883.3,3.12731e+06,4.62635,3.77261,-3.95298,-0.633286,-6.456,-0.495467,137.567,12.7099,30771.6,0.00505454,0.86082,0.000760284,27216.5 
116,46.98,116,25639.6,-0.928587,58.4205,11.3506,125.464,-0.848798,166.283,0.00170641,0.618426,-0.0960606,-6.35223,1.9447,-1.96285,129.254,148.326,9.87752,28944.5,26180.9,-0.195453,-0.909939,-7.97999,1.13082,-2.77673,0.256381,-7.73539,6.87634,28788.4,-0.000305432,-1.79968,0.000439808,25326.1 
117,46.99,117,25917.8,-0.0699982,58.3529,11.2044,125.468,-0.0800945,-138.838,0.0283079,0.762753,1.27395,1.30177,-1.92521,0.544221,66.4163,113.817,13.2774,29560.8,21645.6,0.344547,0.855743,0.465355,-2.34341,0.126016,1.84341,33.6262,11.7353,29480.6,0.00129448,0.620835,0.000732745,25976.6 
118,47,118,24625.5,-0.994999,57.1865,11.3267,125.602,-0.534194,1048.38,5.64624,-0.240172,2.30765,2.94018,1.85009,-1.43277,86.0395,113.785,14.5819,28243.5,39317,-0.78194,1.76588,1.85664,1.30832,-1.97454,0.146123,9.90113,12.5842,28139.6,0.000399678,0.310152,0.000823121,24772.8 
119,46,119,26762,-0.589197,59.8961,11.4477,125.352,2.66503,256.34,500,-0.0894404,2.21641,-1.08773,-1.02204,0.100493,37.7341,21.9266,16.3843,30411.8,44559.9,-0.327042,1.97881,-1.56293,-1.25964,-0.137109,-0.194975,-23.6335,15.5082,30366.3,-0.000885193,-6.7413,0.000939885,26698.7 
120,46.79,120,22390.9,-0.060859,53.8749,-10.6429,125.403,0.00131101,-34.395,0.0157591,-1.09267,2.36223,1.28487,-1.41683,0.398348,83.7271,939.776,18.1981,24951,18667,-1.61988,1.83502,0.230454,-1.94404,-0.12886,1.14162,838.684,16.2541,24849.9,0.0369358,0.967197,0.00120345,22706.6 
121,46.78,121,23902.6,-0.00620777,55.8114,-10.8796,125.673,-0.0656026,-2.35309,464.594,-0.489191,2.50095,2.77179,-1.20678,-3.85251,110.75,1043.02,22.3148,26330.6,19771.6,-1.18656,1.80358,1.37706,-1.90415,-4.54988,1.30876,909.299,19.7433,26196.8,0.0379467,0.963394,0.00138638,23962.5 
122,46.77,122,25859.7,-0.579543,58.5991,11.1946,125.681,0.357036,-250.395,498.99,1.42025,-1.65607,0.463744,3.36596,-2.72782,53.5517,4332.39,34.9313,24825,24265.1,1.08305,-1.99327,-0.210658,3.02875,-3.06502,0.81795,4267.73,33.6878,24760.4,0.163786,0.986374,0.00250002,26056.8 
123,46.76,123,20766.2,-0.0619755,50.3988,10.3108,126.108,-0.0023087,-39.7576,500,-6.76675,-3.12641,-2.86974,2.27484,-0.731377,-4.4959,16170.5,60.664,7432.23,16919.5,-6.73844,-3.0981,-2.81312,2.30315,-0.703067,0.745409,16175.9,60.7684,7437.66,0.711935,0.993469,0.0148275,22721.1 
124,47.01,124,22966,-0.204283,53.6203,-10.8216,125.397,0.504938,68.755,500,5.81929,0.66763,-0.94731,-1.08089,0.280616,80.3521,25.2253,10.511,25937.7,20019.4,5.31334,0.161674,-1.95922,-1.58685,-0.22534,2.15005,-71.7918,8.64525,25840.7,-0.0031671,1.267,0.000615915,22668 
125,47.02,125,24733.5,-0.0727372,56.9806,10.9538,125.675,-0.0691829,-244.755,500,-1.73471,0.836315,-0.835388,-0.623486,-2.60001,110.414,169.059,11.3735,28161.6,20869.6,-2.42996,0.141068,-2.22588,-1.31873,-3.29526,0.756168,35.7455,8.80975,28028.3,0.00144715,0.698665,0.000578669,24700.6 
126,47.03,126,24221.9,-0.972943,57.2696,11.1168,125.519,1.34422,644.545,162.053,3.10021,4.07064,4.74579,0.159004,-3.93064,113.721,192.151,14.7541,27677.9,48929.7,2.38414,3.35457,3.31365,-0.557068,-4.64671,0.138993,54.8439,12.1136,27540.6,0.00225783,0.721226,0.000809583,24290.6 
127,46,127,25291.7,-0.0108205,58.1964,10.9502,125.462,-0.00114924,-37.0403,500,-0.163033,2.18502,-0.384545,-5.29729,-2.50176,99.5111,25.5336,11.4128,28877.8,20746.4,-0.789628,1.55843,-1.63774,-5.92389,-3.12836,0.834925,-94.616,9.1022,28757.7,-0.00375279,1.20243,0.000582711,25212.2 
128,46,128,24826.3,0.0100741,57.7641,10.8225,125.29,0.0661217,-71.7352,500,-4.98239,0.29748,-2.44515,2.35554,-2.71219,128.683,41.6428,21.5893,28429.8,20505.2,-5.79268,-0.512805,-4.06572,1.54525,-3.52248,0.67075,-113.729,18.6014,28274.5,-0.00459183,1.40101,0.00121043,24767.8 
129,46,129,26992.6,-0.930747,60.6051,11.4161,125.533,0.98539,-514.695,407.452,0.513823,-2.27728,2.60577,-0.433071,-0.291041,94.4419,-19.2733,10.8865,30559.3,39033,-0.0808527,-2.87196,1.41642,-1.02775,-0.885716,1.41057,-133.302,8.6936,30445.3,-0.00500036,1.12883,0.000525733,26658.6 
130,46,130,25211,-0.0215898,56.6902,11.1101,125.405,0.0144912,14.6858,499.927,2.20694,0.532,0.146708,-2.37987,-1.51008,47.4403,-11.3928,10.8992,28704.9,20510,1.90822,0.233281,-0.450731,-2.67859,-1.8088,0.83883,-68.6722,9.79772,28647.6,-0.00273146,1.33276,0.000629619,25141.2 
131,46.8,131,23119.8,-0.900843,54.3399,11.1217,125.497,1.77978,-800.618,452.398,0.735064,0.905356,3.44238,1.22229,-4.81489,98.8429,813.14,17.6541,25521.1,66059.8,0.112677,0.282969,2.19761,0.599907,-5.43728,1.97927,693.797,15.3591,25401.7,0.0301032,0.962704,0.00111259,23047.3 
132,46.81,132,24926.6,0.00307758,55.7944,-11.3024,125.57,-0.000528164,55.3,499.018,0.413973,3.80297,-7.17386,-0.972023,-1.81764,121.026,943.698,21.1135,27366.4,20529.4,-0.348093,3.0409,-8.69799,-1.73409,-2.57971,0.157088,797.572,18.3034,27220.3,0.0322233,0.96139,0.00123713,24751.4 
133,46.82,133,23985.8,-0.416958,56.2728,10.9168,125.775,0.106198,-3.35956,500,-0.990364,2.62213,2.59322,-0.326794,-0.91029,132.939,873.241,20.5386,26410.8,20009.8,-1.82744,1.78505,0.919061,-1.16387,-1.74737,1.45172,712.731,17.4519,26250.3,0.0299304,0.95891,0.00122318,23813 
134,46.83,134,23318.7,-0.491016,54.3303,11.0352,125.572,2.54751,-2249.22,500,0.128066,0.911382,-2.89297,0.127816,-3.31961,134.559,861.331,22.0794,25836.7,206045,-0.719215,0.0641013,-4.58753,-0.719466,-4.1669,0.54709,698.864,18.955,25674.2,0.0300043,0.954686,0.00135816,23292.2 
135,46.84,135,23596.1,-0.0128154,53.4921,11.1686,125.449,-0.0279029,-4.37187,0.00310664,0.814849,1.09721,0.274553,-1.0147,0.91453,80.9476,625.577,22.2754,26282.6,19452.4,0.305144,0.5875,-0.744858,-1.5244,0.404825,0.23352,527.841,20.3958,26184.8,0.0223941,0.936663,0.00143279,23570.5 
136,46.85,136,24683.4,-0.292172,56.4192,11.0527,125.724,0.0695567,-40.0994,500,0.779639,-0.214601,1.77417,0.318884,-2.4222,84.7742,594.27,23.0917,27307,20390.5,0.245839,-0.748401,0.70657,-0.214916,-2.956,1.23815,491.914,21.1233,27204.7,0.020134,0.930106,0.00142827,24432 
137,46.86,137,23487.8,-0.0394224,53.4492,-11.1413,125.526,-0.0121811,14.1232,0.191244,-1.32708,3.01197,-3.02018,-0.958334,-2.35927,154.625,484.266,11.4085,26421.9,19390.9,-2.30071,2.03834,-4.96744,-1.93197,-3.3329,0.52667,297.573,7.81819,26235.2,0.0127252,0.956043,0.000548653,23384.5 
138,46.87,138,23003.7,0.037332,53.8644,10.9748,125.369,-0.24337,232.784,1.54466e-11,0.250485,-0.161389,-3.835,-1.57535,-1.61673,87.3095,446.739,12.3908,26417.6,21088.1,-0.299279,-0.711153,-4.93453,-2.12512,-2.1665,0.517951,341.322,10.3635,26312.2,0.0145267,0.949546,0.000725017,23496.1 
139,46.88,139,24595.9,-0.098871,56.1309,11.1415,125.48,-0.0199889,-17.101,500,2.46703,1.88658,-0.063149,-1.58204,1.92288,135.483,441.756,18.3001,27855.6,20369.4,1.61393,1.03348,-1.76935,-2.43515,1.06978,-2.63082,278.173,15.1543,27692,0.0112862,0.912962,0.00100707,24647.1 
140,46.89,140,21119.4,-0.624538,52.4161,-10.6818,125.373,0.371616,204.432,0.237903,-2.52058,-0.25304,0.0887034,-1.92,-3.97711,95.6502,313.119,12.9191,24270.6,20699.6,-3.12286,-0.855324,-1.11586,-2.52228,-4.57939,0.908504,197.631,10.6982,24155.1,0.00921183,0.913466,0.000815199,21454.1 
141,46.9,141,21594.3,-0.037802,52.621,10.6705,125.459,0.0262938,-24.0748,500,2.16251,-0.570681,-2.80889,-0.191984,-3.46652,125.23,267.868,16.8329,25035.6,18299,1.37397,-1.35922,-4.38597,-0.980524,-4.25506,0.543452,116.666,13.9251,24884.4,0.00529939,0.827213,0.00102977,22014.9 
142,46.91,142,23012.1,-0.427396,53.3515,11.2777,125.681,0.835158,-911.174,499.014,0.298941,0.642147,-1.90355,-1.9193,-2.66584,77.5594,312.183,14.0246,26108.8,44359.1,-0.18943,0.153776,-2.88029,-2.40767,-3.15421,0.660256,218.538,12.2237,26015.2,0.00945566,0.910842,0.000864802,23111.9 
143,46.92,143,22205.9,-0.88244,53.2256,10.9424,125.484,-1.47082,3731.69,37.6553,-0.350315,-1.62578,-3.67308,2.83685,-3.21881,64.1257,248.141,17.0369,25333.8,197633,-0.754097,-2.02956,-4.48064,2.43307,-3.62259,0.469987,170.716,15.548,25256.3,0.0076225,0.862529,0.00113273,22396.3 
144,46.93,144,23503.6,-0.0697851,53.6365,-11.1124,125.499,0.0162602,-15.277,499.95,2.83954,-0.21273,-1.51416,-2.42467,-3.92596,108.3,339.178,11.1737,26543.6,19410.9,2.1576,-0.894669,-2.87803,-3.10661,-4.6079,0.691516,208.416,8.65909,26412.8,0.00888704,0.932221,0.000603545,23451.7 
145,46.94,145,24296.2,-0.311924,55.7689,11.1351,125.656,0.244484,43.6114,0.00246927,-0.566815,-1.88538,5.39711,-1.16407,-4.58759,112.252,257.378,18.3211,27526.5,20562.4,-1.27364,-2.59221,3.98346,-1.87089,-5.29441,1.56522,121.845,15.7147,27390.9,0.00502953,0.815858,0.00105574,24225.9 
146,46.95,146,26563.2,-0.168713,59.0046,11.3782,125.453,0.00365796,190.509,0.141864,2.2705,2.11609,-0.901567,-1.96378,-3.20487,174.347,243.368,23.6023,30010.1,21877.9,1.17269,1.01828,-3.0972,-3.06159,-4.30269,0.625513,32.8625,19.5541,29799.6,0.00125159,0.489884,0.0012073,26256.5 
147,46.96,147,20713.2,0.189885,51.006,10.6677,125.602,0.154545,-457.09,492.838,-0.414896,2.52497,-0.389265,-1.15236,-3.62584,57.7553,187.867,15.6194,24316.7,20012.4,-0.778566,2.1613,-1.1166,-1.51603,-3.98951,0.786884,118.134,14.2783,24246.9,0.005506,0.825413,0.00108359,21455.4 
148,46.97,148,26729.9,-0.933772,57.9729,-11.8414,125.597,-0.0737111,-79.5422,307.149,2.23794,-1.44603,-3.1064,-0.247887,-5.00811,117.246,184.911,16.1829,29926.1,22538.1,1.49967,-2.18429,-4.58293,-0.986152,-5.74637,0.618091,43.3485,13.4605,29784.5,0.00165114,0.647917,0.00083181,26253.7 
149,46.98,149,26211,0.0484589,57.7576,11.3076,125.303,-0.00460211,-90.2779,1.35292e-12,4.10619,-0.563679,-1.45834,-1.94908,-5.97599,36.3087,188.059,14.3593,29432.1,21274,3.87756,-0.792306,-1.9156,-2.17771,-6.20461,0.734412,144.22,13.5162,29388.3,0.00554565,0.8591,0.000846501,26005.9 
150,46.99,150,26172.7,-0.00850811,56.4047,-11.6764,125.316,-0.165644,114.254,8.08322e-12,0.135587,0.163074,-1.39438,-0.0629597,-3.28122,50.0486,144.57,17.7458,29564.7,22055.8,-0.179556,-0.152069,-2.02467,-0.378103,-3.59636,0.680185,84.1413,16.5837,29504.2,0.00323026,0.743542,0.00103434,26047.9 
151,47,151,27638.6,-0.669651,59.4259,11.7937,125.56,0.393738,169.483,500,3.92665,0.391482,-1.73852,-1.5711,-3.9309,64.029,175.116,18.0119,30651.6,24987.4,3.52347,-0.0116911,-2.54487,-1.97427,-4.33408,0.523561,97.8079,16.5252,30574.3,0.00362208,0.7718,0.000994652,27003.2 
152,47,152,26023.2,-0.0976313,58.7956,11.1885,125.561,0.000642247,2.58439,0.00202477,-1.8029,1.87644,-5.27712,-3.22434,-2.16285,104.163,109.563,11.1634,29450.7,21414.7,-2.45879,1.22055,-6.5889,-3.88023,-2.81874,0.54641,-16.2033,8.74479,29324.9,-0.000628284,18.0058,0.00054902,25789.7 
153,47,153,23801.7,-0.876084,55.5287,-11.1319,125.374,4.18843,-1435.05,376.163,0.914684,-2.86573,-2.59319,-0.816332,-0.24773,66.717,88.0658,14.4392,27285.8,215788,0.494585,-3.28583,-3.43338,-1.23643,-0.667829,0.577632,7.51172,12.8901,27205.3,0.000313666,0.249813,0.000872045,23948.2 
154,47,154,24928.2,-0.26241,57.864,11.058,125.534,2.62604,3030.56,345.739,0.383789,-2.29531,-0.2281,-0.931808,-2.09801,133.419,161.588,17.3089,28303.5,279901,-0.456313,-3.13541,-1.9083,-1.77191,-2.93811,0.813095,0.4984,14.211,28142.4,2.01245e-05,0.0196471,0.00092934,24765.8 
155,47,155,24212.8,0.0450898,55.2242,11.0874,125.347,-0.0887123,13.1735,2.75971e-11,-2.21671,-3.56245,-7.90669,-0.508402,-1.90758,56.9583,128.802,21.0106,27558.3,19970.2,-2.57536,-3.9211,-8.62399,-0.867053,-2.26623,0.52755,60.0303,19.6881,27489.5,0.00247539,0.635346,0.00131758,24250.8 
156,47,156,26520.3,-1.05061,59.8502,11.5241,125.584,0.365072,816.662,494.286,0.474108,0.0807511,-2.96493,-6.32148,-4.95634,133.809,215.238,18.0428,29965.9,32158.2,-0.368455,-0.761812,-4.65005,-7.16404,-5.7989,0.751908,53.6762,14.9358,29804.4,0.00204236,0.672517,0.00092228,26281.5 
157,47,157,25171.7,-0.215026,58.0455,11.0015,125.505,0.0739399,40.7679,7.64346e-07,0.41825,0.472077,-5.69871,-1.72535,-4.33953,139.296,157.111,11.523,28472.6,20886.2,-0.458863,-0.405036,-7.45294,-2.60246,-5.21665,0.538116,-11.0754,8.28861,28304.4,-0.000444853,-3.2293,0.000539148,24896.8 
158,47,158,25478.3,-0.561245,58.1337,11.2602,125.336,0.565958,370.736,7.11867e-05,1.90739,-0.499415,-3.78768,-0.655073,-4.66112,117.717,116.4,11.4296,28928.5,28139.7,1.16616,-1.24065,-5.27014,-1.39631,-5.40236,0.566004,-25.7319,8.69626,28786.3,-0.00101682,2.44752,0.000556184,25306.2 
