cyc,freq,VVA,cyc,ROIsum,fBg,fA1,fWidth1,fCtr1,fA2,fWidth2,fCtr2,box1,box2,box3,box4,box5,box6,box7,box8,box9,Nfit,BZ-2,BZ-1,BZ0,BZ1,BZ2,Excited,c5,c7,c9,fraction95,fraction75,fraction97,sum95,two2D_bg,two2D_a1,two2D_sh1,two2D_sv1,two2D_ch1,two2D_cv1,two2D_a2,two2D_sh2,two2D_sv2,two2D_ch2,two2D_cv2,two2D_chd,two2D_cvd
0,46.5069,10,0,10124.3,-0.0122499,21.9117,10.289,121.342,0.00365141,-18.3554,500,-1.48364,1.35775,1.47013,-2.06327,-1.35807,68.1036,140.683,9.51464,9917.32,7341.32,-1.91247,0.92892,0.612473,-2.4921,-1.7869,1.13171,45.1614,5.97679,9821.8,0.00457703,0.811952,0.00111971,9866.96,-6.18232e-05,-0.0321299,-1.1854,-2.92221,115.105,77.7834,1.03857,10.4452,11.5268,120.968,130.328,-5.86289,-52.5451 
1,47.1669,10,1,9770.54,0.000936905,19.9983,10.4604,121.335,0.00213838,-11.2023,1.61147e-10,-1.59968,3.9607,4.92159,-2.49185,-1.47827,214.038,124.519,-1.2559,9178.97,6810.64,-2.94742,2.61296,2.22611,-3.83959,-2.82601,1.46631,-175.691,-12.3748,8878.76,-0.0201872,0.890265,-0.00257404,8703.07,0.000107251,0.0136981,11.7306,14.4594,130.176,96.2767,0.939561,10.6566,11.5781,121.058,128.65,9.11787,-32.3733 
2,47.2719,10,2,10080.4,-0.00434635,20.507,10.6999,121.351,0.00498909,-5.52554,2.24318e-09,1.45241,0.843393,-0.802745,0.0523647,0.81529,27.1377,151.858,-7.24666,9585.01,7143.81,1.28153,0.672514,-1.1445,-0.118514,0.644411,1.85702,113.795,-8.65641,9546.94,0.0117791,1.15357,-0.00167307,9660.74,-0.000101368,0.0502966,2.49023,-43.8412,129.268,108,0.964627,10.7911,11.4757,120.833,128.676,8.43422,-20.6762 
3,47.3469,10,3,10513.1,0.0314876,20.6508,10.8853,121.491,-0.0964654,-11.8253,269.67,2.10981,3.55752,-0.360201,-2.22982,1.00353,-17.417,125.628,-12.7771,9953.21,7354.8,2.21948,3.66719,-0.140861,-2.12015,1.1132,1.02972,150.057,-11.8723,9977.64,0.0148165,1.16071,-0.00219672,10127.7,-0.000376241,0.00215896,32.6945,4343.16,153,78.4306,0.975496,11.1996,11.4942,121.059,128.538,31.941,-50.1078 
4,47.2119,10,4,10152.7,0.0389818,20.5121,10.5358,121.329,-0.140756,28.4951,134.521,1.82162,3.55617,2.39266,-1.92357,-1.54778,-66.5233,152.572,13.9671,9504.86,7165.73,2.2405,3.97505,3.23042,-1.50469,-1.12891,0.525801,245.878,17.4229,9598.17,0.0249773,0.889676,0.00333269,9844.05,0.000368711,0.000960166,2173.01,-2.33027,117.398,71.2845,0.94878,10.7885,11.6306,120.943,127.863,-3.54456,-56.5784 
5,46.9719,10,5,9971.52,0.0489645,19.6565,10.7366,121.474,-0.0414715,40.9348,115.793,-3.25133,-1.7688,-1.49722,-1.92115,-0.46608,-47.5593,286.349,-4.5393,9097.48,6925.43,-2.95187,-1.46933,-0.89828,-1.62168,-0.166612,0.87362,353.056,-2.06869,9164.19,0.0370964,1.01036,-0.000416003,9517.24,0.000216525,0.0230702,11.3674,19.8756,125.016,92.9785,0.900212,11.0098,11.5004,120.964,128.724,4.05184,-35.745 
6,47.2419,10,6,10566.8,0.0384979,21.0966,10.6729,121.333,-0.0207249,-0.800025,187.957,-3.70622,1.73437,-2.44799,-3.4359,1.09205,11.3514,111.914,4.24184,9925.28,7330.3,-3.7777,1.66289,-2.59094,-3.50738,1.02057,0.639775,95.9928,3.65215,9909.36,0.00959414,0.937576,0.000678458,10005.3,0.000788284,-0.0341716,-12.2371,-14.3688,95.1285,108,0.965795,10.8956,11.8372,120.849,128.448,-25.7206,-20.4481 
7,47.2869,10,7,8767.59,0.00906368,17.5995,10.6574,121.091,-0.0255566,-2.2084,5.85984e-10,0.657786,1.39785,-4.52836,-3.35038,1.47976,-163.418,45.1175,-5.47968,8341.18,6107.72,1.68678,2.42685,-2.47037,-2.32139,2.50875,2.34946,274.327,3.00955,8570.39,0.0310159,0.981163,0.000646449,8844.72,0.000116539,0.0105189,11.9678,16.807,126.476,97.401,0.82912,10.7619,11.6217,120.736,128.515,5.7395,-31.1136 
8,47.3319,10,8,6955.26,0.00981779,13.5646,10.5293,121.237,-0.0361885,-11.0255,499.93,0.128047,2.624,-3.89693,-2.32436,-0.768696,-34.1121,72.3117,2.76999,6377.95,4662.43,0.342842,2.83879,-3.46734,-2.10956,-0.553902,-0.175701,120.157,4.54205,6425.8,0.018356,0.937953,0.00130039,6545.95,0.000340247,0.0327761,2.38823,38.992,129.697,108,0.634535,10.4631,11.6673,120.769,128.63,8.92735,-20.6305 
9,47.1969,10,9,9704.67,-0.0072558,18.9173,10.8892,121.104,-0.00303718,-0.511197,5.08537e-11,3.99317,3.52411,7.22649,3.65483,0.760473,34.4668,165.056,-3.47886,8917.58,6705.86,3.77615,3.30709,6.79243,3.4378,0.543445,0.619619,116.713,-5.26934,8869.24,0.0129884,1.08579,-0.00109562,8985.95,0.000262742,0.0212229,10.5249,17.6794,125.095,100.451,0.872489,10.9738,11.6281,120.703,128.47,4.39116,-28.0193 
10,47.1519,10,10,7199.12,-0.00769167,13.5907,10.6987,121.331,0.0251599,2.51226,5.00905e-12,4.86873,4.72751,0.685875,1.34579,2.60373,64.9084,195.949,-4.51805,6352.89,4735.38,4.46001,4.3188,-0.131547,0.937079,2.19502,1.01117,104.908,-7.88991,6261.85,0.0164775,1.15156,-0.00232645,6366.76,0.000694181,0.0373966,1.02895,0.734597,129.036,88.2266,0.63153,10.8687,11.4453,121.008,128.512,8.02755,-40.2858 
11,46.9269,10,11,8700,0.0190103,17.4017,10.7309,121.296,-0.0078859,-32.6505,17.79,1.7722,0.570725,-7.04012,-4.17927,-2.54026,14.102,395.279,1.01898,7832.55,6087.24,1.68341,0.481929,-7.21772,-4.26806,-2.62906,0.395982,375.499,0.286412,7812.77,0.0458582,0.998667,6.7526e-05,8188.27,0.000142521,0.0377056,11.1068,14.2887,124.357,83.058,0.771862,10.9021,11.724,120.945,128.404,3.41151,-45.3464 
12,47.2269,10,12,9259.81,0.0574884,18.8976,10.2985,121.04,-0.18993,99.2085,427.35,8.11957,-0.369304,-0.140259,-0.546913,-5.69444,24.7364,18.3374,-26.7532,8578.29,6948.84,7.96381,-0.525062,-0.451776,-0.702671,-5.85019,2.0407,-16.3577,-28.0382,8543.6,-0.00191829,0.250024,-0.00608216,8527.24,0.000179598,0.035891,-2.44771,-33.5446,115.962,108,0.894336,10.6517,11.3413,120.87,129.267,-4.90857,-21.2673 
13,47.0169,10,13,9104.74,0.0601871,18.1786,10.5037,121.277,-0.157224,-32.3353,236.551,1.73685,0.714252,-5.888,0.135352,0.187023,-31.5428,138.834,-4.01077,8422.71,6381.31,1.93546,0.912869,-5.49077,0.333969,0.38564,-1.85557,183.076,-2.37218,8466.95,0.0211648,1.0232,-0.000516369,8650.03,0.000226973,0.046402,2.83652,41.5685,129.046,108,0.840887,10.6702,11.4749,120.617,127.926,8.42903,-19.926 
14,47.0619,10,14,9230.14,0.0767774,18.4632,-10.3875,121.329,0.548688,-693.486,302.48,2.82182,2.71776,3.01973,1.90483,1.80166,-70.4997,221.732,4.01816,8426.24,18630,3.26574,3.16167,3.90757,2.34874,2.24558,0.738262,320.615,7.68048,8525.12,0.0362452,0.959765,0.00165685,8845.74,0.00034657,0.0520377,-2.4394,-41.3946,129.236,108,0.862915,10.5474,11.3223,120.695,128.358,8.54045,-20.3576 
15,47.3019,10,15,9522.9,-0.00269633,19.2585,10.5959,121.122,-0.00451344,-3.94103,5.00949e-11,-0.666793,1.25992,5.93165,-0.957286,2.71653,-88.8334,89.1137,8.95409,8981.54,6643.48,-0.107432,1.81928,7.05037,-0.397926,3.27589,0.394308,213.711,13.5688,9106.14,0.0229308,0.900001,0.00273736,9319.85,0.000357844,-0.00681309,9.53279,22.2661,116.717,55.0007,0.921341,10.7635,11.413,120.703,127.638,-3.9859,-72.6368 
16,47.0319,10,16,10218.2,0.111227,19.773,10.5872,121.269,-0.174667,-68.2391,0.0435913,-0.462941,-1.13278,3.6423,-1.09358,0.354311,34.2281,174.626,-11.9253,9247.52,7202.77,-0.678467,-1.3483,3.21125,-1.30911,0.138786,-225.788,126.618,-13.7034,9199.51,0.0135767,1.23365,-0.00275152,9326.12,0.000454811,0.0505063,2.82497,42.6193,128.813,108,0.918266,10.7808,11.3975,120.65,128.472,8.16322,-20.4721 
17,46.9569,10,17,9383.72,-0.00206683,18.0386,-10.987,121.05,-0.000395256,3.35517,6.40035e-11,-1.30419,-3.62329,-3.72081,-0.502897,-1.02258,-56.3732,269.62,-6.9804,8543.33,6451.81,-0.949225,-3.26833,-3.01088,-0.14793,-0.667614,0.625698,348.689,-4.05192,8622.4,0.0388681,1.02076,-0.00086641,8971.09,0.000188535,0.0217165,11.3488,18.2537,126.029,89.7053,0.829778,11.3969,11.4077,120.512,128.687,5.51679,-38.9814 
18,47.1219,10,18,8983.21,0.0643699,17.7228,10.5981,121.321,-0.121107,41.2483,31.3752,-1.94707,3.52061,-3.94789,-1.60332,-0.291515,8.0765,158.122,-15.9758,8195.57,6277.08,-1.99793,3.46976,-4.0496,-1.65418,-0.342371,0.114709,146.794,-16.3954,8184.24,0.0176201,1.24294,-0.00370393,8331.04,0.000256689,0.0430011,-2.64895,-48.0632,128.946,108,0.802476,10.8662,11.5895,120.57,128.82,8.37553,-20.8197 
19,47.0769,10,19,7730.42,-0.00211305,15.4237,10.6184,121.36,-0.00199011,6.11311,1.08299e-11,0.770329,-0.602457,2.96179,2.32626,-2.91632,-73.0951,110.428,-8.68638,7145.12,5331.81,1.23059,-0.142197,3.88231,2.78652,-2.45606,0.267649,212.951,-4.88923,7247.64,0.0285434,1.04186,-0.00124422,7460.59,0.000236268,0.0119416,11.4088,-16.5558,130.055,87.9527,0.696045,10.8283,11.8325,120.957,128.114,9.09767,-40.1616 
20,47.0469,10,20,7850.76,0.071731,15.3719,10.5645,121.232,0.412025,-482.647,9.81171,-1.50747,-1.84109,-2.71498,1.20542,3.73528,-27.8933,176.098,-3.97301,7112.4,11760.2,-1.33183,-1.66545,-2.3637,1.38106,3.91091,-33.2487,215.221,-2.52401,7151.52,0.0292152,1.02095,-0.000650563,7366.74,0.000371825,0.012867,9.08901,18.6132,125.836,86.2477,0.695956,10.9206,11.6909,120.627,128.812,5.2086,-42.5642 
21,47.0919,10,21,8341.8,0.0143157,16.2385,10.8846,121.078,0.0565104,-70.2398,3.6766e-10,-3.68497,-0.733991,-3.31813,-1.71235,-3.65201,-95.1155,93.0093,-10.2874,7835.19,5883.01,-3.08605,-0.135075,-2.12029,-1.11343,-3.05309,0.776998,226.418,-5.34634,7968.6,0.0276287,1.0431,-0.00123745,8195.02,1.70783e-05,0.010325,-2.94382,-5131.25,128.541,84.3242,0.734532,11.3218,11.8168,120.458,129.087,8.08247,-44.7628 
22,47.3619,10,22,9868.3,0.0011306,19.5935,10.777,121.122,0.00252986,0.879115,8.67305e-10,1.24147,-2.36569,-5.07342,0.760665,2.7981,-83.147,97.6818,15.9954,9274.73,6874.01,1.76502,-1.84213,-4.02631,1.28422,3.32165,9.01329,214.304,20.3147,9391.35,0.0223101,0.857714,0.00396889,9605.65,0.000673011,-0.0353952,-11.8347,13.9017,96.4126,108,0.889502,11.1235,11.867,120.529,128.282,-24.1165,-20.2817 
23,47.2569,10,23,8942.32,0.0111395,17.7739,10.679,121.11,-0.0287031,-6.26585,499.999,1.98451,-0.832978,-6.90811,1.8678,2.3834,-117.705,33.8222,4.68833,8427.3,6184.73,2.72567,-0.0918243,-5.4258,2.60895,3.12456,2.84454,198.914,10.8028,8592.39,0.0226262,0.913208,0.00231065,8791.31,0.000262733,-0.00887662,14.529,3.8244,98.0595,77.2276,0.830696,11.1692,11.4719,120.509,128.204,-22.449,-50.9759 
24,46.7069,10,24,9612.11,0.00984831,20.093,10.3355,121.089,-0.00923015,-34.2461,131.436,2.83272,0.571419,-1.94094,1.29268,-0.636375,-16.1877,108.294,-7.15113,9046.22,6770.72,2.93465,0.673349,-1.73708,1.39461,-0.534445,1.63604,130.999,-6.31021,9068.92,0.0142391,1.09206,-0.00128339,9199.92,0.000583678,-0.0337562,-10.3926,-14.2006,95.5833,108,0.933718,10.5976,11.589,120.642,128.028,-25.059,-20.0281 
25,46.9419,10,25,8624.13,0.00116696,17.0298,10.9285,120.984,0.00163294,-5.285,8.51953e-11,-2.32926,0.892143,-4.94468,-2.49975,-0.273349,-93.609,326.473,-14.3188,7878.83,6058.77,-1.73983,1.48157,-3.76582,-1.91032,0.316082,0.329724,457.768,-9.45597,8010.12,0.0540593,1.0375,-0.00217935,8467.89,4.61295e-05,0.0313487,10.8598,14.1191,124.576,83.5201,0.760704,11.3163,11.6447,120.446,128.988,4.1307,-45.4682 
26,46.6069,10,26,9373.67,0.000495777,19.365,10.2275,120.992,-0.00611149,-10.318,1.42949e-11,2.333,1.51335,-3.00106,-1.09663,1.21963,-89.0711,62.3616,-4.11289,8680.36,6449.41,2.89386,2.07421,-1.87935,-0.535774,1.78049,1.43369,187.293,0.514186,8805.29,0.0208274,0.995219,0.000107558,8992.59,0.000404092,-0.0118384,-8.65638,7.93372,109.977,76.1542,0.919828,10.4986,11.3989,120.5,128.15,-10.523,-51.9962 
27,47.3769,10,27,9636.4,0.000141633,18.8431,10.8534,120.642,0.00570377,-7.76663,2.41076e-12,0.540809,0.00799028,-0.668947,-3.20909,-2.01512,-58.6771,49.1665,-5.02711,9009.96,6658.96,0.910283,0.377464,0.0700014,-2.83962,-1.64564,1.02238,131.467,-1.97895,9092.26,0.0142531,1.02706,-0.000401099,9223.73,0.000397734,-0.00361715,36.611,6.23512,88,78.678,0.904725,11.0723,11.3201,120.176,129.046,-32.1763,-50.3678 
28,46.9119,10,28,8961.32,-0.0154312,18.7134,10.4953,121.183,0.00528189,14.877,340.591,-5.05615,-1.9934,-7.14787,-1.59574,-0.343364,-30.3069,460.339,-6.11059,8106.96,6396.14,-4.86531,-1.80256,-6.7662,-1.4049,-0.152529,0.548664,502.848,-4.53621,8149.47,0.0581171,1.01604,-0.00102642,8652.32,2.8364e-05,0.0402124,10.7614,13.6114,123.343,81.6808,0.815083,10.8243,11.7354,120.67,128.686,2.67285,-47.0048 
29,47.1069,10,29,10664,-0.00954309,22.0441,10.557,120.98,0.000826212,1.05779,209.623,3.01731,-2.94396,-2.56002,-1.393,1.15444,-41.4386,206.688,16.7095,10027.6,7575.83,3.27824,-2.68303,-2.03816,-1.13208,1.41537,-0.757539,264.809,18.8622,10085.7,0.0255842,0.889165,0.00343326,10350.5,0.000347119,-0.0056694,29.8637,3.04963,88.0001,78.0921,1.02178,10.7852,11.4686,120.492,130.113,-32.4915,-52.0207 
30,47.1819,10,30,8407.02,0.0096808,17.6567,10.2803,120.797,-0.0215345,-15.7392,8.29599,-0.332241,-1.0606,0.688141,-2.17082,-3.48141,-36.033,95.8476,2.61237,7956.95,5919.97,-0.105351,-0.833714,1.14192,-1.94393,-3.25452,1.22859,146.387,4.48421,8007.48,0.0179531,0.949121,0.00103052,8153.87,0.000156611,-0.0111029,232.12,0.156453,104.984,75.735,0.824788,10.638,11.4989,120.31,129.184,-15.3257,-53.4492 
31,47.1369,10,31,8816.64,-0.0244176,19.213,10.1546,120.821,-0.0178106,20.21,500,-1.07162,-2.33292,-4.72485,-0.9645,1.77953,-30.4785,113.566,0.513342,8503.68,6362.9,-0.879708,-2.141,-4.34102,-0.772585,1.97145,0.295617,156.315,2.09664,8546.43,0.0179616,0.977066,0.000451708,8702.74,-0.000224872,0.0442044,2.26455,48.8138,128.816,108,0.909203,10.3762,11.2668,120.307,128.504,8.50845,-20.5044 
32,47.3169,10,32,9047.61,0.0288967,17.7259,10.9022,120.556,-0.00345309,102.904,301.733,5.23625,-2.02095,-0.454006,-2.41724,1.40244,-77.7169,100.875,-13.8877,8556.36,6302.52,5.72561,-1.53159,0.524719,-1.92787,1.8918,0.887944,209.881,-9.85041,8665.36,0.0236479,1.08948,-0.00209842,8875.24,0.000282321,-0.0228012,2.24249,-35.8816,122.294,108,0.83614,11.114,11.7073,120.132,128.741,2.16131,-20.7411 
33,47.0019,10,33,9052.44,-0.0055004,18.2509,10.6497,121.101,-0.00309098,7.76196,7.32009e-10,-1.24196,0.89339,-0.267286,0.849117,-1.84188,50.9189,203.103,5.8885,8276.18,6328.08,-1.56258,0.572767,-0.908531,0.528495,-2.1625,0.742797,131.684,3.24336,8204.76,0.0157962,0.958679,0.000727659,8336.44,0.000171288,0.0206968,9.17377,20.1879,125.866,92.7609,0.83608,10.844,11.551,120.638,129.42,5.22851,-36.659 
34,46.9869,10,34,8964.29,0.0631045,17.9881,10.4247,120.854,-0.204248,-11.8895,38.7905,-2.98049,1.37988,-3.11242,4.10108,2.53551,57.334,258.471,-0.830396,8089.76,6183.44,-3.34151,1.01886,-3.83446,3.74007,2.17449,-14.8093,178.054,-3.80879,8009.35,0.0217474,1.03889,-0.000876768,8187.4,0.000293972,0.0163523,10.8508,21.9445,126.983,87.7663,0.834339,10.7513,11.3563,120.298,128.521,6.6848,-40.7544 
35,47.3919,10,35,7557.75,0.00150383,15.3036,10.5749,121.023,-0.104517,-54.9481,500,3.42409,0.82056,-2.46761,1.83038,-0.41654,-17.0289,110.545,1.06757,6809.83,5455.18,3.53132,0.927786,-2.25316,1.9376,-0.309314,1.58764,134.43,1.95218,6833.71,0.0192921,0.975216,0.000525957,6968.14,0.000236144,0.0376912,2.77784,45.1955,128.783,108,0.675334,10.6598,11.7535,120.358,128.923,8.42408,-20.9227 
36,46.5069,10,36,10048.5,0.0214988,20.4896,10.5337,120.692,-0.0601273,33.7526,24.202,5.10133,0.379167,-0.717628,0.917657,-1.52061,-72.8912,55.5035,-10.1892,9547.12,7092.09,5.56031,0.838143,0.200325,1.37663,-1.06163,0.971025,157.741,-6.40261,9649.36,0.0160843,1.07646,-0.00122378,9807.1,0.000592669,-0.0371757,11.3286,-13.8044,96.5961,108,0.961438,10.7991,11.6282,120.291,128.509,-23.6949,-20.5086 
37,47.1669,10,37,10190.5,0.0015244,19.7191,10.9679,120.925,-0.00647075,-3.32854,1.201e-11,1.4164,-0.173058,-2.39109,-0.389182,4.92503,-133.48,163.795,12.9595,9450.75,7041.25,2.25688,0.667429,-0.710118,0.451305,5.76552,1.08423,351.013,19.8935,9637.97,0.03514,0.909769,0.00378784,9988.98,0.000494755,-0.00908847,-8.98958,5.88117,105.508,78.1921,0.902265,11.2481,11.6759,120.5,128.435,-14.9913,-50.2428 
38,47.2719,10,38,7782.44,0.00566412,15.946,10.4952,121.249,0.0050578,-16.0764,1.18527e-11,1.23385,0.997387,-3.174,-0.413411,1.9991,-78.5131,90.7298,7.42996,7079.35,5450.65,1.72823,1.49176,-2.18525,0.0809653,2.49348,1.60547,200.852,11.5086,7189.47,0.0271777,0.908866,0.00294008,7390.33,0.000258681,0.0344861,3.33961,61.9069,128.246,108,0.647558,10.4976,12.4669,120.429,128.725,7.81681,-20.7246 
39,47.3469,10,39,8474.4,0.0188549,17.0166,10.5877,121.074,-0.0382936,-46.5555,0.00421614,-1.54842,3.29499,-2.89362,-0.718067,-2.75609,-87.7506,73.599,-7.61703,7736.74,5923.04,-0.995879,3.84753,-1.78853,-0.165525,-2.20354,-0.369526,196.678,-3.05856,7859.81,0.0244123,1.02798,-0.00071735,8056.49,9.82719e-05,0.0157693,-2.74045,5079.52,128.267,83.9537,0.760502,10.838,11.7927,120.489,128.558,7.77772,-44.6047 
40,47.2119,10,40,9209.81,-0.00517308,18.1624,10.6029,120.528,0.0110124,-0.491452,3.97129e-11,-3.95739,-1.44537,-2.22356,-0.192939,3.7497,-82.6611,105.334,-9.31675,8438.22,6269.09,-3.43689,-0.924874,-1.18257,0.327556,4.27019,-0.249296,221.274,-5.02266,8554.16,0.0252152,1.04137,-0.00108278,8775.44,0.96035,-0.961515,1960.89,2669.54,107.995,67.7679,0.846064,10.8689,11.6007,120.144,128.074,-12.149,-60.3062 
41,46.9719,10,41,8051.55,-0.00170906,16.0825,10.5992,120.939,0.00563808,5.27034,0.0446295,-1.48674,0.267668,1.60061,-2.16844,-1.74423,-133.016,203.245,-3.68343,7243.81,5550.04,-0.64917,1.10524,3.27575,-1.33087,-0.906661,-1.19219,389.814,3.22651,7430.37,0.0498471,0.985722,0.000799262,7820.19,0.000282295,0.0456373,2.81562,40.5963,128.376,108,0.729633,10.6152,11.5603,120.231,128.819,8.14501,-20.8187 
42,47.2419,10,42,8309.65,0.0407374,16.2799,10.8034,120.804,0.00281399,32.5549,106.612,0.746383,-0.288045,-4.10926,-2.13794,-2.85315,-155.535,71.5586,4.04782,7711.04,5728.4,1.72575,0.691319,-2.15053,-1.15858,-1.87379,0.222465,289.712,12.1276,7929.2,0.0352495,0.931744,0.00280955,8218.91,0.000585801,-0.0359366,11.6581,-11.521,95.2242,108,0.751007,11.3021,11.608,120.243,128.309,-25.0193,-20.3095 
43,47.2869,10,43,9131.51,-0.00257299,17.8807,10.8687,120.833,0.0187936,-17.6602,6.47283e-11,0.592429,0.63142,-2.79926,-2.45664,-0.865048,-2.58702,113.642,-1.49092,8471.1,6337.24,0.608719,0.64771,-2.76668,-2.44035,-0.848758,0.423532,117.27,-1.35653,8474.73,0.0136488,1.02066,-0.000294949,8592,0.000186751,0.0310572,3.06349,44.5557,129.119,108,0.826682,11.0756,11.4764,120.3,128.409,8.81849,-20.4093 
44,47.3319,10,44,8425.25,0.00242563,17.4897,10.1861,120.72,-0.00836081,-2.95089,7.74758e-11,-1.79734,1.81143,-1.97783,-4.25325,1.10071,-32.1637,19.0953,-3.8438,7845.32,5800.21,-1.59481,2.01395,-1.57278,-4.05073,1.30324,0.596841,64.208,-2.17296,7890.43,0.00807177,1.06295,-0.000507559,7954.64,0.000155588,0.0449532,-2.41512,37.109,128.468,108,0.794492,10.4961,11.6395,120.201,128.081,8.26683,-20.0806 
45,47.1969,10,45,9116.32,0.0086203,18.3244,10.753,121.003,0.0644129,34.7959,8.2672,-0.716708,0.0297971,-1.45172,-0.252312,-0.259639,-38.8688,110.033,-1.01368,8475.69,6487.35,-0.471961,0.274544,-0.962227,-0.00756519,-0.0148926,0.186004,164.55,1.00548,8530.2,0.0189252,0.98942,0.000217088,8694.75,0.000404816,-0.00166173,4012.46,4.37248,94.9563,75.1734,0.840001,10.9485,11.6263,120.566,128.466,-25.6096,-53.2922 
46,47.1519,10,46,8655.9,0.0318106,17.9694,10.2625,120.672,-0.030577,-31.0711,4.98122,-0.771455,-1.51311,1.01145,-4.40253,-1.01635,-41.189,12.7538,-15.675,8048.91,6034.14,-0.512099,-1.25375,1.53016,-4.14317,-0.756989,1.29794,70.5255,-13.5353,8106.68,0.00862465,1.50571,-0.00308516,8177.2,0.00795196,-0.0100507,162.612,-210.182,99.9816,55,0.843023,10.6349,11.4961,120.352,129.288,-20.3707,-74.2876 
47,46.9269,10,47,7838.4,-0.00147576,16.0276,10.5031,120.887,-0.00350776,14.9075,0.248938,1.24249,2.80314,-2.86628,-0.0316694,-0.992078,17.5579,399.764,-0.609058,7013.88,5481.74,1.13193,2.69259,-3.08739,-0.142227,-1.10264,-5.08073,375.137,-1.52115,6989.26,0.0509394,1.00715,-0.00040108,7364.39,0.000199194,0.0310141,10.8613,14.3678,123.671,82.2659,0.700994,10.8405,11.6401,120.29,128.092,3.38186,-45.8266 
48,47.2269,10,48,9248.9,0.00705699,18.7715,10.5091,120.509,-0.0157158,10.6897,1.95397e-12,-2.81673,3.55521,0.755849,-5.48594,-3.09305,-41.9803,26.9755,1.2404,8652.86,6427.28,-2.55239,3.81955,1.28453,-5.2216,-2.82871,1.23361,85.857,3.4212,8711.74,0.00975914,0.934812,0.000722892,8797.6,0.000172426,0.00274316,3968.68,7.17136,103.817,91.7357,0.868725,10.7759,11.614,120.05,128.713,-16.2328,-36.9774 
49,47.0169,10,49,9136.58,0.0728177,18.5873,10.2329,120.657,-0.191222,74.0691,293.204,-2.06095,1.78287,2.39709,-2.63548,2.38775,-49.5966,156.755,-5.44765,8393.4,6652.8,-1.74865,2.09517,3.02168,-2.32319,2.70005,0.193155,226.319,-2.8712,8462.97,0.0260457,1.02271,-0.000625356,8689.29,0.000265303,0.0406693,2.65109,42.6947,127.902,108,0.862368,10.6426,11.2972,120.121,128.676,7.78153,-20.6759 
50,47.0619,10,50,8148.59,-0.0181941,17.0349,10.5115,120.515,-0.00125428,31.7657,61.5128,0.102913,1.28989,-2.70452,-0.464793,-2.99393,-24.2433,57.3211,-2.90515,7798.94,5830.39,0.255567,1.44255,-2.39922,-0.31214,-2.84128,0.377557,91.3246,-1.64576,7832.94,0.0115247,1.03256,-0.000387189,7924.27,-1.50282e-05,0.0359863,-2.74702,-40.8951,127.799,108,0.774293,10.7692,11.5162,119.96,128.522,7.83904,-20.5219 
51,47.3019,10,51,8466.34,0.00301931,17.6142,10.4865,120.271,-0.00151456,-9.50349,2.15489e-10,-1.0433,1.26678,-1.97742,-0.815556,0.108794,-110.108,80.7525,12.1646,7986.12,6013.44,-0.349977,1.9601,-0.590784,-0.122237,0.802114,1.34768,235.189,17.8844,8140.56,0.0280798,0.882554,0.00403071,8375.75,0.0052337,-0.00655293,175.672,-220.673,117.228,55.0008,0.812125,10.9206,11.574,119.748,128.552,-2.52062,-73.5508 
52,47.0319,10,52,8959.65,0.0525207,18.2085,10.3611,120.372,-0.0516157,-115.429,26.1632,-1.74127,3.24906,-0.798158,2.06185,1.47738,-49.8298,71.2278,7.6469,8284.53,6335.49,-1.4275,3.56283,-0.170628,2.37561,1.79114,1.02783,141.119,10.2355,8354.42,0.0166109,0.887367,0.00225178,8495.54,0.000217021,0.0210201,8.9618,-10.5457,126.118,98.5623,0.827541,10.7775,11.7506,119.958,128.282,6.16037,-29.7194 
53,46.9569,10,53,7628.85,-0.00493885,15.258,10.7705,120.435,1.91223e-05,7.79146,1.74987e-11,-0.900579,1.45979,-1.76773,0.102074,0.926569,-18.7723,173.992,-7.3134,7061.97,5349.71,-0.782375,1.578,-1.53132,0.220278,1.04477,3.89282,200.322,-6.33821,7088.3,0.0274842,1.05862,-0.00164989,7288.62,2.28107e-05,0.0147062,9.79739,21.1975,126.912,88.3893,0.702253,11.2266,11.4312,119.954,128.829,6.95809,-40.4397 
54,47.1219,10,54,9105.03,0.0303858,18.6876,10.3988,120.723,0.106549,-142.914,52.793,2.15438,1.83115,-7.22301,-4.15935,1.42441,-10.6471,124.085,8.86047,8478.51,6821.76,2.22142,1.8982,-7.08893,-4.0923,1.49146,-0.272662,139.019,9.41357,8493.45,0.0161042,0.894055,0.00203751,8632.46,0.000114038,0.0442065,-2.5757,45.729,128.53,108,0.8644,10.672,11.3602,120.085,129.581,8.44455,-21.5813 
55,47.0769,10,55,9496.93,-0.017797,19.5742,10.5102,120.678,0.0126209,22.6516,1.33929e-09,0.791809,3.38159,-4.9952,-0.738498,0.568674,0.918633,191.575,11.0398,8878.04,6706.46,0.786024,3.37581,-5.00677,-0.744282,0.56289,-3.87833,190.286,10.9921,8876.76,0.0209866,0.90819,0.00227589,9067.04,0.000132622,0.0221423,10.9702,-11.7314,127.335,98.3961,0.887875,10.67,11.7901,120.233,128.404,7.10173,-30.0079 
56,47.0469,10,56,8045.92,-1.18477e-05,16.283,10.6327,120.425,0.0313332,3.9615,9.95478e-11,-0.887861,2.60496,0.670779,0.9931,1.55133,-12.978,131.123,-3.62271,7541.36,5640.09,-0.806142,2.68668,0.834217,1.07482,1.63305,0.84616,149.326,-2.94853,7559.56,0.0193706,1.03579,-0.000719011,7708.89,0.000135094,0.0417107,-2.6886,-35.5887,128.727,108,0.759636,10.6433,11.47,119.824,128.525,8.90278,-20.525 
57,47.0919,10,57,8780.88,0.00275552,17.4284,10.8231,120.538,-0.0932201,5.32299,500,-0.00399033,3.32288,1.24665,-2.63197,-1.5822,47.0988,120.34,-1.26809,8272.35,6156.65,-0.300559,3.02631,0.653517,-2.92854,-1.87877,1.45763,54.2791,-3.71478,8206.29,0.00657086,1.13606,-0.000834571,8260.57,3.77122e-05,0.0132307,12.4572,-16.0845,129.662,91.1029,0.813276,11.0477,11.6237,120.124,128.649,9.53736,-37.5463 
58,47.3619,10,58,5882.75,0.0173094,11.1436,11.2493,120.284,-0.0411309,24.0477,2.43382,0.616073,-0.597034,4.40084,-2.74047,-1.91621,47.439,36.0536,-10.2611,5487.99,4112.99,0.317362,-0.895745,3.80342,-3.03918,-2.21492,2.87447,-30.4843,-12.7255,5421.45,-0.0056547,0.577859,-0.00434264,5390.97,0.000199361,0.0290032,1.45061,0.275797,110.762,89.1601,0.491353,11.4775,12.2927,119.846,127.761,-9.08454,-38.601 
59,47.2569,10,59,9538.5,0.0630537,19.3191,10.3545,120.378,-0.137126,-233.041,44.1411,-0.669826,2.02306,2.77747,-0.485157,-0.782693,-132.006,45.2594,-2.16428,8962.43,7552.24,0.161377,2.85427,4.43987,0.346047,0.0485103,0.434417,230.41,4.69315,9147.58,0.0245692,0.965582,0.000944197,9377.99,0.000296726,0.0125034,-9.11938,6.79498,89.5353,59.958,0.890951,10.6823,11.768,120,128.551,-30.4646,-68.5935 
60,46.7069,10,60,8940.78,0.0700844,17.7987,10.4648,120.377,0.0116427,-89.2714,171.946,2.10797,1.0197,-4.53436,-2.30598,-3.35796,-54.45,73.4276,1.44568,8314.22,6097.2,2.45083,1.36256,-3.84865,-1.96313,-3.0151,0.232342,149.799,4.27425,8390.6,0.0175401,0.952442,0.000937506,8540.4,0.000683686,-0.039696,10.9602,11.3615,94.7697,107.558,0.847136,10.9141,11.3589,119.871,127.813,-25.1012,-20.2556 
61,46.9419,10,61,8555.25,0.0636896,17.2043,10.3817,120.416,-0.156216,62.0309,13.9967,1.50864,2.27035,6.42428,-0.145726,0.258087,-145.814,155.165,-5.41485,7890.94,6129.81,2.42679,3.1885,8.26059,0.772428,1.17624,0.477989,359.683,2.15993,8095.46,0.0425402,0.9896,0.000491246,8455.14,0.000206501,0.0203885,8.73281,16.2761,124.139,88.0709,0.803006,10.8125,11.4115,119.97,128.553,4.1685,-40.4823 
62,46.6069,10,62,8464.11,0.0637016,17.1811,10.2804,120.509,-0.12839,-40.946,90.3932,-0.351246,-0.219221,1.65588,0.502654,-0.767558,46.9019,142.714,-0.323192,7705.12,5921,-0.646575,-0.51455,1.06523,0.207326,-1.06289,2.11957,76.9293,-2.75966,7639.33,0.00996976,1.06698,-0.000665891,7716.26,0.000744727,-0.03086,-9.76754,12.2733,96.2369,108,0.813976,10.4676,11.3948,120.127,129.155,-23.8899,-21.1548 
63,47.3769,10,63,7824.66,-0.00918314,16.2475,10.525,120.565,-0.00153776,-2.62411,345.369,2.49233,0.369495,0.790486,-6.48056,-6.78473,-99.2127,1.54789,-16.7234,7433.21,5566.9,3.11704,0.994211,2.03992,-5.85585,-6.16001,1.34783,140.703,-11.5695,7572.36,0.0182422,1.16808,-0.00282241,7713.06,-3.2146e-05,0.0145792,8.56679,9.53812,128.221,97.225,0.789756,10.8462,11.1076,120.128,128.921,8.09303,-31.6959 
64,46.9119,10,64,8776.24,-0.00330396,17.1378,10.8948,120.49,0.00117661,-9.71343,3.42845e-11,-2.95827,1.27147,-2.2965,-5.31165,-0.551104,72.7215,410.072,-0.540456,7758.15,6078.47,-3.41618,0.813566,-3.21231,-5.76956,-1.00901,0.744923,308.073,-4.31819,7656.15,0.0386821,1.02515,-0.00104006,7964.22,0.000238519,0.0314182,11.7988,17.1733,122.92,83.8973,0.758808,11.1341,11.5847,120.18,128.158,2.74032,-44.2607 
65,47.1069,10,65,8374.43,0.0499467,16.8281,10.473,120.194,-0.0560766,-24.7725,5.4247,4.79097,3.06883,-2.85648,-0.595777,-1.8431,-114.122,34.8848,2.89704,7836.56,5782.45,5.50956,3.78743,-1.41928,0.122822,-1.1245,1.20641,194.953,8.82548,7996.63,0.0237991,0.926593,0.00202891,8191.59,6.21548e-05,0.022793,9.57444,14.545,123.271,100.319,0.782104,10.9551,11.5069,119.797,127.719,3.47403,-27.3998 
66,47.1819,10,66,8484.34,0.0337605,16.0769,11.0422,120.177,-0.0093004,-25.5796,0.00731143,2.06994,4.21452,-0.287381,-0.462944,1.31157,-142.071,-18.4052,0.0974702,7937.55,5786.77,2.96453,5.10911,1.50178,0.431637,2.20615,0.877036,180.863,7.47776,8136.82,0.0217444,0.932528,0.00169004,8317.68,0.000292109,-0.0015931,110.048,4.66879,92.7013,77.7805,0.76678,11.3125,11.5936,119.656,127.947,-26.9548,-50.1666 
67,47.1369,10,67,8004.39,0.00594515,16.7564,10.336,120.47,-0.0967344,89.8956,9.96446,0.651065,0.402792,1.86259,0.87973,2.96391,5.52144,54.2771,2.34762,7552.28,5921.13,0.616298,0.368025,1.79306,0.844963,2.92915,0.726313,46.5327,2.06079,7544.53,0.00612993,0.928072,0.000502919,7591.07,0.000139193,0.0629677,-0.0900287,51.6219,129.082,107.981,0.790067,10.6403,11.3438,119.943,128.561,9.13855,-20.5799 
68,47.3169,10,68,7731.04,-0.00101324,16.0496,10.4703,120.624,0.00546818,-4.96343,6.5029,0.121313,1.29992,1.94794,-1.16036,-1.11621,-37.56,40.686,-17.1724,7385.01,5471.29,0.357818,1.53643,2.42095,-0.923851,-0.879701,0.0361086,93.3676,-15.2212,7437.69,0.0123977,1.39917,-0.00378412,7531.06,5.16271e-05,-0.11536,-9.03349,-0.0563133,118.553,73.5496,0.759992,10.7211,11.54,120.163,128.455,-1.60975,-54.9052 
69,47.0019,10,69,7848.55,0.0354431,15.2968,10.8822,120.243,0.00859054,-43.5014,0.154338,3.10743,4.36322,-3.73748,2.16171,0.722844,-172.13,90.3552,1.39402,7328.84,5431.09,4.19129,5.44707,-1.56977,3.24557,1.8067,1.11964,331.784,10.3358,7570.27,0.0419871,0.948302,0.00250875,7902.05,0.000112081,0.0161327,9.7377,18.7796,126.944,99.4468,0.7155,11.1199,11.5227,119.663,128.011,7.28014,-28.5645 
70,46.9869,10,70,7808.52,0.00350681,15.8306,10.4228,120.487,0.00710705,-4.6182,7.65892e-11,-0.395653,0.611568,-2.83513,-0.393665,-1.61661,-40.5648,101.813,-7.86302,7202.32,5372.34,-0.140227,0.866994,-2.32428,-0.138239,-1.36118,0.24949,158.709,-5.75575,7259.22,0.0213953,1.06777,-0.00146272,7417.93,0.000172764,0.0388624,2.71382,40.9883,128.489,108,0.726969,10.6131,11.5318,119.842,128.441,8.64782,-20.4406 
71,47.3919,10,71,9118.35,-0.00415385,18.6328,10.4791,120.207,-0.00042457,1.43874,3.34922e-11,-0.150445,2.49711,7.80159,-1.62883,-1.09538,-65.5054,103.305,10.3533,8465.27,6356.21,0.262026,2.90958,8.62653,-1.21636,-0.682907,0.128534,195.183,13.7562,8557.15,0.0223007,0.890205,0.00295256,8752.34,0.000424718,-0.00203801,4057.32,4.9752,111.602,81.1259,0.860676,10.7098,11.608,119.763,128.467,-8.16106,-47.3414 
72,46.5069,10,72,8178.23,0.0197045,16.8784,10.3925,120.411,-0.0149328,-3.29383,0.0842374,1.12487,0.497521,-7.55596,-1.97942,-1.897,-71.7193,79.3786,-10.1328,7791.79,5711.72,1.57647,0.949119,-6.65276,-1.52782,-1.44541,0.063045,179.972,-6.40713,7892.38,0.0222949,1.06644,-0.00149768,8072.35,0.000170097,-0.0130677,8.08127,3.71846,120.218,75.8938,0.811075,10.6107,11.417,120.005,128.557,0.212886,-52.6633 
73,47.1669,10,73,8354.81,0.0813534,15.8327,10.8796,120.142,0.0830011,-48.7712,354.769,-1.45994,2.33564,3.63005,0.0338757,0.256546,-88.5573,99.5321,4.35249,7670.64,5739.19,-0.902316,2.89326,4.74529,0.591498,0.814168,0.417176,223.742,8.95288,7794.85,0.027903,0.934558,0.00211131,8018.59,0.000219176,0.0356458,-2.53571,-38.1302,129.016,108,0.764206,11.0772,11.3286,119.532,128.807,9.48339,-20.8067 
74,47.2719,10,74,7796.83,-0.00370617,16.3347,10.3938,120.409,0.00135866,2.35586,121.264,3.80065,2.25475,1.246,-4.93064,-1.73245,-61.8418,33.7436,4.69266,7467.56,5526.98,4.19006,2.64415,2.0248,-4.54124,-1.34304,0.31933,120.483,7.90522,7554.3,0.0156985,0.897004,0.00192397,7674.78,-5.79306e-05,0.0210232,-8.04194,-11.1333,128.954,101.004,0.772438,10.6296,11.5061,119.969,128.122,8.9846,-27.1171 
75,47.3469,10,75,7698.2,-0.00200965,15.2743,10.7323,120.324,0.00108033,-3.21116,1.51591e-11,-1.49975,1.58365,1.09992,-1.52376,-2.01477,-21.937,103.805,1.94441,7145.41,5336.52,-1.36162,1.72178,1.37619,-1.38563,-1.87664,1.90187,134.573,3.08399,7176.18,0.0184076,0.961442,0.000791026,7310.75,0.000230822,-0.0164796,3.66501,5.05326,115.859,77.5785,0.747856,10.9369,11.1798,119.845,127.63,-3.98608,-50.0512 
76,47.2119,10,76,8448.65,-0.02004,17.415,10.5179,120.43,-0.00310034,29.4031,8.86953e-12,-2.46967,1.85824,-3.98217,-1.95311,1.39128,-42.8493,91.8151,12.7082,7926.21,5965.75,-2.19986,2.12805,-3.44255,-1.6833,1.66109,0.0265854,151.915,14.9341,7986.31,0.0186669,0.853217,0.00343284,8138.23,0.000216749,-0.00211033,46.1323,-0.0379133,116.603,80.4367,0.807797,10.755,11.5712,119.93,128.925,-3.32682,-48.4881 
77,46.5069,10,77,9764.11,-0.00104264,20.1824,10.4875,120.014,-0.00775713,-33.7537,1.18465e-10,0.127987,-0.720407,4.55597,0.679018,-2.14163,-65.7503,13.92,0.759616,9333.18,6898.85,0.541999,-0.306395,5.384,1.09303,-1.72762,-0.0800364,106.141,4.17521,9425.4,0.0111358,0.935595,0.000815341,9531.54,0.000142272,-0.00838813,19.9264,1.64253,128.536,79.7695,0.948872,10.6822,11.6375,119.551,129.15,8.98525,-49.381 
78,47.1669,10,78,8084.47,-0.00563557,16.5269,10.5143,120.343,0.00502627,4.71064,1.66022e-10,-2.21842,0.537318,0.19534,-3.51747,3.83096,-152.963,154.123,13.7311,7468.72,5657.49,-1.25525,1.50049,2.12168,-2.5543,4.79413,0.53944,368.669,21.6773,7683.26,0.0457864,0.906702,0.00517037,8051.93,0.000179743,0.0252757,-10.8326,11.1833,125.222,99.945,0.719161,10.6851,12.1697,119.862,128.165,5.35987,-28.2197 
79,47.2719,10,79,7555.07,-0.0182148,14.9553,11.1113,120.272,0.00248934,37.5522,229.757,-0.134647,0.531123,2.10681,1.14262,-1.55368,-2.48671,83.1315,-0.53707,7119.97,5412.53,-0.118989,0.546781,2.13813,1.15828,-1.53802,0.0219789,86.6193,-0.40789,7123.46,0.0120136,1.00831,-0.00010549,7210.08,-0.000203385,0.00684102,-7.55288,5199.26,127.012,100.674,0.679521,11.3018,11.5995,119.59,127.866,7.42134,-27.1914 
80,47.3469,10,80,9035.21,0.00206953,18.1932,10.627,119.892,-0.0100683,9.02527,1.67229e-11,3.29523,1.54387,1.90939,0.56953,-1.66961,-97.1141,56.2806,-3.80612,8511.61,6296.81,3.90673,2.15538,3.13239,1.18103,-1.0581,0.663813,192.492,1.23876,8647.82,0.0217744,0.988863,0.000263804,8840.31,7.98105e-05,0.0210316,8.6952,11.6865,127.647,97.3788,0.850954,10.8735,11.616,119.506,128.155,8.14085,-30.7765 
81,47.2119,10,81,6536.83,0.0114332,12.6225,11.0411,120.138,0.00234967,11.7529,497.824,-0.665452,2.95822,-6.11333,-1.63906,-1.57104,-50.322,45.4819,-10.4047,6098.34,4537.72,-0.348588,3.27508,-5.4796,-1.32219,-1.25418,-0.0682573,116.063,-7.79056,6168.92,0.0184668,1.1331,-0.00233177,6284.99,0.00017364,0.0111512,7.32341,18.2631,132.113,90.0269,0.588511,11.1475,11.6161,119.724,127.979,12.3892,-37.9517 
82,46.9719,10,82,5981.8,0.0311983,11.4269,10.927,120.196,-0.0106743,-14.0456,500,4.66458,0.915384,-0.423712,-3.67381,-2.74909,27.8791,176.623,-11.5116,5322.25,4069.55,4.48904,0.739837,-0.774807,-3.84936,-2.92463,0.666021,137.52,-12.9599,5283.14,0.0253696,1.19749,-0.0045393,5420.66,0.00024139,0.013433,10.6084,15.0588,127.415,88.0572,0.523594,11.1141,11.6527,119.802,128.307,7.61266,-40.2501 
83,47.2419,10,83,7799.29,-0.00162759,15.7184,10.4784,120.076,0.00520166,-0.928993,0.00167938,-2.4372,-0.0466954,-0.83295,0.0621151,3.67313,-61.4544,40.9493,13.1061,7277.37,5361.81,-2.05024,0.340267,-0.0590262,0.449077,4.06009,1.02154,127.145,16.2985,7363.57,0.0169737,0.816773,0.00406076,7490.72,0.000268162,-0.0100414,120.088,-0.178138,119.569,76.5334,0.739916,10.9167,11.372,119.557,127.946,0.0126053,-51.4124 
84,47.2869,10,84,8899.89,0.051463,17.9213,10.4615,120.146,-0.0642318,-11.6896,9.98923,-1.52567,2.21562,0.716862,3.92776,1.62434,-158.143,35.9174,4.78135,8343.68,6127.64,-0.529883,3.21141,2.70843,4.92354,2.62013,0.79059,257.728,12.9966,8565.49,0.0292102,0.918908,0.00278727,8823.22,0.000554251,-0.0406261,9.99272,-11.1828,95.0682,108,0.84129,10.7976,11.6594,119.764,128.841,-24.6955,-20.8406 
85,47.3319,10,85,8249.17,-0.000423128,16.7093,10.7265,120.247,0.00300473,-7.12982,70.9112,1.47848,-2.25941,-1.34628,-3.79198,-6.04825,-22.2628,60.8396,-3.77449,7756.76,5835.3,1.61866,-2.11922,-1.06592,-3.6518,-5.90806,0.904199,92.0654,-2.61798,7787.99,0.0116833,1.05237,-0.000619618,7880.06,2.40413e-05,0.0253265,-2.79397,45.9364,127.469,108,0.785017,10.8394,11.4598,119.674,127.759,7.79511,-19.759 
86,47.1969,10,86,8338.62,-0.0151801,16.6493,10.8107,120.317,-0.049157,58.8427,2.2888e-11,1.27125,2.62502,-2.8428,-1.54746,-1.24392,-75.1273,80.0767,-4.20578,7821.36,5953.46,1.74431,3.09808,-1.89669,-1.0744,-0.770861,2.72358,185.45,-0.303067,7926.73,0.0228607,1.00287,-7.04351e-05,8112.18,0.000143309,0.0259341,-10.5625,10.9513,125.047,102.23,0.775361,11.0038,11.3926,120.03,127.739,5.01711,-25.5091 
87,47.1519,10,87,8023.62,0.0352271,16.477,10.3351,120.172,-0.000298221,-93.4478,168.258,0.383432,-1.03215,-11.9612,-1.59107,-3.18532,-27.1249,80.2553,-11.038,7505.62,5544.42,0.55423,-0.861355,-11.6196,-1.42027,-3.01452,0.289821,118.301,-9.62889,7543.67,0.01544,1.1661,-0.00235684,7661.97,0.000166152,0.00555367,56.2846,0.791347,125.863,71.1779,0.773449,10.7497,11.52,119.765,127.954,6.09851,-56.7764 
88,46.9269,10,88,7966.28,-0.00386452,16.2305,10.5687,120.456,0.0139775,7.93146,1.29467e-10,1.4882,-1.55007,-1.56531,-1.31085,-2.39168,-3.14021,271.57,-12.3399,7305.43,5587.66,1.50797,-1.53029,-1.52576,-1.29108,-2.37191,0.707208,275.974,-12.1768,7309.84,0.0363803,1.08368,-0.00307803,7585.81,4.02813e-05,0.0239872,11.1438,16.1884,125.306,84.152,0.733567,10.8574,11.644,119.979,128.229,5.32625,-44.0774 
89,47.2269,10,89,8120.94,-0.00840286,16.7283,10.6019,120.067,0.0140052,13.7623,112.901,-0.671621,0.0137325,-5.12346,-1.95031,-0.469356,-41.0866,-2.36925,1.47896,7815.88,5779.67,-0.41291,0.272444,-4.60603,-1.6916,-0.210645,0.307232,55.2587,3.61333,7873.51,0.00696939,0.897319,0.000844669,7928.77,-7.49199e-05,0.0306794,8.9948,-12.4274,124.026,104.479,0.758397,10.9842,11.6602,119.652,128.173,4.37425,-23.6935 
90,47.0169,10,90,8069.16,0.0421537,15.44,11.0423,119.947,-0.110655,-18.6157,21.6776,1.58743,0.336043,0.597176,0.43218,-3.81846,-33.0761,62.7318,-2.36894,7544.66,5617.2,1.7957,0.544314,1.01372,0.640451,-3.61019,-1.63997,109.124,-0.650708,7591.05,0.0141717,1.01055,-0.000157931,7700.18,0.000122575,0.0159427,7.54693,-13.7911,130.884,93.8588,0.72333,11.3504,11.6353,119.479,128.327,11.4046,-34.4679 
91,47.0619,10,91,7828.37,-0.0308879,15.9672,10.8689,120.237,0.00218134,42.8313,481.669,0.587448,-1.13415,0.458982,1.05507,-2.75847,-3.75782,60.7497,-10.3419,7526.42,5652.56,0.61111,-1.11049,0.506306,1.07873,-2.73481,1.30701,66.0204,-10.1467,7531.69,0.00868952,1.36791,-0.00248787,7597.71,-0.000172783,0.0201588,2.97014,55.8979,128.057,108,0.74557,11.1754,11.4029,119.655,127.806,8.40131,-19.8064 
92,47.3019,10,92,8947.22,-0.00155352,17.5667,10.7618,120.289,-0.00313433,4.50727,4.78599e-11,2.61904,0.265436,-2.14835,1.35029,0.627811,-101.678,69.9991,19.1078,8463,6154.65,3.25928,0.905678,-0.867868,1.99053,1.26805,1.13238,212.613,24.3898,8605.61,0.0241106,0.832813,0.00519373,8818.23,0.000152321,0.0290939,9.25351,11.341,124.93,103.479,0.814575,11.1501,11.5031,119.83,128.465,5.1002,-24.9868 
93,47.0319,10,93,8361.41,0.0304166,16.6779,10.6832,119.915,-0.074389,-19.6748,316.361,4.25147,1.55627,-0.804438,-0.318767,-4.87271,-113.196,99.5231,-1.72173,7913.21,5847.77,4.96424,2.26904,0.621092,0.393998,-4.15994,0.848085,258.292,4.15858,8071.98,0.0310064,0.972597,0.000948128,8330.27,1.8951e-05,0.0244652,-10.3125,11.0676,125.168,98.3036,0.756166,11.2061,11.7322,119.487,128.487,5.68079,-30.1837 
94,46.9569,10,94,5806.42,0.00746177,11.3263,-10.8142,119.871,-0.0269011,3.88641,500,2.9027,-0.376653,-0.760474,-0.359596,-1.0013,7.33212,31.2953,-16.9156,5521.19,3990.71,2.85653,-0.422822,-0.852811,-0.405764,-1.04747,7.68039,21.0113,-17.2965,5510.9,0.0037982,-2.26963,-0.00581525,5531.92,9.27403e-05,0.0118148,8.7784,19.5727,125.26,95.9639,0.498549,11.4719,11.8617,119.351,127.99,5.90907,-32.0262 
95,47.1219,10,95,7905.47,-0.00699346,15.6164,10.8769,119.952,-0.0021825,11.1212,2.44904e-11,3.8016,1.65197,0.417947,-4.74711,2.43695,-108.224,23.9502,-24.5843,7537.16,5530.25,4.48306,2.33343,1.78086,-4.06565,3.1184,0.76721,175.745,-18.9623,7688.95,0.0223461,1.23277,-0.00456368,7864.7,2.97175e-05,0.00701193,25.7728,-5.83952,104.067,83.766,0.724771,11.2797,11.6712,119.599,128.936,-15.5324,-45.1701 
96,47.0769,10,96,7545.1,-0.000807652,15.7482,10.3429,119.987,-0.00131599,-3.36222,5.00558e-10,1.4625,5.52905,-3.73632,-3.85783,0.843585,-17.8687,27.8091,-8.4211,7217.7,5302.48,1.57501,5.64157,-3.51129,-3.74531,0.956099,4.83297,52.8717,-7.49286,7242.76,0.00724703,1.3298,-0.00190935,7295.63,0.000285621,-0.00635214,-5.15975,81.2316,139.447,107.99,0.728542,10.8811,11.4813,119.716,128.331,19.7315,-20.3412 
97,47.0469,10,97,7860.06,0.0415252,15.2955,10.8544,119.778,-0.0195769,-56.183,396.596,-1.21602,2.16193,-5.17049,-1.36727,2.01576,-64.0126,134.604,-3.80237,7230.85,5440.41,-0.812951,2.565,-4.36435,-0.964204,2.41883,-2.76992,224.388,-0.477042,7320.63,0.0297399,1.00373,-0.000120053,7545.02,0.000220577,0.0118541,12.0134,12.1765,126.363,90.514,0.686335,11.212,11.8944,119.401,127.837,6.96265,-37.3235 
98,47.0919,10,98,8104.72,-0.0055228,16.4729,10.5263,120.063,-0.00198481,-3.65645,2.28619e-11,-0.979159,0.496227,4.50526,-2.89195,-2.68792,-36.7027,46.4402,4.38561,7660.92,5644.95,-0.748052,0.727334,4.96748,-2.66085,-2.45681,30.0671,97.9194,6.29224,7712.4,0.0125372,0.898914,0.00150065,7810.32,0.00027401,0.000146136,-0.0291366,55.204,122.548,85.0306,0.74558,10.8365,11.8224,119.565,127.872,2.98333,-42.8414 
99,47.3619,10,99,7809.75,0.0402586,15.5131,10.6385,120.088,-0.0317563,-52.5325,2.84677,1.94119,-0.282237,4.43927,3.57073,0.106576,-51.3678,10.9404,-5.06161,7349.29,5426.81,2.26464,0.0412124,5.08617,3.89418,0.430025,0.565887,82.9887,-2.39315,7421.34,0.0110588,1.05315,-0.000594374,7504.33,0.000107911,0.029635,2.69646,-40.8574,127.916,108,0.722041,10.7884,11.6752,119.504,127.431,8.41172,-19.4314 
100,47.2569,10,100,8513.48,-0.00551176,17.1746,10.4551,120.037,0.00984847,-1.78988,2.79593e-11,1.40851,1.41391,-0.998413,-1.01278,0.749296,-56.1012,50.9712,-2.15196,8011.87,5845.92,1.76177,1.76716,-0.291904,-0.659524,1.10255,1.07932,129.659,0.762388,8090.56,0.0157731,0.989815,0.000173555,8220.22,0.000292668,-0.0148664,-4.32052,-0.237296,118.956,76.3003,0.804553,10.7689,11.5762,119.617,127.501,-0.661219,-51.2005 
101,46.7069,10,101,8308.39,0.00202949,16.6861,10.5173,120.073,-0.0404609,-54.0326,4.97376e-11,2.15183,-4.33045,-1.38405,-3.25791,-0.184157,-27.4643,32.5077,8.99722,7753.88,5784.02,2.32476,-4.15751,-1.03817,-3.08497,-0.0112218,0.826018,71.0291,10.4239,7792.4,0.00903284,0.795657,0.00245814,7863.43,0.000440516,-0.003479,54.5196,4.91552,88,81.7197,0.762583,10.7523,11.7842,119.633,127.915,-31.6332,-46.1954 
102,46.9419,10,102,8115.57,0.0533046,15.9654,10.6629,120.157,-0.0952186,-68.2612,21.5118,2.14079,-1.10228,-2.46613,-1.37439,2.50914,26.8288,270.289,0.322359,7270.63,5753.38,1.97186,-1.27121,-2.804,-1.54332,2.34021,-1.14624,232.659,-1.07135,7233,0.0311639,1.00812,-0.000272925,7465.66,0.000241218,0.0235097,9.92192,17.5719,124.813,83.9829,0.703081,11.0373,11.8566,119.675,128.003,5.13857,-44.0198 
103,46.6069,10,103,8189.42,-0.0138717,16.5586,10.7137,119.796,0.00010568,-5.40627,499.929,6.53876,3.316,2.5511,0.162751,0.634488,-80.0214,-38.9558,-9.11553,7890.34,5775.11,7.04263,3.81987,3.55884,0.666624,1.13836,0.780675,73.2821,-4.95858,8002.58,0.00907421,1.13432,-0.00114271,8075.86,-4.77899e-05,0.0132916,8.7514,-11.7616,128.805,96.3851,0.759995,11.048,11.869,119.393,127.454,9.4119,-31.0693 
104,47.3769,10,104,8319.98,-0.00265528,16.7036,10.6666,119.841,-0.0156203,18.787,3.09138e-11,1.22232,-1.69463,0.658366,-0.351197,0.614487,-37.9715,5.87465,-9.55324,7826.53,5809.6,1.46141,-1.45554,1.13656,-0.1121,0.853583,0.396704,59.1334,-7.5807,7879.79,0.00744854,1.28923,-0.00177533,7938.92,0.126886,-0.127387,840.884,-2173.4,91.2595,87.8612,0.779214,10.7638,11.7646,119.426,128.39,-28.167,-40.5285 
105,46.9119,10,105,7226.45,0.0517964,13.5731,11.1416,119.979,0.690696,1181.89,336.23,1.16234,1.04949,-3.45076,0.222285,-0.568389,-41.3881,396.02,-12.9395,6334.37,31497,1.42295,1.3101,-2.92954,0.482895,-0.307779,-136.065,454.071,-10.7895,6392.42,0.0663217,1.04339,-0.0031189,6846.49,0.000219528,0.0361765,11.1053,13.3619,122.549,81.6704,0.6042,11.407,11.6284,119.244,127.678,3.30599,-46.0079 
106,47.1069,10,106,8704.07,-0.0215933,17.8576,10.5553,120.187,0.0340423,29.3455,7.48393e-11,-5.06999,1.89192,-3.04124,-1.8408,-0.600963,9.57019,95.1056,6.56224,8250.59,6168.58,-5.13025,1.83166,-3.16177,-1.90106,-0.661224,0.649574,81.6825,6.06509,8237.17,0.00981896,0.885002,0.00135452,8318.85,0.000253424,-0.014953,-3.14709,3.70569,110.678,85.1165,0.821583,10.706,11.747,119.764,127.586,-9.08607,-42.4698 
107,47.1819,10,107,7343.17,0.0601457,14.6134,10.4482,119.882,-0.15177,-16.0397,390.334,-0.900005,2.26029,0.725438,-0.854189,-0.435047,-1.33422,104.059,-0.752637,6658.94,5049.61,-0.891604,2.26869,0.742241,-0.845788,-0.426646,0.123571,105.931,-0.683326,6660.81,0.0156546,1.01142,-0.000189015,6766.75,0.000257943,0.00623855,5.32022,-61.3525,152.824,108,0.683766,10.7524,11.4795,119.471,127.8,33.3526,-19.7997 
108,47.1369,10,108,8095.32,-0.00742011,16.1242,10.669,120.055,-0.000417258,15.4222,2.94042e-11,-0.75183,-1.29146,-2.96944,-1.68033,-5.51913,-91.0792,60.6626,-7.86994,7435.82,5600.35,-0.178329,-0.717963,-1.82243,-1.10683,-4.94563,0.792225,188.41,-3.13855,7563.56,0.0243048,1.03003,-0.000764979,7751.97,0.000215698,0.0183389,8.90941,-13.1391,126.192,95.4053,0.739168,10.9225,11.6513,119.539,127.858,6.6526,-32.4525 
109,47.3169,10,109,6716.9,0.0207454,12.9714,10.6973,119.664,0.0930347,-159.344,500,4.52885,1.80385,-1.2367,-1.32179,1.21072,1.89739,66.9704,-7.30294,6141.02,4999.66,4.5169,1.79191,-1.26059,-1.33374,1.19878,1.25657,64.3091,-7.4015,6138.35,0.010368,1.25221,-0.00222612,6202.66,0.000384065,0.00137141,0.0270962,18.8965,125.716,85.8038,0.610486,10.9156,11.5525,119.237,127.469,6.47851,-41.6652 
110,47.0019,10,110,6679.55,0.0486914,12.8234,-10.8839,119.949,-0.00334917,-23.6763,376.471,2.89047,1.96405,0.828725,0.782576,-0.892652,-82.235,47.2589,-3.13575,6057.68,4546,3.40828,2.48186,1.86435,1.30039,-0.374839,0.785214,162.602,1.1362,6173.02,0.0256647,0.987919,0.000338942,6335.62,0.000306982,0.012879,5.84001,14.8286,130.013,91.3933,0.538929,11.3232,12.5325,119.445,127.991,10.5675,-36.5978 
111,46.9869,10,111,7285.35,0.056415,14.3353,10.5898,120.053,0.00521461,18.446,2.23523,-1.17662,2.77069,0.803653,-0.147199,-2.23872,-67.9055,128.464,20.6949,6573.52,4944.98,-0.749041,3.19827,1.65882,0.280383,-1.81114,0.356372,223.708,24.2224,6668.77,0.0324568,0.8407,0.00664646,6892.47,0.000262474,0.0191713,9.79124,-46.8952,124.108,108,0.604035,10.7298,11.8565,119.364,127.7,4.74422,-19.6996 
112,47.3919,10,112,7775.81,0.0515577,14.7785,11.0333,120.067,-0.156155,213.196,13.6946,-0.56327,-1.68493,-0.943192,2.44797,0.84171,-115.167,59.8584,-1.59428,7303.02,6391.75,0.161904,-0.959757,0.507157,3.17314,1.56688,0.886015,221.391,4.38841,7464.55,0.0288047,0.966474,0.0010818,7685.94,0.000217098,0.0234308,-8.99254,12.5061,125.326,100.033,0.661912,11.3779,11.903,119.494,127.364,5.83188,-27.3315 
113,46.8069,1.5,113,8053.38,0.0312108,15.9655,10.7352,120.233,-0.0518661,-24.2463,94.9761,-1.06938,-3.64356,-3.20023,-1.5534,-0.66372,-21.0734,1451.88,2.2988,6239.22,5620.32,-0.936687,-3.51086,-2.93485,-1.4207,-0.531027,0.685579,1481.43,3.39352,6268.78,0.191148,0.996007,0.000996206,7750.21,0.000102535,0.16959,10.1742,10.4572,121.193,79.9785,0.601069,11.3239,11.6401,119.557,127.996,1.63575,-48.0171 
114,46.8219,2,114,8085.03,0.0305882,16.3874,10.5051,119.769,-0.0402897,-24.9476,259.17,3.52549,-1.19245,1.79956,-1.10281,0.590229,-118.216,67.6876,4.0526,7701.7,5636.78,4.26986,-0.448078,3.28831,-0.358435,1.3346,0.593346,233.497,10.1937,7867.51,0.0288232,0.929023,0.00238107,8101.01,0.000191335,0.000450486,-0.029164,-26.0828,122.696,86.0024,0.765987,10.8598,11.5918,119.299,128.546,3.39668,-42.5434 
115,46.8369,2.5,115,8042.88,0.0466045,16.1605,10.4835,119.647,-0.0826123,-40.3709,37.4041,2.63029,3.46704,3.03433,-1.93544,-1.9624,7.63489,82.3172,-5.86044,7465.74,5623.7,2.58222,3.41896,2.93818,-1.98351,-2.01048,0.405873,71.6085,-6.25706,7455.04,0.009514,1.18052,-0.00154849,7526.64,0.000230401,0.0134288,-9.72086,15.9377,128.402,92.2176,0.762603,10.7673,11.3613,119.235,127.668,9.16719,-35.4502 
116,46.8519,3.5,116,6913.79,-0.00192607,14.0056,10.4183,119.667,0.0168135,-16.5735,499.759,2.14327,0.641548,2.71413,-1.74242,0.983887,-17.1684,24.2484,-3.03033,6412.78,4759.05,2.25137,0.749653,2.93034,-1.63431,1.09199,0.456241,48.3288,-2.13846,6436.86,0.00745218,1.08393,-0.000612362,6485.19,0.000216835,0.00979312,-9.5474,-18.9136,125.982,90.6252,0.671591,10.5373,11.295,119.291,128.002,6.69183,-37.3763 
117,46.8669,5,117,7682.55,-0.0106004,15.6138,10.5564,120.051,0.0214743,-1.89738,0.691749,0.730037,-3.84926,-4.37006,-0.682313,-2.71327,-68.0249,167.285,-1.88756,7151.62,5366.96,1.15837,-3.42093,-3.51339,-0.253978,-2.28493,0.577456,262.696,1.6462,7247.03,0.0349808,0.989152,0.000418269,7509.73,2.59007e-05,0.0162722,-11.061,16.0541,125.935,92.3596,0.747832,10.9518,11.0984,119.668,128.437,6.26633,-36.0778 
118,46.8819,9,118,7383.74,-0.0189701,14.8494,10.6859,119.957,0.0120668,8.82142,3.27931e-10,3.68087,-1.06804,-3.36159,-0.555906,0.568478,-36.7431,405.856,-3.52921,6538.71,5169.02,3.91223,-0.836675,-2.89887,-0.324544,0.799839,5.44624,457.392,-1.62048,6590.25,0.0649,1.00624,-0.000453162,7047.64,6.60703e-05,0.035788,10.9629,13.7343,122.683,83.4314,0.659851,10.9519,11.6489,119.518,128.588,3.16539,-45.1563 
119,46.8969,10,119,6765.52,-0.0057219,14.2761,10.257,119.977,-0.0148316,10.5226,500,-4.0051,-0.952203,0.937535,2.90978,-0.448325,-38.5445,278.804,-14.3309,6141.27,4771.86,-3.7624,-0.709498,1.42294,3.15248,-0.20562,14.9382,332.866,-12.3286,6195.33,0.050989,1.06931,-0.00367924,6528.19,0.000103003,0.038848,8.47543,11.6902,121.865,82.7455,0.642215,10.5644,11.4424,119.482,128.022,2.38293,-45.2767 
120,46.8069,1.5,120,8518.08,0.0552239,17.0901,10.4438,120.432,-0.13113,-172.961,500,0.526901,-0.585532,-0.254206,2.73082,-4.53421,106.194,2477.21,5.54271,5490.46,6548.64,-0.141773,-1.25421,-1.59155,2.06215,-5.20289,0.740293,2328.26,0.0261446,5341.51,0.303563,0.99998,9.01631e-06,7669.77,0.000450766,0.302308,10.0919,9.89567,121.191,80.5569,0.550899,10.8921,11.3226,119.559,128.627,1.63206,-48.0698 
121,46.8219,2,121,7410.56,-0.0167595,15.4137,9.98202,119.413,0.0128727,17.4173,8.61966e-12,1.43501,2.47564,-2.37194,-1.53035,1.08679,-30.4653,124.091,-21.128,6834.96,5015.94,1.62684,2.66747,-1.98828,-1.33852,1.27862,1.8852,166.821,-19.5454,6877.69,0.023681,1.25792,-0.00526253,7044.51,0.000194542,0.00813977,9.38343,15.4684,125.651,87.8546,0.728439,10.413,11.4531,119.159,128.109,6.49191,-40.2544 
122,46.8369,2.5,122,8578.32,-0.000746414,16.6505,10.8909,119.775,-0.00412017,3.31265,1.82184e-11,-0.78715,-3.00252,3.03539,1.6372,2.23809,-155.446,118.343,3.70721,7968.46,5903.64,0.191654,-2.02371,4.993,2.616,3.21689,0.444842,336.372,11.7823,8186.49,0.039467,0.942242,0.00264423,8522.86,0.000194658,0.0147093,-10.0392,-14.9498,127.941,94.2431,0.770937,11.1255,11.6843,119.311,128.271,8.62993,-34.0283 
123,46.8519,3.5,123,7764.81,0.0929744,15.4904,10.2076,119.763,-0.400491,567.333,154.411,-2.83215,1.53158,-0.242077,2.67681,0.686105,-72.83,170.666,16.1024,7047.02,12543.8,-2.37356,1.99017,0.675106,3.1354,1.1447,0.852333,272.817,19.8858,7149.17,0.036758,0.886872,0.0050978,7421.99,0.000375872,0.03318,2.97871,39.3054,127.54,108,0.722908,10.4286,11.4148,119.101,128.097,8.43878,-20.0971 
124,46.8669,5,124,8400.27,0.0606659,16.1269,10.8878,119.875,0.0350173,-103.415,151.445,-0.897447,0.0214155,1.01876,-0.22194,-1.07143,-40.6352,183.271,-4.34239,7662.77,5833.82,-0.641577,0.277285,1.5305,0.0339294,-0.815557,-2.97965,240.265,-2.23147,7719.77,0.030184,1.01652,-0.000532762,7960.03,0.000376578,0.0183696,-3.16947,54.8317,128.294,108,0.746828,11.0205,11.4869,119.429,127.883,8.86485,-19.8833 
125,46.8819,9,125,7669.7,0.000708832,14.9914,10.8695,119.819,-0.0205055,16.6247,8.77131e-12,3.84281,1.59077,-3.23528,1.77321,-0.24827,-34.8534,363.078,2.05251,6920.4,5315.66,4.06228,1.81024,-2.79635,1.99268,-0.0288076,1.55483,411.963,3.86307,6969.28,0.0558122,0.983855,0.00102004,7381.25,0.000117417,0.0343214,11.1629,13.8362,122.713,81.3305,0.671617,11.2486,11.5241,119.264,127.215,3.44856,-45.8841 
126,46.8969,10,126,7314.07,0.0324668,15.4672,10.0336,119.694,0.214209,-38.4968,326.436,4.36336,-1.54822,2.57572,-0.404872,0.763726,-34.9662,272.134,-11.9555,6643.39,5320.42,4.58354,-1.32805,3.01607,-0.184699,0.983899,0.573445,321.177,-10.139,6692.44,0.0457934,1.05847,-0.00279859,7013.62,0.000143314,0.0341683,9.44368,12.44,121.574,83.3786,0.705113,10.4347,11.3665,119.225,128.899,2.3483,-45.5205 
127,46.8969,10,127,6972.56,-0.00188675,14.0606,10.6115,119.919,0.0148932,-31.7885,500,1.33423,-1.02343,1.17383,-0.304082,-0.186586,-35.0146,253.071,-8.199,6230.08,4872.49,1.55471,-0.802955,1.61479,-0.0836043,0.0338919,0.303018,302.182,-6.38006,6279.19,0.0459148,1.03837,-0.00187521,6581.37,0.000156125,0.0360547,10.2523,11.8085,123.695,82.3489,0.638561,10.8758,11.3633,119.302,128.426,4.3925,-46.0775 
128,46.8969,10,128,7816.24,-0.00773344,14.9054,-11.1631,120.122,-0.00253861,6.85361,4.47347e-11,-0.181393,1.10312,-2.05766,-0.66406,1.25274,-15.7767,433.404,18.918,6900.19,5417.13,-0.0820512,1.20246,-1.85898,-0.564719,1.35208,39.1045,455.532,19.7376,6922.32,0.0617431,0.929519,0.00522494,7377.85,0.000174617,0.0323716,11.3605,20.692,123.571,86.7327,0.64506,11.43,11.6308,119.475,127.5,4.0964,-40.767 
129,46.8969,10,129,7497.1,0.0529456,14.5094,10.8098,119.893,0.369594,-6.29825,18.7514,-0.492731,-2.41788,1.80561,0.636665,2.1641,-28.1342,349.869,0.732839,6686.26,5181.57,-0.315577,-2.24072,2.15992,0.813819,2.34125,0.217049,389.33,2.19436,6725.72,0.0547192,0.990233,0.000600651,7115.05,0.00020385,0.0280664,11.1431,20.0242,123.75,86.0483,0.645197,11.1919,11.4645,119.378,127.869,4.3718,-41.8203 
130,46.8969,10,130,8201.37,0.0624811,15.3567,11.1391,119.494,-0.0923581,140.294,8.88794,-0.762275,0.0093607,2.95432,-2.37775,-3.03667,-47.3695,405.329,-9.20212,7267.74,5990.39,-0.464002,0.307634,3.55086,-2.07948,-2.73839,3.49467,471.769,-6.74136,7334.19,0.0604371,1.02565,-0.00169608,7805.95,0.000311228,0.0402687,11.2953,11.8825,120.908,82.823,0.678253,11.5387,11.5999,119.089,128.335,1.81912,-45.5124 
131,46.8969,10,131,7877.84,0.0536814,14.8774,11.0928,119.692,0.0529116,-48.3756,211.842,5.08805,0.844811,-2.41632,2.10236,-0.878278,-148.542,405.44,2.70296,6943.21,5455.63,6.02338,1.78014,-0.545656,3.03769,0.0570516,1.05271,613.785,10.4194,7151.55,0.0790417,0.97115,0.00267667,7765.33,0.000235935,0.0395678,9.81405,14.5604,122.288,82.5279,0.631114,11.5658,12.0029,119.117,128.228,3.17124,-45.7002 
132,46.8969,10,132,7198.03,-0.0130316,14.5009,10.6958,119.936,0.0149241,-0.679731,0.0782356,-4.19371,2.22254,-0.74212,-0.25504,-0.355725,-127.708,273.762,12.6213,6465.41,5049.28,-3.38957,3.02668,0.866161,0.5491,0.448415,0.422862,452.884,19.2555,6644.53,0.0638097,0.930747,0.00530997,7097.42,0.000126049,0.0295127,10.1875,21.1738,123.407,92.0784,0.637614,10.9666,11.4547,119.382,128.645,4.02492,-36.567 
133,46.8969,10,133,7528.22,-0.0131421,14.8023,10.9378,119.756,0.0138009,-0.239452,5.61634e-11,3.20725,3.55038,6.79415,1.45438,0.425346,-115.931,366.188,4.21296,6688.33,5270.65,3.93724,4.28036,8.25412,2.18437,1.15533,0.583366,528.792,10.2353,6850.94,0.0716547,0.967237,0.00274456,7379.73,0.000177342,0.0416201,10.047,13.594,121.732,83.4422,0.628214,11.1859,11.9696,119.278,128.527,2.45399,-45.0845 
134,46.8969,10,134,7447.49,-0.000740374,14.9804,10.8044,119.937,-0.00389975,-18.4471,18.8488,3.48135,-0.514493,-0.0754027,2.91166,-4.12059,-9.81463,278.267,-1.33782,6721.32,5271.25,3.54315,-0.452692,0.0481975,2.97346,-4.05879,0.976527,292.033,-0.827971,6735.09,0.041558,1.00499,-0.000226509,7027.12,4.08702e-05,0.033467,10.785,14.4416,123.297,84.6005,0.650445,11.1224,11.8169,119.386,128.943,3.91123,-44.3426 
135,46.8969,10,135,7224.67,0.0217855,13.9317,11.087,119.683,-0.0645614,5.74113,2.46213,-1.15015,3.30775,2.90967,-3.43455,-1.59001,-12.1549,371.519,4.94341,6449.9,5040.26,-1.07361,3.38428,3.06274,-3.35801,-1.51347,-5.10202,388.568,5.57483,6466.94,0.0566796,0.975507,0.00158547,6855.51,0.000211894,0.0465525,10.2515,10.4962,122.285,81.3708,0.587972,11.4378,11.9832,119.185,129.01,3.09963,-47.6391 
136,46.8969,10,136,7031.84,0.00584894,13.9251,10.7623,120.226,-0.00202417,-11.9206,8.00243e-12,2.14068,0.371567,-2.37025,-2.78625,-0.13458,84.3868,426.026,15.6396,5928.69,4879.41,1.60931,-0.159794,-3.43297,-3.31761,-0.665941,0.424674,307.666,11.2559,5810.33,0.0502887,0.939829,0.00355586,6117.99,0.000430738,0.0335904,10.1427,21.5397,125.473,86.0661,0.548344,10.7471,12.363,119.428,128.706,6.04516,-42.6395 
137,46.8969,10,137,6138.97,-0.0214674,12.8743,10.5468,120.261,-0.0801423,-0.0248811,418.877,0.863253,-0.274219,-2.5225,1.7295,2.34668,50.9281,340.782,14.1581,5267.54,4420.22,0.542573,-0.594899,-3.16386,1.40882,2.026,15.4711,269.351,11.5125,5196.11,0.0492824,0.930408,0.00406476,5465.46,0.000344478,0.0250837,10.3667,21.0686,124.542,85.1493,0.459939,10.6657,13.2444,119.559,129.166,4.98312,-44.0168 
138,46.8969,10,138,7319.61,0.00257797,14.598,10.8714,119.643,0.0312549,11.7233,336.65,1.90552,-0.219673,-1.11725,0.492158,-1.2733,12.545,171.387,-5.2538,6699.75,5178.16,1.82653,-0.298665,-1.27523,0.413166,-1.35229,-0.857597,153.791,-5.90548,6682.15,0.0224975,1.07204,-0.00163065,6835.94,0.000100651,0.0283479,11.1482,12.9078,123.027,84.5651,0.660553,11.1607,11.4245,119.139,128.879,3.88838,-44.3144 
139,46.8969,10,139,6233.93,0.0482514,11.8449,10.97,120.179,0.0129952,27.4024,118.151,-0.283421,-0.545896,-3.4162,-1.3324,2.16578,-1.61812,370.88,10.276,5186.62,4241.52,-0.273232,-0.535707,-3.39583,-1.32221,2.17596,-0.0133744,373.149,10.36,5188.89,0.0670885,0.953665,0.00366443,5562.04,0.000592301,0.0292319,10.425,19.5808,123.811,86.736,0.420558,11.1393,13.2785,119.242,128.799,4.56906,-42.0625 
140,46.8969,10,140,5472.64,0.0195139,10.506,-10.9455,119.684,-0.0155939,-57.666,500,-2.50201,0.44149,4.42013,3.90487,2.40181,1.0816,179.915,-8.96301,4829.73,3772.67,-2.50882,0.43468,4.40651,3.89806,2.395,0.489126,178.398,-9.0192,4828.22,0.0356325,1.09706,-0.00345297,5006.62,0.000238757,0.0224025,10.0909,14.9135,123.214,83.4437,0.437005,11.2172,12.3177,119.135,128.192,4.07867,-44.7481 
141,46.8969,10,141,7496.42,-0.00208737,14.8364,11.0356,119.836,0.000731841,1.36509,2.85579e-11,1.78246,1.24694,-2.25754,-1.89743,1.27479,8.75941,334.292,-3.417,6842.43,5329.93,1.7273,1.19179,-2.36785,-1.95259,1.21964,-12.0308,322.006,-3.87203,6830.14,0.0450223,1.0215,-0.00104539,7152.15,-2.154e-07,0.0409317,9.23198,14.2067,123.091,83.81,0.650683,11.3636,11.699,119.211,129.574,3.88009,-45.7644 
142,46.8969,10,142,5890.74,-0.00555188,11.4061,-10.7192,120.018,-0.00502573,3.55748,1.52622e-11,2.14315,-1.16731,-1.25177,2.58356,0.114099,-56.2916,140.288,7.13106,5081.71,3980.72,2.49761,-0.812858,-0.542861,2.93801,0.468552,1.11935,219.243,10.0553,5160.67,0.0407521,0.925702,0.00357641,5379.91,0.000495041,0.0184027,9.35427,15.2168,124.275,86.881,0.465492,10.8691,12.3924,119.383,128.494,4.89178,-41.6129 
143,46.8969,10,143,7148.77,0.00447068,14.2451,10.8652,119.566,-0.0458557,-24.4099,116.347,-0.111482,-3.04018,-2.26588,2.33641,2.2901,-20.7166,325.629,-0.708579,6463.11,5074.87,0.018965,-2.90974,-2.00498,2.46686,2.42054,-239.027,354.686,0.367606,6492.17,0.0518027,0.99819,0.000104295,6846.86,0.000106457,0.0327182,9.52533,15.0833,121.352,82.7898,0.620933,11.1997,11.7093,119.075,128.487,2.27712,-45.6977 
144,46.8969,10,144,6879.66,0.0346276,13.5892,10.5476,119.885,0.00804533,-34.4819,500,0.735099,-1.85518,-2.79493,-1.51709,-0.5891,24.1497,268.921,-3.19795,6100.17,4675.01,0.583035,-2.00724,-3.09906,-1.66915,-0.741164,0.553036,235.049,-4.45248,6066.3,0.0373014,1.03429,-0.00135388,6301.35,0.000246173,0.0282902,11.6406,13.3376,123.728,84.3157,0.610562,11.0878,11.3002,119.342,127.887,4.38678,-43.5716 
145,46.8969,10,145,6955.8,-0.0111418,14.1815,10.2564,119.68,-0.0034505,7.33067,2.42644e-10,4.88318,-0.00794002,-1.27574,-1.28368,-4.00659,12.3068,299.736,-7.04227,6134.91,4735.72,4.80569,-0.0854325,-1.43073,-1.36117,-4.08408,0.336313,282.475,-7.68158,6117.64,0.0441359,1.04997,-0.00231839,6400.12,0.000336905,0.0303452,9.57029,13.3223,121.28,82.9993,0.641355,10.6178,11.2628,119.158,128.447,2.12243,-45.4481 
146,46.8969,10,146,6965.93,0.0335409,14.0986,10.4625,119.767,0.000785812,-50.6921,6.11611,-3.14305,-1.34563,1.31091,0.728607,-0.301183,-23.6599,268.547,-4.68846,6268.49,4803.14,-2.99407,-1.19665,1.60887,0.877587,-0.152203,1.86663,301.733,-3.45937,6301.68,0.0456935,1.02047,-0.00101227,6603.41,0.000278139,0.0333484,11.0409,10.8503,122.404,81.8497,0.629006,10.6502,11.5705,119.301,129.111,3.10312,-47.2613 
147,46.8969,10,147,7248.97,-0.0156565,14.8806,10.6449,119.673,-0.00198887,19.3275,1.41227e-10,0.0568087,-0.813845,0.150965,-1.03106,0.0880688,-72.0455,251.061,-0.674319,6687.56,5157.8,0.51046,-0.360194,1.05827,-0.577412,0.54172,0.0976884,352.112,3.0683,6788.61,0.0493105,0.98498,0.000831899,7140.72,1.2703e-05,0.0284791,10.3072,17.3121,123.35,85.2282,0.660109,10.9124,11.6027,119.063,129.127,4.28708,-43.8991 
148,46.8969,10,148,6883.41,-0.00257837,13.4009,10.8557,119.753,-0.0046554,3.57746,4.04301e-11,-2.01109,-4.11091,0.692064,1.1905,-3.07064,-7.79837,320.499,0.29767,6047.13,4736.25,-1.96198,-4.06181,0.790273,1.23961,-3.02154,1.11265,331.437,0.70278,6058.07,0.0518721,0.996303,0.000213652,6389.51,0.000276996,0.0300602,10.9985,13.5534,122.745,83.5959,0.58291,11.2012,11.6444,119.142,129.627,3.60272,-46.0306 
149,46.8969,10,149,7520.84,0.0246289,14.7376,10.8953,119.53,0.44357,-615.655,0.107617,0.122183,-2.00744,3.06843,-1.63575,-0.557645,-49.7444,238.401,-13.6264,6836.57,14117,0.43541,-1.69422,3.69489,-1.32252,-0.244418,-3.2512,308.172,-11.0422,6906.35,0.0427155,1.0669,-0.00295396,7214.52,0.000200634,0.0274951,11.5579,12.9875,122.283,82.9636,0.663333,11.1886,11.4873,119.037,128.562,3.24619,-45.598 
150,46.8969,10,150,7481.84,-0.00273376,14.3547,10.921,119.524,-0.0112658,-24.1247,499.978,-1.00331,0.445102,-1.61354,-2.15693,-2.00314,32.2023,296.488,-13.2315,6649.32,5112.15,-1.20608,0.242333,-2.01908,-2.3597,-2.20591,0.732517,251.321,-14.9044,6604.15,0.0366599,1.1158,-0.00417465,6855.47,0.000316483,0.0388511,9.84195,11.1047,122.232,83.6789,0.640245,11.2272,11.5537,119.188,129.454,3.0445,-45.7751 
151,46.8969,10,151,6930.71,-0.00386965,13.5862,10.6611,119.556,-0.0280892,-2.74816,499.65,-1.01443,-1.10369,0.766111,1.25274,-0.683313,-25.4569,259.257,-5.65627,6154.67,4717.65,-0.85414,-0.943394,1.0867,1.41304,-0.523017,-5.06461,294.963,-4.33383,6190.37,0.0454815,1.02639,-0.00129131,6485.33,0.000218465,0.035526,9.79385,11.2105,122.181,83.7689,0.620531,11.1202,11.304,119.08,128.415,3.10073,-44.6458 
152,46.5069,10,152,6958.43,0.0490429,14.2959,10.1838,119.32,0.154745,-129.387,83.5826,-0.231578,-2.14156,2.68433,-2.76024,-0.909577,24.0888,-66.4151,-14.7075,6625.68,5391.09,-0.383259,-2.29324,2.38097,-2.91192,-1.06126,1.55777,-100.202,-15.9589,6591.89,-0.0154354,0.782034,-0.00447968,6491.69,0.00523766,-0.00651567,199.046,194.446,119.879,55.0029,0.682297,10.6186,11.4401,119.035,128.104,0.843973,-73.1007 
155,47.1969,10,155,7248.97,-0.0124099,14.3356,10.8076,119.548,0.00235336,4.33305,2.55686e-11,-1.27791,0.27556,2.33393,-0.0817042,0.911846,-46.9464,25.1533,-6.78214,6795.62,5043.92,-0.982305,0.571169,2.92514,0.213905,1.20745,0.256704,91.0002,-4.34337,6861.46,0.0130889,1.09114,-0.00116743,6952.46,0.000299758,-0.0200495,-2.85776,-3.69616,112.555,77.3464,0.677869,11.0612,11.3211,119.114,129.432,-6.55934,-52.0858 
156,47.0769,10,156,8034.87,0.0102711,15.9951,10.6421,119.612,-0.0271324,18.0218,2.97468,0.681758,-0.105147,-5.80653,-0.88744,3.524,-29.5364,14.779,5.29849,7604.27,5557.18,0.867741,0.0808352,-5.43457,-0.701457,3.70998,-2.67831,56.2066,6.83285,7645.69,0.00729776,0.824578,0.00164356,7701.9,0.000342909,-0.00358494,194.398,0.797915,142.885,80.4993,0.73967,11.1227,11.4257,119.09,129.639,23.7946,-49.1402 
157,47.3769,10,157,6699.31,-0.00548013,13.4771,10.4805,119.68,-0.00727018,-4.76569,500,-1.8126,-3.77566,1.91423,-0.223019,1.30497,26.5408,32.0956,-7.03063,6125.74,4599.16,-1.97972,-3.94278,1.57999,-0.390139,1.13785,1.43952,-5.13037,-8.40937,6088.51,-0.000843341,0.258499,-0.00255078,6083.38,0.000342747,-0.00998223,33.3551,0.505337,131.576,74.5164,0.647215,10.6983,11.1915,119.073,129.06,12.5029,-54.5436 
158,47.2419,10,158,7270.62,0.0202206,13.936,10.7039,119.466,0.0205114,-24.76,1.26878e-10,-1.76155,-2.90987,8.16268,0.0677235,3.90871,-61.3069,45.3599,-1.78569,6695.08,4872.49,-1.37552,-2.52384,8.93475,0.453757,4.29475,0.0867905,131.349,1.39908,6781.07,0.0190019,0.981701,0.000379922,6912.42,0.000625875,-0.0099148,6.8231,65.6488,105.763,108,0.650319,11.2386,11.5981,118.926,127.97,-13.1635,-19.9701 
159,47.3019,10,159,8341.3,0.0772405,15.9961,10.7416,119.285,0.0785847,380.282,283.371,-0.336698,-0.778592,4.92295,2.31218,4.84525,-16.1233,120.101,18.6444,7597.86,6566.27,-0.235174,-0.677068,5.126,2.4137,4.94677,0.55712,142.715,19.482,7620.47,0.0183836,0.807173,0.00468733,7763.19,0.000604325,-0.0021952,64.3192,3.67802,88.0656,78.0233,0.750965,11.0249,11.3909,118.786,128.926,-30.7203,-50.9024 
160,47.2719,10,160,7195.18,-0.0138627,14.6652,10.4297,119.553,-0.143749,-18.4656,9.82982e-11,-1.6441,-0.684926,-2.69068,-1.59824,-1.59005,-26.1328,24.3546,-1.35206,6697.43,5065.55,-1.47954,-0.520374,-2.36158,-1.43369,-1.4255,0.672943,61.0084,0.00549167,6734.08,0.00897831,0.999842,1.50224e-06,6795.09,0.000289209,0.00440894,74.718,2.29364,126.716,67.1664,0.709105,10.5759,11.1304,119.148,129.551,7.56761,-62.3843 
161,47.3169,10,161,8034,0.0190523,15.4598,10.9994,119.488,-0.0165333,-53.541,499.997,-0.59447,3.5692,-1.4669,-0.708183,-2.60195,-46.4712,29.4652,-13.0465,7486.45,5564.46,-0.301853,3.86182,-0.881663,-0.415566,-2.30933,-17.9222,94.6456,-10.6325,7551.63,0.012378,1.2447,-0.00260037,7646.28,0.000339876,-0.0230067,4.40526,-0.967199,110.509,76.8256,0.729181,11.2167,11.4728,119.095,130.458,-8.58633,-53.632 
162,47.1219,10,162,7495.75,0.00408864,14.8504,10.5144,119.476,-0.0485615,68.6153,1.13976e-11,1.28732,-0.45197,4.79625,0.736123,-1.96383,-22.6005,22.2494,1.81201,6946.18,5191.43,1.42962,-0.309661,5.08087,0.878432,-1.82152,0.0336405,53.9488,2.98607,6977.88,0.00767208,0.911691,0.000787677,7031.83,0.000614219,-0.0302411,10.2352,12.0433,94.3159,108,0.719224,10.8683,11.1378,119.002,129.297,-24.6865,-21.2971 
163,47.1519,10,163,5423.98,0.073897,10.3519,10.5716,119.756,0.0129458,-52.4509,3.49449,1.00514,-1.96614,1.76465,-1.51674,-4.59537,-96.1193,32.8372,2.31677,4822.76,3584.64,1.61038,-1.3609,2.97513,-0.911502,-3.99013,2.77406,167.654,7.30998,4957.58,0.0327115,0.929107,0.00270884,5125.23,0.00047682,-0.00772876,-0.0592528,-189.561,94.9317,100.389,0.464083,11.0008,11.7483,119.189,129.099,-24.2577,-28.7098 
164,46.9869,10,164,8401.33,-0.0156136,15.8541,11.0872,119.506,0.179631,-49.5151,1.43714e-10,-2.94874,1.05644,0.968047,-1.28054,-0.990631,-55.8035,111.549,-8.62234,7618.48,6011.7,-2.59736,1.40782,1.67081,-0.929161,-0.639251,2.53687,189.818,-5.72346,7696.75,0.0240686,1.05571,-0.00137171,7886.57,0.000400443,0.0171001,9.98243,-13.4484,126.848,94.0188,0.732669,11.3037,11.4827,118.977,129.568,7.87058,-35.5487 
165,47.3619,10,165,7877.38,0.0357523,15.3561,10.8787,119.425,-0.0134103,-60.8114,487.511,-0.213376,-1.99621,-1.54786,-0.731005,-4.38873,16.4155,4.0037,-4.87744,7289.48,5464.71,-0.31674,-2.09958,-1.75459,-0.834369,-4.4921,0.815255,-19.0206,-5.73019,7266.45,-0.00262447,0.65479,-0.00145476,7247.43,0.000214297,0.000832129,-1006.06,-6.19175,110.854,73.738,0.731709,11.231,11.314,118.955,128.839,-8.10069,-55.1008 
166,46.9119,10,166,7274.69,-0.0162766,14.2684,10.9097,119.466,0.00958093,5.85335,2.76298e-13,0.897486,-0.480016,3.44123,-0.108185,-3.26318,30.2531,315.001,-3.45549,6508.74,5069.17,0.70699,-0.670511,3.06024,-0.298681,-3.45368,5.6676,272.568,-5.02708,6466.3,0.0404471,1.03335,-0.00143416,6738.87,0.000147706,0.0272576,11.2879,16.8183,124.637,85.6793,0.627169,11.189,11.6746,118.828,128.746,5.80878,-43.0667 
167,46.9719,10,167,7422.62,-0.0193869,14.1943,10.9533,119.735,0.0191129,10.2903,2.88606e-11,1.94532,-4.09213,1.30859,1.04213,1.90468,2.54564,155.607,-1.27872,6683.97,5067.6,1.92929,-4.10816,1.27653,1.0261,1.88865,0.36567,152.037,-1.41096,6680.4,0.0222522,1.01651,-0.000389221,6832.44,0.000322793,0.0139821,10.0416,-19.1734,127.975,93.5736,0.67256,11.0569,11.2675,118.996,129.424,8.97909,-35.8502 
168,47.0619,10,168,7606.17,0.0792018,15.02,10.4019,119.461,-0.920849,240.75,321.91,0.833196,2.78255,-2.77844,0.377685,-1.34718,34.5964,74.302,-0.531806,6943.15,12302.9,0.615351,2.56471,-3.21413,0.159841,-1.56502,-1.23319,25.7772,-2.32902,6894.63,0.00372481,1.18781,-0.000622655,6920.4,0.000510151,-0.00442449,57.5372,-2.95392,88.0004,75.8091,0.712833,10.7168,11.3716,118.973,129.395,-30.9729,-53.5861 
169,47.0919,10,169,8401.81,-0.0202176,16.3753,10.7508,119.157,-0.00115558,34.2963,9.52171e-12,1.93494,0.388622,4.03999,2.21724,-1.88396,-50.4666,8.78544,0.181611,7668.08,5732.2,2.25272,0.706396,4.67554,2.53501,-1.56618,0.456552,79.5697,2.80325,7738.86,0.0101772,0.941928,0.000666822,7818.43,0.00260194,-0.00429635,166.134,-90.3799,145.39,55,0.752844,11.0172,11.6247,118.838,128.582,26.5523,-73.5824 
170,47.1369,10,170,8336.05,0.0129066,16.476,10.7807,119.44,0.0126286,-39.593,0.00974907,-2.56072,-0.912315,2.26333,-2.92235,-0.572809,-79.7621,18.9819,3.06617,7769.34,5798.47,-2.05848,-0.410074,3.26781,-2.42011,-0.070568,2.932,130.856,7.20966,7881.21,0.0163324,0.912061,0.00168231,8012.07,0.000429116,-0.00417056,86.3767,-2.35466,116.004,82.248,0.768823,10.9657,11.5007,118.914,130.686,-2.90983,-48.4382 
171,47.0169,10,171,7130.86,-0.0141638,14.4633,10.5092,119.251,0.0121199,9.96202,1.0947e-11,-2.53169,-3.70693,3.08627,3.08644,1.41482,-16.3591,-24.2148,2.56959,6647.17,4951.94,-2.42868,-3.60392,3.29229,3.18945,1.51783,-0.67379,-1.26952,3.41942,6670.12,-0.000190366,-0.269283,0.00094346,6668.85,0.000196463,0.0204565,3.61717,38.9861,127.676,108,0.682436,10.7543,11.1426,118.777,129.57,8.89895,-21.5702 
172,47.1069,10,172,7753.71,-0.00771631,14.9271,11.0084,119.558,-0.0178809,3.41264,500,-0.92235,-4.05815,0.453817,-2.68392,-2.26897,49.6912,36.6562,5.50908,7055.96,5351.29,-1.23524,-4.37104,-0.171968,-2.99681,-2.58186,0.984858,-33.0406,2.92772,6986.26,-0.00475184,1.18353,0.000771373,6953.22,0.000454868,-0.0109808,8.17781,5.01042,106.129,78.6123,0.700718,11.1458,11.4156,118.972,128.393,-12.8422,-49.7807 
173,47.2569,10,173,8114.79,0.0953502,15.5022,10.6728,119.465,-0.143647,-13.9048,0.661469,1.51132,-2.47786,-3.75724,-3.433,2.5072,-6.24101,75.2709,11.138,7279.55,5451.05,1.55062,-2.43856,-3.67864,-3.3937,2.54649,0.320505,84.0245,11.4622,7288.31,0.0113973,0.807281,0.00288868,7372.33,0.000598486,-0.0153282,14.565,-0.771115,106.074,66.4976,0.747186,10.8744,11.2377,119.13,128.642,-13.0553,-62.1446 
174,46.9419,10,174,6790.92,-0.0211123,13.1639,10.9023,119.515,0.00620573,7.04112,4.40388e-05,1.6602,-2.56816,2.10919,-1.141,-1.50714,-6.86095,171.906,-4.47564,6094.85,4673.38,1.7034,-2.52495,2.1956,-1.0978,-1.46394,2.84863,181.529,-4.11923,6104.48,0.0288782,1.04135,-0.00124458,6286,0.000318847,0.0118876,12.3454,14.725,125.201,86.8774,0.620704,11.0859,11.1371,119.016,129.645,6.18532,-42.7677 
175,47.3919,10,175,8797.65,0.101551,17.096,10.5043,119.398,-0.0225615,-516.162,24.097,2.42014,1.73624,2.69475,0.094699,1.31043,-2.12606,40.6596,4.02834,8058.42,6225.08,2.43352,1.74963,2.72152,0.108086,1.32382,0.673544,43.6416,4.13879,8061.4,0.0053845,0.85766,0.000944858,8105.04,0.000607233,-0.00762701,-9.21975,11.652,112.169,72.0665,0.804323,10.7411,11.5986,118.858,128.675,-6.68883,-56.6087 
176,47.1819,10,176,7366.39,-0.0375573,14.4826,10.8358,119.416,0.0360649,-1.45691,500,1.42994,-0.790121,4.42726,3.03405,-0.987018,-40.6372,-30.877,0.687974,6944.73,5110.32,1.68582,-0.534239,4.93902,3.28993,-0.731136,0.428975,26.1207,2.799,7001.73,0.00371674,0.842088,0.000735855,7027.85,0.000251555,-0.00909655,8.45527,7.8179,109.815,77.3034,0.689498,11.1139,11.4033,119.032,129.038,-9.2177,-51.7345 
177,47.0019,10,177,5961.47,0.0383579,11.7245,10.4773,119.5,0.141356,-33.2487,3.36232e-12,-2.70009,2.76955,3.05125,0.23325,-0.50791,-4.49107,64.1278,-6.31146,5430.1,4151.86,-2.67181,2.79783,3.10781,0.261529,-0.479631,-0.0305332,70.427,-6.07816,5436.39,0.012789,1.1779,-0.00206382,5506.82,0.000318016,0.0114951,-8.64878,-11.4422,126.584,99.0591,0.514564,10.9687,11.9604,119.173,130.191,7.41078,-31.1322 
178,47.3319,10,178,6416.29,-0.01038,11.9794,11.1539,119.254,-0.0021267,12.6295,0.000726069,1.05865,0.12455,-1.32603,2.62144,0.685995,9.69497,165.522,2.61317,5748.52,4350.58,0.997606,0.0635031,-1.44812,2.5604,0.624948,1.5175,151.924,2.10954,5734.92,0.0258074,0.976277,0.000677143,5886.85,0.000414569,0.0145885,10.6387,-11.9505,123.72,95.1351,0.518477,11.3416,12.0775,118.697,129.889,5.02336,-34.754 
179,47.2119,10,179,6116.04,0.056431,11.4915,10.9947,119.82,-0.215628,214.336,457.948,-0.780116,-4.20663,5.45418,0.176984,-0.874142,-10.4644,80.7051,1.40018,5444.58,5617.49,-0.714224,-4.14074,5.58596,0.242876,-0.80825,-32.7263,95.3825,1.94379,5459.25,0.0171717,0.965565,0.000655459,5554.64,0.000158516,0.0060685,8.77736,4837.3,124.919,90.9224,0.491026,11.2013,12.0408,119.072,129.096,5.84763,-38.1733 
180,46.9269,10,180,7420.05,-0.0220783,14.4266,-10.8383,119.65,0.0103247,19.0868,500,3.73629,-1.07119,1.03541,1.93711,1.1081,-8.22758,212.089,8.69281,6693.73,5096.41,3.7881,-1.01938,1.13902,1.98891,1.15991,0.838587,223.629,9.12022,6705.27,0.0322747,0.933384,0.00249929,6928.9,0.000335192,0.0171492,9.36762,22.9185,125.262,94.3289,0.657752,11.0117,11.4038,119.007,130.465,6.25532,-36.1357 
181,46.7069,10,181,5270.71,0.0745053,9.53703,11.1186,120.391,-0.0086859,19.4423,149.511,-1.56469,2.12801,5.16185,2.09251,-0.398552,11.5013,172.164,21.1187,4322.85,3457.41,-1.63711,2.05559,5.01701,2.02009,-0.470973,0.281704,156.033,20.5212,4306.72,0.0349633,0.812904,0.00870113,4462.75,0.000247547,0.0119938,9.40208,106.5,124.227,108,0.352501,11.5167,12.5488,119.351,130.351,4.87593,-22.3505 
182,46.9569,10,182,7408.12,-0.0148253,14.1136,10.869,119.162,0.000551248,14.5939,3.61114e-11,2.467,-0.474742,0.72337,0.862896,0.275018,-63.5617,146.56,-6.27654,6619.6,4993.98,2.86723,-0.0745112,1.52383,1.26313,0.675249,0.756379,235.711,-2.97463,6708.75,0.0339423,1.02258,-0.00081745,6944.46,0.000350536,0.0159926,9.90195,17.0021,124.101,91.5472,0.657949,11.1589,11.3359,118.651,129.32,5.45028,-37.7731 
183,47.0319,10,183,7815.49,0.115634,15.1272,10.3556,119.629,-0.000664007,-23.0365,488.984,0.185173,-2.87375,3.66624,1.77074,2.4397,-22.8311,95.9812,15.0764,6980.65,5100.01,0.328935,-2.72999,3.95377,1.9145,2.58346,0.346557,128.004,16.2624,7012.67,0.017926,0.818109,0.00425369,7140.68,0.000437892,0.018533,-11.1191,-12.9624,125.543,99.3105,0.709602,10.8321,11.3221,119.176,128.932,6.36755,-29.6215 
184,47.0469,10,184,7414.57,-0.0200862,15.0042,10.4134,119.457,-0.00173462,9.44276,1.58604e-11,-0.231547,0.547364,0.297162,1.38241,0.221717,-22.6536,53.6786,5.19578,6706.96,5086.79,-0.0889036,0.690007,0.582449,1.52506,0.364361,0.810461,85.4525,6.37258,6738.74,0.012522,0.88456,0.00173898,6824.19,0.000245788,0.00115879,24.7295,2584.87,127.464,98.5644,0.680237,10.5499,11.6951,119.045,129.149,8.41936,-30.5847 
185,46.6069,10,185,7924.45,0.0547958,15.6438,10.6059,119.849,-0.37639,-57.6392,120.951,-4.75052,1.498,3.17048,3.59469,-1.76533,-84.1723,78.7753,4.53319,7219.19,6107.38,-4.22051,2.02801,4.2305,4.1247,-1.23532,0.141433,196.835,8.90578,7337.25,0.026126,0.926631,0.00223092,7534.08,0.0020876,-0.00340281,206.252,-78.9724,152.999,55,0.724523,10.9871,11.3588,119.319,130.575,33.6807,-75.5749 
186,47.1669,10,186,7910.87,-0.0363604,15.7535,10.4323,119.738,0.0375865,48.7714,0.027039,0.0382058,2.17697,8.87374,1.45523,-1.30291,-52.6769,167.757,4.25529,7186.82,5409.67,0.369898,2.50866,9.53713,1.78693,-0.971219,0.279205,241.641,6.99175,7260.7,0.0322088,0.951805,0.00177073,7502.34,0.000372954,0.0134178,12.8046,12.9679,126.735,95.463,0.749944,10.5327,11.3351,119.361,130.178,7.37415,-34.7153 
187,47.2269,10,187,8151.82,0.0522454,15.5961,10.7052,119.413,0.108946,29.7956,499.998,0.354023,-1.94143,7.9436,-2.60768,2.16697,-49.1572,178.835,-3.36791,7336.98,5540.72,0.663552,-1.6319,8.56266,-2.29815,2.4765,-0.101637,247.783,-0.814294,7405.93,0.0323742,1.00578,-0.000202584,7653.72,0.000487653,0.0131538,12.3561,16.7392,124.319,93.849,0.748877,10.7903,11.1894,119.045,129.625,5.27394,-35.7759 
188,46.5069,10,188,8160.26,0.0562258,16.0957,10.6163,119.335,-0.0794057,19.6637,74.2019,3.62564,-0.522542,2.82315,0.160127,0.394299,38.5307,28.0673,-2.70277,7592.58,5613.44,3.38303,-0.76516,2.33792,-0.0824904,0.151682,0.53474,-25.9758,-4.70436,7538.54,-0.00345765,0.759339,-0.00115087,7512.56,0.000193842,0.0143024,-10.8747,12.5815,125.736,97.9934,0.76196,10.9989,11.3772,118.916,129.477,6.81973,-31.4835 
189,47.2869,10,189,7312.45,0.0522621,14.569,10.4953,119.669,-0.0346161,-151.108,92.2504,-1.89554,1.17038,1.06463,0.278192,-4.38111,2.86388,99.0111,5.35933,6770.79,5147.87,-1.91357,1.15234,1.02856,0.260159,-4.39915,1.26567,94.9942,5.21056,6766.78,0.013844,0.912417,0.00141645,6861.77,0.000194638,0.0229584,3.29082,-43.116,127.363,108,0.681891,10.7228,11.4413,119.073,128.72,8.28993,-20.7196 
190,47.3469,10,190,8330.64,-0.00222929,16.1101,11.2543,119.657,-0.0444173,27.5926,500,1.7206,1.2705,4.3559,0.554398,2.00848,55.3508,67.0361,-6.54785,7917.84,5942.08,1.37207,0.92197,3.65885,0.205869,1.65995,0.53204,-10.5988,-9.42321,7840.2,-0.00135368,0.391251,-0.00221896,7829.61,9.46847e-06,0.00378227,36.6135,-10.5494,105.422,80.0674,0.758406,11.4038,11.6203,119.188,129.825,-13.7661,-49.7573 
191,47.1969,10,191,7532.78,0.0477087,15.1465,10.4455,119.603,0.018282,-27.4676,37.9062,0.765619,2.70044,3.13357,1.78505,3.31184,18.0926,123.9,-8.36199,6908.22,5166.71,0.651695,2.58652,2.90572,1.67113,3.19792,0.736155,98.5231,-9.30187,6882.84,0.0141123,1.19792,-0.00249574,6981.36,0.00021262,0.0183156,10.1477,13.3634,127.03,97.4907,0.711318,10.647,11.4715,119.187,129.589,7.84295,-32.0979 
192,47.0769,10,192,6435.84,0.012051,13.0946,10.1175,119.392,-0.021585,53.0749,7.81243e-12,-0.633106,2.25694,-1.74953,1.58531,1.14473,-8.08493,57.7243,-13.8076,5932.14,4350.14,-0.582197,2.30785,-1.64772,1.63622,1.19564,1.56627,69.0642,-13.3876,5943.48,0.0114867,1.51338,-0.00416661,6012.54,0.00072871,-0.00158677,-32.7994,-5023.01,94.9985,72.4486,0.634576,10.6757,11.0891,119.023,130.152,-24.0245,-57.7039 
193,47.3769,10,193,8235.69,0.0818122,16.2432,10.4422,119.221,-0.131419,-26.0959,3.17358,2.41415,0.662403,-1.23974,0.529174,1.31144,-91.2649,104.044,-2.19463,7497.42,5633.13,2.98882,1.23707,-0.090402,1.10384,1.88611,1.01269,232.052,2.54641,7625.42,0.0295327,0.981158,0.000614768,7857.48,0.000580568,-0.0103104,7.50555,-7.87129,110.175,70.1917,0.759112,10.7412,11.4643,118.859,129.528,-8.68428,-59.3367 
194,47.2419,10,194,7475.8,-0.0176694,14.9184,10.4547,119.546,0.0397037,1.54292,3.22119e-12,-1.32134,-1.40419,5.64551,0.394626,1.301,-73.9076,130.165,-6.38952,6826.05,5079.24,-0.855959,-0.938812,6.57626,0.860002,1.76638,0.11226,233.828,-2.55016,6929.71,0.0326413,1.01946,-0.000678362,7163.54,0.000300384,0.0111762,11.5265,13.7921,128.933,91.5481,0.69957,10.6854,11.4598,119.205,129.722,9.72804,-38.1736 
195,47.3019,10,195,7135.13,0.0387904,14.5491,10.3502,119.623,0.109268,-27.1131,99.707,-1.34577,1.04362,-1.20371,4.87201,0.612274,-67.6274,64.8659,-4.27421,6664.16,4998.54,-0.919939,1.46945,-0.352045,5.29784,1.03811,1.05388,159.72,-0.761101,6759.02,0.0230851,1.00841,-0.000207474,6918.74,0.000272959,-3.20453e-05,0.114402,24.9941,88.3203,67.5355,0.700001,10.5571,11.3196,119.133,129.676,-30.8122,-62.1409 
196,47.2719,10,196,7664.58,-0.0114287,15.468,10.552,119.475,0.000314784,0.24516,0.323575,-4.54621,-0.272549,4.54237,-0.968259,-0.377666,-68.9362,-28.8402,-3.44425,7134.09,5313.33,-4.11213,0.161523,5.41052,-0.534187,0.0564061,-4.50899,67.8495,0.136845,7230.78,0.0092962,0.996483,3.48613e-05,7298.63,0.000146262,0.0175181,-9.28805,11.0743,124.46,98.096,0.723082,10.8526,11.4819,118.923,129.626,5.53732,-31.5304 
197,47.3169,10,197,7742.78,0.00749764,15.4069,10.4224,119.297,0.0394857,3.76145,500,-3.26735,2.721,-1.51562,1.18679,-2.324,20.0021,61.9613,-11.4442,7064.9,5232.16,-3.3933,2.59505,-1.76752,1.06084,-2.44994,0.553078,33.9064,-12.4833,7036.84,0.0047953,2.81133,-0.00327859,7070.75,0.000472523,-0.014316,4.99556,-7.1083,108.353,82.2113,0.723174,10.6576,11.5275,118.901,129.483,-10.5484,-47.2715 
198,47.1219,10,198,7310.88,-0.0169723,14.2007,10.6457,119.376,0.0109702,6.6457,6.90983e-11,1.81964,1.67429,3.88839,2.58112,6.63644,-18.9567,107.792,-15.2957,6564.45,4923.67,1.93901,1.79365,4.12712,2.70049,6.7558,0.761659,134.38,-14.311,6591.04,0.019981,1.22906,-0.00401578,6725.42,0.000450278,0.0143645,11.3268,-9.25188,124.581,92.0598,0.678721,10.7705,11.195,118.987,129.564,5.59434,-37.504 
199,47.1519,10,199,7413.84,-0.0175262,14.7111,10.5198,119.294,0.004046,5.1663,500,2.37902,1.27205,5.60309,1.09165,-0.637713,-23.6134,37.4048,-5.80421,6896.87,5038.55,2.52771,1.42074,5.90046,1.24034,-0.489026,0.443364,70.5249,-4.57754,6929.99,0.0100742,1.12814,-0.00121827,7000.51,0.000101234,0.00635998,5.09912,-66.9185,150.518,107.999,0.715164,10.9059,11.1969,118.954,129.492,31.5634,-21.4928 
200,46.9869,10,200,7166.7,0.0828324,13.7117,10.6681,119.567,0.0728325,-207.823,125.708,0.465089,-0.260399,0.441067,-1.05747,-3.85049,29.7973,128.385,6.50488,6388.78,5254.58,0.277463,-0.448025,0.065816,-1.2451,-4.03811,1.01222,86.5913,4.95697,6346.98,0.0134593,0.908942,0.00143661,6433.57,0.000576925,-0.00138821,0.125871,7.17576,124.662,90.2435,0.650254,10.9533,11.2063,119.159,127.991,5.50242,-37.7474 
201,47.3619,10,201,7988.23,0.045055,16.0219,10.2842,119.65,-0.0149698,102.374,500,1.3358,0.136647,-0.225293,-3.19394,-0.791135,-44.9094,29.5995,-6.10182,7271.52,5413.77,1.61859,0.419429,0.340272,-2.91116,-0.508352,1.3268,92.5893,-3.76887,7334.51,0.0124664,1.0767,-0.00094747,7427.1,0.000469725,-0.0116492,8.75433,-3.13811,113.817,78.7814,0.751202,10.6786,11.4307,119.208,129.695,-5.39092,-50.9137 
202,46.9119,10,202,7956.97,0.0954053,15.1562,10.6899,119.515,-0.650748,603.481,341.18,0.910075,-0.864543,2.95848,2.67177,-0.17892,-21.6211,268.108,0.845204,7159.63,18058.4,1.04622,-0.7284,3.23076,2.80792,-0.0427776,0.488295,298.434,1.96838,7189.95,0.0398529,0.988589,0.000504056,7488.39,0.000321885,0.0237225,9.50716,17.0795,124.031,88.3708,0.706428,11.0726,11.4026,118.981,129.253,5.05007,-40.8823 
203,46.9719,10,203,7360.87,-0.023404,14.8909,10.167,119.56,-0.0543555,18.1896,3.71738e-12,3.74177,-0.905395,-2.3598,-1.91887,-0.432079,-34.8429,102.909,-0.738718,6629.19,4960.62,3.96116,-0.685998,-1.92101,-1.69948,-0.212683,-2.44263,151.78,1.0713,6678.06,0.022223,0.987799,0.000295425,6829.84,0.000283756,0.00168046,-17.9047,3127.79,127.502,76.4081,0.713418,10.4765,11.0382,119.048,129.595,8.45404,-53.1868 
204,47.0619,10,204,7751.78,0.0506716,15.6411,10.3979,119.482,-0.0721318,-81.2067,149.078,-0.333095,-1.57976,2.33896,1.58323,1.43068,12.7353,95.0347,-0.908063,7161.54,5484.96,-0.413286,-1.65995,2.17858,1.50304,1.35049,0.263715,77.1721,-1.56964,7143.68,0.0106874,1.03691,-0.000404919,7220.85,0.000258448,0.0248022,3.07327,47.5216,127.59,108,0.727652,10.6356,11.3442,118.852,129.41,8.73843,-21.4099 
205,47.0919,10,205,7134.03,0.0171921,14.4689,10.276,119.954,-0.00467255,-23.2335,500,-2.77262,0.907695,-5.26102,-0.92622,1.62416,-7.2589,31.3616,-2.3708,6540.84,4843.64,-2.72691,0.953402,-5.1696,-0.880512,1.66987,0.159928,41.5429,-1.99372,6551.03,0.00630147,1.09169,-0.000560935,6592.57,0.000198162,0.0187134,-3.34864,-62.0481,127.714,108,0.68902,10.4867,11.1882,119.232,129.173,8.48248,-21.1733 
206,47.1369,10,206,8002.53,0.0735858,16.1318,10.2582,119.251,-0.0440111,-492.622,264.721,2.49437,-0.336622,0.214214,1.53286,-2.11706,-59.045,71.5233,-8.2104,7373.87,6092.78,2.86616,0.0351685,0.957795,1.90465,-1.74527,0.761654,154.34,-5.14312,7456.69,0.0202784,1.06193,-0.00127218,7611.03,0.000311374,0.00781878,8.26339,6.20515,135.912,71.0204,0.759076,10.6351,11.5631,118.823,129.214,17.0888,-58.1932 
207,47.0169,10,207,7915.42,0.0453407,15.7653,10.5404,119.556,-0.0889727,-13.3132,500,1.23659,4.42072,1.1217,-3.46139,-0.381373,-95.1375,100.117,-7.83022,7328.75,5448.03,1.83565,5.01977,2.31981,-2.86233,0.217682,0.644777,233.557,-2.88802,7462.19,0.0303488,1.02212,-0.00071344,7695.75,0.000212187,0.0101133,11.0577,21.7131,127.396,89.3637,0.726188,10.8033,11.6797,119.001,130.168,8.39426,-40.8038 
208,47.1069,10,208,7465.55,0.0430956,15.3433,10.2506,119.642,-0.0154616,-312.561,183.707,4.279,5.0427,-0.660165,0.127809,0.167246,-0.109309,28.0822,-3.28096,7053.48,5277.25,4.27969,5.04339,-0.658788,0.128497,0.167935,1.07352,28.2356,-3.27529,7053.63,0.00398702,1.2547,-0.000856096,7081.87,0.000163104,0.0141146,10.3128,13.6845,124.72,100.55,0.725527,10.5592,11.3868,119.163,129.196,5.55672,-28.6462 
209,47.2569,10,209,7306.14,0.0766349,13.9833,10.7278,119.508,-0.00624428,17.7039,40.0633,-2.54746,-0.322244,6.40238,-2.04308,1.22756,3.91407,97.292,2.8584,6713.96,4886.91,-2.57211,-0.34689,6.35309,-2.06773,1.20291,-1.47271,91.8021,2.65507,6708.47,0.0134998,0.951825,0.000728535,6800.27,0.00034634,0.00852347,12.4856,16.9814,127.63,97.9284,0.670423,11.034,11.2097,119.053,129.828,8.57698,-31.8998 
210,46.9419,10,210,7618.23,0.0518792,15.8973,10.0392,119.529,-0.154331,-46.7912,92.4817,-0.531905,-0.65672,1.42005,-0.237938,3.09076,-9.53259,147.042,10.0245,6969.01,5430.46,-0.471881,-0.596696,1.5401,-0.177914,3.15079,0.552868,160.412,10.5197,6982.38,0.0224579,0.897051,0.00276764,7142.79,0.000247538,0.0226479,9.30524,33.4656,121.882,108,0.712301,10.348,11.2431,119.055,130.154,2.82736,-22.1543 
211,47.3919,10,211,7934.96,0.0269011,15.9748,10.5985,119.523,0.0929847,-97.4315,116.876,1.37647,-0.427407,5.92338,1.25079,0.165049,-61.3785,64.8795,-6.13523,7454.06,5806.47,1.76295,-0.0409232,6.69635,1.63728,0.551533,0.368697,150.969,-2.94674,7540.15,0.019629,1.03537,-0.000720425,7691.12,0.000391284,-0.0087967,-4.76093,51.2491,138.566,108,0.749523,10.8941,11.5061,119.184,129.638,19.3816,-21.6375 
212,47.1819,10,212,6903.98,0.0497855,13.9393,10.3534,119.267,0.0613224,47.4915,97.3003,0.141112,2.61196,-0.58927,-1.43897,-1.01057,99.2969,25.3571,-8.47607,6367.44,4792.87,-0.484134,1.98671,-1.83976,-2.06422,-1.63581,0.544299,-113.916,-13.6343,6228.17,-0.0186313,0.82682,-0.00404896,6114.25,0.000179778,0.0119167,9.96655,24.0164,125.634,105.306,0.649471,10.7671,11.3343,118.882,129.252,6.75117,-23.9456 
213,47.0019,10,213,7265.07,-0.0370616,15.0998,10.3661,119.686,0.0946639,22.2647,7.50663e-13,-2.7367,-3.83904,-2.82529,1.73462,0.489387,17.7151,72.8351,-6.06496,6743.14,5164.06,-2.84825,-3.95059,-3.04838,1.62307,0.37784,0.611489,47.988,-6.98523,6718.29,0.00709223,1.3418,-0.00191897,6766.28,0.000289009,-0.0337544,-0.0890262,-1.76083,129.542,86.0236,0.690791,10.6398,11.5676,119.302,129.295,10.2401,-43.2714 
214,47.3319,10,214,7958.79,0.0479013,15.9744,10.4821,119.505,-0.0127567,-113.441,18.4195,-1.04643,0.893023,8.68717,2.13466,1.24762,-59.6519,35.1519,2.87115,7383.94,5497.99,-0.670821,1.26863,9.4384,2.51027,1.62323,0.333903,118.82,5.96996,7467.61,0.0156621,0.919179,0.0014705,7586.43,0.000254951,0.0134689,4.044,5.2458,110.658,90.8855,0.745461,10.743,11.7013,119.13,129.5,-8.47262,-38.6145 
215,47.2119,10,215,7233.33,0.0123599,14.9788,-10.3958,119.377,0.0737601,-20.2987,185.774,-2.39776,-0.616793,1.39097,-2.28383,0.839873,-10.2473,36.3212,6.94101,6730.96,5117.85,-2.33324,-0.552268,1.52002,-2.2193,0.904397,1.56709,50.6941,7.47334,6745.33,0.00745937,0.794922,0.00203676,6796.03,0.000351006,-0.0116727,7.07494,9.09499,106.414,82.9903,0.698023,10.5698,11.4562,118.861,129.293,-12.4476,-46.3024 
216,46.9269,10,216,7268.36,-0.0107964,15.064,10.1774,119.754,0.00955403,4.73035,2.90297e-11,3.35425,-2.82148,3.79447,1.49457,-0.109011,-22.1373,100.132,3.07483,6608.6,4992.31,3.49364,-2.68209,4.07325,1.63397,0.0303818,0.378049,131.181,4.22482,6639.65,0.0193745,0.946647,0.00117076,6770.83,0.00018984,0.0205049,9.14413,19.4838,123.068,92.8447,0.707852,10.515,11.1224,119.259,129.128,3.80927,-36.2836 
217,46.7069,10,217,8641.36,-0.00492769,17.3585,10.7739,119.625,-0.00416523,3.81161,4.69546e-11,-3.74126,0.259247,1.09587,0.451549,-2.7746,-30.3657,93.6285,7.42012,8115.32,6088.61,-3.55006,0.450452,1.47828,0.642754,-2.58339,1.41502,136.219,8.99756,8157.91,0.0164236,0.896386,0.00202758,8294.13,0.000276079,-0.0256883,45.8324,0.153186,95.4332,78.2037,0.815397,11.0121,11.3796,119.192,130.056,-23.7583,-51.8523 
218,46.9569,10,218,6614.95,0.0559832,13.3229,10.3084,119.26,0.0628639,-35.4491,118.511,1.22997,0.0373566,2.48144,0.670591,-0.846778,-86.502,48.134,1.45151,6035.82,4543.36,1.77465,0.582037,3.5708,1.21527,-0.302098,0.478003,169.461,5.94512,6157.15,0.0267855,0.942157,0.00177551,6326.61,0.000184141,0.0144133,10.7022,-14.5853,123.366,97.6455,0.627773,10.7793,11.2683,118.831,129.815,4.53507,-32.1692 
219,47.0319,10,219,7742.4,0.010589,15.2405,10.3807,119.397,-0.00657575,12.3764,0.00507784,1.30255,0.478282,5.25554,1.29391,1.57441,-55.9719,66.9025,3.1625,6981.65,5152.83,1.65499,0.830722,5.96042,1.64635,1.92685,0.504097,145.408,6.07013,7060.15,0.02018,0.931919,0.00158129,7205.56,0.000422012,0.015685,9.54364,-15.7771,124.851,95.6195,0.696028,10.6987,11.6379,118.932,129.342,5.91895,-33.7222 
220,47.0469,10,220,7072.04,-0.0117904,14.8643,10.2068,119.608,0.00544326,9.71154,1.26867e-11,1.41695,1.60514,8.85174,-0.265866,0.565815,-31.6157,44.0931,15.5201,6602.39,4940.62,1.61603,1.80421,9.24989,-0.0667899,0.764891,0.308069,88.4372,17.1625,6646.73,0.0131307,0.746485,0.00473397,6735.17,0.000313012,-0.0102408,-6.56653,-10.1197,108.043,77.7911,0.704964,10.4145,11.3054,119.209,130.289,-11.1667,-52.4976 
221,46.6069,10,221,7430.19,0.051996,15.0682,10.3196,119.649,-0.155882,-43.2811,368.108,3.51052,3.98345,2.08169,3.43992,0.45773,-54.178,41.7936,-4.34754,6836.26,5281.62,3.85167,4.32459,2.76398,3.78107,0.798875,0.821911,117.784,-1.53309,6912.25,0.0167543,1.02331,-0.000408734,7030.03,0.00287188,-0.00452506,-178.543,-106.676,152.999,55,0.712782,10.7172,11.2325,119.217,129.987,33.7819,-74.9871 
222,47.1669,10,222,7523.16,0.0686265,14.9973,10.3772,119.416,0.159613,-185.009,145.184,1.21871,-2.14837,-0.77033,-3.34663,-1.35194,-154.39,-11.8309,-8.23429,6829.18,6027.58,2.19086,-1.17622,1.17398,-2.37448,-0.379784,3.07547,204.716,-0.21403,7045.72,0.028235,1.00183,-5.59614e-05,7250.44,0.00052542,-0.00988799,-18.4126,-1.23125,121.064,76.3205,0.704064,10.6464,11.3567,118.975,129.151,2.08866,-52.8306 
223,47.2269,10,223,6542.88,0.0236108,13.336,10.4562,119.772,0.0117717,15.4008,140.279,0.995743,-0.469426,-1.01784,0.394759,3.17969,-72.0154,60.7835,-8.75745,5984.25,4545.26,1.44921,-0.0159644,-0.110912,0.84822,3.63316,1.01911,161.792,-5.01639,6085.26,0.025899,1.05737,-0.00152085,6247.05,0.000300969,-0.0306614,2.69841,-2.13806,105.564,75.2479,0.638939,10.6854,11.1584,119.445,130.148,-13.8808,-54.9004 
224,47.2269,10,224,7456.79,-0.00169838,14.6891,10.7828,119.631,-0.0252225,4.12771,500,2.1986,-0.664208,3.30523,-2.23952,2.77569,-42.3603,22.7727,-3.53736,6918.28,5159.5,2.46534,-0.397477,3.83869,-1.97278,3.04242,0.449743,82.1872,-1.33683,6977.69,0.0116414,1.0293,-0.000353046,7059.88,0.0598603,-0.0606004,643.725,-872.925,101.534,55.8517,0.700298,10.9769,11.389,119.177,129.025,-17.6434,-73.1734 
