cyc,freq,VVA,cyc,ROIsum,fBg,fA1,fWidth1,fCtr1,fA2,fWidth2,fCtr2,box1,box2,box3,box4,box5,box6,box7,box8,box9,Nfit,BZ-2,BZ-1,BZ0,BZ1,BZ2,Excited,c5,c7,c9,fraction95,fraction75,fraction97,sum95,two2D_bg,two2D_a1,two2D_sh1,two2D_sv1,two2D_ch1,two2D_cv1,two2D_a2,two2D_sh2,two2D_sv2,two2D_ch2,two2D_cv2,two2D_chd,two2D_cvd
0,46.5069,10,0,22527.9,-0.0217608,45.5276,11.0748,119.534,-0.0244969,31.7506,1.35516e-11,-3.99574,2.35242,-3.39979,2.16571,-0.714978,96.2157,145.482,-7.53672,22018.8,16439,-4.60158,1.74658,-4.61148,1.55986,-1.32082,0.361949,10.53,-12.5349,21883.9,0.000480943,-0.92318,-0.00105626,21894.4,-1.35949e-05,-0.0135862,8.09019,9.94189,111.445,72.7912,2.18778,11.3717,11.1485,119.086,130.292,-7.64158,-57.5012 
1,48,10,1,17678.8,0.0329488,34.9433,10.9567,119.059,-0.030372,-3.13514,8.88371e-11,-1.80772,0.909736,-1.67973,3.58914,-2.0481,-58.7356,1.33502,-12.8334,16866.6,12466.6,-1.43788,1.27958,-0.940047,3.95898,-1.67826,1.79505,83.7174,-9.78222,16949,0.00491508,1.25705,-0.00106431,17032.7,0.000842211,-0.0638312,-10.6245,-13.4686,94.8099,108,1.703,11.3454,11.0809,118.634,129.077,-23.8238,-21.0768 
2,47.3469,10,2,21918.5,-0.00856314,41.9144,-11.5631,119.313,-0.00960545,18.6444,2.07562e-12,0.419148,6.61396,2.25258,-1.49883,0.141029,-64.3064,78.0927,-20.522,21178.7,15783.2,0.824068,7.01888,3.06242,-1.09391,0.545949,0.704325,168.289,-17.1814,21268.9,0.0078503,1.21753,-0.00149031,21437.2,0.000752796,-0.073899,10.314,16.7526,95.0751,108,2.03197,11.927,11.1791,118.832,129.293,-23.7574,-21.2932 
3,47.0319,10,3,20080.2,-0.0501929,39.2736,11.2509,119.231,0.110601,-70.7734,10.6562,1.97309,1.13834,-4.81287,1.71011,-2.80047,0.66027,228.467,-3.62954,19180.8,14638.9,1.96893,1.13418,-4.82119,1.70595,-2.80463,-0.711608,227.541,-3.66384,19179.9,0.0117244,1.029,-0.000352012,19407.4,1.27107e-05,0.0362731,10.0889,12.4562,125.8,94.6341,1.86036,11.5041,11.277,118.748,129.347,7.05205,-34.7125 
4,47.1069,10,4,20897.1,-0.0725858,41.3362,11.1802,119.493,0.00340407,96.4794,405.759,0.614332,3.40801,0.762323,1.99898,-1.82813,3.75503,119.09,-7.97939,20252.2,15055.1,0.590687,3.38437,0.715034,1.97533,-1.85178,0.851457,113.823,-8.17446,20246.9,0.00559034,1.14375,-0.000744284,20360.7,0.000173193,-0.0165354,-6.98278,7.80291,110.293,78.1012,2.00904,11.4471,11.0706,119.035,130.854,-8.74199,-52.7528 
5,46.8069,1.5,5,26642.4,-0.0366121,53.154,11.0336,120.415,0.0322599,-32.3197,1.4018e-11,-2.54616,-0.315478,1.0432,-0.138539,1.20708,215.639,18267.4,36.933,8035.29,19125.7,-3.90398,-1.6733,-1.67244,-1.49636,-0.150736,0.812018,17964.9,25.731,7732.83,0.699085,0.9975,0.00609226,25697.7,0.00020422,2.0189,11.212,9.90836,120.442,81.0753,0.809949,11.0016,11.1534,119.272,129.079,1.16959,-48.004 
6,47.0169,10,6,20581.8,-0.0494555,41.1541,11.0023,119.338,-0.0664642,103.648,500,2.51095,1.94898,-2.85302,2.32358,-0.845113,12.1398,239.112,-5.87023,19682.3,14964.1,2.43451,1.87254,-3.0059,2.24713,-0.921554,2.14435,222.085,-6.50087,19665.3,0.0111671,1.05399,-0.000609326,19887.4,-0.000156014,0.0474911,-3.07189,69.1385,127.287,108,1.93363,11.1845,11.309,118.793,129.903,8.4948,-21.9032 
7,46.9869,10,7,14804.6,-0.0530026,28.6024,11.4532,119.512,0.0530997,-47.9207,173.623,-1.06087,-2.55644,0.054019,-0.589175,1.50115,37.8634,177.461,-6.43132,13975.5,10746.9,-1.29928,-2.79485,-0.422812,-0.827591,1.26273,0.896415,124.354,-8.39824,13922.3,0.0088529,1.13403,-0.00111243,14046.7,0.000177621,0.0328252,-9.62988,-12.2182,126.037,95.8262,1.30704,11.6999,11.4504,118.953,130.068,7.08401,-34.2415 
8,46.9269,10,8,17676.4,0.0227006,34.1421,11.4405,119.348,-0.0158049,-29.0145,4.18389e-11,2.26616,-1.99912,0.362952,1.79856,0.653451,-16.2231,616.911,-6.98496,16546.1,12730.3,2.36832,-1.89697,0.567257,1.90071,0.755604,0.846476,639.666,-6.1422,16568.9,0.0371714,1.01709,-0.000683348,17208.6,-0.000148084,0.0605803,9.52072,14.822,122.818,85.3523,1.55042,11.9536,11.3382,118.792,129.585,4.02526,-44.2331 
9,47.3669,10,9,11208.3,-0.0547551,22.497,11.098,119.195,0.0147117,11.0771,0.0769862,-1.89898,-1.40078,-8.94735,1.30219,-2.8904,20.9497,145.575,-9.76918,10503.2,8132.93,-2.0309,-1.53269,-9.21117,1.17028,-3.02231,0.370253,116.191,-10.8575,10473.8,0.0109718,1.1955,-0.00191324,10590,0.000481305,-7.22021e-05,-0.00191418,34.2356,152.021,85.8155,0.957127,11.2516,12.1343,118.693,130.146,33.3276,-44.3309 
10,47.0469,10,10,21314.9,0.0319177,42.4205,11.0729,119.403,-0.0622992,17.5248,5.99027e-11,-2.9659,-0.317218,3.62115,-2.16384,-4.43902,-0.583739,167.547,-13.7438,20607.3,15326.4,-2.96223,-0.313542,3.6285,-2.16017,-4.43535,1.58123,168.366,-13.7135,20608.1,0.00810368,1.16623,-0.00122732,20776.5,-0.000227977,0.0340868,8.34734,14.2425,126.524,94.1506,2.01507,11.3523,11.3801,118.915,131.169,7.6097,-37.0182 
11,46.8219,2,11,14792.6,-0.0321824,29.6629,-10.9553,119.391,0.02317,-31.4837,355.651,-2.92115,3.11348,1.44504,4.16407,-3.78335,-24.3805,183.598,-6.43131,14011.5,10602.5,-2.76764,3.26699,1.75208,4.31759,-3.62983,0.403892,217.794,-5.16479,14045.7,0.0152693,1.0433,-0.000677824,14263.5,-8.6264e-05,0.0332302,4.24025,72.7999,126.804,108,1.40188,11.0884,11.1025,118.694,130.078,8.10957,-22.0778 
12,46.8519,3.5,12,22599.3,-0.0623883,45.3334,10.9854,119.59,-0.0342002,42.7874,1.41264,-3.21216,-1.81697,-0.672248,-2.46564,-2.48057,-2.8756,342.76,-19.5225,21692.9,16259.4,-3.19406,-1.79886,-0.636034,-2.44753,-2.46246,0.939649,346.793,-19.3731,21696.9,0.0157321,1.10835,-0.00164752,22043.7,-0.000148092,0.0583256,-3.00264,62.6814,127.415,108,2.13352,11.1408,11.2832,119.046,130.351,8.36913,-22.3509 
13,47.1669,10,13,19423.2,-0.0961383,39.1807,11.0463,119.56,-0.0056932,12.3836,40.2162,1.73621,-1.35209,1.18174,1.25898,-1.12554,-57.0013,51.5526,-12.5124,18759.5,14091.5,2.09514,-0.993167,1.89958,1.6179,-0.766617,0.506965,131.502,-9.55127,18839.4,0.00693179,1.14561,-0.00093479,18970.9,0.000703374,-0.0733351,-10.5828,13.5432,94.7815,108,1.90295,11.2837,11.1203,118.995,129.572,-24.2135,-21.5715 
14,47.1469,10,14,19455.7,-0.0762909,39.4974,10.9187,119.56,0.0160819,5.98674,130.915,-2.27296,0.999062,0.913998,-0.670155,-3.80321,-13.4815,90.557,-13.7128,18723.2,14042,-2.18807,1.08395,1.08378,-0.585265,-3.71832,1.25065,109.466,-13.0124,18742.1,0.00580673,1.26267,-0.00128059,18851.6,0.000118749,-0.0209944,4.56233,-3.15302,150.328,92.2302,1.94496,11.1848,10.8984,119.12,129.88,31.2079,-37.6496 
15,46.9119,10,15,17504.3,-0.028207,34.8552,11.1871,119.793,-0.025262,17.6826,500,-2.21477,-2.47458,-1.13639,-1.85529,-2.93098,62.1477,729.57,-12.4442,16213.7,12708.1,-2.60609,-2.86591,-1.91905,-2.24661,-3.32231,0.851925,642.402,-15.6726,16126.5,0.0383091,1.0446,-0.00179347,16768.9,3.81791e-06,0.074925,9.8998,14.9559,123.76,84.782,1.58243,11.4356,11.2384,119.153,130.294,4.60721,-45.512 
16,46,10,16,21680.5,-0.0324631,43.5588,-10.9765,119.383,0.0258812,34.2854,500,1.11522,0.510837,0.590523,0.74779,4.39423,39.3728,86.9103,-15.6612,20949.4,15593.4,0.867303,0.262917,0.0946826,0.49987,4.14631,0.983873,31.6861,-17.7066,20894.2,0.00151421,45.2921,-0.00156351,20925.9,0.000197869,-0.0196465,-7.10086,-7.77119,111.141,79.9727,2.08303,11.1679,11.3499,118.951,130.345,-7.81044,-50.3723 
17,47.1869,10,17,20811.6,-0.0350157,40.8009,-11.2089,119.487,-0.0218243,-22.1649,500,4.32013,2.00416,-0.831476,3.1923,-1.36274,4.67564,176.673,-17.0901,19959.6,14903.4,4.29069,1.97471,-0.890358,3.16286,-1.39218,1.1246,170.115,-17.333,19953,0.00845369,1.217,-0.00160278,20123.1,0.000290423,-0.0192525,-4.94335,7.44345,113.732,73.4485,2.00056,11.4576,10.982,119.056,129.663,-5.32308,-56.2149 
18,47.0019,10,18,19188.2,-0.03757,37.7022,11.1832,119.388,0.0174782,10.8322,4.65917e-11,-2.67342,2.71378,2.24121,-1.79592,0.358991,-3.87319,258.949,-3.36975,18246.8,13731.6,-2.64903,2.73816,2.28999,-1.77153,0.383379,-1.31086,264.381,-3.16855,18252.2,0.0142781,1.02142,-0.000319888,18516.6,-6.61332e-05,0.0482985,3.18012,59.859,126.976,108,1.77182,11.4385,11.1991,118.775,130.285,8.20154,-22.2848 
19,47.2869,10,19,20777.3,0.00836189,40.7539,11.1016,119.376,-0.0415633,14.1323,1.51157e-10,-0.640352,2.01643,6.97368,-0.897852,0.665384,-23.1591,46.6379,-27.2699,19946.7,14747.4,-0.494525,2.16226,7.26534,-0.752025,0.81121,0.192045,79.1208,-26.0668,19979.2,0.00394455,2.36154,-0.00240918,20058.3,0.000883674,-0.0709331,-10.511,-14.3323,94.5632,108,1.98992,11.3854,11.169,118.933,130.497,-24.3695,-22.4968 
20,47.0669,10,20,20308.9,-0.0663959,39.3387,11.4181,119.391,0.148524,-103.497,500,2.20295,4.46528,2.53856,-5.9496,0.906458,-76.7327,69.8194,-12.6015,19605.4,15122.5,2.68611,4.94845,3.50489,-5.46643,1.38962,0.503742,177.444,-8.61535,19713,0.0089211,1.09286,-0.000805721,19890.4,-0.000287729,0.0345491,-8.26981,13.8603,126.922,94.0341,1.87783,11.6915,11.338,118.935,130.259,7.98712,-36.2248 
21,46.9419,10,21,18500.2,-0.0365288,36.3543,11.1677,119.506,-0.0285623,6.67502,12.8051,-0.497015,2.01921,1.46745,3.01875,0.180937,40.1649,447.578,-16.0737,17454,13222.7,-0.749922,1.7663,0.961632,2.76584,-0.0719708,0.794166,391.243,-18.1602,17397.6,0.0219937,1.08841,-0.00192655,17788.9,-9.55832e-05,0.0520933,9.09497,15.0703,123.406,85.0897,1.70598,11.5726,11.1893,119.011,129.725,4.39461,-44.6353 
22,47.2069,10,22,22415.3,-0.0228261,44.4424,11.0377,119.57,-0.0163181,27.5373,2.9557e-10,0.215574,-1.50293,-7.19494,-0.355155,0.147791,-89.3508,49.3246,-18.3831,21715.4,15983.4,0.778193,-0.940311,-6.0697,0.207463,0.710409,-0.142221,174.648,-13.7415,21840.7,0.00793299,1.15968,-0.00116034,22015.4,0.000810254,-0.0756925,10.5041,14.1231,94.8083,108,2.1466,11.3783,11.246,119.06,129.677,-24.2513,-21.6772 
23,47.1269,10,23,20660.6,-0.0447492,40.9296,11.0886,119.482,0.0384393,-53.5851,497.735,2.28193,-1.19031,-0.443143,4.01323,1.45066,-42.1131,140.299,-26.6838,19796.7,14841.5,2.5471,-0.925131,0.0872066,4.27841,1.71584,0.988679,199.367,-24.4961,19855.8,0.00994094,1.27392,-0.00227778,20055.1,4.67151e-05,0.0368961,8.43847,-12.6766,127.556,96.5566,1.98442,11.3186,11.068,118.959,130.399,8.59638,-33.8429 
24,47.2269,10,24,19777.4,-0.0492428,39.2915,-11.1702,119.528,-0.0316112,45.12,500,3.13185,-1.95927,2.07589,0.0725217,1.21574,-4.25751,80.6068,0.954718,19123.1,14333.9,3.15866,-1.93246,2.12951,0.0993301,1.24255,0.54668,86.5784,1.17589,19129,0.00450563,0.976784,0.000113224,19215.6,-0.00010961,0.0365363,-9.39247,10.8062,126.963,97.7655,1.88892,11.4122,11.142,119.044,130.36,7.91952,-32.5946 
25,47.3069,10,25,20899.5,-0.0508449,39.94,11.5106,119.387,0.0672117,-72.1842,250.535,3.00099,1.98607,-0.142148,3.48437,0.933637,-37.435,81.0354,-15.7318,20121.2,15123.8,3.23671,2.22179,0.329289,3.72009,1.16936,0.96916,133.542,-13.7871,20173.7,0.00657606,1.22051,-0.00126052,20307.2,0.000757622,-0.0716908,10.1628,15.5556,95.3394,108,1.9549,11.8589,11.0831,118.85,129.627,-23.5104,-21.6267 
26,47.2469,10,26,14308.7,-0.0127257,27.9597,11.2736,119.557,-0.00904419,1.51756,0.00134057,4.10716,3.55261,2.03224,-1.82235,-2.4764,-36.8176,7.55657,-10.7884,13531.8,10261.4,4.33899,3.78444,2.4959,-1.59052,-2.24457,0.632103,59.1969,-8.87583,13583.5,0.00433911,1.35573,-0.00120514,13642.6,0.000899689,-0.0482289,-11.4561,17.6114,95.8717,108,1.32099,11.7184,11.1495,118.957,129.102,-23.0853,-21.1017 
27,47.3269,10,27,18175,-0.018009,35.3548,11.378,119.422,-0.00415999,3.69838,499.467,2.9936,2.99625,0.821639,-0.921932,-1.82175,-36.7624,205.084,-5.04237,17319.2,13095.7,3.22508,3.22773,1.28461,-0.690449,-1.59027,0.764582,256.647,-3.13263,17370.8,0.0145595,1.02183,-0.000332314,17627.4,0.00022326,0.0166742,-15.0082,6.13528,88,60.3034,1.63854,11.6074,11.4674,118.822,130.092,-30.8219,-69.7885 
28,47.3869,10,28,22846.1,-0.0475901,44.5086,11.2708,119.54,0.00316467,72.5438,476.674,1.80206,-2.23035,1.36907,-5.83879,2.07377,-92.3066,138.415,-6.43397,21976.4,16337.8,2.38329,-1.64912,2.53153,-5.25756,2.655,-2.81744,267.884,-1.63882,22105.9,0.0119731,1.01082,-0.000136583,22373.8,0.306836,-0.309059,925.971,1224.47,95.5525,65.5093,2.11265,11.5674,11.3498,119.062,129.156,-23.5099,-63.6472 
29,46.9719,10,29,17999.7,-0.0765559,33.1554,-12.0542,119.374,-0.00837915,-22.9675,28.9389,-3.52716,1.43527,2.03014,-4.19777,-2.22894,119.569,453.177,-3.39891,16826.7,13016.6,-4.28005,0.682376,0.524344,-4.95066,-2.98184,1.04764,285.47,-9.6103,16659,0.0168473,1.0626,-0.00106381,16944.5,0.000100752,0.0384124,-9.82161,18.8884,125.169,88.9551,1.52419,12.1652,11.4369,118.729,130.598,6.43948,-41.6427 
30,46.8669,5,30,21339,-0.0831656,43.0345,10.99,119.156,0.579681,-291.64,23.9103,4.18403,1.13356,-2.54951,2.74522,0.189136,71.2563,395.088,-15.2312,20327.9,20899.4,3.73535,0.684879,-3.44688,2.29654,-0.259546,2.14501,295.144,-18.9328,20228,0.014381,1.12645,-0.00172714,20523.1,-0.000123334,0.0411434,9.09262,18.8696,123.603,90.4547,2.04619,11.2922,11.0865,118.676,130.178,4.92756,-39.7229 
31,46.8969,10,31,18463.8,-0.108483,33.927,-12.1839,119.271,0.0544271,4.54044,54.513,-2.8293,1.28107,3.81432,-0.71238,-2.53091,-15.2696,1187.92,-2.18272,16753.3,13464.4,-2.73315,1.37722,4.00662,-0.616231,-2.43476,11.0089,1209.34,-1.38949,16774.7,0.0672453,1.00201,-0.00015261,17984,-0.000164191,0.117849,10.8346,11.5093,121.574,82.2265,1.4587,12.5129,11.7166,118.559,129.886,3.01469,-47.6597 
32,47.0869,10,32,20335.5,-0.0419575,39.7909,11.2478,119.365,-0.0178133,49.712,500,1.9111,5.46052,-0.72831,1.13208,-2.63258,-9.26229,197.477,-5.33613,19489.7,14598.3,1.96942,5.51884,-0.611666,1.1904,-2.57426,1.11136,210.469,-4.85498,19502.7,0.0106765,1.04207,-0.000458781,19713.2,2.07225e-05,0.0351688,8.35942,-13.4738,126.459,96.6148,1.94584,11.5053,10.9421,118.816,129.7,7.64296,-33.0851 
33,47.2669,10,33,22601.8,-0.005025,44.3947,11.2688,119.47,-0.0390613,23.2071,5.86409e-12,-0.664733,3.72145,1.63702,2.38487,-2.65025,46.9491,75.692,-20.9208,22053.7,16315.1,-0.960359,3.42582,1.04577,2.08925,-2.94587,0.606055,9.84139,-23.3597,21987.9,0.000447382,-0.317074,-0.00196087,21997.7,0.000706962,-0.0746968,10.8068,-13.8961,93.8986,108,2.11477,11.5576,11.3899,119.092,130.269,-25.1934,-22.2685 
34,46.8369,2.5,34,14983.7,-0.0193493,30.2796,10.7838,119.762,0.0055279,-15.1068,1.37588e-10,-0.242001,-2.39726,-1.08906,0.642997,-4.97883,-30.4733,114.324,-7.56476,14176.5,10632.3,-0.0501189,-2.20538,-0.705294,0.83488,-4.78695,0.897974,157.066,-5.98173,14219.3,0.0109253,1.07141,-0.000775533,14376.3,0.000151201,0.0337263,-8.15256,13.9868,125.77,94.4002,1.4082,11.0598,11.4085,119.181,129.139,6.58966,-34.7387 
35,46.8819,9,35,17477.9,-0.0392993,34.1649,11.3514,119.534,0.0142796,7.56033,5.96791e-11,2.18319,2.48117,-3.06646,1.88222,-4.3836,30.2518,1023.23,-13.1467,15809.1,12628.3,1.9927,2.29068,-3.44743,1.69173,-4.57409,-0.684628,980.802,-14.7182,15766.7,0.0585641,1.02697,-0.00172257,16747.5,0.000130046,0.10132,10.1769,12.7313,122.3,84.0171,1.50816,11.5942,11.3955,118.827,130.237,3.47212,-46.2199 
36,46.9569,10,36,17800.3,-0.00444793,35.5399,10.9885,119.859,-0.0155633,-11.3022,500,3.83483,3.65042,-0.951131,-1.65637,-1.44043,25.7311,494.127,-20.0311,16773.2,12718.7,3.6728,3.4884,-1.27518,-1.81839,-1.60245,1.51727,458.036,-21.3678,16737.1,0.0266375,1.0889,-0.0023573,17195.2,5.10373e-06,0.0458401,9.61754,16.2191,124.325,88.9574,1.69568,11.3086,10.9994,119.287,130.131,5.03748,-41.1741 
37,46.5069,10,37,14680.6,-0.0387857,29.6501,10.9032,119.85,0.00300759,2.41358,338.503,1.21408,-1.87242,-3.34803,0.315889,0.610904,5.75859,261.91,11.0593,13816,10524.1,1.17782,-1.90868,-3.42055,0.279628,0.574644,-0.0374304,253.834,10.7602,13807.9,0.0180514,0.930939,0.00143345,14061.7,0.000195147,0.04513,10.0116,12.3571,125.904,95.9721,1.35246,11.1354,11.3955,119.272,129.99,6.6318,-34.0183 
46,47.3669,10,46,21916.3,-0.0273549,43.382,-11.0575,119.469,0.0276477,-11.2486,3.53686e-10,2.8964,1.25256,-2.82006,-0.468696,-3.07826,-57.4516,0.1078,-10.2478,21181.6,15625.9,3.25815,1.61432,-2.09655,-0.106938,-2.71651,-43.1221,80.6893,-7.2633,21262.2,0.00378062,1.18698,-0.000629672,21342.9,0.000864904,-0.0732979,10.7655,-13.7221,94.3617,108,2.10898,11.3574,11.164,118.935,130.467,-24.5734,-22.4667 
47,47.0469,10,47,14713.6,0.0124785,28.88,-11.2438,119.42,-0.0322209,1.15144,500,1.30185,-1.33064,2.49556,-1.44073,3.13908,61.9976,3.00131,-17.7124,14153.4,10571.9,0.911465,-1.72102,1.7148,-1.83111,2.7487,0.0592609,-83.9563,-20.9331,14066.4,-0.0060044,0.696218,-0.00274888,13982.5,0.000557267,-0.0518137,-10.5408,14.1893,95.5168,108,1.30672,11.6757,11.8196,118.878,130.354,-23.3609,-22.3543 
48,46.8219,2,48,19862.8,-0.0131366,39.3379,11.0843,119.68,0.0184242,-30.1368,500,-0.391255,-1.85159,-0.853599,-0.591289,-2.07286,59.5053,161.575,-16.37,19076.8,14212.3,-0.765944,-2.22627,-1.60298,-0.965978,-2.44754,0.799846,78.1126,-19.4612,18993.4,0.00409578,1.77305,-0.00189104,19071.5,-9.44866e-05,0.0349382,8.85748,-14.025,127.656,93.5199,1.94435,11.3501,10.8914,119.176,130.115,8.48038,-36.5954 
49,46.8519,3.5,49,13867,-0.00151369,27.2237,11.2709,119.851,-0.00594301,0.513822,1.71024e-11,0.940248,0.373425,-2.56582,-0.544805,0.138408,0.714611,239.474,-2.85502,12719.5,9988.66,0.935748,0.368925,-2.57482,-0.549304,0.133908,-0.52759,238.472,-2.89215,12718.5,0.0184049,1.02168,-0.000419063,12957,-0.000191274,0.0330206,6.50958,107.012,126.015,108,1.07933,11.2368,12.622,118.784,130.73,7.23119,-22.7304 
50,47.1669,10,50,11387.5,-0.0552937,21.9045,11.5786,119.977,0.0182482,-1.48586,214.557,0.514942,1.53193,0.703558,0.465168,0.866158,-41.9129,177.087,4.80173,10502.4,8257.19,0.778856,1.79584,1.23139,0.729082,1.13007,0.782642,235.874,6.97902,10561.2,0.0218462,0.95077,0.00121582,10797,-0.000180854,0.0248851,6.36317,102.945,126.185,108,0.90147,11.6261,12.2114,118.991,129.883,7.19392,-21.8831 
51,47.1469,10,51,9159.56,0.00180088,17.0511,11.6405,119.595,-0.00193969,6.5891,1.13604e-09,1.42851,-3.87245,2.17187,2.53654,2.59091,20.7513,136.133,-12.7431,8300.18,6461.68,1.29784,-4.00311,1.91054,2.40587,2.46025,0.53074,107.028,-13.8211,8271.07,0.0127747,1.29197,-0.0030877,8378.1,-0.00010225,0.0124217,8.68386,192.146,125.619,108,0.742189,11.798,11.6193,118.668,129.584,6.95105,-21.5838 
52,46.9119,10,52,11404.5,-0.00546192,22.3821,11.0956,119.814,-0.00250301,-1.32165,362.794,0.778924,1.03536,0.337473,2.52657,-0.291948,5.48776,242.704,-6.60983,10344.6,8084.47,0.744369,1.00081,0.268363,2.49201,-0.326503,0.935784,235.007,-6.8949,10337,0.0222292,1.05412,-0.00123022,10572,0.000546815,0.0270696,9.47876,-16.1385,125.824,89.156,0.939291,11.287,12.076,119.137,130.354,6.68668,-41.1983 
53,46,10,53,20819.6,-0.018968,41.1793,11.0343,119.344,0.00213325,31.6395,13.4218,-5.08677,2.4009,-0.869268,2.34811,0.589916,20.774,156.996,-3.86969,19919.7,14793.9,-5.21758,2.2701,-1.13088,2.2173,0.459108,0.193356,127.859,-4.94885,19890.5,0.00638707,1.07266,-0.000458534,20018.4,0.000484525,-0.0158823,-8.00144,10.6109,110.005,76.099,1.99578,11.2499,11.1243,118.955,129.969,-8.9503,-53.8702 
54,47.1869,10,54,11464.5,-0.0178075,21.3907,11.7361,119.63,0.000760437,8.8531,151.379,3.81725,3.46653,-1.75167,-3.4113,-3.18623,-76.7576,175.404,8.49309,10384.4,8172.55,4.30057,3.94986,-0.785028,-2.92798,-2.70291,1.42792,283.064,12.4805,10492.1,0.0262701,0.928368,0.00218643,10775.1,0.000762279,-0.0313861,5112.55,0.323719,147.05,70.5122,0.88185,11.9061,12.416,118.757,130.058,28.2935,-59.5462 
55,47.0019,10,55,8794.53,0.00194861,17.5323,10.6946,119.46,-0.00697305,-6.17391,3.63109e-11,-4.27169,-0.263836,-2.06845,0.252409,2.15258,-28.7901,59.2094,-2.80215,7903.44,6105.19,-4.09041,-0.0825528,-1.70588,0.433692,2.33387,0.451712,99.5902,-1.30656,7943.82,0.0123816,1.0235,-0.000303072,8043.41,0.000927037,-0.0321248,12.8615,10.5308,94.7926,108,0.74985,10.8475,12.2028,118.712,129.934,-23.9197,-21.9343 
56,47.2869,10,56,9888.14,-0.0156426,18.2863,11.8427,119.655,-0.0113511,25.0597,8.2453,1.81533,3.49301,0.360273,-2.03224,-4.44759,14.2374,161.254,-0.500413,8970.32,7058.98,1.72568,3.40336,0.180975,-2.12189,-4.53724,1.13414,141.285,-1.24002,8950.35,0.0155401,1.0156,-0.000255278,9091.63,0.000641242,-0.0137551,-7.81859,-7.86414,109.915,75.3177,0.784455,11.9862,12.0309,118.951,130.47,-9.03638,-55.1526 
57,47.0669,10,57,18351.5,-0.00737788,37.3448,10.6965,119.561,0.00910999,-26.8594,451.977,1.91225,3.2726,2.97749,1.17602,-0.494509,-9.83435,222.701,-8.93718,17434.3,13011.7,1.97417,3.33453,3.10134,1.23794,-0.432585,0.663461,236.495,-8.42631,17448.1,0.0133729,1.0665,-0.000890411,17684.6,0.000280504,0.0359763,-9.3388,-11.602,126.808,94.9795,1.72436,10.8629,11.5914,119.115,130.237,7.69351,-35.2579 
69,47.0869,10,69,17747.5,-0.0890364,35.6723,11.0898,119.703,0.0221511,3.36006,98.6666,0.681108,1.33483,-5.69625,0.897759,-1.90529,-73.7036,134.858,1.1608,17140.7,12880.5,1.1452,1.79892,-4.76806,1.36185,-1.4412,-1.50517,238.234,4.98956,17244.1,0.0136272,0.964644,0.000532728,17482.3,0.000210891,0.0205117,-10.2278,-0.952355,122.783,78.9808,1.69789,11.2085,11.2642,119.221,130.167,3.56271,-51.1861 
70,47.2669,10,70,15037.5,-0.0765253,29.9854,11.1826,119.44,-0.0199182,19.4718,13.5715,1.6899,-0.139287,0.965152,-0.711722,-1.45975,-47.5559,108.477,-19.4504,14439.1,10928.2,1.98934,0.16016,1.56405,-0.412275,-1.16031,0.269469,175.179,-16.98,14505.8,0.0119324,1.20428,-0.00216097,14680.9,0.000690371,-0.0563704,-11.5702,14.413,93.9385,108,1.48947,11.3448,10.895,118.993,130.502,-25.0546,-22.5022 
71,46.8369,2.5,71,15654.4,-0.016639,29.8752,11.4451,119.448,-0.0240906,15.1949,11.8182,-0.71249,0.527463,4.62723,-0.270639,-1.37509,-99.3033,174.461,-15.6715,14835.8,11142.7,-0.0872043,1.15275,5.87781,0.354647,-0.749802,0.102378,313.744,-10.5129,14975.1,0.0205211,1.06229,-0.00129487,15288.9,0.224994,-0.226226,1033.15,1269.32,102.155,68.8332,1.41742,11.725,11.3287,118.907,129.751,-16.7521,-60.9176 
72,46.8819,9,72,18052.9,-0.0258493,35.666,-11.2232,119.86,0.0356078,-15.1306,1.3514e-11,1.88786,-3.52554,2.37457,-1.27665,0.658791,-36.1064,994.778,2.18138,16483.3,13048.2,2.11521,-3.29819,2.82927,-1.0493,0.886143,-0.907622,1045.42,4.05704,16534,0.0594686,0.993254,0.000451804,17579.4,6.2915e-05,0.0999029,10.1917,13.0552,122.631,84.108,1.61226,11.5158,11.1531,119.217,130.356,3.41345,-46.2483 
73,46.9569,10,73,12691.3,-0.0239134,25.5257,11.0185,119.521,-0.0107696,28.669,500,-2.8557,2.63457,6.23079,-3.40643,0.881554,-59.363,188.21,-8.9656,12041.6,9165.84,-2.48191,3.00836,6.97837,-3.03263,1.25535,-0.218389,271.473,-5.88181,12124.8,0.0218995,1.03941,-0.000894413,12396.3,0.000183279,0.0221167,9.03595,14.5496,126.269,95.4797,1.15997,11.2399,11.5105,118.996,130.092,7.27248,-34.6126 
74,46.5069,10,74,19627.1,-0.114689,39.4402,11.1393,119.715,-0.265336,63.0259,212.217,0.0619191,-1.35349,0.782919,1.74342,-3.74486,-61.5293,175.698,-10.9124,18964.5,14846.2,0.449353,-0.966057,1.55779,2.13085,-3.35743,9.39798,261.999,-7.71604,19050.8,0.0135661,1.05434,-0.000746654,19312.8,0.00016038,-0.0207999,-8.19821,7.13937,111.587,75.5432,1.95978,11.2926,10.823,119.282,130.801,-7.69437,-55.2583 
75,48,10,75,12143.4,-0.0174289,24.5826,10.8104,119.384,0.000945147,0.0496548,123.542,1.01022,1.63958,1.82126,1.03858,0.423909,-20.6058,75.3433,0.174155,11426.2,8651.02,1.13997,1.76933,2.08076,1.16833,0.553658,0.689996,104.245,1.24459,11455.1,0.00901821,0.979534,0.000200102,11559.4,0.00048913,0.0119249,88.9698,-0.367467,122.762,72.3475,1.10624,10.9524,11.7028,118.884,130.104,3.8772,-57.7567 
76,47.3469,10,76,18790.3,-0.0801316,37.8329,11.0285,119.755,0.046428,142.53,19.0273,5.95349,0.452305,-2.49182,1.10165,-1.13897,-115.983,92.8388,-11.2893,18334.6,13798,6.6838,1.18262,-1.0312,1.83196,-0.408658,1.12486,255.516,-5.26419,18497.3,0.0136255,1.0374,-0.000524524,18752.8,0.000107916,-0.016038,-8.29639,7.83193,108.861,76.7455,1.86112,11.2747,10.9524,119.311,130.299,-10.4502,-53.5538 
77,47.0319,10,77,13474.1,-0.0276742,26.4143,11.1991,119.537,-0.118199,-132.739,428.513,0.471113,1.74483,-4.38851,1.63631,0.838648,-9.07462,63.8932,-0.194757,12692.7,10140.6,0.528254,1.80197,-4.27423,1.69345,0.895789,7.6244,76.6213,0.276652,12705.4,0.00599445,0.993721,4.0109e-05,12782,-0.000136212,0.0220028,5.16695,116.518,126.317,108,1.20139,11.2987,11.5116,118.834,129.729,7.48346,-21.7294 
78,47.1069,10,78,18345.9,-0.0704787,35.718,11.3806,119.286,-0.00617805,38.7061,496.732,-0.110343,1.02235,-0.0767198,-0.383424,2.16961,-43.6715,121.651,-12.2953,17556.3,13240.5,0.164644,1.29733,0.473256,-0.108436,2.4446,0.889204,182.905,-10.0266,17617.6,0.0102753,1.10611,-0.00104949,17800.5,0.000151933,-0.011407,18.5398,-0.00486257,95.814,64.7705,1.74099,11.6136,11.0154,118.827,130.092,-23.013,-65.321 
79,46.8069,1.5,79,21814.6,-0.0737872,44.6375,-10.8029,120.506,0.0400033,18.2399,188.712,-5.05393,1.15435,-4.23413,-3.15345,0.572909,136.958,12220,22.4563,9255.85,15721.4,-5.91632,0.291961,-5.95891,-4.01584,-0.289481,0.624957,12027.9,15.3416,9063.75,0.570268,0.997773,0.00310831,21091.6,0.000261738,1.40903,10.8707,9.76938,120.742,81.6216,0.944131,10.9264,11.0573,119.395,129.973,1.3463,-48.3511 
80,47.0169,10,80,18871.5,-0.0345012,36.1471,11.4485,119.541,-0.0108549,-22.7246,156.605,-1.64498,0.002315,-1.30249,-1.30769,-2.2901,43.8214,226.541,-2.84427,18016.6,13479.6,-1.92091,-0.273616,-1.85435,-1.58362,-2.56603,0.773819,165.078,-5.1207,17955.2,0.00911012,1.0574,-0.000525633,18120.3,-0.000203449,0.0356791,3.86187,59.5455,127.734,108,1.75203,11.6561,11.0652,118.967,130.489,8.7672,-22.4891 
81,46.9869,10,81,17852.2,-0.0603721,33.9443,-11.6256,119.423,-0.0612056,62.5482,426.316,0.776743,-2.63907,0.438617,3.36612,1.48207,-40.8967,211.364,-15.1408,17099.3,12970.9,1.03426,-2.38155,0.953648,3.62363,1.73959,0.808103,268.725,-13.0163,17156.7,0.0154215,1.09262,-0.00139951,17425.4,-0.000275828,0.0334759,8.40993,15.0155,124.983,91.5812,1.65338,12.0474,10.9635,118.991,130.349,5.99198,-38.7682 
82,46.9269,10,82,17036,0.0326429,33.6512,10.9335,119.501,-0.00981036,-13.6779,500,3.37664,5.5269,-1.89757,2.8886,0.866111,-60.5274,469.829,-6.62175,15706.6,11981.5,3.75776,5.90802,-1.13532,3.26972,1.24724,1.08701,554.725,-3.47747,15791.4,0.0339361,1.01109,-0.000405818,16346.2,0.000206583,0.053284,9.31789,14.654,123.622,85.1182,1.58001,11.2653,11.1596,118.975,129.901,4.64749,-44.7824 
83,47.3669,10,83,20678.9,-0.0316826,40.5829,11.1567,119.477,-0.00735836,17.3145,0.12233,-3.75416,3.04777,0.977215,1.37437,-1.32519,10.2367,57.887,-6.11587,19979.3,14743.3,-3.81862,2.98332,0.8483,1.30991,-1.38964,13.7108,43.529,-6.64764,19964.9,0.00217553,1.36473,-0.000613736,20008.4,0.000214844,-0.0178728,-7.84525,9.91533,114.679,70.5667,2.00881,11.4671,10.9324,119.053,129.484,-4.37358,-58.9174 
84,47.0469,10,84,18985.7,-0.053409,36.5158,11.6705,119.839,0.0497857,-53.2006,71.4627,-3.4559,-5.04857,-8.83712,-3.73169,0.893721,49.7307,166.131,18.1383,18414.9,13959.1,-3.76904,-5.36171,-9.4634,-4.04483,0.58058,0.570985,96.3784,15.5549,18345.1,0.00522617,0.779764,0.0015595,18441.5,-0.000578161,0.0471033,3.902,-54.9401,128.652,108,1.78816,11.8301,10.9034,119.157,129.753,9.49468,-21.7533 
85,46.8219,2,85,22541.4,0.020155,44.348,11.1699,119.418,-0.000421586,-26.9298,2.59352e-11,0.820031,0.358382,0.0794591,0.289251,-0.362352,16.1772,177.971,-14.4099,21662.2,16126,0.718168,0.256519,-0.124267,0.187387,-0.464215,1.21665,155.281,-15.2503,21639.5,0.00712467,1.20754,-0.0012999,21794.8,-8.57268e-05,0.0371269,8.89139,12.331,127.28,95.2121,2.1601,11.4699,11.0318,119.001,130.196,8.27813,-34.9843 
86,46.8519,3.5,86,19477,-0.0369166,37.818,11.3371,119.387,0.0182231,25.0745,128.023,3.08631,2.67058,2.90744,-2.35496,-2.25701,51.7156,252.76,-9.94406,18614.4,13972,2.76067,2.34494,2.25616,-2.6806,-2.58265,-0.0751169,180.224,-12.6306,18541.8,0.00962628,1.13979,-0.00125641,18722.1,-0.000264928,0.0363628,-3.78475,61.5043,128.133,108,1.86991,11.5595,10.8263,118.824,129.706,9.3088,-21.7059 
87,47.1669,10,87,17452.8,-0.0170319,35.0502,-10.908,119.198,0.0116144,-3.39274,500,4.78965,3.53202,-3.74262,1.10685,2.39386,27.2302,74.4686,-19.6763,16809.9,12447.3,4.61818,3.36055,-4.08554,0.93539,2.22239,1.57943,36.2757,-21.0908,16771.7,0.00215824,-57.2791,-0.00232187,16808,0.00071251,-0.0662786,-10.5919,13.3466,94.2387,108,1.71719,11.2857,11.0096,118.792,129.688,-24.5531,-21.6877 
88,47.1469,10,88,20601.9,-0.0621428,39.7118,11.4463,119.453,-0.0355583,65.3782,305.074,0.570522,6.12662,-0.384551,2.09357,-4.36291,6.56133,174.496,-7.22505,19721.8,14872.8,0.529207,6.0853,-0.467181,2.05225,-4.40422,1.12309,165.293,-7.5659,19712.6,0.00831541,1.08708,-0.000707519,19877.9,0.000226322,-0.0141866,6.03396,9.78371,109.915,73.7204,1.94281,11.7278,10.9798,118.97,129.648,-9.05481,-55.9272 
89,46.9119,10,89,18575.4,-0.0266999,36.6196,11.1501,119.739,0.0612952,-96.5081,6.41188e-10,-0.261323,2.16983,1.24886,-1.35286,5.39265,36.4854,780.89,1.84827,17151.2,13484.4,-0.491062,1.94009,0.789379,-1.5826,5.16291,0.864338,729.716,-0.0470794,17100,0.0409268,1.00011,-5.07166e-06,17829.8,4.95566e-05,0.07602,10.051,14.3651,123.087,85.0951,1.68965,11.4565,11.1574,119.18,129.756,3.90716,-44.6608 
90,46,10,90,21061.7,-0.0396668,39.9913,11.5523,119.372,-0.10653,36.9288,37.3869,5.01621,0.384346,1.07246,-0.604106,1.17256,-4.52768,-23.6655,-11.3395,20301,15167.4,5.04472,0.412856,1.12948,-0.575596,1.20107,0.8434,-17.315,-11.1043,20307.3,-0.000853376,0.471188,-0.0010083,20290,1.32268e-05,-0.000493473,10.0304,0.250133,113.72,69.4316,2.00467,11.7952,10.909,118.919,129.731,-5.19916,-60.2996 
91,47.1869,10,91,19667.7,-0.0447129,37.4519,11.5964,119.427,0.0498943,-19.186,500,-0.354866,4.73956,0.25167,0.182795,-0.00401753,-11.9453,128.459,-26.1818,18996.9,14169.3,-0.279649,4.81477,0.402103,0.258012,0.0711991,0.923648,145.213,-25.5612,19013.6,0.00757943,1.44518,-0.00248261,19158.9,-4.89716e-05,-0.0118683,-6.39071,9.67331,112.548,75.333,1.87517,11.9562,10.8137,118.942,129.646,-6.39371,-54.3128 
92,47.0019,10,92,17435.4,-0.0303836,34.8114,10.9783,119.494,0.00928736,14.468,356.754,2.97779,3.25014,2.6578,-0.424166,-5.86915,-33.8136,179.656,-11.9434,16615.6,12445.3,3.19071,3.46305,3.08363,-0.211251,-5.65623,0.203178,227.083,-10.1869,16663,0.0134447,1.08519,-0.00112743,16890.1,0.000244198,0.00696112,-0.115921,12.2027,125.553,88.4976,1.713,11.3619,10.8042,119.046,129.546,6.50717,-41.0484 
93,47.2869,10,93,21134.1,-0.00349361,42.2416,11.0248,119.555,-0.0457465,13.3501,2.05156e-11,-3.72824,1.80283,2.4282,-2.58237,-1.44885,-102.076,72.0903,-5.64505,20567.9,15180.1,-3.0855,2.44557,3.71369,-1.93963,-0.806104,-10.3216,215.261,-0.342428,20711.1,0.0102866,1.00279,-3.04575e-05,20926.3,0.000194664,-0.0133192,7.38431,13.9311,114.083,65.6062,2.03043,11.2995,11.2309,119.101,130.805,-5.01794,-65.1988 
94,47.0669,10,94,21591.1,0.0135521,41.6748,11.4901,119.518,-0.0209673,0.509842,8.40259,3.83656,1.32096,1.78449,0.888186,-2.98021,10.7695,117.851,-31.9255,20936,15588.4,3.76874,1.25315,1.64886,0.820374,-3.04802,0.628894,102.746,-32.485,20920.9,0.00488716,2.23861,-0.00286854,21023.7,0.000738134,-0.0679297,-10.1321,17.8372,95.5631,108,2.01299,11.8458,11.1815,119.001,130.053,-23.4375,-22.0532 
95,46.9419,10,95,17490.4,-0.0536413,33.3703,11.5672,119.455,0.019821,11.3157,191.518,7.24405,2.15675,0.527097,1.76166,-0.650245,-27.7355,398.03,-5.73867,16395.2,12572.9,7.41869,2.33139,0.876382,1.9363,-0.475602,0.927495,436.931,-4.29787,16434.1,0.0258984,1.01752,-0.000481983,16871,-6.53935e-05,0.0455993,9.94462,14.9673,124.228,87.4752,1.53411,11.9062,11.4131,118.897,129.886,5.33126,-42.4104 
96,47.2069,10,96,21421.3,-0.0246474,41.9317,11.1633,119.663,0.0914896,-69.7823,342.781,1.13154,1.40083,-1.50283,1.51577,1.05856,-23.6676,18.2711,-13.0553,20734.1,15445.9,1.28057,1.54986,-1.20478,1.6648,1.20759,1.26784,51.4673,-11.8258,20767.3,0.00247216,1.67253,-0.00105008,20818.7,0.000842702,-0.0734365,-11.103,13.3419,95.015,108,2.07798,11.4659,10.9838,119.175,129.932,-24.1603,-21.9318 
97,47.1269,10,97,8009.48,-0.0435877,15.5323,11.5193,119.492,0.0712027,32.7547,329.341,0.682238,-3.09526,0.0181361,-2.22734,-0.276311,51.2204,6.47542,-3.51542,7505.74,5900.39,0.359717,-3.41778,-0.626906,-2.54986,-0.598832,0.908262,-65.3661,-6.17622,7433.9,-0.00887099,0.85811,-0.0015328,7368.53,0.000194572,-0.0136558,-6.70528,7.91937,113.192,79.132,0.755879,11.6905,10.8843,118.822,129.578,-5.62998,-50.4465 
98,47.2269,10,98,14312.6,-0.0682671,28.1252,11.3291,119.537,0.0169517,34.2904,2.46327,0.319353,2.44248,-6.13922,-4.59881,1.9146,5.56493,97.0529,-10.9029,13660.9,10391.5,0.284312,2.40744,-6.2093,-4.63385,1.87956,0.00997045,89.2475,-11.192,13653.1,0.00649435,1.28116,-0.00151233,13742.3,0.000254928,0.00862947,-13.6862,-12.8875,88.0001,67.1901,1.25303,11.5268,11.7938,119.052,130.85,-31.0523,-63.6602 
99,47.3069,10,99,12273.4,-0.0323171,24.2422,11.1484,119.852,-0.0178369,32.804,358.921,-0.751906,-0.238,1.27213,1.11473,-1.70877,76.3402,175.166,8.53347,11176.6,8816.93,-1.2326,-0.718694,0.310745,0.634034,-2.18946,1.09723,68.0913,4.56775,11069.6,0.00611361,0.894939,0.00075955,11137.7,0.000851224,-0.00199694,4200.62,1.50074,152.455,72.8672,1.00106,11.3329,12.2462,119.22,130.365,33.235,-57.4975 
100,47.2469,10,100,21668.9,-0.0686909,41.3447,11.5727,119.478,0.00357707,86.3012,78.5121,3.99399,0.404947,-2.28115,-1.40343,-4.78818,-44.8178,58.1701,-23.6806,20974.8,15585.9,4.27619,0.687152,-1.71674,-1.12123,-4.50598,0.278862,121.031,-21.3524,21037.7,0.00572017,1.44663,-0.00187317,21158.7,6.00934e-06,-0.015757,9.20093,8.34809,111.822,75.0373,2.05588,11.8043,10.9889,119.074,130.287,-7.25134,-55.2494 
101,47.3269,10,101,10813.7,-0.0681298,21.6543,11.2047,119.861,0.0420571,7.76727,219.365,-0.464807,2.9719,1.03531,-1.03527,0.89063,16.9009,273.073,17.2051,9556.98,7909.04,-0.571228,2.86548,0.822467,-1.14169,0.78421,0.701922,249.368,16.3271,9533.27,0.0254909,0.897199,0.00314496,9782.64,-0.000231563,0.0252134,8.77455,133.611,124.73,108,0.782724,11.0196,13.1695,118.862,132.751,5.86751,-24.751 
102,47.3869,10,102,13962.2,-0.039441,26.45,11.6854,119.305,-0.000927778,0.681075,3.06689e-09,3.03109,2.47569,-5.41749,2.83103,-2.24803,10.2346,85.2401,-22.1477,13276.8,10061.6,2.96664,2.41124,-5.54638,2.76659,-2.31248,20.419,70.8852,-22.6794,13262.4,0.0053164,2.27224,-0.00316005,13333.3,0.00021072,-0.016203,13.5836,2.23012,115.051,77.8714,1.23593,11.9315,11.4381,118.832,130.448,-3.78107,-52.5764 
103,46.9719,10,103,15056.5,-0.0400426,29.5971,11.2035,119.594,-0.0240327,15.8311,477.737,-0.124814,0.203902,-4.95646,-1.34999,3.38746,-35.7298,251.345,-13.3183,14203.1,10806.8,0.100167,0.428883,-4.5065,-1.12501,3.61244,-2.02446,301.46,-11.4622,14253.2,0.0207122,1.07128,-0.00148359,14554.7,0.000129241,0.0281767,8.89582,14.6742,126.305,93.0026,1.39524,11.4273,11.2292,119.074,129.441,7.23146,-36.4389 
104,46.8669,5,104,22303.9,-0.022735,43.5879,-11.174,119.576,0.0195648,13.3312,35.4019,4.38202,-0.189691,1.22951,-0.973467,-4.22781,21.577,353.014,-2.97314,21170.3,15863.7,4.24615,-0.325556,0.957778,-1.10933,-4.36368,2.6107,322.75,-4.09402,21140,0.0150377,1.0227,-0.000356874,21462.8,7.921e-05,0.043318,9.47384,16.2862,125.486,90.7933,2.11118,11.4416,10.992,119.1,129.925,6.38593,-39.132 
105,46.8969,10,105,12874.2,-0.0106102,23.1484,12.1347,119.552,-0.0138629,15.8395,4.99317,0.282285,3.81353,1.94394,2.94694,-0.412606,17.5341,570.257,-15.5228,11499.3,9151.34,0.171878,3.70312,1.72313,2.83653,-0.523014,0.782204,545.664,-16.4337,11474.7,0.0453951,1.05564,-0.00264519,12020.3,0.000337449,0.0493735,11.1145,13.9354,122.812,83.6875,0.983073,12.3977,11.9334,118.921,130.023,3.89137,-46.3354 
106,47.0869,10,106,19043.3,-0.0423585,35.9935,11.6843,119.645,0.0962436,-123.835,3.08195e-10,3.4582,-1.46617,2.68516,0.506098,2.106,-44.3195,113.121,-15.1212,18344.5,14078.5,3.73726,-1.1871,3.2433,0.785166,2.38506,0.638174,175.284,-12.8188,18406.6,0.00943301,1.14676,-0.00128454,18581.9,0.000771615,-0.0674758,11.001,-14.2235,94.906,108,1.74681,12.042,11.0873,119.116,129.827,-24.2097,-21.8265 
107,47.2669,10,107,13904.8,-0.0180834,25.9303,11.727,119.426,0.00186639,11.1743,109.041,-2.29793,-0.344278,1.17078,-4.16399,1.69582,25.9472,69.5292,-6.2163,13199.7,9899.64,-2.46131,-0.507661,0.844017,-4.32737,1.53244,1.17155,33.1358,-7.56421,13163.3,0.00251096,1.66525,-0.00105967,13196.5,0.000355514,-0.0145084,10.3441,4.2936,113.455,76.6841,1.24283,11.821,11.3067,119.028,130.461,-5.57218,-53.7764 
108,46.8369,2.5,108,15674.7,-0.0473013,29.3227,11.7345,119.57,0.00916656,24.1322,2.77938e-10,1.47973,0.822487,2.71111,-0.0083846,-1.79505,15.2279,175.939,-3.17506,14867.9,11208.4,1.38384,0.726601,2.51934,-0.104271,-1.89093,0.0437401,154.58,-3.96612,14846.5,0.0103046,1.04701,-0.000492344,15001.1,0.000356885,-0.0149878,-11.0436,4.07516,108,77.0606,1.35494,11.9506,11.5991,119.042,130.233,-11.0421,-53.1727 
109,46.8819,9,109,10450.3,0.00912845,19.8972,11.3564,119.621,-0.00776011,0.529493,3.17885,-2.90437,-3.12359,-1.51196,-3.46316,-1.33065,18.5295,336.011,-4.3526,9368.29,7355.9,-3.02104,-3.24026,-1.74531,-3.57983,-1.44732,0.866093,310.022,-5.31517,9342.3,0.0321189,1.03093,-0.00104914,9652.32,0.000467539,0.0273135,10.0345,16.097,124.931,87.2211,0.866358,11.5192,11.7404,119.058,129.345,5.87337,-42.1239 
110,46.9569,10,110,12948.6,-0.0143318,24.873,11.3733,119.541,-0.00387499,7.62094,124.478,-4.23993,-1.08881,-3.69997,0.938732,-1.55583,8.03506,273.659,-6.49919,12005.7,9209.93,-4.29053,-1.13941,-3.80116,0.888138,-1.60642,0.61795,262.389,-6.91659,11994.4,0.0214077,1.04836,-0.00106338,12256.8,0.000424212,0.03094,8.41871,17.3056,127.306,95.8676,1.12947,11.4153,11.5012,118.907,130.933,8.39911,-35.0658 
111,46.5069,10,111,18315.6,-0.0234581,36.4063,11.0447,119.481,0.0238269,25.3772,500,-2.45859,2.61932,-2.78397,1.3876,0.222743,-49.0498,63.9625,-5.44349,17631.6,13109.3,-2.14973,2.92817,-2.16626,1.69645,0.531597,3.57821,132.76,-2.89545,17700.4,0.00744455,1.03968,-0.000301425,17833.1,0.000246481,-0.0111473,-9.14666,11.3085,115.151,68.4352,1.62521,11.3578,12.0371,119.044,129.98,-3.8932,-61.5448 
112,48,10,112,10525.5,-0.04805,21.409,10.9336,120.015,-0.00914768,-18.3421,499.764,1.21148,-0.537327,0.645977,1.39486,-0.135209,90.6045,114.736,-12.6991,9852.85,7625.46,0.640968,-1.10784,-0.495048,0.824352,-0.705721,0.412955,-12.3452,-17.4059,9725.77,-0.00127094,0.288403,-0.00330765,9713.42,0.000440771,-0.0126011,0.0787947,-1.171,104.961,75.5404,0.962113,11.0679,11.5391,119.499,130.57,-14.5375,-55.0292 
113,47.3469,10,113,17616.9,-0.00352483,35.1546,10.9575,119.667,-0.0356952,-0.331128,500,3.83509,3.73513,3.28813,4.57116,-2.96335,-50.1063,37.6098,-13.6807,16967.5,12540.1,4.1506,4.05064,3.91914,4.88666,-2.64784,0.727064,107.889,-11.0778,17037.8,0.00629247,1.21905,-0.00119915,17145.7,0.00069396,-0.0592133,-11.2679,-13.577,95.4614,108,1.74068,11.3251,10.9226,119.192,129.91,-23.7302,-21.9098 
114,47.0319,10,114,20809.4,0.0107663,39.889,11.3011,119.486,-0.0470482,7.70451,11.3479,7.63445,1.98519,-0.267577,-2.87158,-1.5196,-39.1121,217.574,-14.5514,19912,14686.5,7.88073,2.23146,0.22498,-2.62531,-1.27332,0.965057,272.432,-12.5196,19966.8,0.0134606,1.08745,-0.00115638,20239.3,8.89273e-05,0.0346339,9.43627,12.1046,127.08,94.7567,1.94597,11.6466,11.0234,119.021,129.395,8.05898,-34.6382 
115,47.1069,10,115,12676.5,-0.0106653,24.7094,11.2663,120.009,-0.00728811,-12.0554,499.882,1.37156,1.61828,0.470545,0.342673,-0.159763,-29.3383,228.952,-7.72912,11837.2,9065.17,1.55629,1.80301,0.840016,0.527409,0.0249726,0.823218,270.102,-6.20505,11878.3,0.0222334,1.04189,-0.000963212,12148.5,0.000629942,3.53588e-05,-1.03994,21.3579,136.492,86.6524,1.11962,11.3798,11.51,119.449,130.369,17.0426,-43.7169 
116,46.8069,1.5,116,15944.5,0.0312874,31.226,10.9779,120.176,-0.0404976,1.39927,8.0368,1.69068,3.32521,-4.11923,-0.626179,2.62881,8.42377,4233.89,14.7652,11016.9,11161,1.63764,3.27217,-4.22531,-0.679221,2.57577,2.63705,4222.07,14.3276,11005.1,0.277273,0.994096,0.00239251,15227.1,0.000552745,0.498062,10.5811,9.88068,120.854,81.7131,1.0698,11.3099,11.2118,119.228,130.069,1.62592,-48.3563 
117,47.0169,10,117,20005.3,0.0220062,38.5013,11.3692,119.793,-0.0281398,-6.19659,3.21879e-11,5.97897,3.75065,1.08783,-0.153444,-1.16321,-17.9498,194.031,-8.30968,19141.8,14255.2,6.092,3.86367,1.31388,-0.0404196,-1.05018,0.870922,219.207,-7.37723,19167,0.0113074,1.06258,-0.000709514,19386.2,1.71998e-05,0.0322217,10.0626,12.9273,128.241,93.4402,1.86119,11.6629,11.0903,119.28,129.929,8.9607,-36.4892 
118,46.9869,10,118,14792.5,-0.0168094,27.821,11.6895,119.449,-0.0224646,8.20615,2.44453e-10,3.91683,-2.04194,1.49262,0.403353,-1.38141,-61.1102,151.361,7.37904,13946.3,10592.8,4.30162,-1.65715,2.26221,0.788148,-0.996612,0.518496,237.074,10.5536,14032,0.0166145,0.927727,0.00138355,14269.1,0.000104504,0.0310563,9.44366,11.1462,126.557,97.8172,1.25439,12.0604,11.671,118.879,129.537,7.67796,-31.7196 
119,46.9269,10,119,19280.8,-0.044384,35.8411,-11.8522,119.581,0.0494919,-20.9282,0.00018748,1.82536,0.972539,3.59473,-0.05476,0.727859,-91.2467,607.697,-1.49138,17926.3,13862.3,2.39992,1.5471,4.74384,0.519796,1.30242,0.548767,735.68,3.24871,18054.3,0.0391528,0.992331,0.000331361,18790,4.80735e-05,0.05699,10.1314,15.3355,124.454,87.8309,1.67938,12.1751,11.0906,118.986,130.109,5.46797,-42.2776 
120,47.3669,10,120,17329.9,-0.0593116,34.8123,11.0049,119.823,-0.01184,22.7073,174.938,-2.26844,-1.11313,1.36648,1.25146,-3.29605,52.1563,95.3172,-17.9673,16725.5,12480.2,-2.59686,-1.44154,0.709651,0.923043,-3.62446,1.11768,22.1629,-20.6767,16652.3,0.00132915,-1.58065,-0.00229254,16674.5,0.000817973,-0.0591883,11.0389,13.7688,95.0682,108,1.66441,11.1581,11.3086,119.338,131.446,-24.2698,-23.4464 
121,47.0469,10,121,18415.8,-0.0802056,36.533,11.1985,119.757,0.0119887,31.54,363.097,1.02802,-0.474027,-5.0101,-0.535456,-1.78882,50.6185,78.2251,-11.6598,17750.5,13330.3,0.709293,-0.792759,-5.64756,-0.854188,-2.10755,0.350315,7.22769,-14.2893,17679.5,0.000408651,-0.406539,-0.00149109,17686.7,0.000814559,-0.0682753,11.1164,14.4276,95.0699,108,1.75105,11.4945,11.1951,119.186,130.743,-24.1159,-22.743 
122,46.8219,2,122,10846.2,-0.0358822,22.1486,10.8419,119.379,0.00315056,-9.91014,500,0.32428,-2.18178,-3.26602,-3.92434,-3.36363,-9.05331,-11.1122,-15.7646,10344.1,7818.17,0.381286,-2.12477,-3.15201,-3.86734,-3.30662,0.738844,1.58597,-15.2943,10356.8,0.00015311,-0.0629879,-0.00272773,10358.4,0.00162787,-0.00395219,96.1036,-80.241,153,71.571,1.02085,11.1368,11.4924,118.869,130.238,34.1307,-58.6671 
124,47.1669,10,124,19689.9,-0.0551291,38.4916,11.2918,119.434,0.0873281,-247.163,500,2.64985,0.186836,5.33973,-1.14168,0.593905,-48.8685,25.823,-14.0787,19062.7,14851.7,2.95756,0.494548,5.95515,-0.833969,0.901617,0.371482,94.3659,-11.5401,19131.3,0.00490834,1.27228,-0.0011124,19225.6,0.000648335,-0.0700695,10.4225,-14.1345,94.4219,108,1.84947,11.6274,11.2824,118.98,129.974,-24.5579,-21.9737 
125,47.1469,10,125,6915.45,-0.0133837,13.4194,11.2612,120.795,0.00640841,5.43507,1.79882e-10,0.834424,2.67329,-0.67541,1.76266,0.0782137,42.7389,300.164,47.9522,5723.42,4920.51,0.565309,2.40417,-1.21364,1.49355,-0.190902,1.39681,240.219,45.732,5663.47,0.0406896,0.750098,0.0146568,5903.69,1.68109e-05,0.0294771,9.03494,91.8138,124.806,108,0.404387,11.0422,13.9698,119.121,131.4,5.68518,-23.4002 
126,46.9119,10,126,16015.7,-0.0340688,31.2206,11.2665,119.706,-0.00564136,-4.99389,450.596,0.961383,0.923319,1.08463,1.34114,-0.444687,-53.7098,505.453,1.00981,14969.9,11451.5,1.29958,1.26152,1.76102,1.67934,-0.10649,0.701267,580.786,3.79993,15045.2,0.0371679,0.98868,0.000465039,15626,2.61212e-05,0.0463097,10.4296,16.2995,124.416,86.5548,1.46781,11.5025,11.1374,119.159,130.628,5.25704,-44.0736 
127,46,10,127,18019,-0.00109042,35.6703,10.9972,119.615,-0.0283428,7.23949,500,-0.681424,3.42468,0.0508011,-1.22164,-0.205882,-24.123,117.696,-16.6333,17238.1,12776.5,-0.529528,3.57658,0.354594,-1.06975,-0.0539861,0.844334,151.531,-15.3802,17272,0.00869693,1.21599,-0.00164304,17423.5,0.00081301,-0.0658147,10.7387,12.57,94.724,108,1.7902,11.2822,10.8142,119.16,129.739,-24.4358,-21.7389 
128,47.1869,10,128,17022.6,-0.0533926,34.4646,10.9043,119.581,0.0154562,7.14825,17.5845,0.7133,4.1348,3.97688,-3.65906,-3.77835,0.75398,87.2353,-22.7794,16385.7,12237.5,0.708552,4.13005,3.96739,-3.6638,-3.7831,-1.91915,86.1778,-22.8186,16384.6,0.00523217,1.86349,-0.00257207,16470.8,0.000147172,-0.0140695,-7.30778,8.84258,112.5,76.6459,1.68507,11.1465,11.0464,119.146,130.201,-6.64552,-53.5554 
129,47.0019,10,129,20294.8,-0.0482056,38.0708,11.7229,119.395,0.0393268,0.527541,30.7895,3.71366,-1.84457,-1.1486,-4.78511,2.28656,-69.62,261.383,-17.6093,19352.4,14529.2,4.15204,-1.40619,-0.271843,-4.34673,2.72494,1.31899,359.031,-13.9927,19450,0.0181246,1.0732,-0.001327,19809.1,-4.79869e-05,0.0316556,9.01105,14.2898,126.584,93.2848,1.86266,11.9154,11.0525,118.858,130.889,7.72648,-37.6037 
130,47.2869,10,130,21077,0.00693602,41.6873,11.1532,119.36,-0.060445,52.0601,1.81805e-10,3.2674,-1.8237,2.594,-2.23367,0.555113,-20.2141,25.5247,-24.8038,20473.8,15237.9,3.39468,-1.69641,2.84856,-2.10639,0.682396,0.0878289,53.877,-23.7537,20502.1,0.00262098,4.37739,-0.00213882,20556,2.4019e-05,0.0204003,0.106831,6.49702,108.638,72.1954,2.01688,11.4196,11.2005,118.979,130.032,-10.341,-57.8368 
131,47.0669,10,131,19992.4,-0.0489725,39.2046,-11.2186,119.798,-0.00369046,69.7748,21.3737,1.53744,-0.643687,5.57465,0.353451,-2.63708,15.9107,212.049,-8.44907,19158.7,14326,1.43726,-0.743872,5.37428,0.253265,-2.73727,-0.499661,189.733,-9.2756,19136.4,0.00981742,1.09356,-0.000893683,19326.1,-3.27103e-05,0.0122324,-6.84506,63.9457,152.996,108,1.92092,11.409,10.96,119.315,130.403,33.6815,-22.4031 
132,46.9419,10,132,18463.3,-0.0194907,35.5138,-11.4046,119.767,-0.0153573,11.3685,500,-0.335202,1.93494,-2.92441,-2.48179,1.0758,-69.4717,228.687,-10.7861,17619.2,13190.4,0.102242,2.37239,-2.04952,-2.04434,1.51325,-18.3387,326.128,-7.17716,17716.6,0.0180753,1.04006,-0.000746811,18042.7,0.000310176,0.0225908,-0.027611,16.9937,127.212,87.0031,1.66357,11.6519,11.451,119.281,129.98,7.93082,-42.9771 
133,47.2069,10,133,10318.8,-0.0053668,20.0395,11.2153,119.805,-0.000510293,-0.618212,84.2209,-2.42238,-4.66867,-0.95266,-1.70308,-1.26224,8.86251,141.37,7.11355,9582.47,7316.34,-2.47818,-4.72448,-1.06427,-1.75888,-1.31805,0.906181,128.94,6.65316,9570.04,0.0132941,0.91718,0.00127901,9698.98,0.00015288,0.0302006,-3.86307,67.2864,127.435,108,0.934513,11.1575,11.1887,119.046,129.816,8.38981,-21.816 
134,47.1269,10,134,18097.8,-0.0256279,35.4226,11.2885,119.351,0.0217003,-2.8588,0.0751567,0.726761,-1.54966,0.752191,-1.29623,0.470631,-16.8505,90.9222,-16.8887,17422.7,13019,0.832864,-1.44355,0.964397,-1.19012,0.576735,4.71381,114.557,-16.0134,17446.3,0.00652341,1.32384,-0.00169367,17560.9,0.000883044,-0.060355,10.2233,-16.3628,94.2055,108,1.73774,11.5454,10.9468,118.877,129.467,-24.6711,-21.4673 
135,47.2269,10,135,19567.6,-0.00249845,38.2028,11.2349,119.716,-0.0254126,-14.8601,500,0.728106,2.24299,4.35756,2.23095,-1.5715,-30.0171,162.819,-9.00384,18754.8,13984.3,0.917116,2.432,4.73558,2.41996,-1.38249,0.480872,204.921,-7.44451,18796.9,0.0107843,1.06789,-0.000730097,19001.8,0.000302036,-0.0148218,8.21331,8.84484,109.435,74.6403,1.86429,11.5176,11.0229,119.214,129.483,-9.77831,-54.8429 
136,47.3069,10,136,18655,-0.0152506,37.3544,-10.9882,119.58,0.00445642,-27.1341,9.06882e-12,-4.10846,0.496676,-3.87284,1.54177,-0.107092,-35.3502,-18.0937,-13.8924,18115.3,13365.7,-3.88586,0.719267,-3.42766,1.76436,0.115499,0.272939,31.4884,-12.056,18164.9,0.00173047,3.03055,-0.0012241,18196.4,0.000686687,-0.0630947,-10.6304,14.2973,94.2245,108,1.85208,11.3006,10.9259,119.101,130.325,-24.8767,-22.3247 
137,47.2469,10,137,13374.4,-0.009672,25.4938,11.7092,119.947,-0.00220818,-1.04935,500,-1.56723,2.4155,4.09483,-4.38523,0.970858,10.1311,301.777,24.5927,12280.6,9717.6,-1.63102,2.3517,3.96724,-4.44902,0.907065,-2.46192,287.567,24.0664,12266.4,0.0229065,0.872253,0.00360115,12554,0.000429583,0.0404623,9.9997,-12.7451,126.369,95.8516,1.02127,11.8329,12.6423,119.191,130.239,7.17777,-34.3878 
138,47.3269,10,138,16535.2,-0.0166436,33.7908,-10.7498,119.414,-0.0198905,-13.3,500,2.73098,4.08427,4.43474,2.01823,2.72338,-8.65956,29.8337,-13.0381,15821.3,11833.4,2.78551,4.1388,4.54379,2.07275,2.77791,0.72156,41.9795,-12.5883,15833.4,0.00264431,2.10423,-0.0014667,15875.4,0.000233113,0.0638715,-0.726247,-1.19396,110.144,93.629,1.67954,11.0731,10.719,119.018,129.213,-8.87432,-35.5836 
139,47.3869,10,139,16134.2,-0.0431836,31.7846,11.0916,119.817,0.111519,-28.397,500,1.90791,3.52809,3.21308,-0.616198,-0.234109,-1.04505,225.412,-6.09968,15003.2,11579.5,1.91449,3.53467,3.22624,-0.609618,-0.227529,0.588398,226.878,-6.04539,15004.7,0.0148953,1.04891,-0.000742736,15231.6,0.000741041,0.010475,-0.0895042,14.5626,127.378,89.7126,1.53416,11.2164,10.8921,119.225,129.791,8.15358,-40.0785 
140,46.9719,10,140,16702.1,0.0139884,32.5263,-11.1051,119.683,-0.00620373,24.3118,32.913,3.14591,2.319,0.889889,-1.36717,2.4836,-84.7296,178.672,-4.95296,15740.6,11763.5,3.67943,2.85252,1.95693,-0.833652,3.01712,0.816636,297.513,-0.551423,15859.5,0.0184139,1.00325,-6.40529e-05,16157,0.000280194,0.0280388,9.40967,14.4139,125.289,92.85,1.55837,11.3081,11.1784,119.173,129.769,6.11585,-36.9193 
141,46.8669,5,141,7012.64,0.105833,12.76,11.0518,119.317,0.147707,-181.754,46.7394,3.62291,3.32805,-0.0871598,-0.446825,0.117845,-100.252,70.4824,0.774283,6099.16,5464.6,4.25417,3.9593,1.17536,0.184434,0.749105,0.886135,211.095,5.98218,6239.78,0.0327236,0.95275,0.00176294,6450.87,0.000749522,0.00540038,-0.605759,47.4586,116.455,100.05,0.599667,11.3507,11.0686,118.737,129.455,-2.2814,-29.405 
142,46.8969,10,142,14942.8,-0.00929242,28.2351,11.4755,119.752,-0.00630266,-3.22956,1.55312e-10,0.966257,-1.1799,0.850048,-3.29714,-1.52696,-4.40727,550.965,-12.494,13550.2,10548.3,0.994008,-1.15215,0.905551,-3.26939,-1.49921,1.22519,557.146,-12.265,13556.4,0.0394761,1.04007,-0.00166942,14113.5,0.000480616,0.0609307,8.83601,13.5855,123.246,85.0233,1.25508,11.6196,11.5978,119.083,129.791,4.16252,-44.7679 
143,47.0869,10,143,10325.6,-0.0275453,20.405,11.1462,119.847,0.00215646,-99.8048,499.087,2.3498,-1.85208,1.38912,-2.44434,-3.04348,-50.8182,43.1516,10.1902,9626.6,7410.87,2.66979,-1.53209,2.0291,-2.12435,-2.72349,2.20704,114.429,12.8301,9697.88,0.0116618,0.83597,0.00243114,9812.3,8.77661e-05,0.0294076,3.75606,80.5651,126.794,108,0.894542,11.2234,11.6466,119.075,130.087,7.71883,-22.0871 
144,47.2669,10,144,12926.2,-0.00475903,24.8487,11.4921,119.648,-0.00536624,11.4421,2.64924e-12,2.83149,-4.0801,3.03918,-5.18057,-0.289841,-25.2699,129.198,-1.56092,12018.6,9298.06,2.99061,-3.92098,3.35742,-5.02146,-0.130723,2.23202,164.641,-0.248202,12054,0.0134746,1.00265,-3.79319e-05,12218.7,0.000338142,0.0313057,-8.062,-13.088,127.189,97.4258,1.15558,11.5905,11.2301,118.979,129.614,8.20925,-32.1885 
145,46.8369,2.5,145,18534.1,-0.0108403,35.4866,11.3771,119.535,0.0036242,6.51352,9.79321e-09,-1.45338,-1.34949,-0.277877,-0.774702,-2.41331,7.32076,195.653,-7.7751,17535.3,13143.6,-1.49948,-1.39559,-0.37007,-0.820799,-2.4594,0.94346,185.385,-8.1554,17525,0.0104676,1.08341,-0.000857972,17710.4,0.000183271,0.0308554,8.7328,13.0158,127.481,94.85,1.70929,11.594,11.1561,119.052,129.968,8.42909,-35.1181 
146,46.8819,9,146,19051.3,-0.0245099,36.2628,11.4884,119.655,0.041869,-56.5665,56.8891,2.04124,2.84396,-4.17066,0.634242,0.296583,-18.7642,1118.05,-0.284862,17222.4,13638.9,2.15939,2.96211,-3.93435,0.752396,0.414736,2.67115,1144.37,0.689903,17248.7,0.0622176,0.998946,7.36741e-05,18393.1,0.00039065,0.122019,9.81162,11.4708,122.06,82.8164,1.59463,11.7499,11.4384,119.072,129.561,2.98791,-46.7449 
147,46.9569,10,147,10456.3,-0.0216091,20.0557,11.447,120.075,0.000692296,-1.58335,441.233,5.06604,-1.71284,0.63033,-1.81708,0.801802,-33.3391,256.362,11.3402,9384.93,7473.54,5.27596,-1.50291,1.05019,-1.60715,1.01173,0.751601,303.123,13.0721,9431.7,0.0311381,0.929828,0.00254661,9734.82,-0.000168829,0.0244513,8.62633,105.808,124.997,108,0.768485,11.5926,12.5103,118.997,130.72,5.99979,-22.7205 
148,46.5069,10,148,14872.2,0.00126026,28.2085,11.4441,119.278,-0.00433233,-10.0549,7.23875e-09,-1.87909,0.368768,-1.8223,3.92955,-3.69852,32.6663,62.001,-24.0178,13945.6,10510.3,-2.08478,0.163077,-2.23368,3.72386,-3.90421,0.484821,16.1833,-25.7147,13899.8,0.00116293,-0.561582,-0.00341956,13916,0.000947249,-0.0513741,11.1836,13.8565,95.1643,108,1.3416,11.783,11.2012,118.753,129.419,-23.5886,-21.4192 
149,48,10,149,20064.7,-0.0506215,39.7862,11.0987,119.488,0.188489,-175.422,479.779,3.6379,2.28932,-0.579595,-3.05836,0.575329,-65.3098,-15.5963,-6.81406,19448,15451.2,4.04914,2.70056,0.242882,-2.64712,0.986567,0.954448,76.007,-3.42135,19539.6,0.00387483,1.08551,-0.000322654,19615.6,0.000772781,-0.0665413,-10.7083,13.6491,94.0965,108,1.93851,11.3754,11.1055,119.027,129.409,-24.9302,-21.4085 
150,47.3469,10,150,20597.9,0.0108828,39.7591,11.3076,119.565,-0.0252689,4.75881,500,-1.17677,2.05499,-3.02473,2.22554,-3.38075,14.0402,99.9045,-12.5235,19677.4,14639.2,-1.26518,1.96658,-3.20154,2.13713,-3.46916,0.164561,80.2117,-13.2529,19657.7,0.00406384,1.40675,-0.00124346,19737.9,0.000353631,-0.0186278,5.83213,9.5196,112.479,73.5335,2.00259,11.5888,10.7101,119.087,130.516,-6.60713,-56.9823 
151,47.0319,10,151,18862.9,0.00356031,34.9524,11.6442,119.506,0.0190635,-43.5618,1.24919e-10,0.74354,-3.30879,1.64074,1.56738,-0.159577,-6.26823,151.227,-7.48643,17915.6,13276,0.783009,-3.26932,1.71968,1.60685,-0.120108,-1.38808,160.019,-7.16081,17924.4,0.00884845,1.08497,-0.000736465,18084.4,0.00102373,-0.0622128,-10.0715,13.9661,94.7102,108,1.72389,11.9194,10.9843,118.951,130.227,-24.2403,-22.227 
152,47.1069,10,152,19948.2,-0.00888497,39.3028,11.0504,119.616,-0.0022625,-9.83413,97.2669,1.45212,1.32207,1.26407,-3.74477,-3.00008,-6.32996,147.297,-7.1242,19122.4,14139,1.49198,1.36193,1.34378,-3.70491,-2.96022,1.5446,156.176,-6.79538,19131.3,0.00809728,1.08242,-0.00065474,19287.4,1.36308,-1.36499,2199.7,-2203.38,92.8693,84.2518,1.93096,11.2324,11.06,119.134,131.286,-26.2645,-47.0341 
153,46.8069,1.5,153,27742.8,-0.0264947,55.4915,10.9138,120.681,0.0506675,-66.1246,282.018,-3.19135,-1.7135,-3.24709,2.68423,-1.89797,215.91,19805.4,31.2443,7495.21,19824,-4.55087,-3.07302,-5.96614,1.32471,-3.25749,0.615654,19502.5,20.0283,7192.37,0.730571,0.998206,0.00510344,26694.9,0.000214378,2.18325,11.1328,10.0448,120.71,81.813,0.733035,11.0799,11.4341,119.478,130.156,1.23207,-48.3427 
154,47.0169,10,154,17642.3,0.0204966,34.3012,-11.1044,119.801,-0.0155683,-9.88819,93.7322,-1.43114,4.12877,5.39167,-1.81762,2.13767,-72.5145,196.254,-20.6664,16718.3,12404.3,-0.974533,4.58537,6.30488,-1.36102,2.59428,0.434488,297.962,-16.8994,16820,0.0174064,1.11019,-0.00185423,17118,0.000131218,0.0265812,9.40819,14.2872,125.685,92.7813,1.66786,11.5154,10.9762,119.315,129.728,6.36945,-36.9466 
155,46.9869,10,155,18248.7,-0.0179054,36.425,-10.9381,119.532,0.0410217,-12.3119,62.9527,0.746965,0.534295,-4.22874,-2.40515,2.42629,-55.5283,270.078,-12.9645,17296.9,12986.3,1.09661,0.883942,-3.52945,-2.0555,2.77594,-3.26027,347.962,-10.0799,17374.8,0.0196336,1.0534,-0.00106983,17722.8,0.000442346,0.0853044,-0.220585,30.2642,128.217,101.68,1.75803,11.2449,10.9762,119.087,130.359,9.13072,-28.6786 
156,46.9269,10,156,19119.3,-0.025331,35.646,-11.8575,119.583,-0.0279112,83.4198,500,-1.89985,1.84033,3.29988,2.52024,3.85111,-10.419,633.959,-13.7412,17904.1,13835.2,-1.83424,1.90593,3.43109,2.58585,3.91671,0.657074,648.573,-13.1999,17918.7,0.0349309,1.03693,-0.00135884,18567.3,-5.99343e-05,0.0581409,10.0706,15.1243,123.618,86.4094,1.67992,12.1429,11.0929,119.005,130.137,4.61319,-43.7273 
157,47.3669,10,157,20267.4,0.0180946,38.8354,11.3694,119.433,-0.0019053,-8.90007,1.86642e-10,-3.14299,-1.25769,3.98562,0.637227,-0.10518,-57.9365,62.099,-18.6542,19441.6,14373.9,-2.77818,-0.892883,4.71524,1.00204,0.259631,-1.0449,143.361,-15.6445,19522.8,0.00728971,1.23605,-0.00147835,19666.2,0.000135904,-0.0231134,7.03314,8.68367,110.796,76.5563,1.93022,11.7456,10.9345,118.988,129.206,-8.19158,-52.6494 
158,47.0469,10,158,19850,-0.0101761,39.2803,11.0061,119.653,0.0139404,-83.8605,26.2943,0.399805,3.22619,-5.4554,-0.405538,-2.28895,-107.46,147.457,-21.5448,19067.4,14111.6,1.07645,3.90283,-4.10211,0.271108,-1.61231,-7.84037,298.18,-15.9624,19218.1,0.0152786,1.10337,-0.00153239,19516.3,-5.76111e-06,0.0309467,-9.33919,12.222,127.767,95.2215,1.91679,11.332,11.0405,119.233,130.121,8.53378,-34.8993 
159,46.8219,2,159,19158.2,0.00463782,37.9531,10.9992,119.465,-0.0218439,1.8601,500,0.81007,-1.60005,-0.857835,0.0801305,3.18475,-85.0283,97.2721,-23.2281,18420.8,13590.8,1.34547,-1.06465,0.212966,0.615531,3.72015,0.955903,216.533,-18.811,18540,0.0115444,1.17929,-0.00187253,18756.6,9.61229e-06,0.0263203,8.49465,12.3762,127.686,94.366,1.88171,11.2519,10.9519,119.046,130.288,8.63977,-35.9222 
160,46.8519,3.5,160,20301.5,0.116575,39.6052,11.1337,119.62,-0.137882,-42.9932,2.10151,1.2164,-3.23362,1.33504,2.1739,-1.09776,-17.8843,239.74,-24.4036,19382.7,14547.4,1.32902,-3.12101,1.56026,2.28651,-0.985145,-0.458687,264.824,-23.4745,19407.8,0.0134616,1.1836,-0.00223308,19672.6,-0.000163185,0.0313236,10.0633,-15.5963,126.837,91.5064,1.96136,11.5278,10.8863,119.119,130.03,7.71718,-38.5234 
161,47.1669,10,161,19472,0.00289761,37.7341,11.2003,119.47,-0.00867503,-9.73098,193.161,0.666191,1.33945,4.13314,2.86347,1.93011,-59.3411,123.324,-2.55324,18616.7,13760.9,1.03985,1.7131,4.88045,3.23713,2.30376,0.629547,206.555,0.52942,18699.9,0.0109251,0.995535,5.21498e-05,18906.4,0.000614851,-0.0265796,3.95363,-40.4915,138.382,108,1.88098,11.4693,10.8628,119.027,129.322,19.3546,-21.322 
162,47.1469,10,162,19353.6,-0.015675,39.7043,10.657,119.57,-0.00388814,-14.3849,491.146,-2.3413,3.30374,4.41093,-4.33335,2.25637,-13.1283,101.596,-14.2697,18765.8,13776.1,-2.25863,3.38641,4.57626,-4.25068,2.33903,-0.206698,120.01,-13.5877,18784.2,0.00634834,1.2471,-0.00133428,18904.2,1.11778e-05,0.0116438,54.4178,-0.0744156,100.61,76.952,1.95445,10.9414,11.073,119.139,131.448,-18.5283,-54.496 
163,46.9119,10,163,18598.1,-0.0523106,35.6919,11.4847,119.925,0.0252609,-17.8567,499.844,-0.698585,1.52866,0.194435,0.172605,1.32458,86.6938,873.326,-13.3167,17028.4,13358.6,-1.24447,0.982773,-0.897341,-0.373283,0.778687,-0.190681,751.729,-17.8202,16906.8,0.0425703,1.04328,-0.0019454,17658.6,0.000167964,0.0855604,10.1755,12.4499,123.187,84.0745,1.6279,11.731,11.2452,119.351,130.788,3.83608,-46.7132 
164,46,10,164,20773.3,-0.0445298,40.5731,11.3624,119.667,0.000564476,26.8143,500,6.70684,0.344887,4.32235,2.54207,-0.510417,-46.0198,31.5064,-10.9787,20256.1,15007.8,6.99662,0.634661,4.9019,2.83184,-0.220643,0.676322,96.0535,-8.58804,20320.7,0.00470465,1.18549,-0.000779128,20416.7,-4.54209e-05,-0.0174745,9.4702,8.87694,112.332,76.9159,2.00015,11.6765,10.9903,119.279,130.479,-6.94703,-53.5631 
165,47.1869,10,165,17095.8,-0.161661,34.4263,11.3192,119.801,0.388692,-52.769,496.457,-3.07641,2.64008,1.07152,0.136383,-3.13646,50.7299,175.696,3.25263,16537.4,13353,-3.39584,2.32065,0.432659,-0.18305,-3.45589,1.10105,104.543,0.617306,16466.3,0.00630884,0.989772,6.90541e-05,16570.8,-0.000315998,0.0343432,9.09961,-14.2211,127.217,94.7661,1.70274,11.4263,10.7654,119.294,129.896,7.92331,-35.1295 
166,47.0019,10,166,18960.8,-0.0467457,38.8564,10.8502,119.537,-0.00399866,-13.7763,500,2.15852,2.02184,1.14173,0.0189312,0.527026,72.5618,219.557,-19.7807,18332.2,13726.2,1.70162,1.56494,0.227924,-0.437971,0.0701243,0.927103,117.782,-23.5501,18230.4,0.00641925,1.53824,-0.00238532,18348.2,5.86935e-06,0.0330766,0.0994656,17.0568,125.998,95.6391,1.86853,11.1133,11.1707,119.085,130.149,6.9135,-34.5099 
168,47.0669,10,168,17888.2,-0.0354858,35.3064,11.2405,119.528,0.0107926,5.09125,500,2.33033,6.22286,-0.227109,-4.52682,-0.69147,-10.2979,56.4088,-9.58674,17336.7,12920.9,2.39518,6.28771,-0.0974232,-4.46197,-0.626627,1.02786,70.8526,-9.05178,17351.1,0.00406686,1.28795,-0.00096192,17422,4.58025e-05,0.0351876,0.287096,14.5384,126.224,96.7694,1.73741,11.4229,11.0049,119.086,129.48,7.13809,-32.7108 
169,46.9419,10,169,16050.2,-0.0672761,31.9402,11.1541,119.458,0.0109084,12.2922,61.8653,1.66915,0.771211,3.44765,-1.0084,-7.68476,63.2862,350.975,-18.054,15164.5,11601.9,1.27066,0.372715,2.65066,-1.4069,-8.08325,1.51012,262.21,-21.3416,15075.7,0.0170955,1.16609,-0.00261455,15337.9,-5.33606e-05,0.0461309,9.16192,13.5188,123.322,84.4079,1.47739,11.5088,11.2758,118.949,129.376,4.37345,-44.9683 
170,47.2069,10,170,18646.5,0.0219736,37.4332,10.9847,119.449,-0.0226426,-63.2165,3.021e-11,-2.61625,2.39111,-1.95146,-0.418112,-3.31856,13.163,15.0123,-21.3604,17985.3,13432.3,-2.69914,2.30822,-2.11723,-0.500996,-3.40144,0.669729,-3.45014,-22.0441,17966.8,-0.000192065,0.0820926,-0.00226526,17963.4,4.64363e-05,-0.0858961,0.1831,48.1844,105.231,102.852,1.83531,11.2623,11.0582,118.978,129.61,-13.747,-26.7581 
171,47.1269,10,171,18516.3,-0.0536225,36.7567,11.1077,119.546,0.0163589,13.4333,498.678,4.92961,-1.92433,-2.19051,-3.11096,-5.46196,14.1475,-16.6098,-14.189,17938.9,13298.1,4.84052,-2.01341,-2.36867,-3.20004,-5.55105,0.714365,-36.453,-14.924,17919,-0.00203846,0.582596,-0.00153657,17882.6,0.000704778,-0.0674861,10.5568,14.032,95.1102,108,1.79398,11.4064,11.0997,119.107,129.885,-23.9967,-21.8853 
172,47.2269,10,172,16428.6,-0.0524311,33.6131,10.7934,119.614,-0.0248395,-63.5059,232.886,-3.41385,-0.210686,0.659407,1.7453,-2.21984,9.05572,56.3484,-16.587,15731.4,11861.7,-3.47087,-0.267708,0.545364,1.68828,-2.27686,1.14421,43.6469,-17.0574,15718.7,0.00276907,3.16363,-0.002003,15762.3,0.279668,-0.281052,-1380.5,1146.13,92.6682,71.2132,1.68682,10.9941,10.6622,119.149,129.804,-26.4811,-58.591 
173,47.3069,10,173,19582.1,0.00913257,36.9663,-11.4766,119.622,-0.0143368,-29.6934,1.21444e-08,1.94915,1.51429,2.78201,-0.504899,-1.45839,-54.9654,65.662,-9.17565,18745.3,13824.5,2.29526,1.8604,3.47422,-0.158797,-1.11229,0.453635,142.756,-6.3203,18822.4,0.00752728,1.08399,-0.000618935,18965.2,0.000344612,-0.0151814,8.598,8.17864,112.565,76.4333,1.84222,11.7106,10.9515,119.168,130.478,-6.60243,-54.0444 
174,47.2469,10,174,19436.6,-0.0114509,38.4501,10.9956,119.616,-0.00694052,-14.7446,500,0.543214,-0.54184,3.85188,-3.61431,-0.162547,-27.7165,71.7173,-6.72616,18537.1,13766.3,0.717738,-0.367317,4.20093,-3.43978,0.0119768,-2.739,110.592,-5.28634,18576,0.00591829,1.09129,-0.000524501,18686.5,0.000233442,0.00766517,23.494,11.9675,152.128,72.1363,1.87376,11.2766,11.018,119.16,129.64,32.9681,-57.5036 
175,47.3269,10,175,17928.4,-0.0490067,35.6116,11.0916,119.48,0.0141358,9.7615,473.024,3.17416,0.625668,4.89878,1.3859,-5.21039,-68.3266,6.47402,-17.3487,17239.6,12862.7,3.60439,1.0559,5.75925,1.81614,-4.78015,0.227519,102.309,-13.7993,17335.5,0.00586707,1.30897,-0.0014685,17437.8,0.000307847,-0.0159328,-8.19715,11.7593,112.947,71.2804,1.75767,11.281,10.9428,119.084,129.749,-6.13626,-58.4687 
176,47.3869,10,176,17524.1,-0.00366029,34.8247,-10.9424,119.472,-0.00201553,-16.3441,446.052,1.61442,2.00285,-0.354351,2.15579,-3.26612,-56.4769,-23.5206,-9.34704,16759.3,12406,1.97004,2.35847,0.356888,2.51141,-2.9105,0.916738,55.6937,-6.41317,16838.5,0.00329662,1.25237,-0.000702084,16894.2,0.000854778,-0.069032,10.2606,11.6863,94.5093,108,1.75323,11.1819,10.7715,119.011,129.745,-24.5014,-21.7454 
177,46.9719,10,177,18924.4,-0.039038,37.7934,11.0349,119.413,-0.0202204,-8.8151,500,-2.31257,0.398968,5.01786,-3.02908,-4.58514,0.593922,283.743,-15.2104,17883.6,13582.1,-2.31631,0.395228,5.01038,-3.03282,-4.58888,2.10546,282.91,-15.2412,17882.7,0.0155739,1.10409,-0.00157247,18165.6,0.000473045,-0.00556819,-0.0640154,18.9781,124.333,84.6958,1.80451,11.2773,11.0737,118.973,130.047,5.36027,-45.3508 
178,46.8669,5,178,19772.5,-0.0941309,39.3667,-11.1815,119.504,0.033521,-14.4671,17.0406,0.362536,-1.36044,-2.25109,-2.29142,2.22307,-63.1751,285.162,2.61667,18802.7,14345,0.760333,-0.962644,-1.45549,-1.89363,2.62087,-0.564104,373.771,5.89849,18891.3,0.0194015,0.973125,0.000574836,19265,-4.58219e-05,0.0429249,-9.19935,16.9472,124.799,91.6786,1.90242,11.4342,10.8606,118.969,129.655,5.83056,-37.9762 
179,46.8969,10,179,16319.4,-0.0110371,32.0656,11.0939,119.59,0.00485831,4.6832,321.587,1.81125,-1.6053,2.99636,-4.46867,-2.50108,-12.1114,707.667,-1.68165,14665.3,11581.1,1.88751,-1.52903,3.14888,-4.3924,-2.42481,1.95136,724.654,-1.05248,14682.2,0.0470344,1.00255,-0.000132067,15406.9,0.000505203,0.0835974,9.88253,11.6006,122.46,84.0413,1.4777,11.3062,10.9772,119.06,129.768,3.40016,-45.7268 
180,47.0869,10,180,20291.4,0.114186,39.0104,-11.3596,119.551,-0.251544,109.977,0.013672,-0.936326,3.04937,2.66356,0.670757,1.11042,-73.1766,144.822,-9.4678,19386,15326.3,-0.475552,3.51015,3.58511,1.13153,1.57119,0.615432,247.459,-5.66642,19488.6,0.0125384,1.04175,-0.000535889,19736.1,-0.000227751,0.0472853,3.42145,-65.2737,127.934,108,1.87232,11.5794,11.1378,118.944,129.419,8.99041,-21.419 
181,47.2669,10,181,16327.5,-0.0296059,31.7813,11.2906,119.241,-0.0170066,7.19175,500,-1.46809,1.19834,-3.92533,-0.158281,-5.10477,-78.1192,21.3207,-8.86634,15707.2,11685,-0.976196,1.69024,-2.94154,0.333615,-4.61287,0.547925,130.89,-4.8082,15816.8,0.00820748,1.0687,-0.000560301,15947.7,0.000720131,-0.0513575,10.3506,16.6406,94.8181,108,1.58837,11.6283,10.7711,118.741,129.023,-23.923,-21.0231 
182,46.8369,2.5,182,17195.5,0.0056527,34.1419,11.0083,119.616,-0.00735406,4.95711,0.00369979,1.80251,3.95986,-0.882102,-2.06623,-0.609773,-8.80992,189.591,-6.96856,16313.9,12236.2,1.85799,4.01534,-0.771155,-2.01075,-0.554299,1.30395,201.947,-6.5109,16326.2,0.0122184,1.05979,-0.000735172,16528.2,0.000347892,-0.0169316,7.15546,-0.271521,106.326,63.1786,1.73782,11.2288,10.5531,119.114,129.642,-12.7884,-66.4632 
183,46.8819,9,183,16140.7,-0.0433144,31.7819,11.186,119.433,-0.0333436,1.76124,177.015,-1.83962,3.99494,2.89292,2.26736,-0.755116,-80.3817,763.812,-8.77539,14715.3,11575,-1.33347,4.50108,3.9052,2.7735,-0.248974,0.593095,876.555,-4.59971,14828,0.0558153,1.00927,-0.000571756,15704.6,8.44639e-05,0.0862533,9.8151,12.2659,122.368,83.3336,1.44505,11.5301,11.1783,118.796,129.512,3.5719,-46.1779 
184,46.9569,10,184,17504.4,-0.00846329,33.5715,11.3543,119.524,-0.0021469,-34.5732,105.491,1.83956,0.161531,-1.93242,-4.26611,-3.02458,0.571111,366.176,-11.0164,16438,12411.1,1.83597,0.157935,-1.93961,-4.26971,-3.02817,0.732231,365.375,-11.046,16437.2,0.0217452,1.05586,-0.00123946,16802.5,0.000144582,0.0369025,9.12892,17.244,124.365,87.219,1.57642,11.6675,11.2381,119.032,129.211,5.33292,-41.9921 
185,46.9569,10,185,18873.2,-0.0250838,37.6308,10.9697,119.256,0.00867591,-10.8646,498.841,0.959445,2.51698,4.69766,1.43189,-0.340566,-36.9956,371.95,-9.26989,17795.5,13441,1.1924,2.74993,5.16356,1.66484,-0.107615,0.515755,423.84,-7.34804,17847.4,0.0231971,1.03129,-0.000758997,18271.2,0.000584219,0.0348112,0.0705603,15.2413,124.669,86.9375,1.76367,11.2463,11.2519,118.84,129.507,5.82929,-42.5698 
186,46.9569,10,186,18273.9,-0.0323866,34.4047,11.6299,119.334,-0.0120426,25.3029,500,-1.10574,-0.164987,-0.649057,-3.40309,-4.19629,-78.8582,384.976,-12.218,17081.7,13035.2,-0.609193,0.331562,0.344041,-2.90654,-3.69974,1.05261,495.582,-8.12149,17192.4,0.0280181,1.02953,-0.00087095,17687.9,-3.01342e-05,0.0446422,8.69342,16.5986,124.959,86.2308,1.64207,11.939,11.116,118.756,129.191,6.20316,-42.9604 
187,46.9569,10,187,18353.1,-0.0279413,35.9301,11.1836,119.567,-0.00593001,16.9163,123.808,-2.13677,3.76768,2.87741,0.752393,1.0056,-18.1886,320.638,-11.4798,17301.5,13084,-2.02224,3.88221,3.10647,0.866922,1.12013,0.55325,346.149,-10.535,17327,0.0195861,1.05626,-0.00112127,17673.2,1.94875e-05,0.0407138,-8.69641,16.5807,125.649,89.2473,1.72513,11.4912,11.0361,118.969,130.416,6.67964,-41.1686 
188,46.9569,10,188,19952.7,-0.00260098,37.8871,11.4471,119.522,0.0333408,-51.1752,261.32,-0.957375,0.89956,6.30461,-6.2979,-3.13111,-26.3561,447.022,-13.6058,18661.5,14173.8,-0.791418,1.06552,6.63653,-6.13194,-2.96515,4.03528,483.989,-12.2367,18698.5,0.0252308,1.04629,-0.00120697,19182.5,0.000171318,0.0474354,10.1794,15.423,124.528,88.4256,1.79011,11.7093,11.1968,118.925,129.994,5.60291,-41.5682 
189,46.9569,10,189,18493.5,-0.0118023,36.4725,11.0802,119.526,0.00249916,-0.451174,500,1.48736,1.35412,-1.77373,0.607255,1.036,4.6477,307.018,-9.83843,17477.5,13155.6,1.4581,1.32486,-1.83226,0.57799,1.00673,1.72267,300.5,-10.0799,17471,0.0169091,1.06236,-0.00106393,17771.5,0.000577227,-7.92491,-0.0106497,-0.10758,126.471,82.6835,1.7053,11.4478,11.1989,119.04,129.044,7.4306,-46.3608 
190,46.9569,10,190,18982,-0.0607027,37.9649,11.0418,119.699,-0.0244044,34.7233,199.984,0.917234,-2.87015,-0.691441,-2.6428,0.146827,-78.5223,384.806,-10.165,18000.7,13674,1.41167,-2.37572,0.297426,-2.14837,0.641261,1.13683,494.941,-6.08595,18110.8,0.0266015,1.02199,-0.000619404,18605.8,-3.39979e-05,0.0440682,-8.70646,16.8011,125.368,88.9578,1.79133,11.4354,11.0643,119.103,128.899,6.26547,-39.9414 
191,46.9569,10,191,16230.5,0.00363918,30.5228,11.6078,119.375,-0.0239012,-3.0789,2.33594e-10,1.2421,1.59438,-6.66048,-3.72472,-3.2083,17.876,317.878,-13.776,15164.4,11536.1,1.12954,1.48182,-6.8856,-3.83728,-3.32086,0.397711,292.806,-14.7047,15139.3,0.0189738,1.09635,-0.00179243,15432.1,-7.7994e-05,0.040196,9.01516,15.6478,124.286,87.4596,1.47954,11.9848,10.9586,118.82,129.855,5.46663,-42.3952 
192,46.9569,10,192,19252.7,-0.0133356,38.3682,10.9716,119.47,0.0217564,-35.5325,6.76139e-10,1.31708,2.35227,1.37478,-3.98299,2.86812,-45.8099,473.504,2.34555,18001.4,13728.9,1.60554,2.64072,1.95169,-3.69454,3.15657,0.655178,537.757,4.72529,18065.7,0.0289063,0.984856,0.000481592,18603.4,0.000228449,0.0509594,9.29561,15.2731,125.028,92.2138,1.8622,11.195,10.8185,118.963,129.478,6.06441,-37.2639 
193,46.9569,10,193,18215.9,-0.0505934,34.4641,-11.6456,119.555,0.0735183,132.703,318.171,-0.55182,-2.36281,-0.957523,-2.52913,-0.757925,-114.747,367.547,-4.24154,17136.1,13383,0.170712,-1.64028,0.487541,-1.80659,-0.0353931,1.17264,528.491,1.71935,17297,0.029648,0.994339,0.000183074,17825.5,-2.68238e-06,0.0397539,10.0644,15.7043,125.307,86.5917,1.61691,11.8648,11.3108,119.011,129.807,6.29629,-43.2155 
194,46.9569,10,194,18544.3,-0.0152196,36.4223,11.1068,119.391,-0.000200253,30.8418,415.137,1.53985,1.38884,-2.51418,-1.21768,-1.97442,5.20719,421.086,-8.0491,17463.4,13169.2,1.50707,1.35605,-2.57975,-1.25047,-2.00721,0.132655,413.782,-8.3196,17456.1,0.0231552,1.03647,-0.00087872,17869.9,9.50057e-05,0.041023,9.8349,16.7044,125.497,87.8019,1.73113,11.426,11.0821,118.906,129.451,6.59106,-41.649 
