cyc,freq,VVA,cyc,ROIsum,fBg,fA1,fWidth1,fCtr1,fA2,fWidth2,fCtr2,box1,box2,box3,box4,box5,box6,box7,box8,box9,Nfit,BZ-2,BZ-1,BZ0,BZ1,BZ2,Excited,c5,c7,c9,fraction95,fraction75,fraction97,sum95,two2D_bg,two2D_a1,two2D_sh1,two2D_sv1,two2D_ch1,two2D_cv1,two2D_a2,two2D_sh2,two2D_sv2,two2D_ch2,two2D_cv2,two2D_chd,two2D_cvd
0,47.047,10,0,17570.5,-0.0891905,36.8096,10.6485,119.1,0.0381045,26.8236,364.871,1.06322,7.53082,2.46164,1.24582,0.958045,51.1998,132.761,-16.4181,16958.6,12793.1,0.740823,7.20843,1.81686,0.923424,0.635653,0.839574,60.9486,-19.0778,16886.8,0.00359627,2.21129,-0.00208546,16947.7,0.000690936,-0.0571163,11.5449,14.1151,95.0958,108,1.71638,10.9007,11.4936,118.616,132.235,-23.5202,-24.2352 
1,46.852,10,1,18662.5,-0.0946415,39.5188,10.5294,119.286,-0.0783669,213.104,8.38084,6.05318,5.81639,3.52946,-2.51704,-0.706383,52.9109,327.09,-17.167,17845,14089.4,5.72001,5.48323,2.86313,-2.85021,-1.03955,0.718656,252.877,-19.9157,17770.8,0.0140303,1.15986,-0.00206872,18023.6,-0.000311629,0.0491712,-3.22213,71.387,126.979,108,1.79606,10.6337,11.6281,118.662,132.116,8.31694,-24.1165 
2,46.837,10,2,18486.6,-0.0455148,39.2204,10.3701,119.262,0.0301738,-101.497,98.0846,2.54131,4.64648,4.9678,4.20112,1.7702,46.0088,428.931,-18.778,17401.2,13339.7,2.25161,4.35677,4.38839,3.91141,1.48049,0.73223,364.399,-21.1681,17336.7,0.0205862,1.11316,-0.00225428,17701.1,8.2505e-06,0.046799,8.37607,17.5712,124.654,91.385,1.77966,10.6899,11.5405,118.738,132.272,5.91571,-40.8872 
3,46.702,2.5,3,19840.3,-0.0588837,40.7887,10.7294,119.242,0.0299176,8.56411,57.0682,-2.30869,0.00610436,2.21174,1.49699,0.748039,-19.3139,483.451,-11.1538,18781.9,14254.9,-2.18708,0.127719,2.45497,1.61861,0.869654,0.148724,510.541,-10.1505,18809,0.0264261,1.03605,-0.000995098,19319.6,-8.7689e-05,0.0463515,9.45919,15.5116,124.406,90.3037,1.90419,11.0043,11.337,118.818,131.337,5.58774,-41.0335 
4,46.822,10,4,16414.2,-0.0567383,35.1921,-10.3228,119.156,0.127258,-60.0573,500,-1.80756,1.75649,-2.3507,-3.18625,1.63536,-6.46585,330.554,-7.04858,15551.1,12074.8,-1.76685,1.79721,-2.26927,-3.14554,1.67607,0.38807,339.623,-6.71269,15560.1,0.0213602,1.03583,-0.000795323,15899.7,-0.000126268,0.0390899,8.3612,16.9847,124.498,88.8518,1.66194,10.543,11.2636,118.688,131.743,5.81053,-42.8908 
5,46.942,10,5,17530.8,0.00278139,36.6882,10.4721,118.969,-0.0200184,-19.9021,500,-0.695011,1.24953,4.77733,-2.31144,-0.695937,-14.6619,134.751,-26.3322,16872.9,12520.1,-0.602689,1.34185,4.96197,-2.21912,-0.603615,-0.723865,155.316,-25.5705,16893.5,0.00911006,1.40472,-0.00279606,17048.8,0.000145118,-0.000189909,-111.745,-0.112478,148.587,75.3551,1.75075,10.7299,11.3294,118.546,132.076,30.0411,-56.7209 
6,46.927,10,6,18773.6,-0.0201223,37.2764,11.0008,119.186,-0.0104229,-10.3026,50.8079,1.20327,2.44814,2.02999,2.92068,1.27136,-51.4195,103.731,-15.8581,17971.3,13352.7,1.52705,2.77192,2.67754,3.24446,1.59514,0.773399,175.852,-13.187,18043.4,0.00965194,1.15105,-0.00134811,18219.3,7.03676e-05,0.0320771,8.28155,12.688,126.898,96.0398,1.74473,11.2654,11.4839,118.653,131.974,8.24456,-35.9338 
7,46.957,10,7,19504,-0.0407416,40.6866,10.5262,119.284,0.0460961,19.36,434.312,-0.22784,-2.46489,2.80104,2.45133,-0.0612452,-29.8081,200.956,-15.794,18522.6,13970.9,-0.0401458,-2.2772,3.17642,2.63902,0.126449,0.123636,242.765,-14.2455,18564.4,0.0129081,1.11444,-0.00141555,18807.2,-0.000135343,0.0454937,-2.89405,79.521,127.378,108,1.90984,10.6375,11.3701,118.714,132.111,8.66323,-24.1107 
8,46.987,10,8,19944.2,0.00298372,41.6351,-10.5547,119.273,-0.00291338,-37.1095,8.32655e-11,2.85884,5.87591,5.9344,3.03226,0.451735,-41.8371,170.185,-4.33238,19176.6,14308.9,3.12228,6.13935,6.46127,3.2957,0.715172,0.672578,228.865,-2.15903,19235.3,0.0117583,1.01679,-0.000206806,19464.1,0.000908115,-0.0616506,11.2334,16.1519,94.5715,108,1.96407,10.8607,11.3915,118.767,132.951,-24.1958,-24.9512 
9,47.077,10,9,20316,-0.0384259,41.6759,10.6933,119.175,0.0365492,-1.29682,405.813,1.67167,1.92168,-2.09825,-0.618374,-1.01466,15.8654,143.03,-18.6563,19474.6,14509,1.57177,1.82178,-2.29805,-0.718275,-1.11456,-2.1167,120.777,-19.4805,19452.4,0.00617057,1.39327,-0.00184818,19573.1,0.000906225,-0.0624594,-11.0065,13.4948,94.6185,108,2.00272,10.9209,11.2324,118.677,132.006,-24.0586,-24.0062 
10,46.762,7,10,19725.3,-0.0525738,42.0034,10.3426,119.274,0.0157775,-37.315,321.434,-1.46194,-0.0838997,2.51979,-2.25501,3.13116,-6.75419,531.372,-12.3991,18462.7,14161.2,-1.41941,-0.0413703,2.60485,-2.21248,3.17369,-0.237301,540.845,-12.0483,18472.2,0.028446,1.04057,-0.00120293,19013.1,0.00019321,0.0570125,9.51757,15.229,123.777,87.8198,1.8821,10.5439,11.6297,118.745,132.064,5.03216,-44.2443 
11,46.747,5,11,20910.8,0.15945,43.7198,10.4405,119.194,-0.16613,75.8774,0.000588086,-0.280827,2.59966,3.68463,2.38881,-0.48355,45.9094,431.349,-9.17301,19699.5,15269.5,-0.569906,2.31058,3.10648,2.09973,-0.772629,0.496866,366.957,-11.5579,19635.1,0.018346,1.05833,-0.00108551,20002,0.000111368,0.0466485,9.12921,16.7688,124.414,90.6874,2.02057,10.6962,11.4552,118.709,132.609,5.70503,-41.9215 
12,46.487,10,12,21049.9,-0.010128,44.3426,-10.3373,119.157,-0.079938,41.4727,481.818,0.418992,1.2768,0.521358,-1.7524,-0.779423,-37.5186,49.9569,-24.4203,20147.1,15029.8,0.655237,1.51305,0.993847,-1.51615,-0.543179,0.0987984,102.58,-22.4712,20199.7,0.00505265,1.62168,-0.00205347,20302.3,0.00104176,-0.0682422,10.9426,12.875,94.5854,108,2.12298,10.5579,11.2928,118.716,132.695,-24.1304,-24.6948 
13,47.032,10,13,18541.3,-0.0284639,39.4829,10.2822,119.294,0.0237811,-13.7654,143.952,1.73387,2.04798,6.8939,0.638222,1.57924,10.1544,110.232,-20.9425,17660.8,13226.4,1.66993,1.98404,6.76602,0.574283,1.5153,0.459132,95.9896,-21.47,17646.6,0.00541013,1.64318,-0.00224627,17742.6,0.000963346,-0.0628995,11.2495,12.8155,94.8797,108,1.9026,10.5493,11.1065,118.841,131.545,-23.9608,-23.545 
14,46.792,10,14,16029.8,-0.0130785,33.3826,10.4747,119.264,-0.0148698,-9.70992,331.682,1.13135,-2.50775,2.58568,0.877799,0.212969,-5.20747,678.236,-3.83842,14523.1,11387.8,1.16414,-2.47496,2.65126,0.910589,0.245759,-0.0618655,685.54,-3.5679,14530.4,0.045054,1.00919,-0.000452527,15216,0.0003615,0.0618991,9.39247,14.9448,122.647,86.3203,1.46283,10.7791,11.5892,118.748,132.039,3.89826,-45.7182 
15,47.002,10,15,20441.9,0.00712126,42.5619,10.571,119.269,0.0488462,-48.764,500,4.3201,-1.32079,3.85059,1.66622,0.0853146,-2.06815,194.977,-15.0863,19453.1,14724,4.33313,-1.30776,3.87664,1.67924,0.0983372,0.553361,197.877,-14.9789,19456,0.0100681,1.1527,-0.00142022,19653.9,0.00045431,-0.0157713,-4.10187,10.7555,109.104,79.0273,1.96866,10.8032,11.5152,118.849,132.13,-9.74469,-53.1026 
16,47.062,10,16,19596.4,-0.0214354,41.463,-10.4872,119.109,0.00968908,25.6214,500,-0.352355,2.62677,3.23419,0.488698,-0.276351,-8.70234,17.7709,-26.3851,18988,14163.3,-0.297559,2.68157,3.34378,0.543495,-0.221555,0.447285,29.9768,-25.933,19000.3,0.00157522,-1.9458,-0.00252058,19030.2,0.000661555,-0.0617511,11.0901,14.0412,94.8824,108,1.94145,10.7843,11.4908,118.649,132.235,-23.7662,-24.2349 
17,46.807,10,17,16042.9,-0.0352875,33.6503,10.4747,119.125,-0.0467041,-13.1438,491.113,3.93765,2.6957,1.69556,-0.18586,-1.35394,43.6858,464.907,-4.08166,14754.1,11494.3,3.66257,2.42062,1.1454,-0.460938,-1.62902,0.7771,403.633,-6.35105,14692.8,0.0267369,1.02832,-0.000796894,15096.5,0.000293285,0.0483895,9.56965,16.8198,123.429,88.3939,1.51971,10.7472,11.3115,118.638,131.773,4.79123,-43.3794 
18,46.387,10,18,20369,-0.0566536,42.21,-10.6342,118.945,0.0666577,14.677,318.186,2.03483,2.85927,-1.4087,0.813269,1.41849,-34.0533,72.5554,-13.6929,19673.1,14644,2.24925,3.07369,-0.979852,1.02769,1.63292,1.1399,120.318,-11.9239,19720.8,0.00606408,1.20982,-0.00111505,19841.2,0.000811106,-0.0644606,-11.0873,14.5167,94.455,108,2.04393,10.8893,11.1757,118.524,132.066,-24.069,-24.066 
19,46.732,4,19,19122,-0.00437757,40.8493,10.3162,119.259,-0.0800354,24.5443,500,2.8803,-0.0649016,1.49181,-0.250816,2.6874,31.6156,339.147,-21.6057,18089.1,13782.2,2.68122,-0.263977,1.09366,-0.449891,2.48832,0.802921,294.803,-23.248,18044.8,0.0160747,1.1601,-0.00237893,18339.6,3.79935e-05,0.0394581,8.89607,15.9958,124.866,90.5447,1.8874,10.6009,11.4053,118.792,131.531,6.07423,-40.9863 
20,46.777,9,20,16547.5,-0.0217728,34.533,10.48,119.002,-0.0155386,-7.09566,495.251,-0.0870999,1.90788,-4.19013,-0.443648,2.37848,35.5788,561.112,-13.9019,15292,11784.8,-0.31113,1.68385,-4.63819,-0.667678,2.15445,-1.60764,511.209,-15.7501,15242.1,0.0324509,1.05699,-0.00190713,15753.3,0.000293863,0.055841,8.48466,15.096,122.861,87.4063,1.57016,10.7214,11.379,118.488,132.851,4.37321,-45.4443 
21,46.882,10,21,18178.3,-0.0402488,38.3475,10.4159,119.213,0.00535976,14.9043,426.525,1.91771,2.0397,3.76229,0.54293,4.39186,-16.495,299.901,-14.1519,17202.5,13005.2,2.02157,2.14356,3.97002,0.646795,4.49572,0.701,323.037,-13.295,17225.7,0.018408,1.07761,-0.00142379,17548.7,0.000169436,0.0316616,8.74472,13.7843,126.273,94.981,1.81372,10.6243,11.241,118.793,131.837,7.48017,-36.856 
22,46.912,10,22,17485.3,-0.020189,35.1207,-10.8845,119.003,0.0285778,15.2968,500,4.29663,3.18897,3.33459,1.28959,1.60455,-8.28402,197.834,-20.2964,16559.4,12458.4,4.34879,3.24113,3.43892,1.34176,1.65672,0.754841,209.453,-19.8661,16571,0.012482,1.19902,-0.00221329,16780.5,0.000112792,0.0287428,8.1901,-13.2032,126.862,94.9092,1.68341,11.0998,11.2178,118.527,131.38,8.33485,-36.4713 
23,47.017,10,23,18772.6,-0.0626873,38.9,10.6739,119.095,-0.0294255,59.924,5.37558e-10,-3.20833,0.536676,3.01406,-2.5535,1.26455,24.3682,112.229,-20.5212,18123.5,13574,-3.36177,0.383236,2.70718,-2.70694,1.11111,2.44987,78.0501,-21.7871,18089.3,0.00429617,1.95503,-0.0022236,18167.4,5.66463e-05,-0.03865,1.24682,0.110202,129.567,65.4867,1.88756,10.8658,11.1787,118.63,132.415,10.9367,-66.9286 
24,46.587,10,24,17542.3,-0.0290605,36.4579,10.542,119.301,0.00509825,17.2223,264.015,-0.196024,2.36499,1.94891,1.37126,-0.591811,27.8445,211.033,-11.3837,16563.7,12514.4,-0.371354,2.18966,1.59825,1.19593,-0.767141,0.584369,171.978,-12.8302,16524.6,0.0103002,1.15016,-0.00143231,16696.6,0.000547472,-0.0361165,3.78818,0.165065,109.172,79.1008,1.69473,10.7101,11.4284,118.855,131.748,-9.68235,-52.6475 
25,46.972,10,25,19085.3,-0.0571134,39.9943,10.5279,118.965,-0.159661,52.2953,479.252,-2.47892,2.00281,0.722665,-1.94911,0.376478,-20.6274,160.804,-16.1285,18385.3,13978.5,-2.34903,2.1327,0.982435,-1.81922,0.506363,2.79684,189.736,-15.0569,18414.2,0.0101987,1.16127,-0.00150853,18603.9,0.000156876,-0.0198132,-6.67269,-4.49512,111.421,75.3658,1.94257,10.7896,11.0836,118.514,132.187,-7.09389,-56.8214 
26,46.897,10,26,18661.6,-0.0588119,39.4935,-10.4328,119.303,-0.0522076,19.7642,39.0532,1.13251,0.489961,7.15729,-1.75918,-1.29779,-41.3829,261.045,-7.46775,17719,13446.4,1.39308,0.750538,7.67845,-1.4986,-1.03721,-0.0538253,319.089,-5.31799,17777,0.017633,1.03004,-0.000551369,18096.1,-0.000102341,0.0513344,-3.06497,68.7233,127.258,108,1.85877,10.4764,11.2762,118.74,132.132,8.51795,-24.1315 
27,46.867,10,27,18156.2,0.0103797,38.8616,-10.2524,119.463,0.0127787,-44.3373,500,-0.503494,-3.84579,4.41067,4.40743,2.15574,34.4536,286.392,-23.2297,17170.3,12988.5,-0.720439,-4.06273,3.97678,4.19049,1.93879,0.252891,238.067,-25.0195,17122,0.0137135,1.22536,-0.00269904,17360.1,-0.000113137,0.0512182,-2.9756,65.796,127.281,108,1.82046,10.3729,11.3456,118.917,132.12,8.3641,-24.1197 
28,46.717,2,28,19535.8,-0.00229688,41.8098,10.3581,119.422,-0.00161447,-16.6072,500,0.389736,-1.49417,-2.82353,-1.65111,0.0483361,-11.9378,132.126,-21.0543,18838.2,14098.7,0.464905,-1.419,-2.67319,-1.57594,0.123505,0.473752,148.87,-20.4342,18855,0.00783369,1.31615,-0.00200039,19003.8,0.000821478,-0.0634172,-11.0872,14.6442,94.7378,108,2.01923,10.5747,11.1604,119.015,131.966,-24.2771,-23.966 
29,46.687,1.5,29,19379.7,0.00222382,39.8619,10.554,119.322,-0.0264654,3.23531,492.758,-0.935174,-1.22571,-3.58601,-1.68271,-0.086833,-29.0293,4281.9,6.83753,14427.5,13698.1,-0.752384,-1.04292,-3.22043,-1.49992,0.0959571,0.498352,4322.61,8.34555,14468.2,0.230039,0.996633,0.00106144,18790.8,0.000266341,0.53105,10.1454,9.80338,120.263,82.6904,1.47705,10.9722,11.1674,118.528,131.413,1.73572,-48.7224 
30,47.047,10,30,19327.5,-0.0482854,39.7443,-10.7009,119.219,0.0779561,-22.0505,121.455,2.97085,1.43736,-0.658629,0.411796,2.97536,-47.1364,100.764,-24.3382,18531.3,13900.8,3.26765,1.73416,-0.0650177,0.708602,3.27217,1.00729,166.878,-21.8895,18597.4,0.00889339,1.29794,-0.00217291,18764.3,0.000287503,-0.0201896,7.03527,10.6193,112.569,74.7963,1.88957,10.8949,11.3859,118.763,132.405,-6.19314,-57.6082 
31,46.852,10,31,18536.7,-0.0300079,37.0232,11.0006,119.032,0.0131082,-1.14291,5.99691e-09,2.90421,-2.91856,3.64228,-1.71475,-0.592671,-61.1683,332.007,3.33488,17514.6,13258.7,3.28937,-2.5334,4.4126,-1.32959,-0.207511,-0.215101,417.801,6.51245,17600.4,0.0231877,0.973446,0.000681147,18018.2,6.80134e-05,0.0432387,7.82492,16.6935,125.39,90.4733,1.71323,11.2353,11.4593,118.503,131.234,6.88745,-40.7607 
32,46.837,10,32,18238.6,-0.0104315,36.8187,-10.8139,119.143,-0.00661974,-0.306482,500,2.14205,-0.63582,5.82517,-0.377672,2.1988,-24.6777,417.835,-9.53662,17127,12961.3,2.29744,-0.480431,6.13594,-0.222284,2.35419,0.391568,452.448,-8.25467,17161.7,0.0256867,1.03298,-0.000886829,17614.1,-0.000320173,0.0268824,7.95326,85.6349,124.423,108,1.70937,11.0795,11.1406,118.553,131.883,5.87053,-23.8828 
33,46.702,2.5,33,18692.4,-0.00727749,38.3853,-10.6265,118.834,-0.00781819,-16.0179,1.45131e-09,-0.0753996,3.66456,-2.17974,0.947477,0.464715,-41.6605,379.075,-19.2421,17621,13282.7,0.186925,3.92688,-1.65509,1.2098,0.72704,1.37654,437.508,-17.0779,17679.4,0.0241492,1.07332,-0.00178261,18116.9,6.6227e-05,0.040006,-8.95959,17.6516,124.431,91.403,1.82475,10.9455,11.1067,118.373,131.954,6.05801,-40.5511 
34,46.822,10,34,18549.8,0.00611756,37.4891,10.7294,119.063,0.0182859,-90.4095,439.34,-0.552732,0.41265,4.53574,-1.16233,0.213211,8.57728,541.331,-3.05174,17252.9,13147.9,-0.606741,0.358641,4.42772,-1.21634,0.159202,-0.418012,529.301,-3.49731,17240.9,0.0297859,1.0117,-0.000373811,17770.2,0.000245762,0.0488158,9.7095,15.7699,123.681,88.8713,1.70013,11.0568,11.5141,118.558,131.583,5.12333,-42.712 
35,46.942,10,35,18618.9,0.00215916,37.5123,10.7346,119.25,0.00554271,-60.1828,500,0.744248,2.02525,5.10226,0.966587,-2.74006,-0.584291,165.328,-18.8386,17740.2,13119.4,0.747928,2.02893,5.10962,0.970266,-2.73638,0.165144,166.147,-18.8083,17741.1,0.00927823,1.24705,-0.00195674,17907.2,0.000413718,0.176815,40.7141,-0.0155002,137.377,70.7857,1.79924,11.021,11.2173,118.813,131.359,18.5637,-60.5734 
36,46.927,10,36,18078.4,0.0918559,36.659,10.5892,118.941,0.216691,3.51961,2.67548e-12,-0.325869,-3.19398,0.561508,1.42499,1.63444,-64.1656,120.64,-6.47681,17177.1,12661.7,0.0781645,-2.78995,1.36958,1.82902,2.03848,0.457656,210.639,-3.14353,17267.1,0.0120519,1.02682,-0.000335474,17477.7,0.000222958,0.0276223,8.35341,12.9962,127.313,95.9803,1.75784,10.9038,11.241,118.515,131.193,8.79826,-35.2123 
37,46.957,10,37,18935.1,-0.0287605,38.4928,10.7698,119.182,0.000739557,-14.9374,374.132,0.160165,1.95056,3.29518,1.25196,1.80334,-60.8702,190.906,-5.34729,18128.6,13495.6,0.543448,2.33384,4.06174,1.63524,2.18663,0.622546,276.283,-2.1852,18214,0.0149421,1.01404,-0.000221053,18490.2,0.000174057,0.00274186,2627.54,-6.87683,129.154,87.471,1.8339,11.0264,11.2475,118.737,132.14,10.4163,-44.6685 
38,46.987,10,38,18804.4,-0.0298085,39.6085,10.4125,119.104,-0.0189729,-7.75744,69.7508,0.365649,2.7662,5.65858,0.387489,0.366969,11.7007,216.196,-7.51835,17964.8,13430.6,0.291973,2.69253,5.51123,0.313813,0.293293,0.394559,199.785,-8.12618,17948.4,0.0110085,1.07664,-0.000834713,18148.2,0.000952936,-0.067893,-10.935,12.4441,94.3027,108,1.89143,10.6435,11.2489,118.627,131.203,-24.3239,-23.2034 
39,47.077,10,39,17490,-0.0307114,36.9801,10.3675,119.068,0.0100265,10.383,190.44,1.98428,1.40152,0.526719,0.869436,-0.501628,17.426,164.798,-13.3988,16832.2,12484.1,1.87455,1.2918,0.307265,0.759709,-0.611355,0.915166,140.356,-14.304,16807.8,0.00828149,1.21706,-0.00157015,16948.2,0.000239871,-0.0133067,7.03023,7.57041,112.557,73.8093,1.7993,10.6242,11.0754,118.688,132.077,-6.13108,-58.2675 
40,46.762,7,40,17624.2,-0.0352316,37.2019,10.3977,119.156,-0.0524898,0.513736,499.624,2.10463,-0.468638,2.93289,-3.18597,0.697108,-50.1539,499.475,0.789796,16479.3,12593,2.42044,-0.152832,3.5645,-2.87016,1.01291,0.103238,569.82,3.3952,16549.7,0.0332849,0.98968,0.000377768,17119.5,0.000157309,0.0476429,9.1563,16.6976,123.295,87.1333,1.70203,10.6974,11.3425,118.657,131.787,4.63749,-44.6539 
41,46.747,5,41,20128.1,-0.00183026,41.8041,-10.6878,119.404,-0.0112649,-33.9813,2.14317e-11,-0.763569,1.22918,5.79092,1.03438,0.334073,-10.6821,470.491,10.4398,19141,14557.1,-0.696307,1.29644,5.92544,1.10164,0.401335,0.261954,485.474,10.9947,19156,0.0247168,0.961878,0.00105617,19641.5,-5.01761e-05,0.0441247,10.4022,17.2172,124.213,91.5861,1.89156,10.9528,11.5584,118.934,132.998,5.27885,-41.4116 
42,46.487,10,42,16478.3,-0.0460213,34.5873,-10.4996,119.08,-0.0211653,50.9173,489.308,0.575736,2.29295,-0.835462,-1.68925,-0.711449,-5.46482,146.84,1.90526,15656.3,11856.9,0.610147,2.32736,-0.766641,-1.65484,-0.677038,-3.76142,154.504,2.18915,15664,0.00976733,0.975804,0.000257381,15818.5,0.000967006,-0.0500385,-11.0805,14.4196,95.4495,108,1.59437,10.6927,11.5269,118.555,130.984,-23.1053,-22.9838 
43,47.032,10,43,19823.7,-0.0661695,41.739,10.5105,119.267,-0.0314502,90.4331,500,3.53214,1.48333,2.13998,1.31191,-0.486566,-43.7213,133.29,-15.8806,19036.3,14373.6,3.80744,1.75864,2.69059,1.58721,-0.211264,0.720679,194.613,-13.6094,19097.6,0.0100877,1.13944,-0.00131445,19292.2,2.80069e-05,0.0326782,8.7814,10.9297,127.141,98.3255,1.9493,10.7287,11.4475,118.879,131.663,8.26232,-33.3379 
44,46.792,10,44,16342.7,-0.0216037,32.9051,10.7644,119.274,-0.0324861,18.0299,1.14477e-11,2.34444,-2.75237,-1.4134,-3.39761,0.681373,-67.9682,635.143,7.56448,14890.1,11549.5,2.77242,-2.3244,-0.557449,-2.96963,1.10935,0.716989,730.476,11.0953,14985.4,0.04648,0.974107,0.00136205,15715.9,0.000412219,0.0636716,9.70424,15.2826,122.464,86.9302,1.4567,10.9844,11.5689,118.742,131.632,3.72138,-44.7019 
45,47.002,10,45,18546.8,0.00293646,39.0721,10.3771,119.094,-0.00751485,-72.2048,500,1.0948,-2.07691,5.47851,-1.68631,2.1984,-54.0043,115.171,-9.23491,17783,13216.6,1.43485,-1.73686,6.15861,-1.34626,2.53845,0.126288,190.917,-6.42949,17858.7,0.0105773,1.06263,-0.000663634,18049.6,0.000407825,-0.0198063,6.88062,7.19367,111.245,75.0939,1.86233,10.6155,11.2603,118.695,131.264,-7.45005,-56.1704 
46,47.062,10,46,17270.3,-0.0139509,36.6252,10.3231,119.062,0.072791,3.54242,499.866,-0.528314,1.24371,-1.69875,2.30222,-2.30741,-49.1981,175.742,-3.58392,16465.4,12316.3,-0.218526,1.5535,-1.07917,2.61201,-1.99762,2.24017,244.747,-1.02817,16534.4,0.0145864,1.00741,-0.000114563,16779.1,0.00038048,-0.0199851,-5.75819,6.32671,109.459,77.0261,1.75056,10.5439,11.2199,118.659,131.862,-9.19966,-54.8357 
47,46.807,10,47,16523.5,-0.0541532,33.2296,10.7453,119.203,0.0363571,-12.2856,1.87757e-11,-0.197043,1.43179,-2.9719,-0.0774215,0.255546,-69.5103,616.836,-6.92753,15186.7,11638.1,0.240645,1.86947,-2.09652,0.360267,0.693234,2.96469,714.331,-3.3166,15284.2,0.0446499,1.00819,-0.000399889,15998.5,0.000329971,0.0476542,9.79483,17.4632,124.342,88.5847,1.53536,10.999,11.2371,118.702,131.118,5.64074,-42.5337 
48,46.387,10,48,17327.2,0.000569174,37.2,-10.18,119.147,-0.000399866,-78.8314,500,-0.987987,0.806997,-2.76741,-0.25931,-0.49085,-34.3045,12.1149,-13.9786,16537.9,12328.8,-0.771981,1.023,-2.3354,-0.043304,-0.274844,0.0279395,60.2303,-12.1966,16586,0.00361825,1.54888,-0.00135643,16646.3,0.000901017,-0.05491,11.0978,14.4981,95.0775,108,1.77856,-10.451,11.2263,118.721,130.927,-23.6431,-22.9274 
49,46.732,4,49,20477.8,0.00696862,42.0703,10.5267,119.413,-0.172604,103.66,0.166344,-1.84603,2.37088,-0.615505,1.71202,3.10868,11.9836,378.816,-4.84085,19224.4,14999.1,-1.92149,2.29543,-0.766419,1.63656,3.03322,1.17918,362.008,-5.46337,19207.6,0.0184985,1.02713,-0.000524241,19569.6,0.00039912,0.0458666,9.0731,16.2078,125.275,92.3307,1.96351,10.73,11.3272,119.015,131.644,6.26027,-39.3133 
50,46.777,9,50,17315.7,-0.0391232,35.6004,10.6897,119.34,0.0221544,-15.9391,52.7644,-2.37468,-0.353193,-1.19296,-0.00232544,-1.11957,32.7607,790.513,-10.6616,15815.8,12399.9,-2.58097,-0.559478,-1.60553,-0.208611,-1.32586,0.744361,744.563,-12.3634,15769.8,0.0450857,1.02993,-0.00144629,16514.4,0.000314431,0.078201,9.6997,13.5098,122.828,84.7887,1.54403,10.938,11.6997,118.754,131.32,4.07324,-46.5318 
51,46.882,10,51,16119.9,-0.0124849,34.0748,10.3174,119.181,-0.023369,-5.96124,79.4197,1.58149,-0.270216,-1.58773,1.44066,-0.302489,-11.6557,183.587,-3.05084,15286.4,11449.1,1.65488,-0.196823,-1.44094,1.51405,-0.229096,2.10665,199.935,-2.44535,15302.8,0.0128968,1.02187,-0.000294451,15502.7,4.0451e-05,0.0442986,2.98984,60.2279,127.372,108,1.60687,10.5134,11.1933,118.643,131.369,8.72863,-23.3694 
52,46.912,10,52,17519.5,0.0435783,35.9404,10.4509,119.201,0.12237,-200.45,5.58631,-1.87357,-0.118175,-5.62803,-1.8765,-1.37265,-15.6083,165.094,-13.0624,16481.7,13025.8,-1.77529,-0.019894,-5.43147,-1.77822,-1.27437,0.471608,186.986,-12.2516,16503.6,0.0112031,1.12951,-0.00136938,16690.6,0.00113396,-0.05753,-10.6903,12.0971,95.1322,108,1.7177,10.6909,11.2394,118.819,131.796,-23.6869,-23.7959 
53,47.017,10,53,17514.5,0.00901846,36.861,-10.2932,119.174,-0.00638036,-17.0792,36.791,-0.426877,1.02571,5.76799,-1.60346,-0.628372,-19.7766,124.945,-1.81083,16673.1,12354.9,-0.302349,1.15024,6.01705,-1.47893,-0.503844,-0.232455,152.684,-0.783476,16700.8,0.0090595,1.00906,-8.64253e-05,16853.5,0.000490265,-0.013044,5.54008,9.67609,109.427,74.6138,1.78836,10.5851,11.0161,118.834,131.097,-9.40749,-56.4834 
54,46.587,10,54,14963.7,-0.00364222,30.3237,10.6004,119.138,-0.0291039,6.36081,6.91926e-11,0.804252,0.369984,1.82693,0.686728,-1.5376,-24.7054,33.8306,-2.7394,14181.7,10470.1,0.959815,0.525547,2.13805,0.842291,-1.38204,0.306653,68.4823,-1.45601,14216.3,0.00479406,1.03864,-0.0001887,14284.8,0.000496748,-0.011236,8.42523,13.1578,112.516,73.8826,1.4639,10.839,11.2011,118.749,132.136,-6.23292,-58.253 
55,46.972,10,55,18020.5,0.001253,36.7483,10.6479,119.197,0.0124322,-57.4151,499.496,1.03245,-1.23464,0.788721,1.70925,0.816674,-36.8894,138.425,-0.0866675,17169.5,12761.1,1.26474,-1.00236,1.25329,1.94154,1.04896,0.721873,190.166,1.82967,17221.2,0.0109219,0.983441,0.000195676,17411.4,0.000223322,0.0151589,15.4914,-10.3453,88,64.9155,1.75742,10.8909,11.2492,118.812,130.915,-30.8122,-65.9995 
56,46.897,10,56,18684.1,-0.00517754,38.2312,10.6309,119.345,-0.021674,17.396,18.1811,1.79755,2.32761,3.9388,-2.41148,-0.955339,-3.85812,278.552,-12.6313,17721.9,13243,1.82184,2.3519,3.98738,-2.38718,-0.931046,0.176653,283.964,-12.4309,17727.3,0.0157659,1.08296,-0.00129341,18011.3,5.54871e-05,0.0443511,3.04759,67.0023,127.456,108,1.81843,10.7895,11.1797,118.795,131.286,8.661,-23.2858 
57,46.867,10,57,16903.2,0.0299795,35.5516,10.2115,119.137,0.00313385,-63.4744,500,-0.154884,0.386974,-0.12743,-5.39185,-1.6056,-53.0577,278.137,11.9505,15783.5,11824.5,0.179206,0.721064,0.54075,-5.05776,-1.27151,1.11062,352.555,14.7068,15857.9,0.0217486,0.931966,0.00170547,16210.5,0.000438061,0.0343583,-8.95333,17.9526,124.853,96.4853,1.70297,10.4078,11.0328,118.695,131.209,6.15779,-34.724 
58,46.717,2,58,20580.5,-0.00759417,42.7863,-10.4683,119.138,0.0291972,-5.62853,47.5983,0.9868,0.242116,2.24088,3.62963,-6.13125,-45.4971,176.55,-5.8639,19644.2,14586,1.27328,0.528599,2.81384,3.91611,-5.84476,-0.0471763,240.364,-3.50041,19708,0.0120493,1.02615,-0.000327291,19948.3,0.000725117,-0.0329451,-3.69245,59.9582,106.395,108,2.07596,10.8142,11.1075,118.719,131.692,-12.3245,-23.6916 
59,46.687,1.5,59,23585.1,-0.00868528,47.9585,10.6636,120.155,-0.022486,5.26118,7.89546e-11,-2.8893,-2.04896,0.659376,-2.94964,-2.39682,40.9949,14162.2,45.0391,8938.98,16652,-3.14743,-2.30709,0.143108,-3.20777,-2.65495,1.01281,14104.7,42.9095,8881.48,0.613617,0.994704,0.00882134,22986.2,0.000591093,1.61339,10.681,9.98935,120.478,82.9637,0.895497,10.6789,11.3655,118.875,131.469,1.60311,-48.5057 
60,47.047,10,60,15436.2,0.00973678,31.9134,10.4719,119.221,0.000119889,-32.7312,197.931,-1.97107,-2.03861,3.57207,-0.431684,-0.158566,-25.7582,85.0781,-22.4095,14709.2,10879.2,-1.80888,-1.87642,3.89646,-0.269491,0.00362588,72.2186,121.206,-21.0714,14745.4,0.00815295,1.43726,-0.00263935,14866.6,0.000809807,-0.0516888,-10.3591,14.0497,95.5492,108,1.57141,10.7336,10.9949,118.81,131.507,-23.2604,-23.5066 
61,46.852,10,61,15854,0.0230639,32.2135,-10.6091,119.294,-0.062907,-8.77847,334.947,3.37767,2.14489,1.69741,-1.46601,-2.63245,14.0293,284.832,-5.65663,14782.7,11143.3,3.28934,2.05655,1.52073,-1.55435,-2.72079,0.41318,265.155,-6.38542,14763,0.0176438,1.044,-0.000797397,15028.2,0.000629567,0.0421927,-0.270938,27.0606,126.848,104.761,1.53137,10.8896,11.1053,118.74,131.239,8.1074,-26.4782 
62,46.837,10,62,17781.8,0.0243567,37.159,10.3201,119.336,-0.0179126,-5.38758,200.117,-0.198241,0.681221,2.64769,-2.28825,0.100143,47.8122,417.907,-5.01077,16485.9,12486.9,-0.499302,0.38016,2.04557,-2.58932,-0.200918,3.36807,350.846,-7.49453,16418.8,0.0209214,1.03883,-0.000841553,16769.7,0.000332664,0.040635,9.49778,15.9292,124.988,91.2413,1.72511,10.567,11.3637,118.88,131.55,6.10739,-40.3085 
63,46.702,2.5,63,18129.1,0.0630143,37.0728,10.4293,118.983,0.0882724,-5.06411,495.269,5.41643,0.358709,-1.53506,-1.38547,2.40743,-81.9392,344.268,-13.3362,16868,12601.1,5.93238,0.874659,-0.50316,-0.869516,2.92338,1.0602,459.196,-9.07963,16982.9,0.0263268,1.03584,-0.000985819,17442.1,0.000436535,0.0313257,9.16538,17.2745,124.177,91.261,1.7931,10.6868,11.019,118.618,130.823,5.5587,-39.5617 
64,46.822,10,64,15894.8,-0.0297022,33.4342,10.4272,119.286,-0.0215431,-15.1167,31.7303,-0.266518,-0.654045,4.41027,-1.74081,-2.78405,43.826,379.805,-9.73215,14773.7,11359.6,-0.542478,-0.930006,3.85835,-2.01678,-3.06001,2.43384,318.334,-12.0088,14712.2,0.0211792,1.07068,-0.00150588,15030.5,0.000206835,0.040162,8.8248,17.4596,124.562,89.56,1.55194,10.6704,11.2157,118.794,131.022,5.7682,-41.4616 
65,46.942,10,65,18599.1,0.000952004,38.8408,10.3622,119.338,-0.040598,-1.93161,7.87697e-10,2.52358,-0.939631,0.955583,-1.28589,1.28164,16.6061,133.462,-6.04187,17480.2,13104.4,2.41902,-1.04419,0.746455,-1.39045,1.17707,0.608756,110.171,-6.90453,17456.9,0.00627143,1.12318,-0.000729118,17567.1,0.000320669,0.038003,-8.53656,13.7642,125.79,97.8469,1.83009,10.5826,11.3088,118.845,131.694,6.94509,-33.8474 
66,46.927,10,66,17078.1,0.0425522,35.4191,10.3373,119.25,-0.0233595,2.74741,41.4646,-0.295924,1.35558,1.69557,0.447847,-2.94399,19.9449,139.216,-2.80471,16008.9,11921.1,-0.421512,1.22999,1.44439,0.32226,-3.06958,3.92124,111.241,-3.84081,15980.9,0.00691278,1.06431,-0.000442923,16092.1,0.000473503,0.015825,14.4203,8.43621,88.0236,64.0862,1.68228,10.6536,11.2036,118.813,130.922,-30.7892,-66.8353 
67,46.957,10,67,17202.4,0.0521778,35.6973,10.4262,119.023,0.0292934,-108.726,3.82534e-11,0.781436,0.217738,0.709981,2.48308,3.27928,11.7501,106.961,-7.57714,16218.5,12219.6,0.707449,0.143751,0.562007,2.40909,3.20529,0.920029,90.4806,-8.18754,16202,0.00555352,1.18815,-0.000931759,16292.5,0.00502771,-0.00673579,138.288,135.84,103.046,83.3309,1.71265,10.7384,11.1349,118.606,130.936,-15.5602,-47.6052 
68,46.987,10,68,16660.5,0.00396278,33.8986,10.6625,119.205,-0.00622546,-12.6327,183.581,-0.0869291,0.105821,0.998542,0.485337,0.256846,13.0178,184.72,-22.0768,15796.3,11768.7,-0.168899,0.0238513,0.834602,0.403367,0.174876,0.341691,166.461,-22.753,15778,0.01044,1.31441,-0.00266352,15944.5,0.000165825,0.030134,-8.22783,-12.6313,126.614,97.0634,1.62919,10.9396,11.1511,118.806,131.238,7.80809,-34.1748 
69,47.077,10,69,17636.1,0.0885584,37.5725,10.1454,119.35,-0.0462363,-19.4738,500,2.77501,0.982165,1.34815,0.268133,-1.14155,-12.2794,131.821,-17.3451,16687.8,12438.2,2.85233,1.05948,1.50279,0.345453,-1.06423,0.679974,149.044,-16.7072,16705,0.00884318,1.24404,-0.00184574,16854.1,0.0140168,-0.0156125,215.705,282.056,107.372,72.6241,1.80253,-10.42,11.2328,118.951,130.925,-11.579,-58.301 
70,46.762,7,70,14926.2,0.00433475,31.5274,10.2685,119.342,-0.0484028,23.3007,255.608,1.32504,1.29438,-0.210105,0.0535207,-2.3466,-49.2391,470.558,-11.4409,13842,10575.5,1.63508,1.60442,0.409986,0.363566,-2.03655,0.792571,539.621,-8.88301,13911,0.0373424,1.02966,-0.00117768,14450.6,0.000214697,0.0462805,9.01537,15.3817,123.611,87.2484,1.48753,10.5091,11.1,118.844,131.623,4.76691,-44.375 
71,46.747,5,71,17239.4,-0.0119917,35.9194,10.463,119.627,-0.0242443,38.0062,39.4146,2.26326,2.50861,-2.40623,0.213696,0.568413,-36.4849,380.219,-0.38483,16153.3,12264.4,2.493,2.73835,-1.94676,0.443431,0.798149,1.43011,431.392,1.51049,16204.5,0.0259314,0.99391,0.000171681,16635.9,0.000216011,0.0375499,9.68445,17.5836,125.93,90.0586,1.70671,10.5927,11.1665,119.09,130.74,6.8393,-40.6812 
72,46.487,10,72,18690.1,-0.00774345,39.2545,10.3425,119.18,0.0464687,-59.0706,1.41774e-09,0.809173,0.061018,2.29576,0.21194,3.20004,-50.4274,26.743,-10.7489,17860.9,13305.6,1.1267,0.378546,2.93082,0.529467,3.51757,0.654511,97.4723,-8.12925,17931.6,0.0054064,1.17089,-0.000835812,18029.1,0.000913948,-0.0580425,-10.8854,13.0987,94.7075,108,1.89589,10.5885,11.19,118.741,131.495,-24.0331,-23.4955 
73,47.032,10,73,18330.9,-0.0254542,37.6163,10.6746,119.475,0.00691612,10.4663,500,2.50623,0.0873995,2.5246,-2.22458,-2.53046,25.6468,193.207,6.63194,17419.4,13073.8,2.34474,-0.0740919,2.20162,-2.38607,-2.69195,4.63452,157.235,5.29964,17383.4,0.00896404,0.944301,0.000561282,17540.7,0.00103293,-0.0577181,10.3778,13.177,94.1515,108,1.79029,10.8222,11.2619,119.011,131.424,-24.8593,-23.4244 
74,46.792,10,74,15470.9,0.00170466,31.0119,-10.83,119.446,-0.0410209,34.6192,344.932,4.24732,1.86611,2.40671,1.02264,1.67525,19.1733,732.784,-4.96474,13973.5,10979.5,4.12659,1.74538,2.16526,0.901911,1.55452,0.793661,705.892,-5.96075,13946.6,0.0481757,1.015,-0.000787936,14652.5,0.000370899,0.0713747,9.81907,12.8193,122.775,84.3136,1.37886,11.0357,11.5309,118.857,130.634,3.91784,-46.3204 
75,47.002,10,75,15950.9,-0.0188451,33.4415,10.4246,119.253,-0.0149651,0.417769,0.0464128,1.5219,-1.20847,4.30761,1.97224,0.908246,-6.12993,154.222,-7.17183,15199.8,11348.8,1.5605,-1.16988,4.3848,2.01084,0.946844,0.432983,162.82,-6.8534,15208.4,0.0105926,1.07952,-0.000830804,15371.2,0.000900298,-0.0554976,-10.4289,13.1823,93.8787,108,1.60228,10.6041,11.2185,118.88,131.296,-25.0011,-23.296 
76,47.062,10,76,16169.1,-0.0389018,33.6842,10.4645,119.139,-0.0283913,9.94702,5.98431e-11,3.78748,-0.744338,-1.83809,2.78828,1.43406,-23.6807,32.8654,-4.5603,15548.9,11483.9,3.93659,-0.595227,-1.53987,2.93739,1.58317,1.24357,66.0799,-3.33013,15582.1,0.00422284,1.09672,-0.00039384,15648.2,0.00063857,-0.0558745,10.9035,12.8621,94.6182,108,1.68596,10.7433,10.8831,118.717,130.827,-24.099,-22.8266 
77,46.807,10,77,15620.4,0.00456349,32.5297,10.4145,119.446,-0.0103518,-12.4582,108.26,-0.495663,1.54853,-2.66833,-0.0487164,-0.689052,9.62027,597.277,-9.51676,14321.4,11032.6,-0.556239,1.48795,-2.78949,-0.109293,-0.749629,-0.0267941,583.783,-10.0165,14307.9,0.0392019,1.03096,-0.00129126,14891.7,0.000292644,0.0448524,10.6184,17.1873,124.162,88.5069,1.50549,10.6193,11.2076,118.978,131.294,5.18316,-42.7875 
78,46.387,10,78,17037.5,-0.122179,34.992,10.5987,119.227,0.0506902,51.0815,2.5483e-12,3.69574,3.54705,2.49384,3.23353,-1.08063,-27.2547,109.941,-11.9564,16270.1,12157.4,3.86735,3.71866,2.83707,3.40514,-0.909019,0.780399,148.168,-10.5406,16308.3,0.00900363,1.1422,-0.00119204,16456.5,0.000425845,-0.018136,-7.73973,8.21579,111.099,76.7659,1.73166,10.8022,10.9077,118.845,131.202,-7.74626,-54.436 
79,46.732,4,79,15434.7,0.0258304,31.6439,10.5024,119.381,-0.00385036,-35.9182,96.7254,2.72506,-0.234207,2.23563,0.39353,1.19091,33.0361,274.24,1.28945,14463.8,10823.1,2.51704,-0.442226,1.81959,0.18551,0.982893,0.640597,227.903,-0.426709,14417.4,0.0155615,1.00329,-5.45233e-05,14645.3,0.000218695,0.0312082,-8.6041,-17.223,124.979,92.5079,1.51413,10.8132,11.0851,118.862,131.208,6.11712,-38.7005 
80,46.777,9,80,15215.9,-0.00580079,32.2173,10.2793,119.408,-0.0174025,19.6245,88.6801,-1.69634,-1.411,2.92916,0.948953,-0.557915,-42.4967,597.945,0.599677,13965.9,10791.8,-1.42875,-1.14341,3.46434,1.21654,-0.290325,-0.905157,657.551,2.8073,14025.5,0.0447831,0.992584,0.000368575,14683,0.000235063,0.0513523,9.6089,16.0451,122.993,86.7779,1.49447,10.5083,11.1619,118.898,130.984,4.09543,-44.2056 
81,46.882,10,81,16877.3,0.0165291,35.1194,10.3853,119.317,-0.00955397,-34.2302,198.24,-4.5824,2.37324,1.37912,-3.97749,1.4926,-45.2537,158.919,-12.388,15996.7,11883.7,-4.29745,2.65819,1.94902,-3.69254,1.77755,2.21417,222.392,-10.0372,16060.1,0.0136583,1.08576,-0.0011526,16282.5,0.00017952,0.0240112,8.77601,-16.3434,126.595,92.6714,1.67999,10.6105,11.2701,118.901,130.746,7.69336,-38.075 
82,46.912,10,82,15826.1,0.0356407,32.7691,10.3641,119.3,-0.0720813,-41.9227,37.4948,1.75519,-2.09188,0.374129,0.983008,2.45077,-74.4146,144.987,-4.48132,14962.1,11154.2,2.22376,-1.62331,1.31127,1.45158,2.91934,0.791287,249.361,-0.615631,15066.5,0.0162812,1.00434,-7.52758e-05,15315.9,0.000191527,0.0228563,-8.77388,-17.8593,126.723,95.0808,1.61503,10.6602,10.903,118.858,130.798,7.86518,-35.7168 
83,47.017,10,83,18148.5,-0.00345639,37.7476,-10.5092,119.4,0.00689616,-9.7255,500,2.46553,4.67465,7.00261,-0.0385422,-0.99294,-73.6263,137.478,-1.08344,17272.2,12916,2.92914,5.13826,7.92982,0.425063,-0.529335,0.501048,240.746,2.74131,17375.5,0.0136662,0.980463,0.000290542,17616.2,0.00047922,-0.0145829,7.79937,8.29368,107.258,78.3123,1.78519,10.7168,11.3269,118.911,130.915,-11.6523,-52.6027 
84,46.587,10,84,14470.6,-0.00736743,30.374,10.4153,119.162,-0.00228793,-0.483298,3.35989e-10,1.27509,2.10038,1.34505,-0.353828,4.35571,-78.9248,23.2858,-7.21125,13886.9,10298.4,1.77206,2.59735,2.33899,0.14314,4.85268,0.800158,133.986,-3.11126,13997.6,0.00948126,1.04236,-0.000409613,14131.6,0.000247936,-0.0107865,9.86398,8.1968,109.12,79.3736,1.46392,10.6954,11.162,118.747,130.714,-9.62692,-51.3401 
85,46.972,10,85,15961.2,-0.0399325,33.3362,10.536,119.328,-0.0103545,10.2653,245.499,0.555632,0.308016,1.48416,2.8429,-1.72867,7.34962,67.0421,-5.51602,15291.4,11437.1,0.509354,0.261738,1.3916,2.79662,-1.77495,0.562989,56.7335,-5.89782,15281.1,0.00369893,1.22238,-0.000711477,15337.8,0.00070689,-0.0543228,-10.2941,14.5193,94.8048,108,1.61333,10.807,11.1217,118.917,131.299,-24.1126,-23.2991 
86,46.897,10,86,17613.9,0.0372945,36.9252,-10.4142,119.276,-0.0279919,-9.73546,7.38859e-09,3.63099,-1.03579,2.5091,-2.48443,0.899678,-34.8885,238.324,-6.26496,16651.7,12527.1,3.85067,-0.816104,2.94846,-2.26475,1.11936,0.390517,287.258,-4.45258,16700.6,0.0169096,1.02788,-0.000491369,16987.8,2.801e-05,0.0522044,-3.05898,-60.8156,126.635,108,1.768,10.5658,11.0208,118.749,130.87,7.8854,-22.8701 
87,46.867,10,87,15917.7,0.0106623,32.7859,10.4956,119.179,-0.0283514,-6.88384,2.39631e-11,2.2226,1.29779,7.3446,2.13466,1.99596,-43.3699,213.962,-4.44473,14899.9,11208.2,2.49569,1.57088,7.89077,2.40775,2.26905,0.525628,274.793,-2.19175,14960.7,0.0180363,1.01416,-0.000269942,15235.5,0.000317939,0.0286273,-9.55308,15.5219,125.318,93.0487,1.56786,10.6717,11.1413,118.715,130.79,6.60303,-37.7411 
88,46.717,2,88,18093.7,-0.0248468,36.9143,10.7296,119.217,0.010259,-0.0456888,500,2.38236,2.38094,2.32313,-1.12048,-2.15582,-80.5972,-27.9656,-15.1376,17412.4,12893.6,2.88986,2.88844,3.33813,-0.612984,-1.64832,0.513046,85.0799,-10.9508,17525.4,0.00483119,1.29073,-0.00115237,17610.5,0.000219105,-0.0149937,9.89897,8.98046,113.151,74.7616,1.80931,10.9744,11.0813,118.806,131.376,-5.65535,-56.6145 
89,46.687,1.5,89,19042.5,-0.0267833,39.3438,-10.4552,120.089,0.0267827,-70.5246,500,1.65332,1.5139,2.95485,-0.581327,0.0881835,63.2923,9340.36,17.5238,9183.85,13452.2,1.25479,1.11536,2.15778,-0.979862,-0.310351,0.333549,9251.58,14.2359,9095.07,0.504265,0.997314,0.00287503,18346.7,0.000399003,1.14144,10.2696,9.7198,120.558,82.5385,0.977749,10.7626,10.8229,118.909,131.026,1.64961,-48.4875 
90,47.047,10,90,14813.3,-0.00437174,31.0308,10.3853,119.059,0.0326298,-38.007,87.2203,3.11267,0.392924,1.94461,-1.49631,1.54093,-24.2536,1.65964,-9.0158,14291,10531.1,3.26539,0.545642,2.25004,-1.34359,1.69364,0.649041,35.6777,-7.75587,14325,0.0024844,1.61402,-0.00099835,14360.7,0.000633742,-0.0531688,10.932,12.4604,93.9061,108,1.56395,10.6583,10.7974,118.627,130.207,-24.7206,-22.2065 
91,46.852,10,91,15151.9,0.0133559,31.3249,10.3961,119.255,-0.0947233,13.5969,500,3.63294,-2.66751,5.13561,2.16764,-1.78232,12.3397,266.128,-11.1158,14157.3,10643.1,3.55524,-2.74521,4.98021,2.08994,-1.86002,0.172746,248.82,-11.7569,14140,0.0172926,1.09014,-0.00153399,14388.8,0.000398636,0.0274601,-8.77277,17.116,125.007,93.0442,1.51064,10.5882,11.0053,118.804,131.222,6.20214,-38.1774 
92,46.837,10,92,15911.1,-0.0186749,32.3938,10.7345,119.301,-0.0452198,-6.03785,22.1209,-3.32092,1.18114,-1.11999,0.567132,-1.46937,-54.6115,363.88,-2.79042,14839.2,11328.6,-2.97705,1.52501,-0.432242,0.911006,-1.12549,0.794049,440.478,0.0465432,14915.8,0.0286839,0.999815,5.74807e-06,15356.3,0.000177875,0.0358049,-9.36271,16.8552,124.367,90.7452,1.5174,11.0555,11.1391,118.749,130.898,5.61782,-40.1529 
93,46.702,2.5,93,18273.4,-0.0456285,37.8037,10.5814,119.325,-0.0233442,50.7976,8.6625e-11,1.56957,4.58145,-1.68238,-1.02392,-1.96962,-67.179,341.764,2.61445,17285.4,13060.5,1.99258,5.00446,-0.836365,-0.600908,-1.54661,1.20841,435.989,6.10426,17379.7,0.0244722,0.976084,0.000646585,17815.7,0.000100422,0.0414118,-8.59821,15.8163,125.701,91.7256,1.82052,10.771,11.061,118.876,131.045,6.82519,-39.3189 
94,46.822,10,94,14276.8,0.0171279,28.8993,10.6636,119.356,-0.022973,-24.9389,487.32,2.38207,-0.875203,6.97294,0.215137,1.82806,31.7785,476.64,-8.10399,13063.8,10050.7,2.18197,-1.0753,6.57274,0.0150357,1.62796,0.294952,432.068,-9.75482,13019.2,0.0321209,1.04114,-0.00138213,13451.3,0.000263434,0.0392145,9.83921,17.4033,124.485,88.5403,1.35756,10.9165,11.1061,118.758,130.721,5.72687,-42.1806 
95,46.942,10,95,14938,-0.0154137,30.4081,10.5219,119.118,-0.00515883,-11.3444,500,2.63625,1.48844,5.94241,-3.20366,-0.04959,-45.1638,63.8877,-16.3963,14182.8,10417.4,2.92064,1.77282,6.51117,-2.91928,0.234794,0.235791,127.234,-14.0501,14246.1,0.00885208,1.23954,-0.00182007,14373.4,0.000544667,-0.0103571,-7.49387,13.1088,111.366,75.4198,1.53198,10.6803,10.7884,118.701,131.168,-7.33473,-55.748 
96,46.927,10,96,16196.1,0.0118856,34.1521,10.3167,119.117,-0.0327949,1.89625,2.40128e-11,2.09644,0.483765,0.665963,-2.87646,0.600438,-37.4828,7.57465,-22.3778,15639.9,11471.7,2.33246,0.719784,1.138,-2.64044,0.836458,0.523104,60.148,-20.4306,15692.4,0.00381829,2.46565,-0.00240408,15752.6,5.43925e-05,0.0142505,10.5956,11.856,88,63.9398,1.69506,10.5793,10.9264,118.74,131.401,-30.7402,-67.4609 
97,46.957,10,97,15281.3,-0.0215208,31.5736,10.4706,119.489,0.00136056,-7.2159,1.93327e-11,1.34264,-0.968742,7.09132,1.35542,1.84403,-39.1926,121.258,-16.0157,14526.7,10762.3,1.58942,-0.721956,7.58489,1.60221,2.09081,0.375492,176.229,-13.9798,14581.7,0.0119414,1.1612,-0.00176919,14757.9,0.000845926,-0.0538181,11.526,12.3138,94.8889,108,1.55708,10.7651,10.9274,118.994,131.29,-24.1054,-23.2904 
98,46.987,10,98,16742.8,-0.00685623,35.1012,-10.441,119.256,-0.022932,-21.7415,500,1.90621,1.27685,-0.0472158,2.7082,-1.9997,-33.2451,80.6125,-15.7128,16239.3,11946.8,2.11555,1.48619,0.371456,2.91754,-1.79037,0.927171,127.242,-13.9858,16285.9,0.00775243,1.23816,-0.00158444,16413.2,0.000142523,-0.013632,-5.78311,11.3042,113.015,74.2428,1.72505,10.7415,11.0145,118.865,130.977,-5.84929,-56.7345 
99,47.077,10,99,16050.2,0.00983042,33.5075,10.3714,119.2,-0.0507835,10.6754,44.9944,-0.597648,3.95524,2.23993,-0.376899,3.82361,-57.9569,33.2252,-10.8929,15463.2,11330.6,-0.232709,4.32018,2.96981,-0.0119595,4.18855,0.735638,114.515,-7.8822,15544.5,0.00731306,1.13695,-0.000934955,15659,0.00022782,-0.0126912,7.17438,9.88575,110.935,78.0957,1.67387,10.6777,10.8785,118.796,130.684,-7.86063,-52.5883 
100,46.762,7,100,14396.3,0.0141922,29.9944,10.372,119.252,-0.0276739,-2.67899,22.9143,2.8469,1.32831,2.34761,-0.0763149,4.74581,14.9936,389.532,-16.5447,13447,10129.8,2.75249,1.2339,2.15879,-0.170726,4.6514,0.796836,368.502,-17.3236,13426,0.0267137,1.08964,-0.00238254,13794.5,9.48301e-05,0.0341133,9.58834,15.8603,123.742,86.2826,1.46662,10.7005,10.8276,118.828,130.453,4.91372,-44.1704 
