cyc,freq (MHz),cyc,ROIsum,fBg,fA1,fWidth1,fCtr1,fA2,fWidth2,fCtr2,box1,box2,box3,box4,box5,box6,box7,box8,box9,Nfit,BZ-2,BZ-1,BZ0,BZ1,BZ2,Excited,c5,c7,c9,fraction95,fraction75,fraction97,sum95,two2D_bg,two2D_a1,two2D_sh1,two2D_sv1,two2D_ch1,two2D_cv1,two2D_a2,two2D_sh2,two2D_sv2,two2D_ch2,two2D_cv2,two2D_chd,two2D_cvd
0,43.165,0,17447.4,-0.536291,37.5594,-11.9494,122.266,-3.18889,1059.57,497.993,-7.74207,-4.88485,-10.9332,-1.87363,-1.71397,162.979,11283.6,24.804,8124.77,124603,-8.76831,-5.91109,-12.9856,-2.89987,-2.7402,0.610101,11055,16.3376,7896.17,0.619477,0.99742,0.00379694,17845.7,-0.00213499,1.09087,11.8708,10.6738,121.921,89.6337,0.708401,12.0181,12.3614,121.241,139.617,0.680361,-49.9836 
1,43.36,1,19691.7,-0.646315,41.9383,11.9467,121.928,-0.0173832,63.7195,209.86,-4.93919,-3.83983,-11.4215,-3.30142,-2.02279,83.9466,12604,37.1669,8973.31,16346.1,-5.46778,-4.36842,-12.4787,-3.83001,-2.55138,0.565146,12486.2,32.8061,8855.56,0.621143,0.995423,0.00677796,20102,-0.00209841,1.23234,11.8824,10.56,121.875,88.827,0.798775,11.8904,12.1948,120.801,138.523,1.07394,-49.6964 
2,43.18,2,13483.5,-0.119945,30.565,11.5818,121.609,0.529694,51.3911,500,-3.22921,-3.12176,-12.142,-1.55881,-3.83507,130.341,8864.25,11.6502,6666.47,12409.9,-4.04993,-3.94249,-13.7835,-2.37953,-4.65579,0.521594,8681.43,4.87928,6483.66,0.608908,0.999017,0.00138436,14257.4,-0.00227631,0.894926,11.7066,10.4695,121.475,89.2369,0.610365,11.8679,12.0324,120.489,139.311,0.985897,-50.0741 
3,43.08,3,16386.4,-0.025604,36.9644,11.3154,122.012,-0.0415236,-18.3008,500,-4.1877,-4.57449,-9.94799,-8.27195,-6.10801,133.268,10671.3,32.1925,7821.86,13640.7,-5.02686,-5.41365,-11.6263,-9.11111,-6.94716,0.695048,10484.4,25.2695,7634.94,0.614905,0.9958,0.0060599,17050.5,-0.00228902,1.12064,11.4225,10.2191,121.947,90.0073,0.756166,11.4803,11.7251,120.973,139.977,0.973091,-49.9696 
4,43.235,4,13049,-0.0427243,29.2432,11.7611,121.818,-0.0606376,154.804,441.25,-4.96586,-4.03486,-10.1024,-7.51829,-3.8346,132.573,8515.03,15.441,6642.74,11501.7,-5.80064,-4.86964,-11.772,-8.35307,-4.66938,0.668065,8329.08,8.55411,6456.79,0.599995,0.998206,0.00243452,13881.9,-0.00216755,0.838833,11.734,10.5841,121.562,89.7172,0.589523,11.9105,12.224,120.4,139.712,1.16182,-49.9947 
5,43.215,5,11992.2,-0.182248,27.7093,11.5974,122.146,0.62888,117.6,0.000607715,-2.81885,-0.139054,-11.0432,-8.49037,-5.98409,112.71,7922.72,19.3892,6147.43,12868.7,-3.52855,-0.848757,-12.4626,-9.20007,-6.69379,0.619274,7764.63,13.5341,5989.34,0.601189,0.996959,0.00414536,12915.5,-0.00227486,0.775686,11.7976,10.6681,121.768,89.6981,0.54662,11.9619,12.376,121.028,139.833,0.739733,-50.1345 
6,43.25,6,13768.6,-0.0017129,31.6014,11.4557,122.211,-0.00695772,46.2834,500,1.68234,-0.562059,-6.93487,-9.72315,-7.42946,134.678,9366.25,21.1954,6740.44,11795.3,0.834305,-1.41009,-8.63094,-10.5712,-8.27749,0.692361,9177.35,14.1991,6551.54,0.619603,0.9973,0.0039765,14811.7,-0.00252193,0.945737,11.7006,10.451,121.973,89.6691,0.62353,11.7163,12.0597,121.18,139.714,0.79286,-50.0449 
7,43.28,7,18612.6,-0.0710961,40.2316,11.5801,122.159,-0.0865829,126.584,500,-6.73957,-6.54237,-8.12418,-6.39702,-6.05184,143.227,11872.4,31.4544,8909.46,15522.9,-7.64143,-7.44423,-9.92791,-7.29888,-6.95371,0.747164,11671.5,24.014,8708.57,0.609133,0.996412,0.00505396,19160.9,-0.00235941,1.17603,11.6732,10.6417,122.015,89.8265,0.812468,11.8185,11.9521,121.052,139.984,0.962952,-50.1575 
8,43.2,8,14323.6,-0.0409612,31.6288,-11.8565,122.263,-0.00566346,27.2811,500,-12.0493,-6.00858,-11.4579,-12.9188,-9.51392,134.026,9628.39,22.8762,6993.89,12212.7,-12.8932,-6.85251,-13.1457,-13.7627,-10.3578,0.769422,9440.4,15.9138,6805.9,0.617283,0.997059,0.00428879,15293.5,-0.00251357,0.929666,11.9825,10.7272,122.002,89.0989,0.604158,12.3502,12.1874,121.223,139.041,0.779222,-49.9422 
9,43.14,9,17644,-0.000164709,39.1491,-11.4272,122.109,0.0540746,-42.8099,1.15557e-05,-3.89819,-2.5112,-6.57874,-4.65857,-2.9318,171.87,11906.7,33.3862,8140.35,14638.6,-4.98041,-3.59342,-8.74318,-5.74079,-4.01402,0.677038,11665.6,24.4579,7899.29,0.631975,0.996344,0.00567121,18459,-0.00256665,1.20947,11.6643,10.3416,122.034,89.0555,0.763162,11.7137,11.8538,121.034,138.923,1.00026,-49.8677 
10,43.17,10,15238,0.0239066,33.3114,-11.6798,122.219,-0.0142893,-18.5575,500,-9.66957,-4.59913,-4.29163,-6.89193,-3.58064,173.673,10161.7,40.8373,7316.51,12674.2,-10.7631,-5.6927,-6.47878,-7.9855,-4.67421,0.817983,9918.07,31.8154,7072.92,0.619849,0.994418,0.00821806,16000.8,-0.00233512,0.979794,12.0136,10.6114,122.042,89.7707,0.651889,11.7689,12.2858,121.028,139.797,1.01401,-50.0261 
11,43.205,11,13931.2,-0.0300389,30.5523,11.905,122.358,0.0285097,-2.52387,500,-5.0669,-3.72321,-8.58578,-6.51696,-5.66302,192.276,9463.72,48.3541,6777.17,11842.8,-6.27761,-4.93392,-11.0072,-7.72767,-6.87373,0.701055,9194.03,38.3657,6507.49,0.621619,0.99275,0.0107437,14790.5,-0.0025064,0.883624,12.0786,10.8825,122.043,90.0158,0.573478,12.3525,12.6169,121.32,140.47,0.723372,-50.4541 
12,43.1,12,18680.6,-0.752207,40.9617,11.9885,121.944,0.406477,171.549,482.094,-4.86985,-3.82565,-9.84025,-6.18644,-6.04521,138.535,12048.4,21.4154,8958.79,18256,-5.74217,-4.69796,-11.5849,-7.05875,-6.91753,0.678209,11854.1,14.2188,8764.49,0.611303,0.997905,0.00297958,19391.6,-0.00250267,1.19526,11.8622,10.4482,121.958,89.1166,0.808325,11.9725,11.9386,120.83,138.871,1.1274,-49.7546 
13,43.16,13,16349.7,-0.360059,36.1583,11.8019,121.879,0.0964072,-21.6686,1.72942e-06,-9.5002,-6.60696,-7.04813,-5.00992,-6.24919,189.8,10452.4,33.0451,8116.96,13959.7,-10.6953,-7.80208,-9.43837,-6.20504,-7.44431,0.773035,10186.2,23.1853,7850.75,0.601387,0.996033,0.00541079,16937.8,-0.00233516,1.03133,11.8329,10.5068,121.609,88.9987,0.728412,11.8354,12.1292,120.753,138.878,0.856608,-49.8797 
14,43.06,14,20349.8,-0.462979,43.5078,11.7876,122.158,0.0755668,-494.068,0.751513,-7.20148,-9.58916,-11.584,-9.75118,-9.38947,157.365,13196.2,54.3557,9441.84,17910.4,-8.19237,-10.58,-13.5657,-10.7421,-10.3804,0.746248,12975.5,46.1809,9221.12,0.62067,0.99381,0.00914123,20905.7,-0.00244579,1.28905,11.9023,10.4963,122.046,89.0538,0.858463,11.8755,11.9967,120.955,138.822,1.09142,-49.7681 
15,43.185,15,14486.3,0.0763546,31.8946,11.7807,122.119,-0.0217503,30.4922,1.85516e-12,-3.52693,-5.02539,-7.76987,-8.73471,-1.54482,165.499,9740.16,18.3397,7026.56,12253.2,-4.56904,-6.0675,-9.85408,-9.77682,-2.58692,0.700068,9508.03,9.74228,6794.43,0.619366,0.99821,0.00263437,15351.2,-0.00250948,0.942025,11.9304,10.7516,121.931,89.5527,0.594345,12.3338,12.4872,121.098,139.68,0.832677,-50.1272 
16,43.3,16,19469.1,-0.00818095,42.3462,11.6077,122.048,0.0184249,-4.1328,0.183107,-5.52522,-5.72294,-8.13737,-4.08967,-5.35643,157.392,12587.4,17.2087,9163.92,16003.8,-6.51627,-6.714,-10.1195,-5.08072,-6.34748,0.709026,12366.7,9.03248,8943.17,0.616552,0.998723,0.00185705,20057.8,-0.00259777,1.26007,11.7741,10.4713,121.968,89.9915,0.836481,11.8636,12.0225,121.033,140.094,0.935571,-50.1026 
17,43.19,17,15370.3,-0.0994856,34.1227,11.7223,122.186,-0.063735,66.1219,0.295455,-5.52364,-4.91594,-7.35407,-5.40581,-8.30417,176.069,10165.3,24.6655,7348.25,13158.4,-6.6323,-6.0246,-9.57139,-6.51447,-9.41283,0.749148,9918.39,15.5191,7101.3,0.618913,0.997269,0.00400957,16025.5,-0.00229157,0.984242,11.815,10.7303,121.727,89.3124,0.642484,12.0686,12.3033,120.909,139.343,0.817688,-50.0306 
18,43.27,18,18462.5,-0.0658984,40.2994,-11.6101,122.054,-0.165446,425.775,3.91858e-12,-7.02106,-2.78936,-5.37841,-7.84622,-7.07156,142.541,12318.5,38.9611,8389.63,17524.2,-7.9186,-3.6869,-7.17349,-8.74376,-7.9691,0.797883,12118.5,31.5564,8189.7,0.632436,0.995464,0.00704794,19161.7,-0.00253479,1.19374,11.7594,10.8147,121.926,89.1765,0.74699,11.8629,12.3723,120.917,139.033,1.00922,-49.8564 
19,43.225,19,13681.2,-0.0228484,30.2091,11.7201,121.904,-0.00588905,-21.6319,5.51383e-12,-9.69963,-5.86022,-6.73486,-7.94717,-6.51961,185.207,9207.06,16.6002,6597.71,11529.8,-10.8658,-7.02641,-9.06726,-9.11337,-7.68581,0.792789,8947.29,6.97904,6337.94,0.621429,0.998637,0.00202434,14397.9,-0.00220585,0.896147,11.7431,10.7207,121.825,88.9836,0.590538,11.9825,12.0785,120.849,138.986,0.976624,-50.0025 
20,43.32,20,20459.8,-0.679672,44.774,11.7231,122.197,-0.126748,1372.15,500,-4.66943,-5.01925,-8.85067,-5.30653,-0.892662,153.831,13101.3,42.2212,9520.2,22748.5,-5.63806,-5.98789,-10.7879,-6.27517,-1.86129,0.64688,12885.5,34.23,9304.44,0.616905,0.995373,0.00673129,20887.3,-0.00240838,1.29727,11.7067,10.5796,122.168,89.8045,0.849584,11.7445,12.3777,121.087,139.744,1.08102,-49.9391 
21,43.12,21,19380.3,-0.00226484,41.9748,11.5011,122.01,0.0636664,-13.3137,500,-4.85144,-6.22661,-13.7718,-9.28999,-9.72933,112.928,12529.1,18.2859,8948.19,15742.9,-5.56252,-6.93769,-15.194,-10.0011,-10.4404,0.684351,12370.7,12.4195,8789.8,0.62071,0.998246,0.00259603,19930,-0.00231321,1.25416,11.681,10.5227,121.962,89.8439,0.817895,11.7556,12.0091,121.044,140.04,0.918674,-50.1957 
22,43.195,22,13292.4,-0.51105,29.3591,-12.1858,121.942,0.135914,-147.272,0.00362871,-8.72895,-5.80546,-10.3292,-7.87355,-4.86341,166.744,8714.92,24.085,6681.54,12298,-9.7789,-6.85541,-12.429,-8.92349,-5.91336,0.71688,8481.04,15.4229,6447.67,0.604664,0.996828,0.00438701,14026,-0.00221488,0.824005,11.9692,10.7761,121.722,89.548,0.577277,12.3227,12.2819,120.966,139.546,0.756166,-49.9984 
23,43.26,23,18729.6,0.0791992,40.1197,11.6159,122.036,-0.0639165,-48.0812,499.998,-7.76065,-9.06083,-11.6896,-6.13631,-2.40587,165.488,11755.6,43.7164,9064.47,15270.7,-8.80268,-10.1029,-13.7737,-7.17834,-3.4479,0.681941,11523.5,35.1196,8832.35,0.602715,0.994695,0.0072714,19119.3,-0.00226526,1.15424,11.8089,10.5298,121.863,89.8374,0.806758,11.9069,12.2274,120.946,140.049,0.916752,-50.2119 
24,43.23,24,14195.6,-0.551589,31.6675,12.0409,122.234,-0.761004,-569.082,500,-2.80368,-5.56332,-10.381,-7.20722,-4.68234,138.147,9466.45,27.1353,6910.88,26510.7,-3.67356,-6.43319,-12.1207,-8.0771,-5.55222,0.661968,9272.69,19.9588,6717.11,0.61615,0.996247,0.00544372,15049.4,-0.00228002,0.879449,12.076,10.9805,122.024,89.1529,0.598201,11.9325,12.4695,121.142,139.177,0.881894,-50.0242 
25,43.175,25,18014.1,-0.0584152,38.875,-11.6478,121.984,0.0423045,-4.41827,500,-5.03746,-5.2085,-8.54665,-10.9496,-5.74999,141.36,11852.4,28.891,8270.01,14746.6,-5.92757,-6.09861,-10.3269,-11.8397,-6.64009,0.747094,11654.1,21.5476,8071.74,0.626707,0.996775,0.00489347,18595.8,-0.00228538,1.15937,11.8419,10.5782,121.845,89.1577,0.729788,12.0296,12.2182,120.957,139.183,0.888464,-50.0258 
26,43.34,26,18408.9,-0.00765345,40.452,11.4231,122.188,6.27964e-05,-82.1914,2.58001e-11,-10.4986,-7.09061,0.492418,-10.2733,-6.57736,180.357,12006.8,21.4311,8586.82,15042.6,-11.6343,-8.22627,-1.7789,-11.409,-7.71302,0.956358,11753.8,12.0619,8333.85,0.621207,0.998207,0.00265905,18920.9,-0.00237651,1.22174,11.5939,10.4125,122.031,89.9835,0.805329,11.6378,11.8548,121.258,140.244,0.77281,-50.2605 
27,43.24,27,15536.1,-0.701711,34.7707,11.9941,121.952,-0.391625,1351.75,470.252,-9.03903,-5.86187,-5.51154,-3.48367,-4.09199,124.149,10327.8,35.7629,7441.52,30809.2,-9.82077,-6.6436,-7.07501,-4.26541,-4.87373,0.783497,10153.7,29.3136,7267.39,0.61899,0.994973,0.00737548,16403.7,-0.00235516,1.03264,11.8042,10.3405,121.687,89.1744,0.67668,12.0038,11.9479,120.857,139.078,0.830704,-49.9038 
28,43.38,28,16685,-0.0806191,37.3193,11.427,122.122,0.126037,-10.9241,484.271,-2.62299,-5.18286,-8.062,-7.70438,-9.24923,155.002,11184,16.7017,7837.25,13927.2,-3.599,-6.15887,-10.014,-8.68039,-10.2252,0.741089,10966.6,8.6496,7619.85,0.62596,0.998622,0.00208669,17519.7,-0.00249122,1.14728,11.5916,10.3454,122.005,89.6065,0.72064,11.821,11.9127,120.988,139.633,1.01662,-50.0265 
29,43.21,29,13801.7,-0.0306377,30.7645,11.7936,121.876,0.00925014,-11.3288,5.08649e-12,-9.45936,-5.60888,-12.4505,-2.94673,-1.87996,137.845,8920.22,29.9042,7009.29,11814.5,-10.3273,-6.47685,-14.1865,-3.8147,-2.74793,0.622231,8726.88,22.7434,6815.95,0.598199,0.99546,0.00610917,14588.6,-0.00237326,0.83097,12.1125,10.951,121.621,89.7717,0.608385,12.107,12.4722,120.704,139.998,0.917064,-50.2261 
30,43.22,30,14451.4,-0.591535,32.3831,11.7651,121.983,0.112016,31.7022,454.263,-6.83137,-4.34996,-9.78341,-7.96335,-4.68832,71.2603,9472.54,10.5755,6989.95,12518,-7.28007,-4.79866,-10.6808,-8.41206,-5.13703,0.705833,9372.59,6.87367,6890,0.612668,0.998718,0.00183437,15298,-0.00216878,0.938491,11.6764,10.6647,121.845,89.6575,0.620897,11.9869,12.1393,121.051,139.767,0.794032,-50.1095 
31,43.03,31,21111,-0.055997,45.3491,-11.5728,122.076,-0.0409548,168.58,1.1411e-11,-6.78516,-5.32156,-8.08231,-9.18213,-5.84125,175.429,13856,37.0556,9483.07,17309.3,-7.88979,-6.42619,-10.2916,-10.2868,-6.94588,0.754027,13610,27.9425,9237.02,0.631442,0.99642,0.00554158,21553.8,-0.00235199,1.36796,11.7048,10.5762,122.052,89.1121,0.830879,11.8502,12.3935,120.949,139.03,1.10248,-49.9183 
32,43,32,20051.5,-0.259421,43.1841,11.7015,122.192,0.186408,-882.923,500,-4.71322,0.377989,-12.0672,0.771994,-4.2734,140.335,13201.2,50.2756,8938.51,21807.5,-5.59687,-0.505661,-13.8345,-0.111656,-5.15705,0.451137,13004.3,42.9855,8741.67,0.633672,0.994249,0.00897689,20522.2,-0.00225637,1.29304,11.848,10.5513,122.025,89.0336,0.802401,11.7426,12.2491,121.107,138.89,0.918438,-49.8568 
33,43.41,33,19561.8,-0.0544616,41.6404,11.58,122.045,0.00768594,71.7569,480.55,-4.07917,-4.3967,-9.90216,-6.77405,-0.24473,179.36,12587.6,39.0583,8997.17,15715,-5.20855,-5.52608,-12.1609,-7.90343,-1.37411,0.622016,12336,29.7409,8745.6,0.621236,0.995799,0.0062254,19857.3,-0.00218211,1.24156,11.8311,10.4931,122.018,89.3969,0.818884,11.7162,12.0796,121.035,139.231,0.982572,-49.8338 
34,43.44,34,19070.9,-0.224123,41.2929,11.6871,121.965,-0.251615,-24.7956,500,-3.62851,-4.31492,-12.3225,-9.72783,-9.07412,179.888,12381.5,33.6369,8919.4,15913.2,-4.76121,-5.44762,-14.5879,-10.8605,-10.2068,0.681932,12129.2,24.2921,8667.09,0.619377,0.996507,0.00513653,19582.9,-0.00238016,1.23647,11.6971,10.4836,121.849,89.6536,0.799639,11.8111,12.1906,120.965,139.676,0.883913,-50.0226 
35,43.165,35,16148,-0.115431,35.1915,11.8118,121.903,0.00942465,222.39,499.662,-2.39214,-1.2011,-9.48582,-7.07913,-8.15888,148.232,10092.1,23.397,8169.32,13599.8,-3.32552,-2.13448,-11.3526,-8.01251,-9.09226,0.665287,9884.17,15.6966,7961.41,0.59077,0.997229,0.00361873,16731,-0.00228206,0.984141,11.9334,10.5403,121.67,89.9719,0.719135,12.0833,12.1746,120.919,140.027,0.751185,-50.0553 
36,43.36,36,17215.6,0.0106028,38.1838,11.3613,121.931,-0.00514683,-8.13974,3.7624e-11,-4.68996,-4.17915,-5.8928,-8.54781,-2.36693,157.206,11021.5,29.5675,8263.03,14123.6,-5.67984,-5.16904,-7.87257,-9.5377,-3.35682,0.750994,10801,21.401,8042.53,0.609621,0.996545,0.00487789,17717.6,-0.00223882,1.11966,11.6554,10.3669,121.846,89.2369,0.776846,11.508,11.9434,120.876,138.912,0.969507,-49.6747 
37,43.18,37,15458.5,-0.0179195,34.3,11.6927,122.1,-0.0778525,117.608,500,-5.00176,-7.61653,-8.71758,-4.09512,-4.09735,99.2203,10409.8,19.369,7289.88,13353.9,-5.62652,-8.2413,-9.9671,-4.71988,-4.72212,0.70048,10270.7,14.2147,7150.71,0.625487,0.997584,0.0036485,16420.3,-0.00254,1.02266,11.8319,10.6266,121.793,89.1242,0.65108,12.0246,12.2782,121.11,138.996,0.683213,-49.872 
38,43.08,38,18011.9,-0.195239,38.8856,-11.6401,121.925,0.097874,-61.6516,0.00550326,-5.75692,-5.42063,-8.94693,-2.71926,-1.38087,211.051,11439,33.6171,8433.68,14931.2,-7.08586,-6.74956,-11.6048,-4.04819,-2.7098,0.639583,11142.9,22.6534,8137.66,0.614229,0.996455,0.00510183,18141.3,-0.00201787,1.14211,11.7591,10.4406,121.768,89.4404,0.77335,11.7557,11.9381,120.792,139.271,0.97537,-49.8306 
39,43.235,39,13925.5,-0.241254,30.9308,11.9154,121.709,-0.197163,1208.65,500,-4.65454,-6.30998,-11.5235,-6.49671,-4.06975,98.3478,9096.16,14.7212,7045.48,19755.1,-5.27381,-6.92925,-12.7621,-7.11598,-4.68902,0.652923,8958.22,9.61221,6907.54,0.601275,0.998126,0.00255684,14898.7,-0.00243653,0.916372,11.7994,10.3692,121.481,89.3599,0.624843,12.3428,11.9766,120.666,139.368,0.815124,-50.0078 
40,43.215,40,14777.2,-0.615252,32.4317,12.0967,121.946,-0.151967,95.515,349.978,-6.16252,-5.14725,-11.4089,-2.88754,-6.3061,117.249,9665.96,20.6943,7124.13,13243.7,-6.90081,-5.88553,-12.8855,-3.62582,-7.04439,0.645438,9501.51,14.6034,6959.67,0.613522,0.997318,0.00385039,15486.8,-0.00214379,0.914365,12.0333,10.8263,121.727,89.3603,0.611956,12.017,12.475,121.071,139.266,0.655168,-49.9057 
41,43.25,41,15488.2,-0.185847,33.9978,11.6614,121.969,0.0727273,65.9628,500,-7.77726,-2.80762,-12.9515,-5.82539,-0.910701,160.494,9950.67,18.0227,7505.92,13062.3,-8.78785,-3.81821,-14.9727,-6.83598,-1.92129,0.587938,9725.56,9.68534,7280.81,0.60834,0.99826,0.00244448,15987.1,-0.00212856,0.978555,11.7734,10.5901,121.819,89.7701,0.671004,11.8664,12.2267,120.988,139.775,0.83086,-50.005 
42,43.28,42,18816,-0.0430996,40.4389,11.6275,121.827,0.314164,-506.152,8.546e-07,-8.8952,-3.67375,-4.65004,-7.31386,-5.95852,148.769,12595.3,21.8688,8331.34,20483.2,-9.83196,-4.61051,-6.52356,-8.25062,-6.89528,0.819352,12386.6,14.1405,8122.68,0.639404,0.998006,0.00319661,19372.1,-0.00226858,1.26114,11.6986,10.4442,121.689,89.2154,0.754207,11.9312,12.0016,120.761,139.217,0.928721,-50.0015 
43,43.2,43,14929.3,-0.623981,32.3572,12.209,122.023,0.315643,230.245,33.2515,-5.864,-5.30892,-13.3566,-8.78591,-1.88184,176.224,10038.5,32.7875,6911.85,15225.9,-6.97364,-6.41856,-15.5759,-9.89554,-2.99147,0.627862,9791.28,23.6331,6664.68,0.630763,0.995794,0.00648974,15522.9,-0.00219797,0.944106,12.1054,10.8013,121.853,89.0959,0.589231,12.2177,12.5057,120.96,139.068,0.89216,-49.9724 
44,43.14,44,19195.3,-0.0204114,41.2135,11.6384,121.887,0.0747967,-39.9035,0.474508,-2.91806,-5.97515,-11.1191,-3.28604,-3.12712,139.292,12387.2,53.3733,8798.78,15711.7,-3.79514,-6.85223,-12.8733,-4.16313,-4.0042,0.593749,12191.8,46.1374,8603.41,0.622325,0.993421,0.009782,19590.7,-0.00223376,1.22206,11.8152,10.5032,121.741,89.1801,0.793538,11.8108,12.2272,120.765,139.136,0.976852,-49.9562 
45,43.17,45,15985.1,-0.0361579,35.1816,11.7425,122.12,-0.0107289,19.4253,4.38933e-11,-5.01313,-7.99046,-9.48769,-5.43757,0.55586,124.542,10772.6,27.401,7503.02,13455.2,-5.79734,-8.77467,-11.0561,-6.22178,-0.228348,0.655339,10597.9,20.9313,7328.34,0.627086,0.996556,0.00523392,16900.3,-0.00258291,1.06343,11.9149,10.4792,121.952,89.0153,0.676945,12.0366,12.1476,121.124,139.027,0.827992,-50.0115 
46,43.205,46,13614.9,-0.147337,30.1243,11.8937,122.121,-0.00773587,185.307,499.998,-2.61771,-3.43984,-7.54866,-9.10913,1.55962,101.685,8969.98,15.948,6679.51,11710.2,-3.258,-4.08012,-8.82922,-9.74941,0.919339,0.646795,8827.36,10.6657,6536.89,0.610929,0.99789,0.0029966,14449.1,-0.00221703,0.847543,12.0129,10.841,121.959,89.5742,0.571089,11.9458,12.79,120.889,139.954,1.06988,-50.3795 
47,43.1,47,19654.9,-0.0282424,42.1482,11.6373,121.589,0.0164483,-25.6626,0.0941314,-5.92995,-4.12105,-15.1372,-5.85261,-2.05961,152.541,12201,41.7822,9500.2,15980.8,-6.89046,-5.08156,-17.0583,-6.81312,-3.02012,0.561073,11987,33.858,9286.25,0.600155,0.995081,0.00667157,19973.2,-0.00218471,1.20393,11.7301,10.5538,121.511,90.1839,0.854681,11.82,12.0924,120.44,140.345,1.07131,-50.1611 
48,43.16,48,16710.7,-0.00216649,36.0965,11.6869,121.975,0.021552,-1.56378,2.6861e-11,-2.56561,-5.42128,-11.8704,-6.06238,-5.75875,168.41,10968.2,18.0825,7900.55,13733.9,-3.62604,-6.48171,-13.9912,-7.12281,-6.81918,0.632206,10732,9.33394,7664.34,0.619512,0.99848,0.00223837,17323.3,-0.002369,1.08109,11.8503,10.533,121.823,89.8696,0.69992,12.1181,12.113,121.011,140.014,0.81147,-50.1448 
49,43.06,49,17386.6,-0.00052133,38.2058,-11.4953,122.15,0.0250269,-15.8159,3.73923e-11,-3.87209,-4.8932,-14.5817,-3.03391,-4.6598,141.037,11519.6,41.1343,8063.98,14309.9,-4.76016,-5.78127,-16.3579,-3.92198,-5.54787,0.550227,11321.8,33.8077,7866.16,0.625974,0.994802,0.00785494,18086.7,-0.00236656,1.16107,11.6893,10.4285,122.026,89.3422,0.753312,11.7515,11.7926,121.007,139.128,1.01956,-49.7859 
50,43.185,50,15465.1,-0.160582,33.9083,11.8994,122.076,-0.0313136,182.865,500,-5.48643,-5.27365,-3.78949,-7.11338,-3.71198,106.705,10336.3,22.017,7480.33,13321.3,-6.15833,-5.94554,-5.13327,-7.78527,-4.38387,0.825436,10186.6,16.4739,7330.66,0.617708,0.997178,0.00412263,16491,-0.00263491,1.00837,12.0235,10.5877,121.851,89.6616,0.661811,12.2887,12.0181,121.096,139.705,0.755013,-50.043 
51,43.3,51,18955.6,-0.0560625,40.6696,11.6471,121.969,-0.0408258,13.8039,499.953,-9.15218,0.223118,-4.25912,-7.3681,-1.15407,149.04,12439.2,31.0953,8679.45,15438.2,-10.0906,-0.715346,-6.13605,-8.30656,-2.09254,0.775575,12230.1,23.353,8470.41,0.626714,0.99667,0.00505304,19514.7,-0.00238666,1.23233,11.813,10.5183,121.897,88.7918,0.792185,11.825,11.9901,120.796,138.43,1.10107,-49.6385 
52,43.19,52,15064.2,-0.59544,32.4327,-12.171,121.888,0.129942,-705.967,388.681,-8.54407,-8.15039,-7.17014,-6.52109,-4.86187,182.714,9632.4,31.5436,7238.23,15836.3,-9.69458,-9.30089,-9.47115,-7.67159,-6.01237,0.775302,9376.12,22.052,6981.95,0.609607,0.995901,0.00578451,15380.6,-0.00197236,0.903761,12.1238,10.8315,121.633,89.6904,0.62981,11.9796,12.3681,120.974,139.777,0.659872,-50.0867 
53,43.27,53,17721.4,-0.0257208,37.0364,11.855,122.133,-0.0111416,22.3002,489.979,-7.77217,-11.7785,-11.5349,-7.84135,-7.64349,143.582,11633.7,25.4864,8097,14301.2,-8.67627,-12.6826,-13.3431,-8.74544,-8.54759,0.743378,11432.3,18.0276,7895.62,0.627372,0.997248,0.00418835,18222.6,-0.0022997,1.13136,11.9293,10.652,121.933,88.7916,0.70218,12.2868,12.21,121.132,138.548,0.800808,-49.7564 
54,43.225,54,15890.5,-0.0894966,34.4618,11.6565,121.947,-0.00824834,4.09492,8.58812,-8.83494,-6.49846,-16.5491,-3.23393,-4.77843,125.143,10413.8,29.3724,7636.72,13077.9,-9.62293,-7.28646,-18.1251,-4.02193,-5.56643,0.593816,10238.3,22.8714,7461.2,0.61473,0.996106,0.00561505,16654.9,-0.00237058,0.983989,12.0617,10.8302,121.826,88.7257,0.651492,12.1241,12.5478,120.933,138.583,0.892333,-49.8574 
55,43.32,55,19254.1,-0.659243,40.9957,12.0189,122.018,-2.28939,1035.76,140.605,-0.554291,-4.31747,-7.12924,-7.87037,-2.16,114.664,12407.5,25.3581,8917.65,93232.4,-1.2763,-5.03948,-8.57325,-8.59238,-2.88201,0.674805,12246.6,19.4015,8756.83,0.619221,0.997235,0.00406476,19777.5,-0.00220206,1.21632,11.8928,10.4635,121.955,89.0233,0.801265,11.9643,12.0141,120.998,138.819,0.957047,-49.7956 
56,43.12,56,18171,-0.367621,39.3043,11.6872,121.822,-0.0227424,228.648,5.02642,-9.08075,-8.11238,-9.14818,-3.85986,-2.18869,176.408,11655.8,19.3433,8425.07,15122.8,-10.1915,-9.22317,-11.3698,-4.97065,-3.29949,0.708875,11408.4,10.1792,8177.64,0.618638,0.998441,0.00228773,18441.2,-0.00210121,1.17266,11.653,10.4304,121.875,89.4139,0.760734,11.8884,12.0884,121.004,139.393,0.870827,-49.9786 
57,43.195,57,13539.4,-0.0693455,29.8736,11.7509,122.295,0.23673,119.247,8.3483e-13,-7.93587,-13.8455,-13.7169,-4.78111,-3.12899,161.316,9084.68,10.2928,6560.3,12346.6,-8.95164,-14.8613,-15.7485,-5.79687,-4.14475,0.681869,8858.42,1.91273,6334.04,0.619223,0.999622,0.000555963,14305.7,-0.00220053,0.87878,11.8257,10.6963,122.056,89.5275,0.579273,12.0908,12.182,121.29,139.687,0.766013,-50.1595 
58,43.26,58,16049.8,-0.621363,35.2093,11.9028,121.734,-0.0890568,-522.586,182.266,-2.76109,-2.41564,-9.82695,-4.67685,-2.67544,143.477,10517.2,25.2388,7495.85,15157.8,-3.66453,-3.31908,-11.6338,-5.58029,-3.57887,0.581164,10316,17.7855,7294.61,0.621843,0.996992,0.00447128,16589.3,-0.00204763,1.05007,11.758,10.3542,121.577,89.0274,0.683947,11.8699,11.9826,120.621,138.822,0.956204,-49.7948 
59,43.23,59,14886.4,-0.0416953,31.9362,11.8279,121.804,-0.000203634,36.8422,500,-9.46552,-3.7877,-7.97475,-9.94532,-6.20283,151.39,9505.53,36.7456,7342.14,12296.9,-10.4188,-4.74096,-9.88127,-10.8986,-7.15609,0.770713,9293.19,28.8812,7129.8,0.602483,0.994591,0.00740668,15424.8,-0.00199615,0.912091,11.9715,10.6465,121.636,89.0514,0.635511,12.1385,12.1719,120.685,138.921,0.951006,-49.8694 
60,43.175,60,16397,-0.0543559,35.7265,11.6304,121.977,0.0253721,-28.3568,500,-7.78111,-7.07553,-11.7003,-0.733186,-2.93801,163.078,10889.6,23.337,7551.34,13549.7,-8.80797,-8.10239,-13.754,-1.76004,-3.96486,0.622031,10660.9,14.8655,7322.61,0.628653,0.997566,0.00372569,16958.4,-0.00225074,1.05628,11.8418,10.7417,121.79,89.4261,0.672462,11.8982,12.2278,120.947,139.543,0.842624,-50.1165 
61,43.34,61,17877.5,-0.0407952,39.0282,-11.4595,121.813,0.0355273,-2.86274,500,-8.09726,-3.48469,-8.71795,-6.45874,-7.59488,139.082,11348.5,26.4628,8512.72,14562.6,-8.97302,-4.36044,-10.4695,-7.3345,-8.47064,0.735673,11153.4,19.2378,8317.64,0.609257,0.996991,0.00424251,18306.6,-0.00215504,1.14973,11.5687,10.4079,121.737,89.8549,0.795315,11.6701,11.9136,120.805,139.866,0.932514,-50.0106 
62,43.24,62,15114.1,-0.0359837,33.206,11.6326,122.103,0.0248441,-15.6241,499.999,-6.20951,-5.17184,-6.35199,-0.388403,5.76036,116.522,9963.78,33.4415,7137.71,12587.1,-6.94322,-5.90555,-7.81941,-1.12211,5.02665,0.53355,9800.35,27.3884,6974.28,0.620345,0.995133,0.0071821,15798.2,-0.00220966,0.982426,11.7344,10.6602,122.009,89.3449,0.633077,11.9603,12.2836,121.137,139.42,0.872174,-50.0751 
63,43.38,63,18814.8,-0.669527,41.4517,-11.691,122.103,0.108241,200.128,489.617,-4.77336,-5.82628,-6.93087,-7.66995,-4.14548,134.33,12316.4,34.6143,8551.41,16480.9,-5.6192,-6.67212,-8.62255,-8.51579,-4.99132,0.749497,12127.9,27.6361,8363,0.627736,0.996028,0.00605053,19320.1,-0.00221492,1.2288,11.6411,10.5581,122.064,89.1713,0.777754,11.6879,12.1335,121.032,138.977,1.03238,-49.8053 
64,43.21,64,12943.6,-0.0249846,29.0069,11.6373,121.898,0.00832975,7.96773,7.49911e-11,-10.2759,-6.06504,-11.701,-7.68245,-5.50348,141.09,8635.16,31.2947,6417.04,10990.9,-11.1643,-6.95344,-13.4778,-8.57086,-6.39189,0.710518,8437.27,23.9653,6219.15,0.612029,0.995054,0.00704847,13785.7,-0.00224838,0.83719,11.8434,10.7126,121.809,89.3164,0.578685,11.9751,12.0671,120.842,139.564,0.96693,-50.2476 
65,43.22,65,12679.5,-0.594808,29.3883,11.9227,121.688,0.470107,-384.506,500,-3.96706,-5.54281,-11.0844,-2.86291,-4.41074,146.893,8841.59,8.16822,6002.95,17290.5,-4.89201,-6.46776,-12.9343,-3.78786,-5.33569,0.61295,8635.56,0.537404,5796.91,0.633993,0.999891,0.000170744,13620.9,-0.0023827,0.861161,11.9287,10.621,121.391,88.4965,0.555792,11.8155,12.0854,120.546,138.291,0.844476,-49.7947 
66,43.03,66,17121.3,-0.638573,38.1572,11.6444,121.951,0.15268,1317.94,202.287,-4.62254,-5.40043,-10.3063,-8.36274,0.758485,192.218,11272.3,21.5752,7905.86,21014.5,-5.83288,-6.61078,-12.727,-9.57309,-0.451863,0.638393,11002.7,11.5899,7636.25,0.626226,0.99816,0.00278805,17569.9,-0.002213,1.15693,11.4939,10.3214,121.734,89.7156,0.741032,11.6154,12.0011,120.972,139.648,0.762264,-49.9325 
67,43,67,19721.5,-0.629997,42.1376,-11.8614,121.541,0.0870653,1033.33,231.025,-4.21435,-3.61035,-12.2016,-7.33627,-4.51133,146.063,12499.4,35.6427,9134.22,19199.2,-5.13407,-4.53007,-14.041,-8.25599,-5.43105,0.624493,12294.5,28.055,8929.35,0.615534,0.996023,0.00575437,19973.8,-0.00208718,1.24928,11.8033,10.3742,121.438,88.7366,0.83317,11.8297,11.9409,120.479,138.413,0.959328,-49.6762 
68,43.41,68,17079,0.00657388,37.7834,-11.3172,121.804,-0.292872,259.595,0.00268596,-11.1354,-8.3651,-10.8874,-9.25197,-3.7368,153.114,11188.9,31.9566,7937.22,16394.9,-12.0995,-9.32922,-12.8156,-10.2161,-4.70092,0.739315,10974.1,24.0027,7722.47,0.622983,0.996187,0.00569297,17615.4,-0.00216183,1.14729,11.4195,10.3879,121.722,89.629,0.756407,11.5453,11.8197,120.716,139.702,1.00631,-50.073 
69,43.44,69,19280.9,-0.118257,41.4111,11.5379,122.024,-0.383932,250.415,5.42121,-4.06107,-4.98421,-11.8415,-2.29562,-3.9515,125.864,12283.1,30.9333,8906.03,18683.6,-4.8536,-5.77674,-13.4266,-3.08815,-4.74404,0.57896,12106.6,24.3949,8729.49,0.617243,0.996486,0.00512147,19613.9,-0.00202475,1.22693,11.6498,10.4118,121.868,89.3339,0.816452,11.7569,12.0408,120.97,139.357,0.897548,-50.0227 
70,43.44,70,22534.3,-0.0220243,47.7697,11.6782,121.916,0.0426451,-12.5137,0.132245,-1.80378,-3.48543,-5.56826,-4.71579,-7.84132,139.811,14706.8,39.4154,10021.1,18177.7,-2.68414,-4.36578,-7.32897,-5.59615,-8.72167,0.744606,14510.7,32.1525,9825,0.631994,0.996137,0.0059922,22960.2,-0.002376,1.41867,11.8615,10.7339,121.805,89.26,0.881947,11.8226,12.3259,120.786,139.193,1.01947,-49.9331 
71,43.44,71,18587.5,-0.398846,39.6973,-11.7959,121.739,0.163812,-234.503,500,-3.13104,-10.0426,-8.01253,-6.05515,-4.24123,153.8,11763.8,33.6945,8668.7,16494.1,-4.09948,-11.011,-9.9494,-7.02358,-5.20967,0.733211,11548.1,25.7049,8452.98,0.613684,0.99612,0.0055705,18817.7,-0.00204599,1.18543,11.6644,10.435,121.641,89.6484,0.791239,11.9204,11.865,120.775,139.351,0.866242,-49.703 
72,43.44,72,20485.1,-0.126622,43.8282,11.6453,122.016,0.0364723,29.0356,2.00126e-07,-9.1238,-6.07777,-9.90773,-5.88594,-4.00755,156.193,13109.1,46.2738,9445.53,16649.4,-10.1073,-7.06128,-11.8747,-6.86945,-4.99106,0.709691,12890,38.1599,9226.45,0.618976,0.994846,0.0075612,20824.8,-0.00224975,1.28907,11.6972,10.6065,121.843,89.3009,0.84988,11.8156,12.184,120.96,139.188,0.883286,-49.887 
73,43.44,73,17124.6,-0.470952,38.2542,11.5955,121.749,0.336485,708.264,500,-4.60575,-5.75889,-11.3101,-5.04126,-8.89922,148.204,10843.8,32.5757,8317.71,22198,-5.53895,-6.69209,-13.1765,-5.97446,-9.83242,0.680293,10636,24.8768,8109.84,0.603958,0.995924,0.00561887,17610.4,-0.00215708,1.11478,11.4535,10.3263,121.658,89.2098,0.783522,11.7013,11.7758,120.595,139.139,1.06288,-49.9291 
74,43.44,74,17194.9,-0.00743011,37.3669,-11.5385,121.58,0.0133034,1.68752,2.43072e-11,-1.18439,-4.12324,-15.3628,-5.3729,-0.76431,118.572,10936.4,29.5526,8201.48,14036.4,-1.93101,-4.86986,-16.856,-6.11952,-1.51093,0.461251,10770.1,23.393,8035.17,0.609157,0.996213,0.00533435,17680.4,-0.00216565,1.10027,11.6727,10.3997,121.514,89.5407,0.769423,11.7751,11.8352,120.586,139.39,0.92811,-49.8493 
