1.618372420018146840e+03, 4.490623411905750828e+01, 5.856334545161967151e-03, 2.594152169489759399e+04
1.095472835124482299e+04, 4.490373981238519718e+01, 6.606748653847396326e-03, 2.626459473684210388e+04
2.375994006884473947e+03, 4.484921420027048100e+01, 1.906687142431906512e-02, 2.716378999999982989e+04
2.804316132861078131e+03, 4.491729227065831509e+01, 4.174806050927865053e-02, 2.655301052287999846e+04
2.450696347621500990e+03, 4.484645407205670864e+01, 7.531583682484526907e-03, 2.693180407629039109e+04
-2.511878333345355713e+03, 4.484863845709159591e+01, 4.750422628267388439e-03, 2.715828499999999985e+04
1.066441469568212369e+03, 4.479433189471684784e+01, 1.113196989378123225e-01, 2.610595650146729895e+04
2.157829353342109243e+03, 4.490785509183522350e+01, 2.449210973469037600e-01, 2.605280876102250841e+04
6.347176024220504587e+03, 4.484857031215051393e+01, 1.210018218872632029e-02, 2.626872105263157937e+04
2.309238095238091773e+03, -1.927135440192052126e+09, -2.953935304820201993e+08, 2.644509523687581896e+04
1.006412330335851493e+03, 4.489680795018465886e+01, -2.038564313225422683e-02, 2.625593999999998778e+04
2.404356976655933522e+03, 4.485566281511437126e+01, 1.766158089234988460e-02, 2.659955500000000029e+04
1.636852079189490269e+03, 4.487964998673037798e+01, 6.534029279000814865e-03, 2.685337899239534090e+04
2.192040052191729046e+03, 4.486082172899889287e+01, 3.456813499203555823e-02, 2.693334320646677588e+04
3.109555820417363975e+03, 4.479558526835010213e+01, 5.175517526707603538e-02, 2.697765949189661114e+04
-1.837782725326964282e+04, 4.498733863606620531e+01, 1.016436439825917082e-02, 2.660089047610987109e+04
4.476678079920252458e+03, 4.491197520085263051e+01, 3.313898259214788367e-02, 2.696402999999999884e+04
-7.204495220183045603e+03, 4.481222499192809750e+01, 2.762633468353536959e-03, 2.636146666668118633e+04
5.000847981501142385e+03, 4.472695753883226644e+01, 1.152788861886105791e-02, 2.661316501166527451e+04
2.315187171549136110e+03, 4.474402579718158535e+01, 9.672216477122204392e-02, 2.657358869626000160e+04
2.311436978178851405e+03, 4.424533363473159397e+01, -7.477308346199212918e-01, 2.621745155597161647e+04
2.354372744857130783e+03, 4.485714870242832575e+01, 6.659134727042623214e-02, 2.608714007892952577e+04
1.265810926315539064e+03, 4.487059330578933469e+01, -1.727284181765657151e-03, 2.684948095238201131e+04
7.622671914600149421e+02, 4.474881108078591296e+01, -1.550784293266898629e-02, 2.656406999998340689e+04
-1.533982463292544935e+03, 4.502822559851365725e+01, 2.137144585811956085e-02, 2.743690526317695912e+04
-3.169263184876265768e+03, 4.481468104660636698e+01, 4.255013594459451653e-02, 2.752939476218674099e+04
2.567821307728523152e+03, 4.477897918422613799e+01, 2.299050795975661823e-02, 2.655128093212338354e+04
-5.994039717835576084e+03, 4.503061802427149729e+01, -4.006216445887125777e-03, 2.666113999999999942e+04
5.626027047849922383e+03, 4.475486937527389131e+01, 1.368448478025464585e-02, 2.579421590948479934e+04
3.162735472482537261e+03, 4.484899399355591498e+01, 1.109404820282074156e-01, 2.639697253130474564e+04
3.684028195325665820e+03, 4.469618362049379101e+01, -8.462843586611157320e-02, 2.594386278910427063e+04
6.293743546630909805e+03, 4.481699615798130765e+01, 5.075050165666968732e-02, 2.685345500059691039e+04
1.939537603920050742e+03, 4.479330994359287388e+01, 3.820357127769855032e-02, 2.657586065911381957e+04
8.481329677704189862e+02, 4.529363354130376962e+01, 5.065466995498190128e-01, 2.596415056946354889e+04
3.113929582305645454e+03, 4.490511037452611021e+01, 1.685876906485274385e-02, 2.622025401036280164e+04
2.431055116935256956e+04, 4.479809444652874362e+01, 3.466539109979480116e-02, 2.655238984983171031e+04
2.961908692241954668e+02, 4.456159949684776933e+01, -1.144557414616113877e-02, 2.611061904769101238e+04
1.785673562647456947e+03, 4.469338295646653592e+01, 1.261497177897339672e-01, 2.720328801975259557e+04
1.868818059402462495e+03, 4.486409943674170364e+01, 1.667416507847720164e-03, 2.747441904730530950e+04
-6.040911445016457947e+03, 4.492014166669497399e+01, 3.156531344948621670e-02, 2.666162500000001819e+04
4.200617393964180337e+03, 4.489937536102220861e+01, 3.358370843535448541e-02, 2.645300999999999840e+04
-7.239144354753048901e+03, 4.472051693659548732e+01, -2.953204865476406760e-04, 2.732818095238095339e+04
4.224494617041113997e+03, 4.488082923845928462e+01, -4.006387417797508538e-03, 2.625333500024950263e+04
3.326315220054055317e+03, 4.486665951938986296e+01, 2.864470922818925791e-01, 2.611473091441748329e+04
-2.651367291336094240e+03, 4.466587873827303667e+01, -1.003057835060713054e-01, 2.668015380643524622e+04
-5.962770252064540728e+03, 4.484120836730164683e+01, 2.145788445242412940e-02, 2.744653681380530179e+04
2.534639753495941932e+02, 4.501697203666095959e+01, -4.402682067694473067e-03, 2.736080476190476111e+04
5.483056127495163310e+03, 4.480991330917709803e+01, 1.300054089651078888e-02, 2.626234766609035796e+04
5.649229203292203238e+03, 4.485728187040903947e+01, -3.601896482049846138e-02, 2.743039210532360084e+04
2.258927664085200831e+03, 4.489374503590564558e+01, 6.964676031185769445e-02, 2.668875956830327777e+04
2.118962350347459051e+03, 4.474041523531197839e+01, 2.122796098701690629e-02, 2.686451578947368398e+04
-2.372317838564793783e+04, 4.478781774707104546e+01, 1.881900262781696989e-02, 2.723849382976194102e+04
1.594692145677906865e+03, 4.475382173338673653e+01, -1.552086654764494623e-03, 2.699329523809523744e+04
-7.966443674959914460e+03, 4.488194166170052313e+01, 9.991184665542253429e-03, 2.729580498902527324e+04
2.190302353752591443e+03, 4.496534001657207114e+01, 2.617178469330763702e-02, 2.684705010438429599e+04
5.293349266762145362e+02, 4.493763017466081067e+01, -5.803377180126553792e-02, 2.671237588086938558e+04
1.642669637558594695e+04, 4.484902066499108741e+01, 1.752310374174255794e-02, 2.651503313809766405e+04
9.573895974190634206e+02, 4.479735370072885559e+01, -4.854729135871566938e-03, 2.690469499999999971e+04
-6.393393347270334743e+02, 4.491013084051829907e+01, 1.804714052661571949e-02, 2.696475999999999840e+04
3.738812619676015856e+03, 4.480083234922039992e+01, 2.869264607457255520e-02, 2.670391000934198746e+04
3.812502842648452315e+03, 4.484968698223332240e+01, -4.587075572376732302e-03, 2.663651904761904734e+04
1.960653755453749682e+03, 4.480000503276038870e+01, 1.453499770118700796e-01, 2.583873551106217201e+04
-4.730092662358346388e+03, 4.482530669163691783e+01, -1.497486694235201574e-02, 2.657595233412956441e+04
2.654963261710411643e+03, 4.482270261473822615e+01, 4.232267199133340346e-02, 2.663012105262781552e+04
2.249993799504221442e+03, 4.492576104858889607e+01, 1.674020349902204455e-02, 2.682414500000000044e+04
1.112286998993962470e+03, 4.485517417698466858e+01, 9.583816858677088324e-02, 2.599864711428136434e+04
-4.928614808971667571e+02, 4.490483820503914814e+01, 1.046469880686403536e-03, 2.700604761877006604e+04
6.149013075899442811e+02, 4.475146231577284794e+01, 3.627251216182294374e-02, 2.669132429452168435e+04
1.045796876748678869e+03, 4.496802269226725457e+01, 1.226141753016880658e-02, 2.656876499999999942e+04
3.179387584519467964e+03, 4.480580362319002319e+01, 1.087958803492607152e-02, 2.734032497109732140e+04
2.924674702987974342e+03, 4.479975004645739745e+01, 1.487063128306965465e-01, 2.659335314545543588e+04
2.909721474922563630e+03, 4.502974336911437803e+01, 2.032396301400135885e-01, 2.521774156448008580e+04
2.015194843806704739e+03, 4.472957942145336574e+01, 2.111453023722812961e-01, 2.668905810988715166e+04
-5.181391862357922037e+03, 4.491909304929506419e+01, -5.074973264909063420e-03, 2.668141500000000087e+04
1.904050471037581701e+03, 4.491517009064378385e+01, 6.213438183541647453e-02, 2.614302372819383891e+04
-1.938213782390334700e+03, 4.439749202347717727e+01, 3.565894000470826164e-02, 2.677416938005563861e+04
1.879371977474510004e+03, 4.484871883778562562e+01, 1.050863724315307113e-01, 2.697158634090543637e+04
2.953534096403271633e+03, 4.479028849883288643e+01, 7.639545469504640217e-03, 2.657629523810172759e+04
4.997909645152597477e+03, 4.486548083803634057e+01, 3.874662391861968813e-02, 2.714135500035655787e+04
-2.711102599772916165e+03, 4.333837824001945194e+01, 3.010113546803019902e-01, 2.745909505596472809e+04
2.337481807923310498e+03, 4.498274927565856274e+01, 3.469195048506937828e-01, 2.642972235396001633e+04
2.620478946277838986e+03, 4.495084551023764163e+01, -9.348303953119564691e-03, 2.623602105263157864e+04
-9.075296556343331758e+03, 4.475851498174738907e+01, 1.607440070437472723e+00, 3.497766327148716664e+04
-3.827680386311467373e+03, 4.461989129727374603e+01, 1.908697718253112149e-03, 2.707616500000000087e+04
1.518460032798039265e+03, 4.478047914199252943e+01, 2.448503121938270383e-02, 2.681380004829811878e+04
3.262768698044834309e+03, 4.503360211725925666e+01, -2.060575604922288750e+00, 2.429396993695151468e+04
1.101995514192376277e+03, 4.482348742842711431e+01, 2.005567095339786873e-02, 2.675716007380551673e+04
-1.416136136438001813e+04, 4.492310950618239218e+01, 8.127360600784515332e-02, 2.697477591852213664e+04
3.685008566972421704e+03, 4.492645167627313185e+01, 3.559125175643648720e-03, 2.663152857145441158e+04
1.479003380889079835e+03, 4.497402189607763034e+01, 2.269263480515976150e-01, 2.672590510011137667e+04
3.982968187009704707e+03, 4.458045075580202621e+01, 1.645571607445363294e-01, 2.594094872579607181e+04
1.911067185105260478e+03, 4.487521515240194248e+01, 1.042496561312819883e-02, 2.657768571428772339e+04
3.378912255261604514e+03, 4.527955422447661959e+01, 2.896486649184552009e-01, 2.544187057989143068e+04
2.095132984338565166e+03, 4.483435140185147105e+01, -4.510355404395734527e-03, 2.678011904774890354e+04
-5.233933203931525213e+02, 4.484270469711033513e+01, 1.156812343374634920e-02, 2.704745244157308116e+04
-2.868364507483777288e+03, 4.484006688198289936e+01, 2.093590748338260837e-02, 2.646551039661038885e+04
2.928411901667925576e+03, 4.481145914029517030e+01, 5.179675887791133915e-02, 2.633695808165581911e+04
-5.485428706219168816e+03, 4.482871437706440076e+01, -8.297528421855538544e-03, 2.700556999999294567e+04
4.926865943117895768e+03, 4.483598553841822820e+01, 6.338584742118076598e-02, 2.657843416112194245e+04
9.102992207205774321e+03, 4.493883982258461884e+01, 2.292346768811192453e-02, 2.582337614164028491e+04
