cyc,freq (MHz),cyc,ROIsum,fBg,fA1,fWidth1,fCtr1,fA2,fWidth2,fCtr2,box1,box2,box3,box4,box5,box6,box7,box8,box9,Nfit,BZ-2,BZ-1,BZ0,BZ1,BZ2,Excited,c5,c7,c9,fraction95,fraction75,fraction97,sum95,two2D_bg,two2D_a1,two2D_sh1,two2D_sv1,two2D_ch1,two2D_cv1,two2D_a2,two2D_sh2,two2D_sv2,two2D_ch2,two2D_cv2,two2D_chd,two2D_cvd
0,44.84,0,23501.8,-0.780667,51.4584,11.6409,120.858,1.32008,-149.48,437.056,-8.81184,-4.18838,-10.0521,-4.76871,-10.0324,3.5688,2517.2,-11.1037,23395,25923.8,-8.83431,-4.21085,-10.097,-4.79118,-10.0549,0.734207,2512.19,-11.2891,23390,0.111023,1.00793,-0.000889879,22627.6,-0.00336136,0.196246,12.2241,10.9764,121.854,91.3759,2.33891,11.8776,11.0995,120.368,139.873,1.48574,-48.4967 
1,44.79,1,22979.1,-0.279931,50.5717,11.42,120.98,0.502025,-141.329,500,-7.44669,-3.29515,-1.00044,-9.74787,-10.2499,49.8334,3565.11,3.64501,22023.9,21110.2,-7.76048,-3.60894,-1.62802,-10.0617,-10.5637,0.95158,3495.21,1.05626,21954,0.156206,0.999471,8.86201e-05,22375.7,-0.00328527,0.332327,11.0278,10.5584,121.356,90.3704,2.16499,11.7889,11.3047,120.412,139.412,0.944201,-49.0415 
2,44.77,2,24025,-0.504553,52.8173,-11.5652,120.43,-1.50272,-156.691,5.00148e-07,-8.16953,-9.11937,-10.9065,-1.69077,-8.64581,103.65,2742.72,-2.844,23824.5,27550,-8.82218,-9.77203,-12.2118,-2.34343,-9.29847,0.712311,2597.34,-8.22842,23679.1,0.113118,1.00557,-0.000640536,22961.4,-0.00361681,0.23228,11.5732,11.163,121.436,90.5635,2.351,11.8736,11.2711,119.865,139.039,1.57041,-48.4751 
3,44.85,3,26930.3,-0.237288,57.3437,11.7163,120.733,-0.857541,507.97,0.000168067,-7.62141,-4.25181,-6.35654,-0.912088,-6.26766,170.077,2186.49,-2.77256,27283.8,36051.6,-8.69234,-5.32274,-8.4984,-1.98302,-7.33859,0.733049,1947.94,-11.6077,27045.3,0.0772782,1.01054,-0.000791251,25206.9,-0.00370955,0.137219,13.4401,13.5159,122.321,91.5625,2.57287,12.0877,11.4665,120.177,139.587,2.14387,-48.0243 
4,44.765,4,23387.2,-0.151131,51.0241,11.5531,120.383,0.196415,-5.75996,0.0016387,-6.61126,-1.79077,-8.8935,-10.2973,-8.05063,135.576,2625.36,-5.76517,23344,19226.6,-7.46495,-2.64446,-10.6009,-11.151,-8.90432,0.739956,2435.2,-12.8081,23153.9,0.108969,1.00929,-0.00102004,22347.5,-0.0035305,0.211732,12.0502,11.0396,121.434,90.2992,2.31471,11.8395,11.2192,119.901,138.453,1.53367,-48.1537 
5,44.855,5,24389.6,-0.876884,53.2962,11.8061,120.701,1.07495,562.914,136.315,-5.68701,-6.31091,-8.90098,-0.230106,-7.08544,83.2363,1753.45,-12.006,25178.8,40181.4,-6.21113,-6.83503,-9.94922,-0.754223,-7.60955,0.682733,1636.71,-16.33,25062,0.0705779,1.01777,-0.00120173,23190.1,-0.00463902,0.0643291,31.0459,15.6195,123.825,90.1784,2.49581,11.9631,11.1232,120.202,138.861,3.62296,-48.6827 
6,44.815,6,24386.3,-0.00133065,53.5682,11.3082,120.869,-0.152459,34.1867,500,-3.78121,-3.2228,-10.2291,-7.89381,-12.483,151.765,3804.18,7.77937,23027.8,19889.1,-4.73683,-4.17842,-12.1403,-8.84943,-13.4386,0.719905,3591.32,-0.1045,22814.9,0.154717,1.00005,-8.43753e-06,23212.2,-0.00336931,0.374625,11.1075,10.3398,121.378,89.726,2.27479,11.7739,11.2985,120.333,138.595,1.04432,-48.8692 
7,44.795,7,22941.1,-0.055002,50.9865,11.2529,120.585,0.0364415,81.6018,499.999,-5.96329,-4.74262,-5.8118,-6.70075,-4.61905,137.539,3660.73,7.69167,21835,18774.1,-6.82934,-5.60866,-7.54389,-7.5668,-5.4851,0.771631,3467.82,0.546784,21642.1,0.157057,0.999724,4.65384e-05,22080,-0.00328397,0.361812,10.7522,10.2086,121.114,89.7508,2.23537,11.6432,11.028,120.088,138.882,1.02593,-49.1313 
8,44.83,8,22575.3,-0.873781,51.2152,-11.5094,120.903,0.876895,61.2726,34.0704,-8.24135,-1.30495,-4.58884,-11.7043,-5.65209,165.576,2909.75,9.40328,22497,20937.9,-9.28394,-2.34753,-6.67401,-12.7469,-6.69467,0.823191,2677.51,0.801954,22264.7,0.12268,0.999476,6.63464e-05,21825.2,-0.00367293,0.253074,11.2607,11.1512,121.57,89.9862,2.28647,11.717,11.044,120.349,138.563,1.22081,-48.5772 
9,44.81,9,23234.1,-0.893843,52.859,11.4653,120.614,-0.0971153,899.965,8.77141,-6.47422,-0.51423,-4.96854,-5.79746,-4.55638,168.578,3694.72,19.272,22127.7,22573.9,-7.53571,-1.57572,-7.09153,-6.85895,-5.61787,0.752734,3458.27,10.5147,21891.3,0.155185,0.994707,0.000884008,22284.8,-0.00355062,0.371058,11.1333,10.2836,121.047,89.063,2.21163,11.7485,11.2206,120.027,137.961,1.01996,-48.8977 
10,44.775,10,23225.6,-0.0249813,51.2523,11.3466,120.738,0.174632,-75.5188,499.987,0.76983,-3.31049,-11.8275,0.236387,-9.86644,170.802,3098.09,1.06748,22737.9,19360.4,-0.305666,-4.38598,-13.9785,-0.83911,-10.9419,0.540955,2858.52,-7.80536,22498.4,0.128721,1.0048,-0.000639491,22207.1,-0.00343569,0.269474,11.3463,10.9953,121.572,90.142,2.26642,11.8071,11.1627,120.149,138.429,1.42326,-48.2868 
11,44.86,11,23550.6,-0.85012,52.0043,11.6906,120.461,1.3552,-310.551,317.505,-3.33529,-5.55223,-2.15799,-11.5469,-0.731109,149.899,1614.65,-7.98292,24489.2,33491.4,-4.27916,-6.4961,-4.04574,-12.4908,-1.67498,0.860428,1404.4,-15.7699,24279,0.0630221,1.02004,-0.00119793,22284.3,-0.00515422,0.0492999,40.7443,17.6244,125.834,89.8004,2.47082,11.8567,11.0911,119.967,138.701,5.86743,-48.9007 
12,44.76,12,24953.1,-0.0618598,53.4293,11.5379,120.762,-0.130952,98.794,500,-2.4887,-6.80284,5.22721,-7.588,-6.32265,131.074,2528.02,-4.57617,24825.8,20489.1,-3.31404,-7.62818,3.57653,-8.41334,-7.14799,1.156,2344.18,-11.3852,24642,0.0995985,1.00857,-0.000851825,23536.3,-0.00335824,0.186541,12.2039,11.7579,121.793,89.7489,2.41028,11.957,11.2998,120.292,138.162,1.5008,-48.413 
13,44.785,13,23281.8,-0.811326,51.4836,11.6099,120.605,1.35974,-53.5597,92.2924,-7.13822,-5.9858,-5.60464,-4.58393,-7.00462,146.667,3494.49,20.7158,22240.6,21828.6,-8.06174,-6.90932,-7.45168,-5.50745,-7.92814,0.792191,3288.77,13.0968,22034.9,0.147885,0.993079,0.00109369,22238.8,-0.00321897,0.315867,11.1392,10.7517,120.977,88.8028,2.20193,11.8473,11.2003,120.049,137.599,0.928053,-48.7965 
14,44.835,14,22311.4,-0.0197041,49.6526,-11.2979,120.714,-0.00385854,-29.6389,500,-5.07546,-2.41967,-5.18108,-3.83986,-4.60326,148.501,2666.68,-9.69741,22224.5,18265.2,-6.01053,-3.35474,-7.05122,-4.77493,-5.53833,0.736203,2458.4,-17.4118,22016.2,0.114919,1.01255,-0.00145897,21392.3,-0.00352215,0.229604,11.2982,11.1449,121.46,89.9003,2.21935,11.8168,11.1882,120.111,138.382,1.34889,-48.4814 
15,44.8,15,23085.2,-0.103187,50.9059,11.4264,120.687,0.139077,297.803,499.555,-6.95039,-6.28863,-8.05472,-8.61032,-7.28114,135.127,3963.91,16.3757,21797.4,20283.5,-7.80125,-7.13949,-9.75643,-9.46118,-8.132,0.769299,3774.39,9.3561,21607.9,0.168822,0.995681,0.000796986,22357.2,-0.00339677,0.363719,11.1031,10.8971,121.07,89.7853,2.12003,11.8484,11.3883,120.093,138.862,0.977014,-49.0763 
16,44.82,16,24046.3,-0.243373,53.0292,-11.4533,120.814,0.38846,76.1588,470.795,-4.37419,-8.88576,-7.2931,-10.1434,-6.16487,120.218,3790.67,18.1042,22955.5,20734.6,-5.13117,-9.64274,-8.80706,-10.9004,-6.92185,0.787286,3622.05,11.8591,22786.9,0.155997,0.994303,0.000957777,23218.8,-0.00350823,0.348149,11.2189,10.8361,121.319,88.2088,2.24019,11.9221,11.2728,120.211,136.74,1.10874,-48.5314 
17,44.825,17,24488.8,-0.0163987,52.8403,-11.5725,120.668,-0.00937763,46.1062,500,-14.6869,-12.0402,-5.54958,-13.2125,-4.45919,145.837,3419.68,7.82982,23722.5,19920.2,-15.6052,-12.9585,-7.38617,-14.1308,-5.37749,0.866815,3215.13,0.253865,23517.9,0.137161,0.999862,1.98843e-05,23440.5,-0.003458,0.2899,11.53,11.0909,121.232,89.1098,2.29962,12.0616,11.2142,120.054,137.381,1.17745,-48.2716 
18,44.805,18,23112.9,-0.0618028,50.8482,11.327,120.847,0.0215633,-25.2494,500,-1.26252,-8.46914,-2.91501,-7.83152,-7.44698,116.861,3796.35,18.5747,21836.3,18767,-1.99837,-9.20498,-4.3867,-8.56736,-8.18282,0.864358,3632.44,12.504,21672.4,0.163104,0.994012,0.00106168,22270.7,-0.00330083,0.348551,11.2832,10.8832,121.315,89.1027,2.13792,11.8266,11.3222,120.307,137.776,1.00793,-48.6731 
19,44.78,19,24267,-0.404695,52.6839,-11.535,120.583,0.10161,27.4219,500,-3.66251,-7.94765,-8.15036,-6.34078,-6.83751,53.1924,3536.45,4.5486,23293.9,19873.6,-3.99744,-8.28259,-8.82024,-6.67572,-7.17245,0.747621,3461.85,1.78536,23219.3,0.14775,0.999098,0.000141621,23430.4,-0.00331242,0.305,11.6864,11.0996,121.176,89.4425,2.26107,11.8819,11.3088,120.005,138.193,1.17087,-48.7501 
