cyc,field,#2,#3,#4,cyc,ROIsum,fBg,fA1,fWidth1,fCtr1,fA2,fWidth2,fCtr2,box1,box2,box3,box4,box5,box6,box7,box8,box9,Nfit,BZ-2,BZ-1,BZ0,BZ1,BZ2,Excited,c5,c7,c9,fraction95,fraction75,fraction97,sum95,two2D_bg,two2D_a1,two2D_sh1,two2D_sv1,two2D_ch1,two2D_cv1,two2D_a2,two2D_sh2,two2D_sv2,two2D_ch2,two2D_cv2,two2D_chd,two2D_cvd
0,202.3,3.42,44.848,2.02,0,21037.6,-0.0193184,46.4082,-11.321,121.536,-0.0475268,38.1982,500,-9.77785,-7.65922,-5.07565,-5.17096,-4.85766,89.604,9745.06,44.074,13670,17162.2,-10.3421,-8.22343,-6.20408,-5.73517,-5.42187,0.827313,9619.38,39.4192,13544.3,0.452304,0.99288,0.00533265,21267.5,-0.00270922,1.00888,11.4422,10.3527,121.516,93.9637,1.3111,11.664,11.5036,120.705,144.969,0.810916,-51.0056 
1,202.5,3.53,44.8792,2.019,1,23151.1,-0.802006,51.5181,11.5266,121.729,1.17583,-102.78,172.772,-9.40012,-8.4797,-6.64482,-11.6792,-3.6226,125.136,10905,28.5778,14802.8,23265.1,-10.1881,-9.26764,-8.22072,-12.4671,-4.41054,0.815489,10729.4,22.0773,14627.3,0.460315,0.996412,0.00277262,23308.9,-0.00283735,1.11242,11.4755,10.3878,121.72,93.867,1.40836,11.5499,11.7116,121.022,145.107,0.698436,-51.2399 
2,201.9,3.199,44.7855,2.021,2,18847.9,-0.416863,41.0402,11.9411,121.61,0.385308,-3.24959,499.956,-8.28879,-5.55235,-9.22605,-9.42986,-5.57004,110.577,8882.56,23.4464,12423.9,15994,-8.98506,-6.24863,-10.6186,-10.1261,-6.26632,0.748641,8727.46,17.7021,12268.8,0.4527,0.996463,0.00265083,19278.7,-0.00256117,0.81928,11.9807,10.9323,121.576,94.7992,1.08101,12.1319,12.1417,120.58,146.216,0.995692,-51.4164 
3,202,3.254,44.8011,2.021,3,19397.8,-0.0857074,41.8716,11.6814,121.65,0.206509,-78.2426,20.9599,-10.7715,-1.43016,-2.13575,-3.06391,-9.90422,48.868,9247.15,17.882,12758.6,16448.4,-11.0792,-1.73786,-2.75117,-3.37162,-10.2119,0.905626,9178.61,15.3434,12690,0.456828,0.997083,0.00222232,20092,-0.00272918,0.878302,11.7854,10.7813,121.817,94.6792,1.16385,11.8603,11.8818,120.853,146.193,0.963726,-51.5138 
4,201.2,2.812,44.676,2.023,4,21136.1,-0.039404,44.0486,-12.0893,121.834,-0.0393933,194.255,323.665,-8.49868,-5.00461,-8.5064,-7.18857,-8.32029,82.9532,9994.08,21.2575,13667.1,17584.3,-9.02101,-5.52694,-9.55107,-7.71091,-8.84262,0.765056,9877.73,16.9482,13550.8,0.458759,0.997006,0.00229866,21531.4,-0.00278981,0.885547,12.4252,11.1142,122.097,94.0151,1.15626,12.3461,12.2916,120.673,145.427,1.42467,-51.4123 
5,201.1,2.756,44.6603,2.024,5,20709.9,-0.0290016,43.7107,11.8399,121.856,-0.0354616,-1.35497,500,-7.74193,-8.47723,-13.7781,-5.65777,-6.34557,21.44,9849.92,11.8411,13219,16848.9,-7.87693,-8.61223,-14.0481,-5.79277,-6.48058,0.671855,9819.85,10.7274,13188.9,0.464025,0.998092,0.00149606,21162.3,-0.00264307,0.917688,12.1474,10.812,122.231,94.0533,1.14972,12.1375,12.1801,120.749,145.524,1.4817,-51.4705 
6,202.7,3.641,44.9104,2.019,6,22140.3,-0.159158,49.9191,11.028,121.971,0.396896,7.00446,0.111726,-2.32466,-6.31626,0.956771,-6.09928,-7.3673,94.2782,10451.5,46.1021,14119,18011.4,-2.9183,-6.9099,-0.230519,-6.69292,-7.96094,0.990672,10319.2,41.2045,13986.8,0.461755,0.993061,0.00539749,22347.8,-0.00269133,1.14935,11.0195,10.0388,121.814,93.6386,1.41275,11.3424,11.33,121.296,144.691,0.517751,-51.0523 
7,202.9,3.752,44.9416,2.018,7,20020.9,-0.407798,46.9332,-10.9758,121.763,-0.287049,-25.435,7.92133e-09,-8.66128,-10.8804,-8.27093,-2.44999,-4.53323,93.9639,10052.4,6.4432,12778.9,17006.8,-9.25294,-11.4721,-9.45426,-3.04165,-5.12489,0.753448,9920.58,1.56195,12647.1,0.477018,0.999725,0.000227454,20797.1,-0.003093,1.11694,11.0071,9.9526,121.615,93.3901,1.33417,11.2126,11.0925,121.169,144.342,0.445441,-50.9519 
8,202.6,3.586,44.8948,2.019,8,22063.1,-0.791547,50.3223,11.3073,121.721,1.07926,-105.565,149.768,-11.2267,-5.89162,-14.8155,-4.33579,-11.518,55.3912,10598.9,38.0677,13936,22231.9,-11.5755,-6.2404,-15.5131,-4.68457,-11.8668,0.688994,10521.2,35.1903,13858.3,0.468873,0.994181,0.00465586,22439.4,-0.00286386,1.14925,11.2137,10.1215,121.655,93.654,1.38483,11.4008,11.3823,121.025,144.732,0.629944,-51.0778 
9,201.3,2.867,44.6916,2.023,9,22432.9,-6.02193e-05,44.7502,12.5544,121.74,-0.0125803,-7.11064,1.63918,-9.20076,-9.74894,-0.851102,-8.15661,-14.783,56.0593,10165.2,43.721,14650.5,18291.8,-9.55375,-10.1019,-1.55708,-8.5096,-15.136,0.965289,10086.6,40.8089,14571.9,0.445946,0.99297,0.00513239,22618.4,-0.00264132,0.835832,12.9161,11.555,122.081,94.0872,1.14839,12.7931,12.7178,120.541,145.7,1.54028,-51.6131 
10,201,2.701,44.6446,2.024,10,22327.4,-0.108549,46.6366,12.0378,121.608,0.14883,-27.2332,499.99,-6.74401,-7.52668,-10.2665,-3.97843,-6.67602,150.613,10491.3,43.664,14102.7,18407.4,-7.69238,-8.47505,-12.1632,-4.9268,-7.62439,0.702479,10280.1,35.8399,13891.4,0.46251,0.993936,0.00473017,22226.7,-0.00249384,0.977886,12.0793,10.7951,121.986,93.6974,1.20212,12.3594,12.1645,120.429,145.191,1.55717,-51.4936 
11,202.2,3.365,44.8324,2.02,11,22004.6,-0.17848,48.3173,11.6133,121.797,-0.181914,197.269,500,-7.22213,-7.55102,-1.45564,4.98122,-8.89975,148.611,10668,41.4826,14118.7,19434.6,-8.15789,-8.48679,-3.32717,4.04546,-9.83552,0.870849,10459.5,33.7625,13910.2,0.466478,0.994383,0.0044512,22422.3,-0.00316342,1.04753,11.7249,10.6633,121.818,94.0279,1.29271,11.8729,11.8984,121.023,145.365,0.795265,-51.3371 
12,201.8,3.143,44.7699,2.022,12,19296.9,0.0154858,40.1818,12.1977,121.743,0.321155,-164.353,5.8725e-12,-5.83992,-5.97182,-6.24232,-3.86469,-5.35383,181.501,9430.48,37.917,12327.3,17673.4,-6.98278,-7.11468,-8.52804,-5.00755,-6.49669,0.750129,9175.91,28.4884,12072.8,0.469152,0.994596,0.00432804,19558.5,-0.00259807,0.819386,12.4082,11.1747,121.831,94.4217,1.02954,12.469,12.3811,120.65,145.817,1.18104,-51.3948 
13,203,3.807,44.9571,2.018,13,21841.4,-0.809125,50.3076,11.2544,121.826,1.75807,-666.368,466.064,-4.204,-7.15909,-2.33811,-2.1421,-1.25273,180.624,10599,16.2986,13832.5,56568.1,-5.34134,-8.29643,-4.61279,-3.27944,-2.39007,0.807158,10345.7,6.91557,13579.2,0.469751,0.998832,0.000937263,22023.8,-0.00304768,1.17571,11.1871,9.88902,121.679,93.6475,1.40888,11.4304,11.1718,121.201,144.723,0.47799,-51.0753 
14,202.1,3.309,44.8167,2.021,14,19761.6,-0.116377,43.9918,11.4512,121.7,0.117131,614.642,4.25878e-12,-10.3428,-2.0671,-8.80132,-2.86111,-5.61319,170.184,9425.62,25.3112,12859.3,18742.7,-11.4144,-3.1387,-10.9445,-3.93271,-6.68479,0.696955,9186.92,16.4704,12620.6,0.458414,0.996872,0.00239826,20040.7,-0.00276434,0.95289,11.5159,10.4493,121.842,93.775,1.22951,11.6245,11.6072,120.965,144.943,0.877279,-51.1682 
15,202.8,3.696,44.926,2.019,15,22659.8,-0.629753,51.491,11.1576,121.468,0.899809,-148.446,4.30279e-09,-7.70455,-7.5386,-9.15143,-1.00186,-1.29779,124.374,10511.1,22.6261,14361.4,23050.7,-8.4877,-8.32175,-10.7177,-1.785,-2.08094,0.658596,10336.7,16.1651,14187,0.458644,0.997271,0.00209456,22537.5,-0.00266763,1.16057,10.9571,10.0623,121.353,94.0204,1.46539,11.2857,11.2937,120.813,145.11,0.539514,-51.0895 
16,201.5,2.978,44.7229,2.022,16,19640.4,0.00237346,39.5989,12.8443,121.649,0.110759,-57.5588,8.8617e-11,-3.91904,-2.36559,-5.9317,-6.63228,-5.25478,151.041,9140.07,40.1376,12927.2,16764.8,-4.87011,-3.31666,-7.83384,-7.58335,-6.20585,0.737206,8928.22,32.2912,12715.3,0.449481,0.99371,0.00465634,19863.4,-0.0026736,0.741954,12.9365,11.6176,121.901,93.291,0.962121,13.266,13.0297,120.407,144.767,1.49371,-51.4762 
17,201.7,3.088,44.7542,2.022,17,19832,-0.0197489,40.3082,-12.6309,121.856,-0.0988172,7.37088,500,-6.69262,-3.90393,-1.3934,-2.56565,-6.00755,254.951,9470.44,47.485,12983.1,16597.5,-8.29798,-5.50929,-4.60412,-4.17101,-7.61291,0.847522,9112.85,34.2407,12625.5,0.456309,0.993467,0.00497101,19970.8,-0.00279667,0.784516,12.7564,11.5217,122.03,94.0211,1.01512,12.9121,12.7079,120.71,145.433,1.32006,-51.4122 
18,202.4,3.475,44.8636,2.02,18,20501.4,-0.093251,46.2125,11.2646,121.709,-0.0611835,-18.8423,500,-2.48584,-8.04865,-7.37918,-6.47083,-2.71248,155.884,10113.5,25.2573,12893.6,16983.6,-3.4674,-9.03021,-9.34229,-7.45239,-3.69404,0.716783,9894.89,17.1595,12675,0.475821,0.996974,0.00248765,20795.4,-0.00298706,1.0646,11.3094,10.3496,121.635,93.9406,1.26382,11.6264,11.4408,120.989,145.092,0.64692,-51.1515 
19,201.6,3.033,44.7386,2.022,19,22340,-1.02242,44.521,13.4027,122.245,1.80491,-1942.14,496.679,-7.21691,-3.35077,-15.6779,-4.96564,-5.17344,154.408,10505.4,57.1516,14305.9,133537,-8.18918,-4.32304,-17.6224,-5.9379,-6.14571,0.582587,10288.8,49.1304,14089.4,0.459207,0.991713,0.00638253,22405.7,-0.00273113,0.830602,13.2539,11.6927,122.278,93.2419,1.05614,13.2437,13.0815,120.9,144.653,1.37793,-51.4116 
20,201.4,2.922,44.7073,2.023,20,21195.1,-0.200328,43.5607,12.4681,121.801,0.0105415,725.16,1.32849e-11,-13.4433,-2.14354,-4.14493,-6.23619,-4.30527,161.822,9727.21,37.1238,13909.3,17929.1,-14.4622,-3.16249,-6.18283,-7.25514,-5.32422,0.830081,9500.23,28.7174,13682.3,0.446712,0.994738,0.00385146,21267,-0.00277627,0.823873,12.5597,11.5367,122.2,93.8125,1.08853,12.8328,12.8082,120.642,145.205,1.55831,-51.3926 
21,202.3,3.42,44.848,2.02,21,21569.2,0.0066708,48.2145,-11.2316,121.834,-0.0649388,-29.8464,500,-8.39566,-6.59246,-6.14391,-0.671994,-8.89549,187.454,9963.39,34.8127,14176,17691.6,-9.57601,-7.7728,-8.5046,-1.85234,-10.0758,0.774901,9700.46,25.0749,13913.1,0.447733,0.995497,0.00330894,21665.7,-0.00275174,1.05319,11.2776,10.1343,121.755,93.676,1.38501,11.5837,11.3545,121.08,144.771,0.675862,-51.0945 
22,202.5,3.53,44.8792,2.019,22,20230.7,-0.0223114,47.4203,10.9203,121.759,-0.0369923,29.4537,500,-8.07988,-8.38248,-13.0495,-4.44137,-5.70671,157.061,9857.57,25.279,13193.4,16893,-9.06884,-9.37145,-15.0275,-5.43034,-6.69568,0.670406,9637.27,17.12,12973.1,0.463461,0.996901,0.00242506,20794.1,-0.00320266,1.0679,11.132,10.1823,121.751,93.3681,1.32531,11.3145,11.4269,121.064,144.175,0.686732,-50.8066 
23,201.9,3.199,44.7855,2.021,23,17238.9,0.0114205,38.3162,11.7571,121.673,0.0255134,-30.0345,1.86178e-10,-4.33892,1.61907,-1.93869,-1.58494,-1.74925,108.021,8356.48,28.9142,11466.7,14689.8,-5.0191,0.938892,-3.29905,-2.26512,-2.42943,0.726759,8204.97,23.3027,11315.2,0.457457,0.995054,0.00377932,17936,-0.00288453,0.792482,12.008,10.7778,121.782,93.5847,1.0247,12.0064,12.0904,120.655,144.693,1.12719,-51.1088 
24,202,3.254,44.8011,2.021,24,20104,-0.0159676,43.8943,11.6194,121.807,0.0220074,-99.3914,1.11034e-10,0.165195,-7.5138,-6.73952,-3.434,-7.6792,132.793,9661.01,16.4483,12995.3,16674.3,-0.670967,-8.34996,-8.41185,-4.27016,-8.51536,0.721631,9474.76,9.54997,12809.1,0.462396,0.998239,0.00137152,20490.6,-0.00281473,0.927431,11.8304,10.7479,121.751,93.9442,1.17848,11.8555,11.9907,120.985,145.261,0.765623,-51.3163 
25,201.2,2.812,44.676,2.023,25,19026.1,-0.0202094,40.3198,-12.2048,121.366,0.0662581,-74.9389,500,-4.95939,-4.73742,-15.9508,-7.4178,-1.41337,279.832,8905.18,15.2379,12842.1,16181,-6.72142,-6.49945,-19.4748,-9.17983,-3.1754,0.567715,8512.69,0.701168,12449.6,0.442923,0.999856,0.000103738,19219.3,-0.00297838,0.791029,12.2969,11.1611,121.774,93.8984,1.09148,12.5352,12.1291,120.182,145.111,1.59204,-51.2121 
26,201.1,2.756,44.6603,2.024,26,19585.8,-0.201915,42.8431,11.8396,121.411,0.469009,-301.432,0.000200809,-5.9377,-3.18557,-18.8652,-0.605405,-5.69737,121.333,9214.32,30.0662,12981,21114.7,-6.7017,-3.94957,-20.3932,-1.36941,-6.46138,0.475419,9044.14,23.7632,12810.8,0.450823,0.995423,0.00340536,20061.4,-0.00292796,0.85744,11.9318,11.0154,121.776,93.9567,1.1448,12.0802,12.1466,120.157,145.222,1.61932,-51.2649 
27,202.7,3.641,44.9104,2.019,27,20685.1,-0.0365756,48.4141,-10.9171,121.695,0.0561134,-86.4508,500,-10.1392,-8.08802,-11.5895,-6.30402,-6.16871,98.0523,10040,19.8313,13426.8,17363.7,-10.7566,-8.70543,-12.8244,-6.92142,-6.78612,0.721173,9902.45,14.7376,13289.3,0.464222,0.997402,0.0020387,21331.3,-0.00320474,1.11578,11.0286,10.0368,121.659,93.6091,1.38896,11.2696,11.1469,121.006,144.577,0.652551,-50.9684 
28,202.9,3.752,44.9416,2.018,28,21367.6,-0.000942277,48.9584,10.9757,121.618,0.042279,-318.527,500,-6.54664,-3.76217,-6.37397,1.16067,-2.87931,53.782,10316.7,25.3927,13501.7,17931,-6.88529,-4.10082,-7.05127,0.822016,-3.21796,0.654913,10241.3,22.5988,13426.2,0.470045,0.996153,0.00309101,21787.8,-0.00299468,1.13914,11.0523,10.074,121.491,93.4175,1.38736,11.3142,11.251,120.97,144.306,0.52123,-50.8884 
29,202.6,3.586,44.8948,2.019,29,23775.2,-0.869613,54.2627,11.3347,121.859,0.409284,854.563,213.966,-3.3944,-4.49897,-8.73477,-8.18868,-7.03606,87.694,11546.6,25.3046,14955.8,31407.7,-3.94658,-5.05115,-9.83914,-8.74086,-7.58824,0.720209,11423.6,20.749,14832.8,0.472443,0.996831,0.00257022,24179.8,-0.00313326,1.24329,11.2449,10.142,121.779,93.2584,1.49095,11.3894,11.3701,121.147,144.081,0.632661,-50.8225 
30,201.3,2.867,44.6916,2.023,30,21556.9,-0.951454,45.0765,-12.7815,121.536,1.10845,-477.419,350.081,-8.46329,-5.53419,-11.285,-3.5595,-3.70438,175.621,10293.7,45.0395,13737.1,35982.5,-9.56912,-6.64002,-13.4967,-4.66533,-4.81021,0.655533,10047.4,35.9163,13490.8,0.464093,0.993783,0.00488027,21649.5,-0.00288907,0.888888,12.5968,11.2974,121.722,92.6381,1.0735,12.9354,12.8036,120.22,143.908,1.50196,-51.2699 
31,201,2.701,44.6446,2.024,31,18483.5,-0.855147,41.6612,11.9647,121.63,0.326015,253.356,40.7824,-2.64062,-6.42114,-8.93485,-2.17221,-1.98609,139.49,8609.17,17.3539,12340.8,18915.5,-3.51895,-7.29948,-10.6915,-3.05054,-2.86442,0.610153,8413.53,10.1077,12145.2,0.446143,0.997902,0.00153072,18858.4,-0.00286183,0.834761,11.7764,10.7585,121.905,93.6195,1.11853,12.0554,11.9019,120.373,144.492,1.53263,-50.8722 
32,202.2,3.365,44.8324,2.02,32,19478,-0.00381898,44.0507,11.296,121.372,-0.0163491,-42.7943,498.801,-5.69473,-0.738785,-15.4651,-6.76136,-3.7807,149.319,9532.72,32.3849,12418.7,16221.2,-6.63495,-1.67901,-17.3456,-7.70158,-4.72092,0.544521,9323.28,24.628,12209.3,0.470321,0.995399,0.00370207,19823.2,-0.00285496,1.01106,11.3124,10.2382,121.322,92.8945,1.19383,11.6839,11.5597,120.432,143.696,0.89037,-50.8014 
33,201.8,3.143,44.7699,2.022,33,19497.4,-0.0441119,41.2243,12.2471,121.834,-0.0900225,121.484,235.484,-10.9529,-7.88236,-11.4293,-2.22377,0.27946,170.274,9293.65,34.8515,12714.5,16791.5,-12.0251,-8.95453,-13.5737,-3.29594,-0.792711,0.648732,9054.82,26.0061,12475.7,0.457687,0.994999,0.00382526,19783.9,-0.00275886,0.826834,12.5003,11.0344,121.911,93.1469,1.0568,12.5416,12.3131,120.837,144.358,1.07375,-51.2113 
34,203,3.807,44.9571,2.018,34,19459.2,-0.731841,46.5842,10.8551,121.663,-0.0730406,-258.063,471.579,-3.69549,-4.90133,-13.6995,-2.81076,-1.92687,87.5607,9442.5,21.1647,12429.6,17075,-4.24684,-5.45267,-14.8022,-3.36211,-2.47822,0.512155,9319.69,16.6161,12306.7,0.468244,0.99689,0.00248097,19903.5,-0.00274773,1.08946,10.7411,-9.82229,121.521,93.4954,1.33893,10.956,11.0218,121.034,144.326,0.48712,-50.8302 
36,202.8,3.696,44.926,2.019,36,20499.2,-0.745428,47.7348,-11.0989,121.251,0.249678,304.816,493.11,-4.73123,-0.894891,-2.03811,-9.63183,1.35084,163.669,9833.83,32.4108,13126.3,19724.4,-5.76181,-1.92547,-4.09927,-10.6624,0.320262,0.814753,9604.27,23.9085,12896.7,0.464077,0.995663,0.00340336,20695.4,-0.00288628,1.11243,10.9532,9.84743,121.155,93.0031,1.38066,11.2218,11.0564,120.656,143.997,0.499443,-50.994 
37,201.5,2.978,44.7229,2.022,37,18762.6,-0.793003,38.1809,13.0295,121.832,0.300107,200.429,434.521,-12.8508,-3.62353,-6.09322,-6.08888,-6.23796,103.949,8912.63,39.9233,12108.1,18152.7,-13.5054,-4.27807,-7.4023,-6.74342,-6.8925,0.809325,8766.83,34.5233,11962.3,0.460094,0.993156,0.00528821,19054.4,-0.0025751,0.734962,12.8268,11.6241,121.95,93.3376,0.928551,13.0099,12.9223,120.605,144.669,1.3448,-51.3319 
38,201.7,3.088,44.7542,2.022,38,18522.5,-0.0249074,37.7422,12.4035,121.83,-0.208834,115.319,4.39171e-13,-8.4125,-3.34941,-17.4587,-5.02765,-5.60192,130.662,8928.99,37.8469,11750,16023.3,-9.23525,-4.17215,-19.1042,-5.8504,-6.42467,0.57344,8745.72,31.0593,11566.8,0.467857,0.993823,0.00492211,18693.1,-0.00234683,0.757471,12.6201,11.3715,121.963,93.107,0.935124,12.6655,12.7385,120.644,144.162,1.31975,-51.0555 
39,202.4,3.475,44.8636,2.02,39,23994,-0.0613589,52.4585,11.429,121.521,0.12677,-94.6496,4.15521,-5.48175,-5.14049,-13.9,-2.42682,-4.21733,143.837,11475,42.7732,14873.9,19908,-6.38746,-6.0462,-15.7114,-3.33252,-5.12304,0.570734,11273.3,35.3012,14672.2,0.471855,0.99455,0.00441253,23891.3,-0.00283941,1.20559,11.4514,10.2309,121.591,93.0797,1.4409,11.5864,11.514,120.759,143.951,0.832176,-50.8714 
40,201.6,3.033,44.7386,2.022,40,15011.5,-0.0532651,31.6849,-12.4742,121.641,-0.00372844,99.3155,500,-8.90197,-4.53816,-7.6531,-1.20351,-4.35162,134.458,7392.45,30.3295,9800.1,12878.5,-9.74861,-5.3848,-9.34638,-2.05016,-5.19827,0.705424,7203.86,23.3447,9611.51,0.465674,0.994361,0.00445423,15469.8,-0.00235507,0.633305,12.6905,11.2225,121.788,92.402,0.776176,12.6912,12.8388,120.364,143.333,1.42379,-50.9313 
41,201.4,2.922,44.7073,2.023,41,19213.7,-0.0268584,39.3953,-12.4061,121.945,0.0107106,-4.56989,500,-7.29229,-6.43879,-5.96729,-4.89495,-3.24501,155.52,9111.72,24.9362,12380.9,15911.7,-8.27156,-7.41806,-7.92583,-5.87422,-4.22428,0.76491,8893.59,16.8573,12162.8,0.459532,0.996694,0.00254661,19353.6,-0.00265797,0.778673,12.643,11.4154,122.146,92.9807,0.974808,12.8097,12.8121,120.9,144.303,1.24638,-51.3227 
42,202.3,3.42,44.848,2.02,42,19571.2,0.0340381,44.7651,11.0221,121.635,-0.00478018,-51.5177,3.77362,-7.48446,-7.42112,-13.3534,-10.6724,-7.94723,75.7698,9602.13,25.8727,12487.4,16070,-7.96156,-7.89822,-14.3076,-11.1495,-8.42433,0.712359,9495.86,21.9366,12381.2,0.471407,0.995974,0.00325318,20143.7,-0.00283418,1.01342,11.2254,10.3037,121.696,93.0928,1.26372,11.3591,11.2841,120.852,143.821,0.843985,-50.7286 
43,202.5,3.53,44.8792,2.019,43,22422.8,-0.04341,50.0199,11.1335,121.782,-0.0153847,-22.143,500,-6.14718,-6.38306,-13.7602,-0.0218637,-5.63715,128.803,10609.1,43.3986,14184.7,18139.8,-6.95822,-7.1941,-15.3822,-0.832902,-6.44819,0.582182,10428.5,36.7075,14004.1,0.464066,0.993878,0.00480533,22472,-0.00277014,1.11636,11.4683,10.1932,121.762,93.2475,1.41354,11.3741,11.3667,121.106,144.282,0.65588,-51.0345 
44,201.9,3.199,44.7855,2.021,44,19672.5,-0.750857,42.1512,12.1576,121.56,0.503862,795.576,246.511,-3.63584,-9.02827,-18.444,0.152117,-4.20339,154.456,9565.51,37.4685,12449.4,29731.6,-4.6084,-10.0008,-20.3891,-0.820449,-5.17596,0.502641,9348.87,29.4449,12232.7,0.470525,0.994518,0.00441448,19869,-0.00245942,0.87422,12.1375,10.9906,121.683,92.8704,1.06462,12.081,12.3323,120.685,143.941,0.997726,-51.0705 
45,202,3.254,44.8011,2.021,45,17215.4,-0.03257,38.6032,11.6048,121.645,0.00637507,-1.97055,477.15,-3.3208,-9.02862,-6.83259,-8.9333,-0.369928,107.545,8501.2,36.3996,11362.9,14583.7,-3.99799,-9.7058,-8.18696,-9.61048,-1.04711,0.748468,8350.36,30.8128,11212,0.464097,0.993584,0.00503696,17992.7,-0.00282339,0.835618,11.6607,10.5479,121.563,92.8407,1.04815,12.0666,11.6541,120.603,143.845,0.959851,-51.0039 
46,201.2,2.812,44.676,2.023,46,21120.5,0.00981007,44.1433,-12.0349,121.645,-0.101674,120.304,500,-5.57238,-6.70839,-6.74742,-6.7621,-5.05213,82.9927,10035.9,31.8656,13480.4,17692.4,-6.09496,-7.23097,-7.79259,-7.28468,-5.57472,0.770657,9919.54,27.5543,13364,0.463258,0.995162,0.00378374,21412.6,-0.00273828,0.899693,12.2649,11.1808,122.079,92.8765,1.15493,12.3362,12.1759,120.503,144.001,1.57571,-51.1245 
47,201.1,2.756,44.6603,2.024,47,21878.6,0.127148,45.3418,-12.0308,121.804,-0.156901,45.1166,1.50837e-12,-2.54924,-6.7667,-10.1507,-2.081,-5.60578,70.6103,10344.4,30.1654,13974.1,17988.2,-2.99385,-7.21132,-11.0399,-2.52562,-6.0504,0.629796,10245.3,26.4974,13875.1,0.461962,0.995494,0.00350556,22177.9,-0.00286875,0.918488,12.4583,11.1798,122.124,92.6986,1.19212,12.3166,12.2608,120.764,143.599,1.35991,-50.9005 
48,202.7,3.641,44.9104,2.019,48,20449.2,-0.0658989,47.7069,10.8824,121.868,-0.0328713,-70.2199,21.6415,-10.3672,-6.37426,-18.0389,-10.2162,-6.46079,82.3828,10015.1,32.5588,13121.9,16975.7,-10.886,-6.893,-19.0764,-10.735,-6.97953,0.650422,9899.55,28.2792,13006.3,0.469507,0.995026,0.00398925,21085,-0.00302209,1.10616,11.1097,10.021,121.741,92.8407,1.36975,11.1385,11.1041,121.205,143.619,0.535852,-50.7784 
49,202.9,3.752,44.9416,2.018,49,22472,-0.0104639,51.274,10.9056,121.71,-0.01677,-11.0737,500,-7.63199,-5.79495,-12.1951,-2.3617,-6.65951,128.876,10740.7,22.6324,14256.3,18208.9,-8.44349,-6.60645,-13.8181,-3.1732,-7.47101,0.650284,10559.9,15.9375,14075.6,0.465914,0.997366,0.00208143,22664.9,-0.00280995,1.19624,10.9529,9.95279,121.575,92.6373,1.49062,11.2048,11.0167,121.029,143.351,0.545949,-50.7137 
50,202.6,3.586,44.8948,2.019,50,17917.9,-0.173417,42.5248,11.0413,121.731,0.0399074,-192.828,464.674,-9.26618,-7.70578,-2.04191,-5.14399,-4.28129,35.7564,8803.93,10.3935,11733.8,15535.2,-9.49133,-7.93093,-2.4922,-5.36914,-4.50644,0.916341,8753.78,8.53603,11683.6,0.465585,0.998296,0.00134403,18801.7,-0.00304831,0.991478,11.0016,9.93138,121.757,93.3976,1.2403,11.1566,11.0985,121.098,144.242,0.659435,-50.8448 
51,201.3,2.867,44.6916,2.023,51,19103.5,-0.0025846,40.2176,12.1316,121.67,0.0331255,-90.5751,500,-9.10027,-3.76093,-6.88847,0.576827,-2.77951,75.7539,9386.22,39.4419,12094.9,15980.6,-9.57727,-4.23794,-7.84248,0.0998247,-3.25651,0.683954,9279.97,35.5066,11988.6,0.473706,0.993349,0.00542616,19590.2,-0.00258594,0.829328,12.4437,11.14,122.01,92.2662,0.995158,12.4421,12.5226,120.437,143.077,1.57329,-50.8107 
52,201,2.701,44.6446,2.024,52,20447.4,-0.1084,44.4415,11.6256,121.558,0.211729,1144.19,500,-10.3451,-6.17356,-4.56873,-9.11574,-4.037,106.608,9690.25,27.8937,13319.5,24705.3,-11.0164,-6.84484,-5.91129,-9.78702,-4.70828,0.845528,9540.72,22.3557,13170,0.457218,0.995916,0.00311718,20866.9,-0.00276705,0.940744,11.7916,10.6385,122.088,92.9227,1.23014,11.8022,11.7774,120.475,143.711,1.61335,-50.7879 
53,202.2,3.365,44.8324,2.02,53,20281.3,-0.291331,45.3885,11.3558,121.585,0.242548,-212.214,2.91743e-05,-6.24313,-8.69071,-19.0908,-6.0939,-3.56039,116.453,9811.61,29.5099,12764,18454.3,-6.9764,-9.42398,-20.5573,-6.82718,-4.29366,0.572422,9648.28,23.4603,12600.7,0.470996,0.995763,0.00341798,20484.8,-0.00259138,1.0214,11.3726,10.3007,121.574,92.977,1.24627,11.5615,11.4426,120.797,143.849,0.777542,-50.872 
54,201.8,3.143,44.7699,2.022,54,19796.9,-0.131872,41.4065,12.1765,121.753,-0.0604096,-66.8198,500,-6.76471,-4.98228,-4.6911,-5.39883,-1.21956,45.5761,9702.23,41.8148,12381.2,16544.3,-7.05169,-5.26926,-5.26507,-5.68581,-1.50654,0.787514,9638.3,39.4472,12317.3,0.476408,0.992889,0.0058649,20231.2,-0.00245674,0.854431,12.3703,11.2438,121.91,92.6868,1.00622,12.5054,12.5468,120.68,143.914,1.22999,-51.227 
55,203,3.807,44.9571,2.018,55,20202,-0.496054,46.6477,-11.0976,121.729,-0.23348,-505.525,485.344,-7.09379,-3.80134,-7.19016,-4.66263,-1.73689,95.4208,9989.2,18.7798,12555.9,20694.4,-7.69463,-4.40218,-8.39184,-5.26347,-2.33773,0.70125,9855.36,13.8229,12422,0.479852,0.997552,0.00204565,20538.3,-0.00284298,1.10628,11.0041,10.0893,121.669,92.691,1.32047,11.2163,11.0881,120.953,143.264,0.715401,-50.5729 
56,202.1,3.309,44.8167,2.021,56,21983.9,-0.269123,46.9916,11.8001,121.657,0.561786,-200.208,500,-3.84345,-4.73468,-10.851,-1.06656,-4.47258,114.471,10417.8,31.4362,13704.5,21712.4,-4.56424,-5.45548,-12.2926,-1.78736,-5.19338,0.580359,10257.3,25.4896,13543.9,0.468261,0.99567,0.00345486,21905.1,-0.00250679,1.02898,11.6994,10.5534,121.691,93.3147,1.26347,11.9858,11.6994,120.791,144.206,0.899701,-50.891 
57,202.8,3.696,44.926,2.019,57,19096.6,-0.0362913,44.3819,-10.9014,121.467,0.0183544,-1.87904,500,-1.77953,-5.8345,-10.6147,-6.12834,-3.36745,122.275,9047.4,7.67376,12364.6,15751.3,-2.54946,-6.60443,-12.1546,-6.89827,-4.13739,0.62421,8875.9,1.32182,12193.1,0.458419,0.999739,0.000199657,19362,-0.00278133,1.03736,10.9109,9.76223,121.383,92.8444,1.31231,11.238,10.9949,120.856,143.617,0.527984,-50.7729 
58,201.5,2.978,44.7229,2.022,58,18766.6,-0.0530698,38.0264,12.6558,121.782,0.0103296,-38.0301,500,-2.14902,-9.16838,-6.6655,-1.91649,-0.690206,154.508,9189.7,47.6461,11816.2,15679.2,-3.12192,-10.1413,-8.61129,-2.88939,-1.6631,0.674148,8972.99,39.6197,11599.4,0.473546,0.992332,0.00625265,18948.5,-0.0025445,0.770353,12.7551,11.4841,122.182,92.0326,0.932915,12.8291,12.7393,120.651,143.161,1.53059,-51.1289 
59,201.7,3.088,44.7542,2.022,59,17706.4,-0.00812942,36.4198,12.4828,121.474,0.017026,-56.1331,1.03277e-11,-0.723796,-5.07849,-4.9979,-2.52652,-2.35607,158.045,8276.52,26.4508,11693.1,14830.6,-1.71896,-6.07366,-6.98823,-3.52168,-3.35123,0.677274,8054.85,18.2406,11471.4,0.449483,0.996053,0.00292058,17920.2,-0.00247224,0.692667,12.712,11.4414,121.638,93.001,0.921712,12.7961,12.7667,120.403,144.199,1.23464,-51.1976 
60,202.4,3.475,44.8636,2.02,60,21265.7,-0.19174,48.2559,11.1656,122.113,-0.119968,-20.3775,3.35516e-09,-4.36843,-5.40224,-9.79047,-7.12247,-4.86565,113.679,10489.3,26.9353,13174,17619.5,-5.08424,-6.11805,-11.2221,-7.83827,-5.58146,0.68692,10329.9,21.03,13014.5,0.47996,0.99645,0.0029678,21522.3,-0.00283055,1.11074,11.2651,10.321,122.106,92.3992,1.27842,11.4892,11.6265,121.418,143.129,0.687775,-50.7299 
61,201.6,3.033,44.7386,2.022,61,18250.1,-0.0563046,37.6838,-12.5199,121.577,0.0373388,-5.41893,500,-5.73118,-3.67805,-13.2075,-10.0833,-6.20344,179.486,8907.6,41.0897,11712.6,15365.1,-6.86135,-4.80822,-15.4679,-11.2135,-7.33361,0.66142,8655.85,31.7658,11460.8,0.467577,0.993619,0.00507981,18512.2,-0.00248327,0.764358,12.5996,11.2285,121.889,92.1941,0.930272,12.7851,12.6114,120.32,143.267,1.56892,-51.0727 
62,201.4,2.922,44.7073,2.023,62,20036.8,-0.873161,41.3721,12.9383,121.566,0.399104,-1902.43,430.698,-6.93939,-6.21714,-11.2529,-9.52308,-5.01671,112.127,9097.73,24.1212,13190.6,42142,-7.64542,-6.92318,-12.6649,-10.2291,-5.72274,0.706731,8940.46,18.2964,13033.3,0.443715,0.996431,0.00257931,20149.1,-0.00258367,0.756321,12.8649,11.5529,121.836,92.9708,1.03298,12.8478,12.735,120.352,144.194,1.48372,-51.2235 
63,202.3,3.42,44.848,2.02,63,23258.1,-0.0420074,50.4659,11.3256,121.84,0.0949671,-170.475,500,-7.34412,-4.88063,-5.28063,-3.36764,-10.4081,126.389,10813.8,50.5062,14469.6,19133,-8.13997,-5.67647,-6.87231,-4.16348,-11.2039,0.8094,10636.5,43.9405,14292.3,0.463912,0.992822,0.0056315,22927.9,-0.00228833,1.12295,11.3733,10.3129,121.806,92.1777,1.37851,11.5782,11.5965,121.109,142.766,0.696667,-50.588 
64,202.5,3.53,44.8792,2.019,64,23693.4,0.0498136,52.7399,11.1153,121.697,-0.0408783,-27.8082,1.87593e-11,-7.37248,-3.73327,-1.20567,-3.17592,-2.06655,84.0212,11441.5,31.1298,14672.7,19120.4,-7.90154,-4.26233,-2.26379,-3.70498,-2.59561,0.890787,11323.7,26.7651,14554.8,0.474971,0.995881,0.00337604,23840.8,-0.00290803,1.23857,11.2825,10.0889,121.662,92.4762,1.45278,11.4891,11.3686,121.038,143.162,0.623693,-50.6859 
65,201.9,3.199,44.7855,2.021,65,19795.9,-0.811225,42.3195,12.3333,121.997,-0.502844,787.846,266.284,-8.66837,-8.04334,-8.39443,-0.291346,-4.1165,51.529,9611.66,19.9834,12604.4,29887.3,-8.99283,-8.36781,-9.04336,-0.615811,-4.44096,0.712551,9539.38,17.3066,12532.1,0.469526,0.996835,0.00253745,20317,-0.00276056,0.850195,12.4081,11.2043,122.108,93.0932,1.0761,12.3054,12.2889,120.99,144.071,1.11878,-50.9777 
66,202,3.254,44.8011,2.021,66,20441.8,-0.0962692,44.5658,11.6748,121.829,-0.0278898,-93.3641,6.00153e-13,-5.23838,-8.49948,-8.09897,-0.467915,-3.76562,139.878,9844.15,47.4709,13112.4,17022.1,-6.11915,-9.38026,-9.86051,-1.34869,-4.6464,0.68552,9647.96,40.2045,12916.2,0.464829,0.99276,0.00570125,20755.9,-0.00283202,0.948166,11.8093,10.7934,121.847,92.5753,1.16912,11.9488,12.0963,120.91,143.301,0.936932,-50.7262 
67,201.2,2.812,44.676,2.023,67,21244.1,0.0172606,43.3274,12.3132,121.993,0.0710314,-71.8613,2.52472e-11,-8.22171,-8.23902,-16.8476,-3.90308,-5.99864,113.059,10252.1,38.3026,13306.4,17533.3,-8.93362,-8.95092,-18.2714,-4.61499,-6.71054,0.615189,10093.5,32.4294,13147.8,0.471646,0.994409,0.00452303,21400.7,-0.00266071,0.906246,12.4445,11.1403,122.391,91.8846,1.10477,12.5948,12.3362,120.762,142.614,1.62853,-50.7298 
68,201.1,2.756,44.6603,2.024,68,23070.7,-0.067906,47.1332,12.2457,121.853,-10.5152,3415.04,499.999,-6.2125,-1.87207,-11.9296,-6.01731,-4.84327,74.1231,10882,29.9541,14517.2,1.18778e+06,-6.67923,-2.33881,-12.863,-6.48404,-5.31,0.618026,10778,26.1036,14413.2,0.465103,0.99578,0.00332511,23173.4,-0.00269279,0.957615,12.4277,11.21,122.212,92.1971,1.20187,12.5778,12.351,120.816,143.013,1.39551,-50.8158 
69,202.7,3.641,44.9104,2.019,69,22420.6,-0.354627,51.3929,11.0656,121.802,0.18201,616.727,0.00803407,-8.37828,-4.0795,-6.34467,-4.71311,-3.35036,90.7919,10693.2,16.9476,14267.4,22167,-8.94997,-4.65119,-7.48805,-5.2848,-3.92205,0.752837,10565.8,12.2311,14140,0.464918,0.997978,0.00159089,22726.2,-0.00303592,1.17298,11.136,10.0769,121.772,92.7063,1.46194,11.2866,11.2293,121.198,143.381,0.574098,-50.6748 
70,202.9,3.752,44.9416,2.018,70,22416.9,-0.73417,51.5301,11.1982,121.606,1.29113,2176.87,499.997,-6.97598,-6.65147,-11.9826,-0.462668,-5.56965,157.628,10875.8,28.8212,13905.4,110280,-7.96853,-7.64402,-13.9677,-1.45521,-6.5622,0.628496,10654.7,20.6327,13684.3,0.475165,0.996623,0.00276977,22423.2,-0.00289313,1.21503,11.0859,9.96296,121.634,92.2559,1.43213,11.2929,11.1723,120.964,142.679,0.669512,-50.4226 
71,202.6,3.586,44.8948,2.019,71,18984.2,-0.0451228,45.0279,10.762,121.491,-0.0542428,-15.1176,500,-5.7438,-6.93766,-6.41404,-6.4422,-2.44109,138.201,9294.53,13.3067,12236.4,15801.8,-6.61402,-7.80788,-8.15447,-7.31242,-3.3113,0.754384,9100.69,6.12745,12042.6,0.467726,0.998823,0.000936413,19457.3,-0.00294052,1.0457,10.9726,9.90502,121.328,92.7996,1.29122,11.0778,11.1736,120.833,143.359,0.495791,-50.5591 
72,201.3,2.867,44.6916,2.023,72,19950.2,0.00306323,40.7242,12.2967,122.036,-0.0277996,-77.7853,0.689854,-10.7706,-5.23125,-3.6387,-8.70076,-4.64087,84.1247,9258.32,34.884,12836.1,16372.2,-11.3003,-5.76096,-4.69812,-9.23047,-5.17058,0.870076,9140.33,30.5139,12718.2,0.455242,0.994192,0.0044002,20077.9,-0.002473,0.791347,12.5367,11.4724,122.285,92.8957,1.05335,12.582,12.4504,120.962,143.976,1.32311,-51.0802 
73,201,2.701,44.6446,2.024,73,20825.4,-0.499017,44.162,-12.2223,121.737,0.384221,-319.156,0.00101851,-2.85196,-0.591054,-7.09062,-5.40007,-0.74712,65.8882,9877.07,44.3345,13299.1,21562.9,-3.26684,-1.00593,-7.92038,-5.81495,-1.162,0.586837,9784.65,40.9117,13206.6,0.462798,0.992736,0.00567412,21142.4,-0.00281105,0.918708,12.1776,10.9486,122.077,92.7842,1.13238,12.3544,12.2771,120.526,143.562,1.5514,-50.7776 
74,202.2,3.365,44.8324,2.02,74,20609.8,-0.240192,45.919,-11.3212,121.651,-0.0421817,2611.27,500,-8.4097,-6.07489,-7.9606,-2.56278,-7.52917,103.127,9884.72,26.1786,12946.8,20508.7,-9.05906,-6.72426,-9.25933,-3.21215,-8.17854,0.745856,9740.07,20.8213,12802.2,0.469403,0.996273,0.00298703,20749.9,-0.00260707,1.04824,11.3549,10.1819,121.689,92.6307,1.26483,11.5896,11.432,120.885,143.205,0.804682,-50.5741 
75,201.8,3.143,44.7699,2.022,75,20362.7,-0.0875909,41.6752,12.3074,121.722,0.0194093,-47.4646,500,-2.94164,-1.58706,-8.74938,-0.972609,-5.74159,101.854,9443.81,36.679,13173.5,16727.1,-3.58299,-2.22841,-10.0321,-1.61396,-6.38294,0.579198,9300.95,31.3878,13030.7,0.453543,0.994129,0.0044176,20507.3,-0.00239438,0.820361,12.5365,11.1574,121.954,92.5458,1.07677,12.5061,12.4788,120.62,143.473,1.33434,-50.9269 
76,203,3.807,44.9571,2.018,76,21730.2,-0.282629,50.1057,10.9663,121.76,0.843948,-578.11,500,-3.63735,-7.32787,-11.4582,-8.02671,0.168819,134.97,10536.6,22.6663,13768.6,33769.7,-4.48722,-8.17774,-13.1579,-8.87658,-0.68105,0.628103,10347.3,15.6549,13579.2,0.469787,0.997359,0.00211918,22025.4,-0.00285686,1.19276,10.9685,9.80498,121.673,92.6123,1.43153,11.1992,11.0836,121.158,143.308,0.51463,-50.6959 
77,202.1,3.309,44.8167,2.021,77,20489.1,-0.808993,45.041,11.9104,121.871,-0.0250448,671.346,106.957,-5.0483,-2.53717,-7.26267,-4.80679,-4.92095,126.16,10099.6,33.1071,12841.9,18010.7,-5.8427,-3.33156,-8.85147,-5.60118,-5.71535,0.698337,9922.63,26.5533,12665,0.476717,0.995339,0.00384728,20814.5,-0.00283626,0.993888,11.7394,10.6118,121.77,92.3948,1.16529,12.0269,11.8915,120.951,143.09,0.818955,-50.6947 
78,202.8,3.696,44.926,2.019,78,20567.9,-0.0487756,47.6327,10.8943,121.708,-0.0367567,1.99583,1.88101e-11,-5.80713,3.59642,-13.5184,-6.16435,-0.223109,114.249,10328.1,26.7693,12694.3,16895.1,-6.52653,2.87702,-14.9572,-6.88374,-0.942502,0.434146,10167.9,20.8343,12534.1,0.485406,0.996427,0.00305262,20947.2,-0.00295061,1.15682,11.0033,9.91896,121.64,92.4915,1.30361,11.2841,11.3371,120.998,143.22,0.64251,-50.7287 
79,201.5,2.978,44.7229,2.022,79,19408.9,-0.0550044,39.3929,12.5299,121.93,-0.0298266,247.32,500,-4.91439,-10.538,-13.8911,-1.56986,-5.06157,125.485,9319.55,38.9348,12371.1,16308.1,-5.70453,-11.3282,-15.4714,-2.36001,-5.85171,0.620015,9143.55,32.4161,12195.1,0.465763,0.993834,0.00487269,19631.3,-0.00249535,0.777137,12.6363,11.5834,122.081,92.1388,0.949296,12.9296,12.9339,120.658,143.048,1.4228,-50.9089 
80,201.7,3.088,44.7542,2.022,80,18804.9,-0.856004,39.0205,12.9558,121.901,0.602964,287.927,385.005,-1.53171,-9.33541,-16.2708,-0.966111,-4.23349,170.058,9480.29,36.5857,11797.7,22108.6,-2.60252,-10.4062,-18.4124,-2.03692,-5.30429,0.524992,9241.77,27.7516,11559.2,0.481777,0.994772,0.0044031,19182.7,-0.00267817,0.78515,12.8525,11.4666,121.998,91.875,0.920836,12.911,12.7789,120.881,142.987,1.11758,-51.1124 
81,202.4,3.475,44.8636,2.02,81,23257.6,0.000944416,51.2964,11.3251,121.704,-0.0524338,-22.6291,389.276,-2.32552,-6.20652,-4.68572,-1.27396,-4.70231,126.965,11345.2,48.4204,14196.3,18950,-3.12498,-7.00598,-6.28464,-2.07342,-5.50178,0.73804,11167.2,41.8248,14018.2,0.480871,0.993488,0.00546608,23222.8,-0.00273361,1.17551,11.478,10.3384,121.694,92.0918,1.3541,11.5928,11.6885,120.942,142.786,0.751556,-50.694 
82,201.6,3.033,44.7386,2.022,82,19220.9,-0.400004,39.6668,12.7541,121.846,1.46002,765.601,499.894,1.04025,-1.37654,-9.12365,-7.64908,-5.92425,69.3672,9294.76,20.9618,12485,52857,0.603461,-1.81332,-9.99722,-8.08586,-6.36104,0.610305,9197.47,17.3583,12387.7,0.463327,0.996708,0.00257461,19850.9,-0.00291568,0.775686,12.8367,11.5186,122.139,93.0598,0.962229,12.9636,12.9341,120.726,144.214,1.41296,-51.154 
83,201.4,2.922,44.7073,2.023,83,18775.3,-0.141475,38.7112,12.5216,122.161,0.120238,121.13,0.000129003,-5.88704,-5.48456,-13.1081,-3.98328,-3.08871,121.933,9260.86,34.8006,12068.1,16253.6,-6.65481,-6.25233,-14.6437,-4.75105,-3.85649,0.595013,9089.84,28.4664,11897.1,0.470457,0.994549,0.00438832,19321.3,-0.00278347,0.775237,12.7274,11.498,122.472,92.3852,0.972027,12.7616,12.5186,120.946,143.421,1.52557,-51.0357 
84,202.3,3.42,44.848,2.02,84,20417.1,-0.058567,46.3287,11.2336,121.755,-0.0330523,168.122,500,-3.70771,-4.87663,-6.14859,-1.09395,-5.79307,108.441,9635.78,22.3334,13526.3,17122.9,-4.39053,-5.55945,-7.51423,-1.77678,-6.47589,0.707809,9483.68,16.7001,13374.2,0.451916,0.996928,0.00229493,20985.5,-0.00306934,0.993009,11.4325,10.3597,121.702,93.1075,1.33349,11.5285,11.3976,121.017,143.926,0.684305,-50.818 
85,202.5,3.53,44.8792,2.019,85,22282.6,-0.788351,50.6492,11.3212,121.819,1.05835,-34.875,299.35,-9.37596,-12.0632,-15.1188,-5.70219,-5.92433,160.983,10597.6,17.8689,14165.9,19868,-10.3896,-13.0768,-17.1461,-6.71586,-6.938,0.684038,10371.8,9.50617,13940.1,0.46385,0.998399,0.00125461,22360.3,-0.0028428,1.1528,11.1992,10.0489,121.808,92.4276,1.39619,11.4407,11.4445,121.07,143.193,0.737467,-50.7654 
86,201.9,3.199,44.7855,2.021,86,21464.6,-0.00918908,44.2749,12.1405,121.765,0.0481996,-59.0968,500,-5.80089,-10.6294,-4.28214,-4.75552,-10.0966,102.991,10144.3,32.8702,13620.2,17590.7,-6.4494,-11.2779,-5.57916,-5.40403,-10.7451,0.858596,9999.84,27.52,13475.8,0.463191,0.995207,0.00374782,21589,-0.00253272,0.916749,12.2278,11.0236,122.065,92.336,1.1353,12.4596,12.3461,120.761,143.275,1.30354,-50.9394 
87,202,3.254,44.8011,2.021,87,19654.8,-0.000816215,42.5402,-11.851,121.916,-0.00876422,-6.13953,7.94337e-11,-7.34929,-3.83058,-13.5418,-1.5101,-4.42031,133.704,9819.26,34.8777,12526.5,16413.3,-8.19119,-4.67247,-15.2255,-2.352,-5.26221,0.573555,9631.72,27.9321,12338.9,0.4758,0.994951,0.00415273,20243.2,-0.00304057,0.922562,12.0458,10.8779,121.977,92.8621,1.10974,12.2184,11.9622,120.957,143.701,1.01996,-50.8394 
88,201.2,2.812,44.676,2.023,88,20301.6,-0.811866,42.6633,12.4943,121.776,-0.279315,1047.57,375.903,-7.5618,-7.28284,-11.0589,-6.31404,-9.96466,115.967,9824.93,45.4802,12833.3,26877.7,-8.29201,-8.01305,-12.5194,-7.04425,-10.6949,0.731134,9662.27,39.4559,12670.7,0.469977,0.992905,0.00570352,20559,-0.00252984,0.89728,12.1732,10.9493,122.176,91.8876,1.07089,12.4616,12.3135,120.614,142.54,1.5624,-50.6526 
89,201.1,2.756,44.6603,2.024,89,19569.6,-0.257848,43.5153,11.8333,122.169,-0.177274,154.776,86.981,-1.21069,-6.53775,-13.1158,-7.09869,-8.98261,103.609,9870.01,26.0511,12383.7,17655.8,-1.86309,-7.19015,-14.4206,-7.75109,-9.63501,0.647073,9724.69,20.6688,12238.4,0.480239,0.996294,0.0031014,20249.7,-0.0030197,0.922516,12.1791,10.7969,122.215,92.2269,1.0752,12.2534,12.178,120.667,143.065,1.54817,-50.8385 
90,202.7,3.641,44.9104,2.019,90,18599.6,-0.286728,44.3912,-10.9133,121.827,-0.0394174,143.372,0.847477,-5.46365,-8.20785,-7.65041,-2.09866,-3.12877,141.272,9496.92,30.9223,11725.8,15954.5,-6.3532,-9.0974,-9.42951,-2.98821,-4.01832,0.70428,9298.77,23.5835,11527.7,0.483994,0.995581,0.00375446,19212.6,-0.00294812,1.08105,10.7864,9.90844,121.711,92.2417,1.23247,11.2277,11.0806,121.056,142.759,0.655698,-50.5173 
91,202.9,3.752,44.9416,2.018,91,21193.6,-0.821334,49.7316,-11.1289,122.008,0.829162,114.812,227.577,-7.05178,-2.87548,-12.0157,-7.8834,-2.801,164.502,10460.8,37.7741,13402.5,21115.9,-8.08761,-3.9113,-14.0873,-8.91922,-3.83683,0.63732,10230.1,29.2286,13171.8,0.474541,0.995025,0.00407103,21557.9,-0.00307205,1.17244,10.9002,9.95814,121.82,92.0582,1.3959,11.3458,11.057,121.276,142.67,0.544253,-50.6119 
92,202.6,3.586,44.8948,2.019,92,20261.1,-0.256066,47.2553,11.0068,121.882,-3.43595,-1094.58,499.848,-4.07387,-4.52092,-8.71868,-5.78973,-8.28947,130.453,10202.4,29.6246,12725.2,139362,-4.8953,-5.34235,-10.3615,-6.61116,-9.1109,0.714725,10019.5,22.8478,12542.2,0.481572,0.996025,0.00334449,20805.7,-0.003007,1.1363,10.9902,9.94815,121.699,91.9987,1.30487,11.2872,11.2582,121.173,142.453,0.526057,-50.4545 
93,201.3,2.867,44.6916,2.023,93,19661.3,-0.049459,41.1398,12.1895,122.006,-0.0225165,-1.18652,500,0.670929,0.310747,2.98963,-4.8486,-1.29082,101.409,9505.18,44.8979,12493.1,16325.4,0.0323855,-0.327796,1.71254,-5.48714,-1.92937,1.28545,9362.94,39.63,12350.9,0.468505,0.992647,0.00587598,19984.7,-0.002588,0.839223,12.3871,11.181,122.362,92.4007,1.02216,12.5747,12.4986,120.775,143.578,1.58706,-51.1769 
94,201,2.701,44.6446,2.024,94,20599.1,-0.0655062,45.6198,-11.5556,122.078,-0.0720078,19.0308,18.9752,-6.50543,-6.52048,-10.7929,-1.7156,-6.56708,173.294,10171.7,35.7034,13056.3,17205.5,-7.59662,-7.61167,-12.9752,-2.80679,-7.65827,0.664277,9928.65,26.7011,12813.2,0.473967,0.995316,0.00382404,20948,-0.00282805,0.977414,11.9448,10.6308,122.262,92.3227,1.16446,11.9521,12.0416,120.822,143.123,1.43993,-50.8006 
95,202.2,3.365,44.8324,2.02,95,19912.4,0.0577256,44.5574,-11.188,121.46,-0.0487184,-54.3488,1.01721e-11,-4.11419,-0.431192,-9.7079,-5.07418,-9.58686,199.848,9599.83,39.5055,12713.4,16314.2,-5.37258,-1.68958,-12.2247,-6.33257,-10.8452,0.664753,9319.52,29.1238,12433,0.465698,0.994561,0.00429649,20011.9,-0.00261076,1.02015,11.2874,10.128,121.464,91.9303,1.24018,11.5688,11.4064,120.631,142.504,0.832844,-50.5733 
96,201.8,3.143,44.7699,2.022,96,19923.1,-0.891288,42.3934,12.5924,121.924,1.14766,-223.308,16.6678,-6.58131,-7.12117,-11.2161,-1.8258,-7.03939,153.449,9888.06,36.7192,12621,25720.9,-7.54754,-8.08739,-13.1485,-2.79203,-8.00562,0.667808,9672.84,28.7478,12405.8,0.475514,0.994826,0.00425053,20341.8,-0.0028142,0.868592,12.5427,11.0927,122.032,91.9917,1.05937,12.3865,12.3748,120.861,142.688,1.17133,-50.6958 
97,203,3.807,44.9571,2.018,97,18958.4,-0.0964715,45.3033,10.7447,121.4,-0.123394,111.472,4.2531e-12,-5.29323,-5.49334,-5.2152,-5.34281,-7.94783,140.304,9463.02,18.7698,12185.3,16293.7,-6.17669,-6.3768,-6.98212,-6.22627,-8.83129,0.798165,9266.23,11.4813,11988.5,0.473339,0.997836,0.00176107,19576.3,-0.00309859,1.09688,10.816,9.69196,121.274,92.3596,1.3254,11.1183,10.8829,120.648,142.966,0.626125,-50.6061 
98,202.1,3.309,44.8167,2.021,98,16894.7,0.0508699,38.3693,11.3475,121.638,0.0129555,-63.7173,500,-2.71602,-4.90566,-17.2115,-2.02197,-2.77182,47.0907,8604.05,13.1829,10831.9,14200.5,-3.01253,-5.20218,-17.8045,-2.31849,-3.06834,0.433087,8538,10.7366,10765.9,0.479753,0.997804,0.00183373,17796.6,-0.00288737,0.859552,11.7161,10.4988,121.666,92.8077,1.03707,11.6807,11.673,120.776,143.587,0.889882,-50.7793 
99,202.8,3.696,44.926,2.019,99,19148.3,-0.00873642,45.6939,10.7426,121.982,-0.0545171,7.87367,500,-7.19422,-5.44905,-11.6981,-3.66356,-2.69778,171.108,9905.19,25.83,11906.8,15993.5,-8.27164,-6.52647,-13.853,-4.74097,-3.7752,0.62728,9665.2,16.9413,11666.8,0.490652,0.996942,0.00266777,19698.7,-0.00308899,1.13744,10.9248,9.78145,121.817,92.0801,1.25595,11.1394,11.1505,121.293,142.622,0.524518,-50.5415 
100,201.5,2.978,44.7229,2.022,100,17979,-0.824765,37.3661,-12.9545,121.554,-0.793563,315.56,123.355,-2.94473,-12.2458,-8.34785,-9.30481,-1.46591,163.805,8680.5,37.4112,11655,23909.6,-3.97617,-13.2772,-10.4107,-10.3362,-2.49735,0.742931,8450.75,28.9018,11425.2,0.462385,0.994051,0.00463827,18276.4,-0.00260816,0.727363,12.7461,11.4078,121.741,92.6754,0.905511,13.0285,12.7809,120.262,143.956,1.47874,-51.2804 
101,201.7,3.088,44.7542,2.022,101,21547.7,-0.0745416,43.1482,-12.5444,121.582,0.131188,-59.3716,500,-3.53789,-1.91076,-2.04616,-5.78679,-1.95756,78.47,10273.1,43.1961,13657.1,17873.6,-4.032,-2.40486,-3.03437,-6.2809,-2.45167,0.833311,10163.1,39.1197,13547,0.465908,0.993309,0.00529131,21813.5,-0.00261079,0.83066,12.8931,11.7508,121.593,93.0148,1.04414,12.8681,12.985,120.409,144.511,1.18444,-51.4965 
102,202.4,3.475,44.8636,2.02,102,20282.9,-0.856439,47.463,11.3288,121.677,-1.55362,4701.86,301.549,-1.0624,-6.16415,-15.6856,-7.2926,-1.47877,148.648,10188.2,43.3939,12852.7,255303,-1.99839,-7.10015,-17.5576,-8.22859,-2.41477,0.52928,9979.7,35.6719,12644.2,0.478557,0.993784,0.00517009,20853.7,-0.00312577,1.10923,11.168,10.0325,121.726,92.0749,1.29891,11.4052,11.3191,120.898,142.503,0.827494,-50.4277 
103,201.6,3.033,44.7386,2.022,103,20732.1,-0.278222,41.7218,12.8728,121.811,-0.152018,132.293,4.66397e-12,-3.91885,-5.44144,-7.75234,-3.63585,-1.40905,153.257,10145.8,37.9357,13099.6,18138.2,-4.88387,-6.40646,-9.68237,-4.60087,-2.37407,0.653553,9930.84,29.9743,12884.7,0.472635,0.994746,0.00426711,21011.6,-0.00274612,0.829037,12.9143,11.5412,121.802,92.0269,0.988473,13.1254,12.9977,120.625,143.312,1.17774,-51.2848 
104,201.4,2.922,44.7073,2.023,104,18171,-0.0440038,36.901,-12.7237,121.486,0.0280824,-0.294943,500,-7.0287,-9.11623,-9.42053,-9.74816,-8.90611,179.007,8547.74,53.2364,12109.4,15284.6,-8.15587,-10.2434,-11.6749,-10.8753,-10.0333,0.771004,8296.66,43.9373,11858.3,0.448594,0.990817,0.00677908,18494.8,-0.00268812,0.70279,12.9844,11.4664,121.787,92.1572,0.933024,12.9817,12.8277,120.226,142.935,1.56109,-50.7779 
105,201.4,2.922,44.7073,2.023,105,19044.8,-0.350076,39.1262,12.8447,121.823,0.16979,217.772,499.992,-8.94816,-3.81673,-12.5371,-5.14699,-4.75622,167.413,9210.76,48.1031,12494.4,17563.8,-10.0023,-4.87089,-14.6454,-6.20115,-5.81038,0.647355,8975.94,39.4063,12259.6,0.459851,0.992376,0.00588625,19519.2,-0.00306464,0.758007,12.9668,11.5929,122.06,92.0549,0.962842,13.0798,12.8633,120.627,142.969,1.43267,-50.9143 
106,201.4,2.922,44.7073,2.023,106,18916.1,-0.0400262,38.2538,12.6781,122.206,0.00368926,-11.1333,488.436,-3.6079,-8.16684,-8.20766,-7.72962,-7.94927,126.889,9256.33,50.8858,12086.2,15789.3,-4.40689,-8.96582,-9.80564,-8.5286,-8.74825,0.757617,9078.35,44.2941,11908.3,0.469907,0.991534,0.00680529,19319.5,-0.00272062,0.765121,12.7654,11.6456,122.491,92.5081,0.919515,13.0599,12.9777,120.885,143.757,1.60631,-51.249 
107,202.3,3.42,44.848,2.02,107,20488.2,-0.129925,46.8448,11.144,122.056,-0.0633294,64.7021,500,-7.36936,-6.89468,-6.8578,-7.78446,-3.3442,104.424,10331.3,37.1662,12781.6,17127.5,-8.02689,-7.55221,-8.17287,-8.44199,-4.00173,0.774203,10184.8,31.7416,12635.1,0.483816,0.994576,0.00460637,21051,-0.00298067,1.08055,11.2817,10.439,121.966,92.0508,1.2263,11.4918,11.7233,121.199,142.787,0.76733,-50.7362 
108,202.5,3.53,44.8792,2.019,108,22502,-0.831495,50.3852,11.5723,121.823,2.07939,314.176,393.05,1.65203,-6.43788,-7.55755,-0.625512,-2.96884,136.044,10763.7,42.9115,14134.6,40247.8,0.795396,-7.29451,-9.27082,-1.48214,-3.82547,0.560157,10572.9,35.8443,13943.8,0.468563,0.994102,0.00471305,22564.6,-0.0028741,1.13488,11.3629,10.2055,121.721,92.3539,1.35305,11.6656,11.6612,120.985,142.851,0.735783,-50.497 
109,201.9,3.199,44.7855,2.021,109,20916.7,-0.91607,44.5812,-12.5216,121.792,0.238263,637.885,399.41,-2.82653,-7.3363,-6.11802,-7.13533,-2.62004,153.048,10353.8,44.2169,13257.7,23119.7,-3.79023,-8.3,-8.04542,-8.09903,-3.58375,0.747146,10139.2,36.2664,13043.1,0.474765,0.993779,0.00509589,21356.2,-0.00297378,0.929203,12.4154,11.027,121.844,92.141,1.1018,12.487,12.3861,120.876,143.05,0.968141,-50.9089 
110,202,3.254,44.8011,2.021,110,21724.2,0.0156467,45.9558,-11.897,121.849,-0.0112979,25.9063,2.38265e-12,-9.13115,-2.65816,-9.30243,-2.77239,-4.00735,218.327,10466.4,53.3883,13768.2,17807.7,-10.5059,-4.0329,-12.0519,-4.14714,-5.3821,0.666336,10160.2,42.0467,13462,0.467403,0.99281,0.00572066,21737.5,-0.00278392,1.00677,11.9258,10.6392,121.88,91.9232,1.2004,12.1819,12.1138,120.9,142.585,0.980139,-50.6619 
111,201.2,2.812,44.676,2.023,111,18851.9,-0.855496,40.6451,12.4618,121.773,0.520555,197.97,346.993,-4.21005,-3.47554,-15.4317,-4.789,-8.26851,187.997,8959.08,38.3251,12321.2,19843.3,-5.39382,-4.65931,-17.7992,-5.97276,-9.45228,0.588718,8695.4,28.5591,12057.5,0.456095,0.994285,0.00434419,19064.9,-0.00273404,0.799616,12.3773,11.14,122.169,92.0424,1.02138,12.4406,12.4923,120.654,142.814,1.51442,-50.7711 
112,201.1,2.756,44.6603,2.024,112,20402.4,-0.165831,42.7441,12.2364,121.652,-0.109832,151.149,500,-3.42252,-7.26405,-12.201,-2.79155,-5.56135,144.6,9913.18,41.9011,12996.9,17567,-4.33303,-8.17455,-14.022,-3.70206,-6.47186,0.617965,9710.37,34.3894,12794.1,0.468798,0.993841,0.00492702,20713.3,-0.00277951,0.912579,12.2657,10.8253,122.111,91.7628,1.11444,12.3993,12.1179,120.449,142.226,1.66142,-50.4636 
113,202.7,3.641,44.9104,2.019,113,20252.3,-0.056952,47.3757,10.995,121.941,-0.0524613,73.562,500,-7.62211,-5.43097,-8.26036,-5.16108,-2.5881,97.6118,10190,23.9262,12825.9,17082.4,-8.23674,-6.04561,-9.48963,-5.77572,-3.20273,0.710244,10053,18.8555,12689,0.479502,0.996728,0.00272984,20965.6,-0.00324705,1.13943,11.0939,9.94242,121.944,91.9891,1.31197,11.3837,11.2215,121.147,142.314,0.797418,-50.3244 
114,202.9,3.752,44.9416,2.018,114,21449.8,-0.0395818,50.1975,-10.8485,121.589,-0.0780545,52.3263,500,-8.24254,-12.988,-15.5026,-9.8682,-3.02939,158.865,10695.7,28.6271,13489.4,17860.4,-9.24287,-13.9883,-17.5032,-10.8685,-4.02972,0.685379,10472.9,20.3744,13266.6,0.478604,0.996607,0.00282106,21882.2,-0.00318525,1.21099,10.9818,9.88356,121.454,92.5554,1.4398,11.0935,10.9971,120.932,143.125,0.522202,-50.5693 
115,202.6,3.586,44.8948,2.019,115,22609,-0.797875,51.4248,11.3094,121.843,-0.389821,-1974.47,104.06,-7.01498,-8.45268,-11.0221,-10.3008,-6.34345,253.626,10758.6,40.5767,14234.3,43988.3,-8.61199,-10.0497,-14.2161,-11.8978,-7.94046,0.730327,10402.8,27.4014,13878.5,0.465694,0.995412,0.00362382,22338.4,-0.00275037,1.15499,11.1443,10.2461,121.847,92.1367,1.40558,11.3901,11.4541,120.986,142.769,0.861064,-50.6322 
116,201.3,2.867,44.6916,2.023,116,20706,-0.0196962,42.4546,12.4829,121.588,0.138222,-180.201,500,-9.76245,-9.7024,-16.6172,-7.53635,-4.40984,129.662,10042.4,50.7996,13297.6,18062.6,-10.5789,-10.5188,-18.2501,-8.3528,-5.22629,0.655184,9860.55,44.0639,13115.8,0.466438,0.99224,0.00615069,21140.1,-0.00286503,0.861924,12.6936,11.3141,121.825,91.8349,1.06144,12.7246,12.5677,120.415,142.641,1.40983,-50.8061 
117,201,2.701,44.6446,2.024,117,22724.8,-0.930475,48.7545,12.2868,121.825,1.46882,-543.434,410.123,-9.77395,-4.50939,-17.7708,-4.74682,-5.38675,179.702,11168.3,32.5084,14111,45484.9,-10.9055,-5.64092,-20.0339,-5.87836,-6.51828,0.590953,10916.2,23.1732,13859,0.478049,0.996299,0.00307068,22835,-0.00289094,1.04188,12.0843,10.8866,122.04,92.0654,1.20474,12.315,12.2377,120.56,142.856,1.4803,-50.7906 
118,202.2,3.365,44.8324,2.02,118,21426.6,-0.0602634,46.4379,11.4458,121.802,-0.056063,42.9631,500,-7.78036,-7.44741,-10.0202,-4.12329,-5.17303,172.497,10509.8,49.2761,13036.2,17381.2,-8.86653,-8.53358,-12.1925,-5.20946,-6.25919,0.703066,10267.8,40.3152,12794.3,0.482717,0.993176,0.00577103,21270.9,-0.00242699,1.07792,11.377,10.3702,121.776,91.528,1.23296,11.8083,11.615,120.947,141.908,0.829791,-50.3801 
119,201.8,3.143,44.7699,2.022,119,22391,-0.0330957,45.0065,12.4299,121.723,-0.00978899,-14.7922,499.981,-4.82877,-2.61071,-9.23794,-8.05959,-3.74287,212.951,10581.9,48.6644,14153,18215.8,-6.16966,-3.95161,-11.9197,-9.40048,-5.08376,0.673658,10283.2,37.602,13854.3,0.463252,0.993642,0.0049748,22197.9,-0.00249665,0.914554,12.4068,11.3769,121.942,92.2253,1.09791,12.7127,12.8947,120.629,143.084,1.31212,-50.8587 
120,203,3.807,44.9571,2.018,120,21543.1,-0.18516,49.4092,-11.1254,121.277,0.216457,-54.0219,500,-3.19295,-7.21312,-13.4942,-5.79188,-6.88437,158.053,10365.9,34.155,13920,18275.2,-4.18816,-8.20833,-15.4847,-6.78709,-7.87958,0.636065,10144.3,25.9445,13698.3,0.462684,0.995544,0.00347679,21924.8,-0.0030998,1.13159,11.1187,10.0422,121.238,92.0385,1.40698,11.4148,11.2512,120.47,142.498,0.767872,-50.4594 
121,202.1,3.309,44.8167,2.021,121,19930.9,-0.793606,43.7676,11.9478,121.402,-3.73465,6237.2,489.059,-0.0196806,-4.77554,-11.2724,-3.29825,-8.6697,130.577,9781.39,32.8616,12342.4,775311,-0.841891,-5.59775,-12.9168,-4.12046,-9.49191,0.608211,9598.24,26.0783,12159.2,0.478592,0.995268,0.00393529,20055.2,-0.00253159,0.96344,11.8924,10.5108,121.524,92.1239,1.11853,11.8341,12.0099,120.452,142.713,1.07133,-50.5895 
122,202.8,3.696,44.926,2.019,122,20625.6,-0.176298,47.3913,11.1372,121.611,-0.326758,791.216,500,-8.04421,-4.57491,-5.08769,-2.45716,0.971822,201.531,9757.64,38.2049,13400.1,25598.1,-9.3132,-5.8439,-7.62567,-3.72614,-0.297167,0.715525,9474.97,27.7357,13117.4,0.456494,0.994903,0.00387986,20756,-0.00293408,1.08851,11.0509,9.90791,121.528,92.3101,1.35786,11.4543,11.2079,120.93,143.05,0.597889,-50.7404 
123,201.5,2.978,44.7229,2.022,123,22182,-0.805399,44.2487,12.9809,121.8,0.677996,-205.751,500,-0.646317,-5.24066,-9.68729,-6.34856,-4.09628,137.229,10609.3,62.2262,13630.5,23239.3,-1.51041,-6.10476,-11.4155,-7.21266,-4.96037,0.634162,10416.9,55.0974,13438,0.474065,0.990829,0.00749625,21973.5,-0.00235299,0.865309,12.9053,11.6517,122.015,92.0713,1.03305,12.8685,13.1186,120.774,142.996,1.24147,-50.9245 
124,201.7,3.088,44.7542,2.022,124,20675.7,-0.410496,42.1075,12.7981,121.57,0.119167,308.839,500,-8.35566,-5.42595,-12.4346,-6.73643,-4.93022,195.646,9903.72,53.3162,13167.5,18740.9,-9.58759,-6.65788,-14.8984,-7.96836,-6.16215,0.67093,9629.3,43.1528,12893.1,0.464793,0.992219,0.00612768,20717.4,-0.0027445,0.807396,12.8759,11.7135,121.863,91.7445,1.0099,12.8749,13.0525,120.5,142.805,1.36259,-51.0605 
125,202.4,3.475,44.8636,2.02,125,21238.4,-0.0823202,47.8096,-11.2107,121.708,0.0264521,-140.488,2.90342e-12,-3.50472,-5.66023,-14.5118,2.07516,-3.86961,119.058,10422.2,34.4634,13267.6,17568.9,-4.25439,-6.40991,-16.0112,1.32548,-4.61929,0.465748,10255.2,28.2786,13100.6,0.476505,0.995198,0.00396058,21521.7,-0.00275871,1.11586,11.23,10.1324,121.675,92.0675,1.2952,11.5376,11.4838,120.944,142.724,0.730517,-50.6562 
126,201.6,3.033,44.7386,2.022,126,22035.9,-0.596526,43.3995,13.2192,122.003,2.14077,-1098.75,0.715658,-6.32506,-3.10535,-8.32675,-9.15339,-5.48338,175.475,10686.4,65.8268,13674.2,95247.3,-7.42998,-4.21027,-10.5366,-10.2583,-6.5883,0.729993,10440.3,56.7112,13428.1,0.474808,0.990584,0.00771977,21988.4,-0.00254117,0.846759,13.1427,11.7837,122.195,91.5561,0.97956,13.3064,13.3642,120.705,142.423,1.48987,-50.8674 
127,201.4,2.922,44.7073,2.023,127,18387.2,-0.898187,38.5447,13.0045,121.975,1.35023,-818.584,104.161,-7.59204,-6.83757,-8.67817,-7.837,-7.17732,190.973,9232.7,46.3739,11636.4,52298,-8.79455,-8.04008,-11.0832,-9.03951,-8.37983,0.755539,8964.84,36.4533,11368.6,0.478334,0.992934,0.00587202,18741.8,-0.00271105,0.777826,12.7418,11.4102,122.179,91.2979,0.894272,12.8533,13.0403,120.649,142.233,1.53016,-50.9351 
128,202.3,3.42,44.848,2.02,128,22379.4,-0.842452,49.6773,11.7086,121.671,0.549954,161.792,95.5617,-9.19368,-9.90305,-16.3271,-8.77313,-5.8345,228.237,10689.1,43.8892,14103.6,21831.1,-10.6308,-11.3402,-19.2014,-10.2103,-7.27165,0.672635,10369,32.0327,13783.5,0.466593,0.994623,0.00426279,22222.8,-0.00277687,1.05764,11.6231,10.6371,121.779,91.8525,1.31731,11.6484,11.8642,120.822,142.621,0.957599,-50.7687 
129,202.5,3.53,44.8792,2.019,129,21644.9,-0.339283,48.7371,-11.2203,121.577,0.540421,-90.5885,499.998,-11.6914,-3.77836,-9.75221,-5.26577,0.285685,200.062,10697.6,28.7483,13294.9,19395.2,-12.9511,-5.0381,-12.2717,-6.52551,-0.974053,0.675012,10417,18.3554,13014.3,0.48206,0.996926,0.00259137,21609.3,-0.00268136,1.14367,11.2226,10.1665,121.551,92.1133,1.31482,11.4045,11.4705,120.824,142.574,0.727292,-50.4606 
130,201.9,3.199,44.7855,2.021,130,21538.1,-0.0290349,44.2621,12.1501,121.771,-0.0862285,137.08,500,-7.55916,-4.54126,-9.60087,-4.39907,-9.99319,157.092,10280.3,32.0496,13585.1,17891.5,-8.54832,-5.53042,-11.5792,-5.38823,-10.9824,0.724492,10060,23.8889,13364.8,0.466741,0.995862,0.00328187,21553.7,-0.00252038,0.925023,12.1478,11.0604,121.789,92.0996,1.1018,12.6441,12.5371,120.832,143.006,0.956856,-50.9059 
131,202,3.254,44.8011,2.021,131,20042.2,-0.0199635,42.0032,11.9458,121.463,-0.0794798,71.0187,500,-4.80841,1.4916,-11.9202,-8.20847,-7.13242,127.872,9229.38,33.7503,12866.1,16517.8,-5.61359,0.686423,-13.5306,-9.01365,-7.93759,0.617877,9050.03,27.1076,12686.8,0.453393,0.994786,0.00392056,19960.6,-0.00216554,0.853043,11.9527,10.9222,121.522,92.3891,1.09583,12.2451,12.2457,120.402,143.287,1.12073,-50.8978 
132,201.2,2.812,44.676,2.023,132,18969.5,0.000369535,39.3746,12.2001,121.558,-0.0341223,25.0927,4.85327e-11,-6.04525,-8.2376,-15.2771,-2.36559,-6.50764,133.473,9385.09,50.802,11878.3,15665.6,-6.8857,-9.07804,-16.958,-3.20604,-7.34809,0.609945,9197.88,43.8683,11691.1,0.477756,0.991723,0.00686464,19252.2,-0.00256195,0.847952,12.3246,11.0154,122.049,92.0818,0.988027,12.4861,12.3959,120.398,142.79,1.65046,-50.7082 
133,201.1,2.756,44.6603,2.024,133,17161.2,-0.0269153,37.5251,11.9898,121.445,-0.0121101,-24.5197,7.38017e-11,-6.05235,-6.4208,-11.9203,-3.92773,-13.1174,157.264,8583.32,21.2277,11190.6,14656,-7.0426,-7.41104,-13.9008,-4.91798,-14.1076,0.706611,8362.74,13.0582,10970,0.469898,0.997275,0.00218796,17796.9,-0.00283484,0.819115,11.9441,10.7255,121.804,92.1323,0.986136,12.2811,11.9509,120.189,142.857,1.61439,-50.7247 
134,202.7,3.641,44.9104,2.019,134,21616.8,-0.11265,48.3506,-11.016,121.393,0.0664795,84.3488,349.074,-8.84367,-3.6096,-10.3037,-3.49507,-1.46542,118.439,10715.5,34.0447,13105.2,17521.5,-9.58945,-4.35538,-11.7952,-4.24085,-2.2112,0.633598,10549.4,27.892,12939,0.486664,0.995394,0.00395522,21677,-0.00262096,1.17588,11.1583,9.99187,121.629,92.4619,1.33725,11.2018,11.3623,120.883,143.122,0.746384,-50.6598 
135,202.9,3.752,44.9416,2.018,135,23095.7,-0.754866,52.2684,11.236,121.418,-0.540394,345.314,497.943,-4.25837,-8.04318,-9.28963,-3.16115,-3.97277,117.557,11270.5,31.4282,13964.8,25192.8,-4.9986,-8.78341,-10.7701,-3.90138,-4.713,0.675272,11105.6,25.3213,13800,0.483408,0.996026,0.00336866,22973.6,-0.00259274,1.2324,11.0745,10.1183,121.423,92.0888,1.40977,11.3213,11.3369,120.614,142.593,0.808659,-50.5042 
136,202.6,3.586,44.8948,2.019,136,21942.1,-0.0285767,48.5437,11.2932,121.697,0.0860813,-41.2941,0.00586955,-11.8529,-11.2284,-8.79955,-6.33977,-4.51788,143.221,11086,34.3751,13392.7,17961.9,-12.7547,-12.1302,-10.6032,-7.24159,-5.41971,0.779785,10885.1,26.9351,13191.8,0.489656,0.995688,0.00374711,22230.1,-0.0030299,1.18791,11.3172,10.1469,121.758,91.3892,1.30624,11.655,11.4656,120.863,141.642,0.895125,-50.2529 
137,201.3,2.867,44.6916,2.023,137,20820,0.00226444,42.2513,12.4598,121.439,0.0702978,207.234,500,-6.49353,-10.8353,-12.6043,-4.94127,-4.72691,97.1936,10083.2,54.0997,12990.1,17611.7,-7.10553,-11.4473,-13.8283,-5.55327,-5.33892,0.680442,9946.9,49.0507,12853.8,0.473635,0.991444,0.00698048,21001.2,-0.00261282,0.852431,12.7545,11.4406,121.813,91.4715,1.00507,12.7612,13.0236,120.319,142.331,1.4939,-50.8594 
138,201,2.701,44.6446,2.024,138,20503.3,-0.791561,43.6179,12.2685,121.391,1.46074,-6099.2,351.079,-7.9269,-11.1234,-20.4617,-9.96881,-4.38283,150.657,10236.6,49.8124,12563,307449,-8.87555,-12.072,-22.359,-10.9175,-5.33148,0.624568,10025.2,41.9861,12351.7,0.485538,0.992724,0.00622275,20647.7,-0.00260711,0.964168,12.0783,10.7355,121.744,91.2965,1.10498,12.2748,11.9766,120.344,141.873,1.40062,-50.5762 
139,202.2,3.365,44.8324,2.02,139,22545.2,-0.270282,48.332,11.7345,121.2,-0.0784564,235.945,500,-7.05899,-7.92456,-12.319,-0.462781,-4.70941,138.132,11206.3,47.9055,13740.5,19065.3,-7.92876,-8.79434,-14.0586,-1.33256,-5.57919,0.627029,11012.6,40.7299,13546.7,0.485933,0.993569,0.00550801,22662.7,-0.00267742,1.10375,11.8536,10.4499,121.238,91.6253,1.24101,11.9024,11.9657,120.336,142.153,0.902874,-50.5278 
140,201.8,3.143,44.7699,2.022,140,21824.3,-0.225629,44.1068,12.6457,121.861,0.279478,-46.7702,500,-5.65321,-3.69998,-13.2246,-5.76757,-9.45053,201.378,10845.6,57.8443,13255,18582.5,-6.92123,-4.968,-15.7607,-7.03559,-10.7186,0.652879,10563.1,47.3831,12972.6,0.486342,0.992211,0.00668342,21719.5,-0.00254295,0.904564,12.823,11.4563,122.051,91.3021,1.02501,12.7729,12.9754,120.814,142.194,1.23634,-50.8917 
141,203,3.807,44.9571,2.018,141,25380.6,0.0193144,56.3374,11.124,121.871,0.00600637,-79.1951,1.84463e-06,-1.30709,-4.04374,-0.98162,-4.83543,-1.90355,130.61,12661.2,52.046,15117.4,20416.6,-2.1295,-4.86615,-2.62645,-5.65785,-2.72597,0.854134,12478,45.2611,14934.2,0.492784,0.993692,0.00555187,25321.4,-0.00288692,1.34681,11.276,10.2218,121.777,91.9658,1.49114,11.4432,11.48,121.229,142.54,0.547243,-50.5742 
142,202.1,3.309,44.8167,2.021,142,24754.6,-0.77557,53.1429,12.1228,121.785,1.45765,-596.989,13.1828,-1.46582,-4.32436,-12.2708,-5.25726,-0.168088,171.43,12121.7,61.6977,14859.6,49300.1,-2.54527,-5.4038,-14.4297,-6.33671,-1.24754,0.518416,11881.2,52.7922,14619.1,0.485867,0.992284,0.00660821,24453.7,-0.00264546,1.15987,11.9211,10.7594,121.876,91.6346,1.30757,12.0424,12.1506,120.905,142.296,0.971277,-50.6611 
143,202.8,3.696,44.926,2.019,143,24104.3,-0.940861,53.9597,11.6805,121.223,0.682064,29.0657,461.988,-9.73614,-2.51458,-9.5167,-3.71763,-2.90904,184.128,11939.9,54.3887,14803.7,21163,-10.8955,-3.67398,-11.8355,-4.87704,-4.06845,0.665196,11681.7,44.8236,14545.4,0.482898,0.99333,0.00564464,24190.7,-0.00320729,1.26577,11.3896,10.2527,121.219,91.3848,1.38246,11.8299,11.7473,120.328,141.565,0.890698,-50.1802 
144,201.5,2.978,44.7229,2.022,144,19848.1,-0.0383106,40.5611,12.975,122.042,-0.0142196,35.328,5.12829e-11,-10.4546,-10.3874,-6.08346,-3.47641,-7.19938,142.743,9198.68,70.9432,13009.7,17148.6,-11.3535,-11.2862,-7.88108,-4.37522,-8.0982,0.816694,8998.47,63.528,12809.5,0.449594,0.987796,0.0090531,20014.7,-0.0027281,0.66224,13.4608,12.7238,122.273,92.5261,0.873635,13.3663,14.3605,120.666,143.512,1.60728,-50.986 
145,201.7,3.088,44.7542,2.022,145,19509.5,-0.628814,40.4345,-12.9346,121.658,0.574439,-461.454,500,-3.40536,-1.26937,-8.47138,-8.13695,0.486171,186.746,9731.07,60.6436,12439.1,25654.6,-4.58125,-2.44526,-10.8232,-9.31284,-0.689718,0.611408,9469.14,50.9425,12177.1,0.474846,0.990673,0.00764742,19941.5,-0.00295612,0.806239,12.9119,11.4464,121.811,91.7975,0.955744,12.9508,13.0052,120.512,142.839,1.29917,-51.0419 
146,202.4,3.475,44.8636,2.02,146,18117.3,-0.0411594,42.7081,10.9055,121.347,0.0297452,0.660034,500,-7.51709,-3.62924,-9.25345,-9.06822,-4.82723,189.452,9264.26,24.06,11385.6,15162.4,-8.71003,-4.82217,-11.6393,-10.2612,-6.02016,0.719215,8998.54,14.2183,11119.8,0.484793,0.997243,0.00234986,18561.6,-0.00293363,1.02538,11.0188,10.0714,121.304,91.0661,1.16825,11.3042,11.28,120.604,141.15,0.700302,-50.0841 
147,201.6,3.033,44.7386,2.022,147,19889.9,-0.872413,40.1459,13.226,121.484,-0.112808,-865.034,497.782,-6.17102,-2.81976,-7.81273,-0.916774,-8.13128,202.191,9941.83,46.894,12317.7,20461.5,-7.44416,-4.0929,-10.359,-2.18992,-9.40442,0.690687,9658.24,36.3906,12034.1,0.482729,0.993449,0.00553958,20007.6,-0.00264197,0.800383,13.1312,11.6436,121.72,91.2044,0.928251,13.1244,12.9739,120.222,141.829,1.4978,-50.6242 
148,201.4,2.922,44.7073,2.023,148,20417.7,-0.0989679,41.9429,12.5535,121.552,-0.031712,340.199,500,-5.7501,-4.63617,-5.49507,-3.48497,-5.80453,151.16,9968.35,37.6442,13063.8,17491.4,-6.70192,-5.58798,-7.39869,-4.43679,-6.75635,0.760418,9756.33,29.7917,12851.7,0.468855,0.994685,0.00425204,20808.8,-0.00283796,0.839632,12.657,11.4805,121.825,91.4043,1.00961,12.8956,12.8742,120.353,142.179,1.47177,-50.7744 
149,202.3,3.42,44.848,2.02,149,20567.7,-0.26077,46.3648,11.293,121.036,0.0199938,-83.7033,499.999,-10.8446,-5.60096,-5.65375,-1.42112,-5.22636,146.388,10147.8,32.2554,12720.3,17099.3,-11.7663,-6.52273,-7.49728,-2.34288,-6.14813,0.781276,9942.43,24.6508,12514.9,0.480188,0.99568,0.0036153,20705.3,-0.00275935,1.08207,11.1737,10.2619,120.974,91.3086,1.23926,11.6631,11.5054,120.157,141.828,0.817621,-50.5197 
150,202.5,3.53,44.8792,2.019,150,22028.5,-0.286367,50.2266,11.2015,121.084,-0.664245,453.347,499.926,-10.3394,-7.69599,-4.14955,-5.54724,0.334061,124.27,10937.5,28.1646,13636.2,28117.8,-11.1219,-8.47849,-5.71453,-6.32974,-0.448431,0.821939,10763.2,21.709,13461.9,0.481781,0.996483,0.00296184,22340.4,-0.00306218,1.16665,11.3393,10.1949,121.098,91.6239,1.32751,11.5298,11.6038,120.151,142.062,0.946599,-50.4377 
151,201.9,3.199,44.7855,2.021,151,20007.7,-0.0790116,42.8146,12.0337,121.391,-0.636883,416.491,7.66347e-05,-5.66273,-7.88177,-12.5145,-5.91125,-4.1809,166.698,9940.17,48.746,12597.1,25407,-6.71239,-8.93142,-14.6138,-6.96091,-5.23055,0.655734,9706.36,40.0864,12363.3,0.477233,0.992825,0.00593731,20338.8,-0.00283475,0.902026,12.2681,11.1071,121.573,91.0885,1.05367,12.2238,12.5496,120.384,141.47,1.18858,-50.381 
152,202,3.254,44.8011,2.021,152,18049.6,-0.0923057,40.5395,11.55,121.494,-0.0211014,74.6048,499.994,-3.67417,-2.04767,-5.68133,1.19066,-1.50086,135.778,9279.11,28.1715,11252.2,15293.7,-4.52913,-2.90262,-7.39124,0.335704,-2.35582,0.561171,9088.66,21.1181,11061.8,0.488591,0.99595,0.00350445,18601.8,-0.00284197,0.904797,11.781,10.6898,121.746,91.817,1.03836,11.811,11.9624,120.564,142.403,1.18241,-50.5863 
153,201.2,2.812,44.676,2.023,153,18763.3,-0.709946,40.3129,12.2697,121.396,0.377494,132.421,490.882,-6.38164,-3.05921,-2.7649,-7.41646,-7.63467,175.059,9137.36,29.1481,12103.9,17729,-7.48393,-4.16151,-4.96949,-8.51876,-8.73697,0.85328,8891.82,20.0542,11858.4,0.465784,0.996069,0.00310559,19090,-0.00279302,0.809915,12.3634,11.1932,121.813,91.8677,1.02203,12.4588,12.3017,120.191,142.584,1.62152,-50.7163 
154,201.1,2.756,44.6603,2.024,154,23002.9,-0.996998,48.5664,12.6161,121.455,1.48659,-466.132,47.7523,-8.36356,-7.35637,-13.1509,-10.0488,-3.97786,211.933,11289.6,56.7089,14440.6,42503.7,-9.69805,-8.69086,-15.8199,-11.3833,-5.31234,0.689224,10992.4,45.6994,14143.4,0.474716,0.992777,0.0059169,23155.7,-0.00313326,1.00587,12.2405,11.3287,121.626,91.5506,1.16801,12.6287,12.6044,120.265,142.05,1.36115,-50.4998 
155,202.7,3.641,44.9104,2.019,155,23179.7,0.152694,53.473,10.8927,121.679,-0.183525,14.2089,5.32607e-12,-10.6401,-4.03253,-5.60322,-8.56587,-0.170865,144.599,11718.1,44.7748,14238.9,19046,-11.5506,-4.94303,-7.42422,-9.47637,-1.08137,0.784652,11515.2,37.2632,14036.1,0.488218,0.994369,0.00486664,23586.3,-0.00324043,1.29839,11.0346,10.0972,121.59,91.4987,1.408,11.2906,11.5992,121.006,141.89,0.584128,-50.3913 
156,202.9,3.752,44.9416,2.018,156,23574.2,-0.858633,53.7581,11.3314,121.46,1.26701,-212.996,110.771,-2.49402,-8.67492,-9.86947,-2.43242,-9.23133,130.926,11543.9,34.9315,14605.2,28615.2,-3.31843,-9.49933,-11.5183,-3.25682,-10.0557,0.694058,11360.3,28.1301,14421.5,0.478071,0.995685,0.00358028,23762.8,-0.00307042,1.25722,11.1914,10.1041,121.517,91.8637,1.44525,11.4508,11.4427,120.701,142.199,0.816166,-50.3351 
157,202.6,3.586,44.8948,2.019,157,20585.5,-0.455652,48.1654,11.183,121.019,-0.40934,913.253,467.788,-5.46526,-11.5378,-11.9144,-3.68164,-4.23066,166.878,10499.1,48.7561,12632.6,29703.7,-6.51605,-12.5886,-14.016,-4.73243,-5.28144,0.675063,10265,40.0871,12398.5,0.490498,0.993212,0.00592066,20927.7,-0.00306297,1.12851,11.2127,10.2555,121.072,91.6654,1.26319,11.3841,11.4762,120.234,141.86,0.838341,-50.1943 
158,201.3,2.867,44.6916,2.023,158,20042.1,-0.0078104,41.6181,12.3574,121.283,-0.0298181,-24.5256,500,2.20302,-4.9003,-13.5165,-0.928268,-4.5818,206.897,9995.99,51.8007,12509.5,16765.8,0.900238,-6.20308,-16.1221,-2.23105,-5.88458,0.454239,9705.8,41.0528,12219.3,0.480143,0.992652,0.0061508,20214.4,-0.00276049,0.881248,12.6006,11.08,121.549,91.7681,1.03788,12.5496,12.3538,119.999,142.467,1.55027,-50.6992 
159,201,2.701,44.6446,2.024,159,18351.6,-0.0849138,41.5111,11.5483,121.528,0.0279156,13.6445,500,-3.04397,-3.62766,-15.0886,-10.9857,-2.68375,171.281,8932.04,28.2661,12040.5,15617.9,-4.12248,-4.70617,-17.2456,-12.0642,-3.76226,0.588417,8691.8,19.3684,11800.3,0.461347,0.996116,0.00301442,18840,-0.00294066,0.884849,11.6809,10.6119,121.843,91.5408,1.10545,11.8947,11.8674,120.36,142.102,1.48295,-50.5614 
160,202.2,3.365,44.8324,2.02,160,19439.7,-0.0523139,44.1334,11.2562,121.149,0.0960749,-93.5643,4.00749e-11,-7.40615,-3.75792,-13.0865,-3.28121,-5.43401,91.958,9956.09,37.1396,12071.3,16464.2,-7.98518,-4.33696,-14.2446,-3.86025,-6.01304,0.609095,9827.11,32.3626,11942.3,0.488972,0.99427,0.00496714,20097.5,-0.00287155,1.0308,11.4022,10.3685,121.217,92.4673,1.15675,11.5491,11.6948,120.243,142.951,0.973725,-50.4838 
161,201.8,3.143,44.7699,2.022,161,19235.7,-0.877349,41.224,12.5337,121.706,0.418765,-935.331,416.51,-2.3793,-3.56199,-7.55307,-6.23954,-5.61898,226.694,9500.81,54.1328,12168.5,29570.5,-3.80674,-4.98942,-10.4079,-7.66697,-7.04642,0.693139,9182.85,42.3564,11850.5,0.47397,0.991993,0.00654102,19374.3,-0.00265677,0.839592,12.3458,11.2635,121.866,91.8477,0.997458,12.3543,12.6487,120.565,142.687,1.30048,-50.8395 
162,203,3.807,44.9571,2.018,162,22901.7,-0.811781,52.0971,11.3157,121.707,0.867073,168.248,393.299,-3.59517,0.199308,-7.26373,-9.12953,-7.65667,124.367,11155.3,37.7313,14087.9,23939.7,-4.37828,-0.583799,-8.82994,-9.91263,-8.43977,0.725304,10980.8,31.2706,13913.5,0.478541,0.995041,0.00412307,22946.4,-0.00287875,1.19233,11.1238,10.3482,121.652,92.1333,1.39005,11.4301,11.5417,120.952,142.584,0.699858,-50.451 
163,202.1,3.309,44.8167,2.021,163,20319.4,-0.0748015,44.8787,11.7361,121.488,-0.0857693,92.3254,498.779,-8.22368,-6.27781,-9.85835,-2.57657,-1.95543,95.5303,9938.88,44.5821,12951.3,17403.7,-8.82521,-6.87934,-11.0614,-3.1781,-2.55696,0.659659,9804.89,39.6195,12817.3,0.470761,0.992978,0.00566191,20827.7,-0.00286341,0.971407,11.6722,10.7241,121.537,91.5618,1.15617,11.895,12.1559,120.459,142.046,1.07783,-50.4845 
164,202.8,3.696,44.926,2.019,164,19218,-1.72801,44.2847,11.7675,121.698,-2.0895,2746.35,418.838,-1.69377,-5.36297,-10.6674,-6.41265,-6.93817,118.833,9618.63,16.0124,11985.8,203771,-2.44203,-6.11123,-12.1639,-7.16091,-7.68643,0.657976,9451.95,9.83924,11819.2,0.481839,0.998182,0.00153117,19616.4,-0.00283429,1.08243,10.9567,9.90846,121.525,92.1522,1.25517,11.2665,11.1273,120.907,142.551,0.618085,-50.3988 
165,201.5,2.978,44.7229,2.022,165,18152.5,-0.444795,37.2046,12.9064,121.596,0.0133433,-92.9772,500,-8.46271,-7.99906,-8.47158,-5.52982,-10.0345,127.073,9133.78,39.1485,11367.7,15671.7,-9.26286,-8.79921,-10.0719,-6.32997,-10.8346,0.777656,8955.55,32.5472,11189.5,0.482038,0.99368,0.00532964,18578.5,-0.00258484,0.756829,12.9555,11.4401,121.807,91.4827,0.85994,13.0282,13.0474,120.472,142.223,1.33433,-50.7404 
166,201.7,3.088,44.7542,2.022,166,21233.2,-0.142738,42.447,-13.0615,121.588,0.132252,-23.4157,51.9224,-10.6138,-10.228,-11.3304,-2.10724,-8.19714,113.88,10363,46.6577,13298.1,18149,-11.3309,-10.9451,-12.7645,-2.82431,-8.91421,0.727131,10203.2,40.7418,13138.4,0.474519,0.993061,0.00567987,21502.3,-0.00261873,0.817599,13.2731,11.7069,121.369,91.6041,0.973858,13.1349,13.2531,120.157,142.321,1.21161,-50.7169 
167,202.4,3.475,44.8636,2.02,167,19939.6,-0.809398,46.2943,11.3384,121.113,0.726922,-2040.92,328.393,-8.93309,-6.27484,-7.65409,-5.89145,-5.28159,174.178,10152.8,27.1518,12361.9,65383.1,-10.0298,-7.37159,-9.84759,-6.9882,-6.37834,0.757541,9908.52,18.1035,12117.6,0.487391,0.996813,0.00274452,20329.7,-0.00284529,1.07514,11.2197,10.247,121.091,92.0169,1.20385,11.3823,11.6954,120.247,142.629,0.843463,-50.6124 
168,201.6,3.033,44.7386,2.022,168,18804.1,-0.929135,39.3604,13.0541,121.413,1.02811,2029.84,213.845,-8.18948,-8.21498,-18.3616,-2.63682,-12.9683,143.614,9760.23,61.8349,11599.5,84661.7,-9.09378,-9.11928,-20.1702,-3.54112,-13.8726,0.638507,9558.8,54.3745,11398.1,0.49371,0.990143,0.00871118,19361.2,-0.00276013,0.800117,12.8729,11.6079,121.612,90.9658,0.871416,12.9416,13.2304,120.066,141.788,1.54626,-50.8223 
169,201.4,2.922,44.7073,2.023,169,17881.4,-0.697851,37.1481,12.9006,121.393,0.0442625,307.98,500,-6.56669,-9.91296,-16.1585,-6.01329,-9.57528,164.017,8818.21,37.2559,11487.9,16044.4,-7.59946,-10.9457,-18.224,-7.04607,-10.6081,0.665143,8588.16,28.7355,11257.8,0.470071,0.994179,0.00467994,18269.9,-0.00250045,0.747743,12.7103,11.2373,121.518,91.5695,0.89947,12.8471,12.7257,120.073,142.245,1.44473,-50.6754 
170,202.3,3.42,44.848,2.02,170,20329.2,-0.130277,45.3244,11.4253,121.358,-0.069929,328.685,500,-4.93903,-4.34155,-10.3403,-6.19063,-2.66677,149.18,10462.7,43.2589,12330.6,17605.7,-5.87838,-5.2809,-12.219,-7.12998,-3.60612,0.641823,10253.5,35.5093,12121.4,0.495867,0.993976,0.00536743,20677.9,-0.00280926,1.04264,11.5323,10.6169,121.307,91.8771,1.14594,11.7214,11.9476,120.369,142.255,0.93877,-50.3774 
171,202.5,3.53,44.8792,2.019,171,23877.8,-0.038626,52.5574,-11.3829,120.905,0.0935303,5.20099,500,-4.03396,-5.61984,-14.6536,-2.82144,-8.32354,147.804,11492.4,46.073,15013.7,19491,-4.96464,-6.55052,-16.515,-3.75212,-9.25422,0.597553,11285.1,38.3949,14806.4,0.469848,0.994081,0.00475412,24018.6,-0.00292989,1.16156,11.391,10.6156,120.888,91.4703,1.38494,11.6844,11.9169,120.071,141.82,0.816238,-50.35 
172,201.9,3.199,44.7855,2.021,172,22351.7,-0.0704409,46.349,-12.2047,121.628,0.129457,13.9122,500,-3.77086,-0.384215,-11.2417,-5.40877,-4.37974,103.45,10978.3,49.6292,13688.5,18473.3,-4.42226,-1.03561,-12.5445,-6.06017,-5.03114,0.568824,10833.2,44.2551,13543.4,0.481892,0.992902,0.00598334,22480.5,-0.00269811,0.962438,12.4132,11.3495,121.791,91.8247,1.09151,12.5341,12.8489,120.665,142.741,1.12524,-50.9164 
173,202,3.254,44.8011,2.021,173,20804.2,-0.00415489,43.9448,11.8784,121.677,0.036162,-12.9277,500,-7.58273,-3.458,-9.94905,-3.57146,-6.13335,118.658,10313.1,51.6402,12787.6,17007.8,-8.32988,-4.20515,-11.4434,-4.31862,-6.88051,0.674697,10146.7,45.4762,12621.1,0.483156,0.992218,0.00659366,21000.9,-0.00253631,0.951433,12.0499,10.9317,121.717,91.3522,1.09366,12.1504,12.4048,120.731,141.806,0.98607,-50.4534 
174,201.2,2.812,44.676,2.023,174,23836.8,-0.126653,47.9312,-12.4703,121.14,0.157786,56.837,500,-8.71775,-6.49705,-15.3676,-5.5697,-3.38264,162.303,11527.1,46.0188,14434.4,19749.6,-9.73972,-7.51902,-17.4116,-6.59168,-4.40462,0.618724,11299.5,37.5875,14206.8,0.480475,0.994212,0.00485009,23517.3,-0.00236332,0.987651,12.6368,11.3262,121.317,91.1744,1.11869,12.7003,12.9208,119.945,141.726,1.37138,-50.552 
175,201.1,2.756,44.6603,2.024,175,23567.8,-0.0284094,48.4429,12.2344,121.71,0.0635015,-22.4968,500,-11.8734,-8.93277,-9.76766,-7.53439,-8.7521,143.265,11609.6,67.4346,14223.5,19339.9,-12.7755,-9.83487,-11.5719,-8.4365,-9.6542,0.778626,11408.7,59.9922,14022.6,0.486136,0.990882,0.00781938,23468.1,-0.00261368,1.01527,12.4056,11.3172,122.055,90.6047,1.13161,12.6045,12.8001,120.499,141.06,1.55591,-50.455 
176,202.7,3.641,44.9104,2.019,176,22626.7,-0.00470613,50.7171,11.0753,121.24,0.0303831,-26.2544,0.00951681,-5.03315,-2.64841,-11.4759,-2.93216,-3.56348,91.8173,10859.3,35.4648,14122,18311.3,-5.6113,-3.22655,-12.6322,-3.51031,-4.14163,0.566232,10730.5,30.6951,13993.2,0.471367,0.995019,0.00402452,22764.7,-0.00279086,1.16228,11.2167,10.1858,121.248,91.6383,1.3975,11.3965,11.5057,120.525,141.903,0.723219,-50.2646 
177,202.9,3.752,44.9416,2.018,177,23949.1,0.041344,53.7184,11.0877,120.99,-0.0392864,-8.83515,8.22279e-06,-11.1801,-4.17044,-10.9193,-3.72312,-6.91873,49.9007,12000.9,37.2925,14450.1,19400.4,-11.4943,-4.48466,-11.5477,-4.03733,-7.23294,0.702355,11930.9,34.7003,14380.1,0.491028,0.994936,0.00442547,24297.8,-0.00299279,1.29631,11.1997,10.1638,121.012,91.441,1.4193,11.4283,11.559,120.14,141.73,0.871038,-50.2888 
178,202.6,3.586,44.8948,2.019,178,24294.4,-0.126405,54.0443,11.178,121.517,0.411791,-68.8694,1.51253e-07,-4.01656,-9.00253,-15.3361,-2.17035,-2.95107,162.576,11970.7,49.4024,14832.4,20588.8,-5.04025,-10.0262,-17.3835,-3.19405,-3.97477,0.561231,11742.7,40.9569,14604.3,0.48319,0.993933,0.00513951,24302.4,-0.00300144,1.23028,11.343,10.5924,121.474,91.5464,1.40725,11.5572,11.7797,120.771,141.881,0.703042,-50.3341 
179,201.3,2.867,44.6916,2.023,179,21107.5,-0.89743,44.3672,-12.7426,121.542,2.74977,196.076,82.964,-5.92329,-5.89202,-14.1697,-1.02187,-4.14207,112.799,10193.1,48.2512,13505.3,35955.7,-6.63355,-6.60228,-15.5902,-1.73213,-4.85233,0.55973,10034.9,42.3916,13347.1,0.466449,0.992662,0.00581668,21513.4,-0.00291671,0.860377,12.6255,11.552,121.821,91.0304,1.03171,12.8894,13.0607,120.204,141.898,1.61673,-50.8674 
180,201,2.701,44.6446,2.024,180,21517.2,-0.888097,46.3702,-12.2513,121.527,1.63057,-417.097,417.163,-0.922854,-7.58371,-15.7122,-3.96422,-4.09938,133.272,10220.4,64.706,13736.7,40633.2,-1.76203,-8.42288,-17.3905,-4.8034,-4.93855,0.533983,10033.5,57.7828,13549.8,0.462665,0.990022,0.0077944,21686.3,-0.00273085,0.933433,12.1022,11.1281,122.008,91.4765,1.16325,12.18,12.4148,120.281,141.927,1.72718,-50.4504 
181,202.2,3.365,44.8324,2.02,181,20627.5,-0.0751125,45.4432,11.5779,121.202,0.081851,-203.238,499.997,-14.8981,-11.3702,-16.1731,-8.42498,-7.24915,166.75,9980.27,41.6836,13103.5,17669,-15.9481,-12.4202,-18.2731,-9.47496,-8.29913,0.716324,9746.38,33.0213,12869.6,0.468255,0.994106,0.0047043,20814.3,-0.00276687,0.968229,11.7216,10.7721,121.237,91.6835,1.19573,11.8664,11.9072,120.237,142.347,0.999295,-50.6634 
182,201.8,3.143,44.7699,2.022,182,20906.9,-0.0262391,43.2257,-12.2175,121.434,-0.0325333,39.2668,500,-8.95964,-7.63435,-18.2215,-12.1189,-4.78738,124.224,10550.8,55.9746,12639.2,17233.2,-9.74185,-8.41655,-19.7859,-12.9011,-5.56959,0.649279,10376.6,49.5213,12465,0.491864,0.991717,0.00726522,21096.4,-0.00231794,0.927862,12.1505,11.3438,121.591,91.2047,0.991942,12.6411,12.8004,120.255,141.913,1.33667,-50.7078 
183,203,3.807,44.9571,2.018,183,23544.7,-0.839367,53.0524,11.4342,121.11,1.67061,-754.261,487.452,-6.05415,-10.2735,-16.5575,-1.88298,-8.92789,167.122,11789.1,63.5404,14166.8,60766.9,-7.10648,-11.3259,-18.6621,-2.93531,-9.98022,0.626832,11554.7,54.8587,13932.4,0.490926,0.99176,0.00720107,23536.5,-0.00272379,1.2712,11.2814,10.0665,121.036,90.8841,1.3857,11.4416,11.479,120.3,140.847,0.73657,-49.9626 
184,202.1,3.309,44.8167,2.021,184,19904.4,-0.871275,45.0017,11.8095,121.516,0.0751178,-620.005,315.56,-5.46522,-2.90778,-8.34847,-6.69774,-2.72126,119.158,9920.98,51.203,12609,18816.5,-6.21553,-3.65809,-9.84908,-7.44805,-3.47157,0.678579,9753.84,45.0129,12441.9,0.476871,0.991989,0.00662037,20453.8,-0.002832,0.981684,11.6308,10.6093,121.586,91.4333,1.13589,11.8009,12.0939,120.683,141.911,0.903471,-50.4773 
185,202.8,3.696,44.926,2.019,185,20642.8,-0.111423,47.7412,11.1191,121.709,-0.0589322,16.828,0.611613,-9.59248,-2.14995,-8.20431,0.427788,-5.52176,186.423,10643.1,35.8307,12748,17312.8,-10.7663,-3.3238,-10.552,-0.746066,-6.69562,0.671111,10381.6,26.1464,12486.5,0.491553,0.995612,0.0038425,21120,-0.00324364,1.14615,11.1606,10.2183,121.659,91.4523,1.28521,11.4496,11.3694,120.978,141.941,0.680779,-50.4885 
186,201.5,2.978,44.7229,2.022,186,20471.5,-0.0576867,40.8101,12.9221,121.734,-0.0266775,-35.1226,499.808,-3.15811,-9.79469,-16.3883,-4.08456,-1.28829,170.78,10120.1,57.7671,12603.8,17197.6,-4.23347,-10.87,-18.539,-5.15991,-2.36364,0.549653,9880.59,48.8954,12364.3,0.481654,0.991414,0.00723206,20513.9,-0.00258387,0.804173,13.178,11.7782,121.989,91.1161,0.911132,13.2091,13.455,120.358,142.083,1.63114,-50.9665 
187,201.7,3.088,44.7542,2.022,187,18410.5,-0.209412,38.0496,12.78,121.456,0.111999,64.8819,500,-8.11654,-7.83962,-7.3118,-4.8779,-3.66403,114.762,9165.96,58.308,11676,16066.4,-8.83917,-8.56225,-8.75706,-5.60053,-4.38666,0.757729,9005,52.3463,11515.1,0.476254,0.98993,0.00830448,18908,-0.00260585,0.759637,12.7811,11.5256,121.535,91.231,0.883715,12.9771,13.0709,120.183,141.868,1.35151,-50.637 
188,202.4,3.475,44.8636,2.02,188,22279.2,-0.0703656,50.5629,11.1695,121.729,-0.0134232,57.8189,500,-4.43622,-3.47637,-10.8333,-5.97244,-8.88115,200.539,11242.9,51.806,13853.8,18410.2,-5.69896,-4.73911,-13.3588,-7.23518,-10.1439,0.675568,10961.6,41.3884,13572.6,0.484298,0.993436,0.00558596,22634,-0.00303153,1.18475,11.2473,10.2719,121.654,91.3704,1.32307,11.5068,11.708,121.022,141.76,0.631848,-50.39 
189,201.6,3.033,44.7386,2.022,189,21393.1,-0.347849,43.6057,-12.7714,121.605,0.0453525,-369.736,474.237,-8.53792,-0.542733,-7.85554,-3.76954,-7.10634,145.156,10700.5,69.4622,13395.6,18675,-9.45193,-1.45674,-9.68356,-4.68355,-8.02035,0.709169,10496.9,61.9216,13192,0.480582,0.989782,0.00857246,21842.1,-0.003015,0.842955,13.0069,12.0507,121.923,91.574,0.997221,13.0607,13.1987,120.441,142.466,1.48145,-50.8922 
190,201.4,2.922,44.7073,2.023,190,20434.5,-0.0381559,42.0562,12.5172,121.33,-0.0247689,-31.3128,5.17684e-11,-8.66561,-7.29346,-9.69367,-5.30411,2.33354,178.755,10062,58.0357,12909.5,17162.1,-9.79118,-8.41904,-11.9448,-6.42968,1.20797,0.662354,9811.29,48.7497,12658.8,0.474025,0.99138,0.00704408,20697.9,-0.00267035,0.831562,12.6709,11.6624,121.449,90.9331,0.98004,12.8356,13.0863,120.017,141.451,1.43207,-50.5174 
191,202.3,3.42,44.848,2.02,191,22435.8,0.000630153,49.4807,11.4373,121.464,-0.00455031,-39.5314,500,-7.94897,-0.39554,-6.91497,-5.84956,-5.55345,131.656,11284.2,49.8009,13766.7,18428.6,-8.77797,-1.22454,-8.57298,-6.67856,-6.38246,0.729016,11099.6,42.9616,13582,0.487248,0.993272,0.00579304,22780.1,-0.00297532,1.14521,11.5965,10.4509,121.456,91.2901,1.25743,11.7139,12.0486,120.641,141.709,0.814681,-50.4185 
192,202.5,3.53,44.8792,2.019,192,23323.9,-0.853052,52.7856,11.4305,121.356,1.10276,1674.49,36.5151,-2.02906,-4.22423,-7.99997,-6.84502,-3.33043,98.6794,11999.9,48.1547,13752.8,79753.5,-2.65041,-4.84559,-9.24268,-7.46638,-3.95179,0.671743,11861.5,43.0285,13614.4,0.503248,0.993692,0.0057883,23569.9,-0.00278328,1.24894,11.3546,10.3616,121.329,90.5858,1.32186,11.4616,11.7182,120.573,140.762,0.755839,-50.1762 
193,201.9,3.199,44.7855,2.021,193,23282.3,-0.0723977,47.6275,12.3071,121.269,0.0534168,12.8883,500,-4.38066,-1.6194,-6.60896,-2.06263,-0.966993,208.662,11500.5,75.8026,14100.9,19103.7,-5.69455,-2.93329,-9.23674,-3.37652,-2.28088,0.607315,11207.9,64.963,13808.2,0.485547,0.989959,0.00859201,23083,-0.00246531,1.00345,12.363,11.2545,121.305,91.2967,1.13547,12.5669,12.6098,120.16,141.899,1.14522,-50.6027 
194,202,3.254,44.8011,2.021,194,20608.4,-0.11308,44.662,11.8199,121.31,-0.0278802,19.8741,491.445,-4.58293,0.409265,2.07247,-1.73225,0.742131,117.43,10158.5,46.3355,12834.1,17202.9,-5.32236,-0.330158,0.593619,-2.47167,0.00270792,1.07886,9993.75,40.2353,12669.4,0.478412,0.993004,0.00581611,20889.4,-0.00262134,0.944689,12.1109,10.8797,121.501,91.9268,1.12341,11.8595,12.3451,120.435,142.515,1.06557,-50.588 
195,201.2,2.812,44.676,2.023,195,18676.8,-0.959388,40.686,12.5084,121.357,0.789806,378.449,209.727,-6.73959,-9.13277,-5.33485,-5.53341,-5.30982,115.322,9135.06,40.6047,12065.6,26297.2,-7.46574,-9.85892,-6.78715,-6.25956,-6.03597,0.813578,8973.31,34.614,11903.9,0.4671,0.993295,0.00532791,19210.7,-0.00269152,0.81258,12.2433,11.2227,121.796,91.6354,0.992552,12.3761,12.5857,120.034,142.328,1.76175,-50.693 
196,201.1,2.756,44.6603,2.024,196,22862.5,-0.863134,47.403,12.5411,121.125,1.30356,-396.5,101.799,-7.616,-8.45409,-15.9147,-6.88962,-3.64457,139.115,11299.5,72.7434,13865.1,36178.1,-8.49197,-9.33005,-17.6666,-7.76559,-4.52054,0.63021,11104.4,65.5166,13670,0.485744,0.98978,0.00875145,22860.6,-0.00240617,1.0018,12.4016,11.0604,121.434,90.6169,1.13562,12.4015,12.5094,119.787,140.911,1.64689,-50.2943 
197,202.7,3.641,44.9104,2.019,197,19622.3,-0.102768,45.9974,10.9822,121.358,-0.0364823,187.498,1.16185,-4.67668,-5.73925,-12.6026,-7.95794,-5.07245,177.518,10211.4,23.4737,12142.6,16667,-5.79446,-6.85703,-14.8381,-9.07572,-6.19024,0.652954,9962.45,14.252,11893.6,0.493411,0.997503,0.00220251,20191,-0.00306293,1.1516,10.8559,9.98921,121.316,91.5325,1.24129,11.1692,11.4046,120.598,141.723,0.718516,-50.1901 
198,202.9,3.752,44.9416,2.018,198,22514.3,-0.298432,51.5414,11.1925,121.562,0.719881,-189.653,499.995,-9.44293,-2.62679,-9.03706,-8.50282,-3.84597,183.443,11481.5,51.9605,13756.4,23223.7,-10.598,-3.78188,-11.3472,-9.65791,-5.00106,0.719031,11224.2,42.431,13499.1,0.491567,0.993428,0.00575685,22833.4,-0.00314143,1.23786,11.1825,10.1822,121.439,91.1967,1.34303,11.4358,11.6275,120.752,141.555,0.686715,-50.3583 
199,202.6,3.586,44.8948,2.019,199,20773,0.000594009,47.305,10.9999,121.614,0.015865,-22.1119,4.63381e-12,-9.07019,-9.68249,-9.65176,-6.42255,-5.25136,193.083,10797.1,48.82,12321,16950.5,-10.286,-10.8983,-12.0833,-7.63834,-6.46715,0.744932,10526.3,38.7897,12050.2,0.503904,0.993593,0.0058948,20889.5,-0.00264819,1.18921,11.0228,10.0475,121.597,90.6578,1.24287,11.2637,11.4029,120.782,140.792,0.815073,-50.1341 
200,201.3,2.867,44.6916,2.023,200,22300.4,-0.796085,44.8412,13.1037,121.525,0.795676,-280.197,500,-4.93269,-4.11865,-14.7374,-3.98018,-3.37202,188.794,11148.3,58.2512,13706,26385.5,-6.12147,-5.30744,-17.115,-5.16896,-4.56081,0.552826,10883.5,48.4437,13441.1,0.484942,0.992271,0.00659541,22442.9,-0.00284811,0.923264,12.893,11.5,121.75,90.6987,1.03374,13.0437,13.0485,120.261,141.107,1.48852,-50.4086 
201,201,2.701,44.6446,2.024,201,22187.9,-0.0442681,47.1183,11.9369,121.057,0.0546069,-13.5891,497.975,-2.05481,-5.28387,-5.87314,-2.00982,-7.62356,229.729,10721,53.9061,13980.3,18333.7,-3.50135,-6.73041,-8.76623,-3.45637,-9.0701,0.721923,10398.8,41.9721,13658.1,0.469583,0.992986,0.00562903,22144.8,-0.00279676,1.01331,11.9168,10.8115,121.346,90.903,1.22542,12.1574,12.0949,119.888,141.177,1.45798,-50.2744 
202,202.2,3.365,44.8324,2.02,202,22317.2,-0.0392491,49.255,11.4475,121.401,0.144111,-32.2751,500,-6.88118,-8.70314,-6.57618,-7.66105,-5.60562,196.709,11065,43.0576,13841.2,18506.5,-8.11981,-9.94177,-9.05343,-8.89967,-6.84424,0.788762,10789.1,32.839,13565.3,0.48047,0.994702,0.00443957,22455.3,-0.00293511,1.11223,11.547,10.5815,121.559,91.3104,1.2731,11.7701,11.9023,120.498,141.752,1.06109,-50.4412 
203,201.8,3.143,44.7699,2.022,203,19548.8,-1.02496,42.807,12.6349,121.491,0.290108,-1997.51,403.295,-6.50814,-3.64792,-10.5029,-0.680852,-7.58865,161.349,9581.56,47.9815,12687.3,36471.4,-7.52411,-4.66389,-12.5348,-1.69683,-8.60462,0.642111,9355.25,39.5997,12461,0.466092,0.992647,0.00581996,20071.7,-0.00300487,0.822759,12.5488,11.4466,121.6,91.7251,0.999376,12.4799,13.0779,120.373,142.527,1.22701,-50.8016 
204,203,3.807,44.9571,2.018,204,20267.4,-0.026346,47.633,10.9247,121.718,-0.058295,57.0903,499.736,-9.82248,-0.0264381,-12.3865,-2.50516,-6.93328,192.056,10493.5,32.6362,12540.5,17048.3,-11.0318,-1.23576,-14.8052,-3.71448,-8.1426,0.619696,10224.2,22.6592,12271.1,0.492082,0.996137,0.00339,20777.3,-0.00319117,1.17673,11.0054,9.95061,121.729,90.9691,1.29176,11.2713,11.2514,120.935,141.089,0.79389,-50.1199 
205,202.1,3.309,44.8167,2.021,205,18941.2,0.0222616,43.0955,11.408,121.637,-0.0315623,5.09146,1.4625e-11,-1.31536,-7.67962,-12.5226,-6.15886,-1.3144,173.085,9498.94,28.0455,12165.3,16009.5,-2.40523,-8.7695,-14.7024,-7.24873,-2.40427,0.5862,9256.17,19.0541,11922.6,0.474443,0.996411,0.00293533,19509.6,-0.00309665,0.944659,11.5837,10.703,121.763,91.1521,1.13519,11.6803,11.916,120.621,141.717,1.14252,-50.5648 
206,202.8,3.696,44.926,2.019,206,22913.2,-0.906865,52.6404,11.4085,121.289,1.2422,-321.597,3.89463,-1.19212,-6.54194,-7.00207,-2.79233,-3.9627,151.994,11539.7,57.6366,14116.2,32554.6,-2.14918,-7.49901,-8.9162,-3.74939,-4.91976,0.672602,11326.5,49.7408,13903,0.486471,0.992373,0.00654737,23283.1,-0.00325303,1.21074,11.3176,10.4053,121.238,90.8831,1.37489,11.4625,11.6364,120.496,141.034,0.741414,-50.1506 
207,201.5,2.978,44.7229,2.022,207,17436.1,-0.925061,36.9156,13.1011,121.39,-0.305973,1119.07,67.1217,-8.36005,-1.30104,-10.6416,-7.75487,-9.39642,157.808,9096.21,56.8985,10947.3,26890.3,-9.35372,-2.29472,-12.629,-8.74855,-10.3901,0.709117,8874.86,48.7007,10726,0.490345,0.990488,0.00829458,18099.2,-0.0027991,0.75417,12.8041,11.5723,121.398,91.0107,0.845002,12.8917,12.9246,120.062,141.432,1.3363,-50.4214 
208,201.7,3.088,44.7542,2.022,208,18727.6,-0.920242,38.4754,13.2851,121.394,0.555233,606.66,113.775,-6.07857,-4.05737,-5.13979,-4.99885,-2.98497,227.631,9191.8,55.3493,11926.7,27604.8,-7.51191,-5.4907,-8.00646,-6.43219,-4.41831,0.748695,8872.52,43.5243,11607.4,0.470568,0.991488,0.00685995,18854.9,-0.00262828,0.750775,12.8428,11.663,121.406,91.2902,0.881776,13.1334,13.2585,120.058,141.905,1.34791,-50.6152 
209,202.4,3.475,44.8636,2.02,209,19894.6,-0.00529379,46.3381,10.9837,121.409,-0.0181882,-57.2451,4.04713e-12,-7.49146,-1.53061,-14.7432,-6.06031,-5.74581,170.629,10423.1,36.0319,12329.9,16602.3,-8.56587,-2.60501,-16.8921,-7.13472,-6.82021,0.597979,10183.8,27.168,12090.6,0.494798,0.995353,0.00412221,20581.7,-0.00300631,1.13846,10.9229,10.2132,121.414,91.6643,1.2079,11.3742,11.5398,120.62,141.953,0.794097,-50.2888 
210,201.6,3.033,44.7386,2.022,210,19679.3,-0.994148,40.9895,13.179,121.327,3.68343,-8401.98,148.374,-17.0824,-3.81605,-18.2596,-5.0444,-7.6815,217.399,9952.68,49.5761,12277.6,1.02505e+06,-18.4513,-5.18495,-20.9974,-6.4133,-9.0504,0.65061,9647.76,38.2826,11972.6,0.483737,0.993104,0.00585565,19944.2,-0.00275164,0.812441,12.942,11.5979,121.452,90.6606,0.920241,13.0106,13.1485,119.911,141.505,1.54141,-50.8446 
211,201.4,2.922,44.7073,2.023,211,18714.1,-0.20837,39.249,12.7176,121.731,0.439066,117.803,3.54438,-6.50316,-8.10103,-10.1224,-0.561756,-6.41383,146.608,9560.38,52.3191,11914,17932.8,-7.42631,-9.02418,-11.9687,-1.48491,-7.33698,0.678615,9354.75,44.7031,11708.4,0.481608,0.991707,0.00698409,19424,-0.00304189,0.822944,12.6983,11.2962,121.879,91.132,0.928873,12.8098,12.9031,120.444,141.646,1.43481,-50.514 
212,201.4,2.922,44.7073,2.023,212,18782.7,-0.44194,39.2413,12.8062,121.358,0.362888,178.081,16.9674,-7.78011,-5.23488,-12.3343,-1.61757,-4.41583,173.885,9168.68,50.9884,12314.4,18462.8,-8.87502,-6.32979,-14.5241,-2.71248,-5.51075,0.617305,8924.78,41.9554,12070.5,0.462294,0.99184,0.00636214,19305.4,-0.0029817,0.732446,12.8947,11.9213,121.601,91.4514,0.926657,13.0178,13.1797,120.126,141.943,1.47482,-50.4917 
213,201.4,2.922,44.7073,2.023,213,17879.8,-0.142564,37.635,12.5658,121.518,-0.0965168,78.5591,500,-6.37406,-5.54326,-8.90068,-6.6309,-4.43216,170.497,8907.28,62.8058,11544.7,15641.8,-7.44764,-6.61684,-11.0478,-7.70448,-5.50573,0.711714,8668.14,53.9488,11305.6,0.471327,0.989226,0.00871369,18391,-0.00271182,0.739428,12.5832,11.6301,121.657,91.0418,0.87105,12.9232,13.1972,120.173,141.773,1.48389,-50.7313 
