cyc,freq (MHz),cyc,ROIsum,fBg,fA1,fWidth1,fCtr1,fA2,fWidth2,fCtr2,box1,box2,box3,box4,box5,box6,box7,box8,box9,Nfit,BZ-2,BZ-1,BZ0,BZ1,BZ2,Excited,c5,c7,c9,fraction95,fraction75,fraction97,sum95,two2D_bg,two2D_a1,two2D_sh1,two2D_sv1,two2D_ch1,two2D_cv1,two2D_a2,two2D_sh2,two2D_sv2,two2D_ch2,two2D_cv2,two2D_chd,two2D_cvd
0,44.835,0,20800.9,-0.768415,47.9881,11.2313,120.699,-0.48695,1093.67,402.573,-4.54038,-2.66593,-5.48359,0.963698,-1.37425,124.421,2535.44,-2.23533,20288.8,34881.8,-5.32383,-3.44938,-7.05049,0.180249,-2.1577,0.603931,2360.93,-8.69878,20114.3,0.120093,1.00649,-0.000797287,19659.2,-0.00329494,0.310742,10.3086,9.8171,120.818,89.3246,2.13526,11.5957,10.873,120.244,138.494,0.574064,-49.1697 
1,44.84,1,22211.7,-0.704394,49.2033,11.4291,120.605,1.1862,-360.312,131.372,-3.76365,-0.488827,-4.71101,-0.174621,-3.56213,68.5071,2548.42,-11.4269,21609.6,32219.7,-4.19502,-0.920198,-5.57375,-0.605992,-3.9935,0.635427,2452.33,-14.9857,21513.5,0.117034,1.01081,-0.00128481,20953.9,-0.0030864,0.30128,10.5378,9.63383,120.854,89.0036,2.16495,11.8616,11.0776,120.063,137.935,0.791274,-48.9317 
2,44.775,2,23378.7,-0.0287136,50.6097,11.3261,120.609,0.000622775,5.90809,8.13331e-12,-6.55572,0.536772,-4.72156,-1.22757,-0.487477,103.239,1482.94,-14.8842,23870.1,18660,-7.20579,-0.1133,-6.02171,-1.87764,-1.13755,0.631835,1338.13,-20.2473,23725.3,0.0615463,1.0272,-0.00157454,21741.9,-0.00324909,0.140853,11.2815,10.9508,122.393,89.8375,2.42066,11.8751,10.9309,120.134,137.363,2.25905,-47.5251 
3,44.855,3,25375.8,-0.270604,54.2463,11.5821,120.63,-0.225453,281.052,0.000588822,-4.19783,3.64915,-1.95985,-6.74665,2.07073,118.601,2211.03,-6.40129,25109.4,22515.4,-4.94463,2.90235,-3.45344,-7.49345,1.32393,0.703954,2044.68,-12.5624,24943,0.0870237,1.01087,-0.000928624,23495.7,-0.00316856,0.229201,10.8253,10.6533,121.207,89.3816,2.38982,12.0598,11.3994,120.02,138.115,1.18707,-48.7336 
4,44.815,4,24134.6,-0.733532,53.1509,11.4283,120.893,-1.53723,-163.223,471.787,-3.89165,-6.09835,-1.73752,-0.738198,3.01113,72.3359,3402.76,3.32096,22676.9,27941.7,-4.34713,-6.55383,-2.64848,-1.19368,2.55565,0.782688,3301.3,-0.436744,22575.5,0.145328,1.00023,-3.56386e-05,22716.2,-0.00311077,0.37292,10.721,10.3083,121.325,88.4897,2.23026,11.8356,11.2798,120.326,137.317,0.998624,-48.8276 
5,44.83,5,25280,-0.733406,54.6506,11.5697,120.585,0.425959,1498.56,343.505,-1.06037,-2.31044,-9.48927,-3.71544,0.515613,131.308,3442.51,7.42554,23877.6,41362.7,-1.88718,-3.13725,-11.1429,-4.54225,-0.3112,0.46991,3258.33,0.604336,23693.4,0.137862,0.999676,4.69835e-05,23634.7,-0.00310373,0.374716,10.6178,10.1307,120.957,88.1922,2.33251,11.9639,11.2016,120.041,137.079,0.916816,-48.8863 
6,44.785,6,24593.9,-0.805699,52.9555,11.8134,120.805,1.37449,-332.374,23.6335,-5.47911,-2.61346,-4.6658,-0.642366,-1.63124,72.6813,1922.15,-13.397,24704.9,35236.6,-5.93677,-3.07111,-5.58111,-1.10002,-2.0889,0.686065,1820.21,-17.1726,24603,0.0792128,1.01679,-0.00128743,22978.8,-0.003309,0.202314,10.5683,10.7309,121.609,89.8478,2.33951,12.1662,11.3972,120.21,137.994,1.39932,-48.1458 
7,44.865,7,23983.4,-0.829043,52.9209,-11.6206,120.608,0.804042,264.902,499.99,-3.24601,-3.03572,-3.49094,-7.68142,-4.39325,85.1915,1576.2,-16.1854,24580,26953,-3.78244,-3.57215,-4.5638,-8.21785,-4.92968,0.817928,1456.71,-20.611,24460.5,0.0647636,1.02539,-0.00155461,22492.7,-0.00348612,0.150605,11.2568,11.1478,122.086,90.6188,2.42823,11.9185,11.1752,120.017,138.698,2.06877,-48.0791 
8,44.765,8,24137.5,-0.0799043,51.3618,-11.6248,120.847,-0.0183404,17.4447,499.999,-4.74961,-3.67706,-11.1718,-0.0363179,-2.05946,58.8859,1143.17,-18.8619,25096.1,19447,-5.1204,-4.04785,-11.9134,-0.407106,-2.43025,0.501927,1060.57,-21.9209,25013.5,0.0469858,1.03753,-0.00161696,22572.2,-0.00370219,0.0790361,12.4315,17.6591,125.675,93.5002,2.43546,12.122,11.173,120.229,137.581,5.44567,-44.0803 
9,44.805,9,22629.6,-0.799516,50.8181,11.4569,120.465,-0.459701,864.204,48.4539,-1.04197,1.16913,-4.61017,-2.6731,-1.66374,137.414,2848.44,-10.5661,21960,31885.7,-1.90723,0.303869,-6.34069,-3.53836,-2.529,0.547463,2655.7,-17.7044,21767.3,0.12424,1.0118,-0.00150053,21375.6,-0.00343814,0.318117,10.6636,10.1438,121.119,88.5937,2.21211,11.7871,11.147,119.925,137.565,1.1941,-48.9715 
10,44.76,10,24514.3,-0.898925,54.1878,11.7079,120.626,0.130959,939.061,394.026,-0.621833,-5.29709,7.26376,-2.54358,2.95141,93.9343,1011.62,-12.3499,25907.1,24656.1,-1.21331,-5.88857,6.0808,-3.13506,2.35993,4.38535,879.865,-17.2296,25775.3,0.0381776,1.03548,-0.00123288,23046.6,-0.0041778,0.0719101,11.2065,21.783,124.987,96.7829,2.5669,11.9952,11.0707,120.108,137.998,4.87925,-41.2148 
11,44.78,11,23192,-0.730743,50.6064,11.5921,120.394,0.839629,-315.467,498.275,-2.316,-0.720324,-5.45503,0.566316,-0.500151,106.222,1715.19,-16.4326,23407,27719.4,-2.98485,-1.38918,-6.79274,-0.102539,-1.16901,0.453886,1566.21,-21.9507,23258,0.0726169,1.02514,-0.00174159,21568.1,-0.00325631,0.166943,10.9508,11.2119,121.559,89.2212,2.3712,11.875,10.9714,119.781,136.945,1.77789,-47.7238 
12,44.85,12,22909.8,-0.789361,51.2472,11.4572,120.905,1.95303,-734.573,30.4556,-6.25165,-1.47872,0.331919,-1.99788,-0.0801535,49.5138,2291.67,-14.7698,22674.5,65816,-6.56342,-1.7905,-0.291632,-2.30966,-0.391929,0.974299,2222.22,-17.342,22605,0.102583,1.01385,-0.00141522,21662.5,-0.00341902,0.264976,10.4646,10.125,121.428,88.7431,2.2598,11.8592,11.2,120.34,137.377,1.08845,-48.6341 
13,44.79,13,23619.6,-0.515622,52.2343,-11.7231,121.149,0.486639,171.07,145.527,-4.8526,-7.60231,-0.302206,-5.48964,-1.95997,45.8151,2106.87,-5.37776,23614.2,22643.9,-5.14108,-7.8908,-0.879177,-5.77812,-2.24845,0.959924,2042.61,-7.75777,23549.9,0.091615,1.00669,-0.00060719,22295.6,-0.00336414,0.225459,10.8003,10.5847,121.665,89.195,2.31078,11.9117,11.2765,120.336,137.825,1.32913,-48.6301 
15,44.87,15,23644,-0.81488,52.1511,-11.6199,120.97,1.08236,58.4787,372.666,-6.32865,-2.29009,-0.471981,-3.36523,2.12458,19.1767,1317.25,-15.644,24329.9,21787.5,-6.4494,-2.41084,-0.713482,-3.48598,2.00383,0.935466,1290.35,-16.6402,24303,0.0581478,1.02309,-0.00126287,22191,-0.00340872,0.125914,11.2596,11.8547,122.613,90.3435,2.33625,11.9884,11.4352,120.393,138.077,2.22035,-47.7336 
16,44.82,16,21935,-0.77089,49.2626,11.4465,120.879,0.31928,377.833,343.875,-2.79638,-2.22725,1.28476,-7.06551,3.34823,32.5672,2953.84,-3.02552,21187.9,22283.3,-3.00145,-2.43231,0.874626,-7.27058,3.14316,1.10069,2908.16,-4.71732,21142.2,0.13789,1.00285,-0.000411186,21090.5,-0.0033462,0.341222,10.6947,9.91529,121.079,88.5204,2.10714,11.8312,11.1948,120.315,137.16,0.764084,-48.6396 
18,44.795,18,21109.2,0.00563034,46.0741,11.2626,120.649,0.052533,-77.3674,1.70129e-11,0.693589,-0.730016,-1.37861,-0.512403,-2.34397,95.3964,2270.17,1.02929,20707.3,17024.7,0.0929032,-1.3307,-2.57998,-1.11309,-2.94466,0.672405,2136.37,-3.92637,20573.5,0.107737,1.00323,-0.000351682,19829.6,-0.00288699,0.234289,11.1312,10.3518,121.17,89.2953,2.0928,11.7806,11.0236,120.073,137.984,1.09641,-48.6891 
19,44.81,19,21473.6,-0.134121,47.8223,11.0652,120.726,0.0846129,2.41728,500,-7.23967,-3.70334,-8.33857,-5.43566,-0.0631173,2.64681,2825.22,8.57066,20401,17232.6,-7.25634,-3.72,-8.37191,-5.45232,-0.0797836,0.663513,2821.51,8.43316,20397.3,0.138559,0.994797,0.000761029,20363.2,-0.0027977,0.326653,10.638,10.2382,121.347,88.7198,2.1245,11.5055,10.8997,120.215,137.709,1.13228,-48.9892 
20,44.825,20,21390.1,-0.0857278,46.7506,11.3375,120.742,0.262932,-121.313,499.646,-2.38477,-2.0531,-7.59426,-0.380366,-5.6846,41.6133,3186.44,10.9823,20222.1,18292.7,-2.6468,-2.31512,-8.11831,-0.642393,-5.94662,0.587259,3128.07,8.82057,20163.7,0.152821,0.99509,0.000805176,20468.9,-0.00294004,0.347349,10.9366,10.2223,121.121,89.4498,2.03415,11.8379,10.9685,120.151,138.607,0.969696,-49.1574 
21,44.86,21,21663.4,-0.392055,46.5927,11.3632,120.21,-3.86097,2835.05,147.738,-6.45549,-1.72582,0.228922,-0.118541,2.38388,56.4178,1831.64,-4.06976,21484,373565,-6.81074,-2.08107,-0.481574,-0.473789,2.02863,0.938406,1752.51,-7.00056,21404.9,0.0869271,1.00704,-0.000602832,20160.7,-0.0027728,0.193656,10.721,10.6778,120.788,88.8815,2.18476,11.7016,11.0233,119.774,137.751,1.01404,-48.8692 
22,44.845,22,20958.6,-0.661099,46.2965,11.4528,121.134,-0.197646,712.095,491.028,-3.9623,-2.74822,-4.87358,-6.19228,1.69851,67.4373,2303.1,-6.77989,20384.2,21842.1,-4.38694,-3.17286,-5.72285,-6.61692,1.27388,0.692744,2208.52,-10.2831,20289.7,0.112349,1.00822,-0.000934481,19657.6,-0.00271658,0.242924,11.3643,10.1464,121.665,88.5021,1.96843,11.8359,11.441,120.485,137.738,1.18022,-49.2356 
