cyc,time,freq,cyc,ROIsum,fBg,fA1,fWidth1,fCtr1,fA2,fWidth2,fCtr2,box1,box2,box3,box4,box5,box6,box7,box8,box9,Nfit,BZ-2,BZ-1,BZ0,BZ1,BZ2,Excited,c5,c7,c9,fraction95,fraction75,fraction97,sum95,two2D_bg,two2D_a1,two2D_sh1,two2D_sv1,two2D_ch1,two2D_cv1,two2D_a2,two2D_sh2,two2D_sv2,two2D_ch2,two2D_cv2,two2D_chd,two2D_cvd
50,0.17,44.623,50,45041.8,-0.0574942,78.0536,13.1232,116.499,0.041902,-28.5566,15.5318,3.29839,0.370404,2.91078,1.3249,-0.925924,-51.4207,-56.6793,1386.6,40909.8,33383.8,3.62218,0.694186,3.55834,1.64868,-0.602142,0.601138,-31.5862,1402.91,40934.9,-0.000671423,-0.0130332,0.0593832,47043.6,-0.00228638,-0.0305623,11.4289,-7.46766,103.705,76.7936,2.97208,13.607,14.4987,116.134,138.263,-12.4295,-61.4692 
51,0.17,44.723,51,45150.1,-0.562372,77.3601,13.5028,116.373,-0.132858,338.599,305.332,3.26539,-1.37616,3.15067,1.44297,-0.286078,-142.896,88.6154,1487.71,40580.5,35468.8,4.16516,-0.476387,4.95022,2.34275,0.613698,0.573089,158.348,1533.04,40650.2,0.00337585,0.0557336,0.0649583,46906.1,-0.00212189,-0.0349187,9.83756,6.94466,101.638,76.1959,2.94966,13.8605,14.313,115.988,138.645,-14.3497,-62.4486 
52,0.17,44.643,52,42928.7,-0.015842,77.268,12.6587,116.13,-0.0520417,4.0157,6.02945e-10,0.901408,1.20509,4.73916,0.314253,1.48938,-113.939,88.6973,1277.93,40010.4,31847.5,1.61885,1.92253,6.17405,1.03169,2.20682,0.523385,144.299,1314.07,40066,0.00312199,0.0590439,0.0569747,46220.2,-0.00222651,-0.0342486,9.64039,6.92794,102.445,75.9823,3.11601,13.1527,13.6466,115.768,138.82,-13.3232,-62.8381 
53,0.17,44.963,53,44231.2,-0.211723,78.0131,12.9572,116.281,0.156911,-63.1088,500,5.08066,2.82175,-4.98275,-2.28399,-3.0432,-206.311,201.674,1322.72,40551.9,33228.3,6.37974,4.12083,-2.38458,-0.984906,-1.74412,1.44266,302.353,1388.16,40652.6,0.00642582,0.110686,0.0591798,47052.8,-0.00317945,0.0701972,13.2683,-13.6496,122.585,94.5946,3.04968,13.376,14.0587,115.943,137.658,6.64237,-43.0635 
54,0.17,44.663,54,46221.6,-0.167527,78.2031,13.3911,115.942,-0.048623,-48.8139,500,1.72985,3.82776,1.94366,1.78356,-3.04395,-25.1515,173.48,1569.17,41219.8,34167.9,1.88823,3.98613,2.26041,1.94193,-2.88557,0.685667,185.754,1577.14,41232.1,0.00390217,0.0630581,0.0658233,47602.6,-0.00867039,0.0162049,259.413,-52.5699,101.009,70.8841,2.97737,13.8608,14.4789,115.531,137.542,-14.522,-66.6578 
55,0.17,44.763,55,45993.4,-0.114595,82.4645,12.8004,116.545,-0.0048286,88.223,0.112968,7.90482,1.39691,0.723729,-2.51872,0.520192,-95.2671,1036.2,1598.15,41384.8,34376.4,8.50469,1.99678,1.92347,-1.91885,1.12006,0.834557,1082.69,1628.37,41431.3,0.0222189,0.27533,0.0675123,48728.7,-0.00342211,0.153763,12.4208,13.6588,119.605,90.899,3.10239,13.3355,14.1419,116.085,139.241,3.52023,-48.3417 
56,0.17,45.003,56,44388.8,-0.0352571,75.8264,13.2571,116.072,0.0375504,-13.169,4.39534e-11,1.39474,3.12329,1.64595,2.08638,0.304102,-100.572,101.408,1466.8,39908.3,32739.8,2.02802,3.75657,2.9125,2.71965,0.937374,0.764249,150.487,1498.7,39957.4,0.00326424,0.0542644,0.0646274,46101.5,-0.0018088,-0.0301593,-10.6236,7.06165,101.001,76.5078,2.935,13.6583,14.2531,115.638,138.961,-14.6374,-62.4529 
57,0.17,44.703,57,45675,-0.0827785,78.8139,13.1987,116.21,-0.0435714,41.6407,500,4.65967,3.19015,8.13483,1.38899,-1.0868,-92.7491,114.421,1359.3,41501.4,33922.3,5.24368,3.77417,9.30287,1.973,-0.502783,0.529943,159.683,1388.72,41546.6,0.003331,0.0616548,0.0580021,47938.3,-0.0022309,-0.0303206,-9.77933,6.14407,101.387,76.2389,3.05473,13.6432,14.2178,115.867,138.772,-14.4802,-62.5335 
58,0.17,44.783,58,45129.7,-0.503696,79.954,12.975,116.353,0.380113,5.06418,367.198,0.486648,3.7973,-2.53037,-0.687919,-3.4549,-7.79551,2675.66,2254.2,37645.3,33833.5,0.535734,3.84638,-2.43219,-0.638833,-3.40582,-0.161104,2679.46,2256.67,37649.1,0.0582797,0.404225,0.0994358,45976,-0.00269911,0.349421,11.9987,12.8871,118.016,88.2101,2.79787,13.4267,14.2818,115.925,138.149,2.09039,-49.9387 
59,0.17,44.983,59,41292.8,-0.103958,75.2488,12.5151,115.746,0.0676717,19.3805,500,5.85653,1.01275,1.84234,2.06317,-0.186115,-22.8028,204.655,1333.84,38424.9,30699.8,6.00011,1.15633,2.12951,2.20675,-0.0425321,0.81402,215.783,1341.07,38436,0.00485809,0.0842027,0.0603915,44417.2,-0.00310611,0.0735075,13.1119,14.8395,122.539,95.5156,3.02319,12.942,13.6704,115.4,137.091,7.13987,-41.5749 
60,0.17,44.833,60,46125.8,-0.153591,82.7359,12.636,116.381,0.0119216,73.6368,481.447,5.3387,5.75062,5.39269,-1.8209,-1.14833,15.9889,5011.74,3148.2,35565.1,34061.5,5.23802,5.64994,5.19134,-1.92158,-1.24901,0.597842,5003.93,3143.13,35557.3,0.10903,0.476365,0.140033,45894.8,-0.00230779,0.661041,11.8966,12.3334,117.38,88.15,2.72705,13.1259,13.9775,115.93,138.74,1.44985,-50.5905 
61,0.17,44.743,61,45827.4,-0.579075,81.5838,13.0074,116.14,0.630831,-503.795,351.426,2.93754,4.29047,0.954349,-0.804107,-1.77864,-70.1479,91.6364,1373.4,42197.1,44891.1,3.37925,4.73218,1.83775,-0.362404,-1.33693,0.777238,125.868,1395.65,42231.3,0.002585,0.0490092,0.0573841,48691.9,-0.00341171,0.0699567,12.5323,11.5953,121.852,97.2991,3.14126,13.4415,14.1822,115.77,138.335,6.08215,-41.0362 
62,0.17,44.813,62,46534.5,-0.0339455,84.6232,12.4264,116.307,-0.189113,97.7775,3.42204e-11,3.70976,1.92795,5.03903,1.30176,-0.947912,-120.823,4891.14,2980.25,36703.4,34833.8,4.47055,2.68874,6.56061,2.06256,-0.187121,0.579322,4950.1,3018.57,36762.4,0.104815,0.483758,0.131383,47226.9,-0.00259525,0.659934,11.5571,12.0859,117.397,87.9043,2.84444,13.0158,13.887,115.843,138.459,1.55393,-50.5549 
63,0.17,44.863,63,45221.8,-0.492174,81.0643,12.8059,116.19,0.571154,-403.162,320.435,5.74983,0.390194,1.38751,3.9699,4.35016,-53.5702,2926.65,2466.77,37666.5,41289.5,6.08715,0.727511,2.06215,4.30722,4.68747,0.884612,2952.79,2483.77,37692.6,0.0637761,0.404526,0.108246,46299.3,-0.00272606,0.375147,12.2011,13.5215,117.909,88.7727,2.88835,13.2217,13.8824,115.748,138.718,2.16096,-49.9454 
64,0.17,44.803,64,46186.2,-0.0901205,80.9089,12.968,116.541,0.214124,-103.801,500,4.15029,5.07954,2.99842,0.761505,0.242783,-25.5485,4076.31,2645.52,36762.1,34879.3,4.31116,5.24041,3.32017,0.922377,0.403655,0.766149,4088.78,2653.62,36774.6,0.0881591,0.468219,0.117329,46379.6,-0.00254894,0.493702,12.2052,12.9795,117.728,88.5351,2.74585,13.4991,14.1149,116.054,139.556,1.67461,-51.0211 
65,0.17,44.853,65,46531.4,-0.112512,80.9122,13.0582,116.121,-0.105864,112.504,0.972915,2.93234,-0.626768,-0.307104,2.7978,1.30885,-77.6119,3870.71,2931.22,36873.3,34782.4,3.42104,-0.138067,0.670299,3.28651,1.79755,0.92583,3908.59,2955.84,36911.2,0.084316,0.430399,0.128552,46356.4,-0.00259131,0.495005,12.2999,13.0585,117.636,88.7134,2.72574,13.5411,14.2704,115.605,138.771,2.03104,-50.0578 
66,0.17,44.683,66,45191,-0.106106,79.1629,13.0176,116.362,-0.0472556,-0.93434,500,1.50352,-1.94853,-0.429838,-1.23532,-1.94163,-128.798,156.625,1338.15,41089.6,33547.8,2.31453,-1.13752,1.19218,-0.42431,-1.13062,-0.464133,219.478,1379,41152.4,0.00461625,0.0833652,0.0581394,47544.8,-0.0033064,0.0356867,5.4863,-97.4461,124.883,101,2.99965,13.5138,14.3794,115.95,137.683,8.9327,-36.6828 
67,0.17,44.923,67,43887.8,-0.142216,77.878,12.9162,116.205,-0.00922599,-24.1415,500,5.72829,4.06648,1.58375,1.53886,1.35424,-54.2129,52.0098,1421.24,40241.8,32752.1,6.06965,4.40784,2.26648,1.88022,1.6956,0.861121,78.4655,1438.44,40268.2,0.00169154,0.0302287,0.0617399,46386.9,-0.00316184,0.068774,12.8506,-12.8421,123.943,98.6156,3.01605,13.3742,14.1406,115.837,137.764,8.10577,-39.1486 
68,0.17,44.943,68,45231.7,0.0201182,77.3253,13.2665,116.124,-0.211307,186.968,5.52382e-11,2.52657,1.48511,3.52051,0.181105,1.74781,-100.255,48.9988,1368.26,40854.4,34680.5,3.15785,2.11639,4.78306,0.812382,2.37909,0.638981,97.9228,1400.06,40903.4,0.00207742,0.0384309,0.0593126,47136.8,-0.00220487,-0.0287355,-10.0484,7.24901,101.367,76.2557,2.98239,13.751,14.3138,115.77,138.73,-14.4028,-62.4739 
69,0.17,44.903,69,46714.7,-0.509798,81.1339,13.3224,116.432,1.38929,-985.081,2.85633,3.88818,0.024316,3.03566,3.38186,1.62397,-74.5799,242.49,1572.09,41817.9,79738,4.35779,0.493926,3.97488,3.85147,2.09358,0.730912,278.885,1595.75,41854.3,0.00576073,0.0907992,0.0656237,48411.3,-0.00229444,0.00450679,-0.129218,188.568,127.472,74.7016,2.98498,13.7906,14.6809,116.014,139.197,11.458,-64.4949 
70,0.17,44.823,70,45161.2,-0.0240861,80.4933,12.6805,116.531,-0.0648137,6.70484,500,4.00428,2.52666,4.3197,-0.537552,-0.765274,-45.4349,5393.06,3194.52,34093.7,33241.2,4.29038,2.81275,4.89188,-0.25146,-0.479183,0.565721,5415.24,3208.93,34115.8,0.121286,0.490917,0.14768,44648.4,-0.00216258,0.656381,12.0287,12.7048,117.539,88.3378,2.57085,13.2095,14.2276,116.025,139.086,1.51462,-50.7486 
71,0.17,44.843,71,45095.4,-0.103589,82.1654,12.4392,116.34,0.182034,-124.865,500,1.29192,1.13021,-0.818934,1.1722,2.91044,-87.1908,4978.62,3025.15,35291.8,34011.8,1.84093,1.67922,0.2791,1.72121,3.45946,0.96892,5021.17,3052.81,35334.3,0.109979,0.484501,0.137302,45655.6,-0.00232366,0.640933,11.7477,12.3377,117.598,88.6,2.77545,12.9174,13.7235,115.835,139.005,1.76304,-50.405 
72,0.17,44.883,72,46618.9,-0.0985475,82.1681,12.9501,116.161,0.0711593,-29.2563,500,1.10546,1.05321,6.40027,1.67557,-1.88349,-21.0575,1339.7,1934.61,41044,34707.2,1.23805,1.1858,6.66545,1.80816,-1.75089,0.271262,1349.98,1941.29,41054.3,0.0277988,0.284371,0.0801261,48562.4,-0.00322612,0.188648,12.1751,14.0491,118.582,91.0096,3.04093,13.486,14.2365,115.761,139.161,2.82126,-48.1513 
73,0.17,44.793,73,45187.5,-0.339309,81.1417,12.8093,116.405,4.33478,-1745.62,9.69676e-08,6.07234,1.86921,6.00535,0.224279,1.17658,-144.586,3435.74,2394.65,37409.9,280163,6.98276,2.77963,7.82618,1.1347,2.087,0.623927,3506.3,2440.51,37480.5,0.0752282,0.450844,0.107101,46608.8,-0.00285748,0.419347,11.9551,12.9096,117.759,89.2202,2.82597,13.2826,14.0857,115.962,140.026,1.79735,-50.806 
74,0.17,45.023,74,44423.2,-0.255649,79.0978,12.8407,116.287,1.27473,-32.6905,489.314,2.70742,0.392072,6.89934,-0.366784,0.162759,-94.2534,56.7265,1361.04,41140.1,34420,3.3009,0.985561,8.08632,0.226704,0.756247,0.394543,102.722,1390.94,41186.1,0.00216408,0.0404916,0.0585681,47466.7,-0.00253695,-0.0328233,-9.78972,7.43783,102.323,76.7122,3.07711,13.311,14.2099,115.924,138.741,-13.6006,-62.0284 
