cyc,field,FB,79,VVA,VVA,cyc,ROIsum,fBg,fA1,fWidth1,fCtr1,fA2,fWidth2,fCtr2,box1,box2,box3,box4,box5,box6,box7,box8,box9,Nfit,BZ-2,BZ-1,BZ0,BZ1,BZ2,Excited,c5,c7,c9,fraction95,fraction75,fraction97,sum95,two2D_bg,two2D_a1,two2D_sh1,two2D_sv1,two2D_ch1,two2D_cv1,two2D_a2,two2D_sh2,two2D_sv2,two2D_ch2,two2D_cv2,two2D_chd,two2D_cvd
0,202.18,3.351,44.8292,2.026,47.3795,0,14747.4,-0.751415,32.8399,12.3492,121.161,0.329652,162.016,243.324,-7.8238,-4.23776,-8.41783,-2.6694,-0.128346,48.8696,778.112,515.137,16054.7,14940.5,-8.13152,-4.54548,-9.03327,-2.97711,-0.436065,0.640445,723.185,502.213,15999.7,0.0746857,0.45141,0.0546609,9683.04,-0.00281486,0.0942613,11.5104,20.9988,123.257,107,1.34025,12.3878,11.8672,120.601,138.068,2.65613,-31.0681 
1,201.5,2.98,44.7229,2.031,47.2639,1,13779,-0.776781,28.2899,13.693,120.828,0.131196,18.3035,184.352,-6.08991,-7.21607,-6.89381,-2.33977,-4.7437,84.3652,2319.49,556.566,13303.7,12688.5,-6.62113,-7.7473,-7.95626,-2.87099,-5.27493,0.738887,2224.66,534.255,13208.9,0.231214,0.704094,0.0693406,9621.64,-0.00282904,0.113354,16.2307,23.6373,124.434,93.0531,0.936555,13.1607,13.3584,119.898,138.646,4.5361,-45.5924 
2,202,3.253,44.8011,2.027,47.3489,2,15249,-0.0316665,31.2696,-12.7037,121.115,-0.0261132,54.3608,500,-3.16279,-4.9521,-9.36171,-3.65627,-3.38896,79.8837,1471.86,568.239,15587,12977.6,-3.6658,-5.4551,-10.3677,-4.15927,-3.89197,0.623538,1382.08,547.113,15497.2,0.137377,0.590751,0.0610626,10060.5,-0.00333884,0.0849475,13.6838,47.8392,124.393,107,1.1679,12.7648,11.9197,120.211,137.699,4.18191,-30.6986 
3,201.3,2.871,44.6916,2.032,47.2299,3,12965.3,-0.747975,27.4529,13.3482,120.439,-0.006586,522.292,197.142,-3.23381,-1.74743,-10.332,-2.32235,-4.70406,40.9197,1503.39,296.288,13598.3,12041.1,-3.49147,-2.00509,-10.8473,-2.58001,-4.96172,0.545864,1457.4,285.466,13552.3,0.161097,0.744724,0.0373527,9046.7,-0.00286044,0.0830154,15.5212,22.0828,124.717,91.8829,1.00434,13.1578,12.8757,119.587,138.046,5.13087,-46.163 
4,201.4,2.926,44.7073,2.031,47.2469,4,15254.8,-0.834137,30.6086,13.916,120.761,0.357255,-76.2389,290.166,-6.52557,-4.37649,-7.92162,-0.625853,-2.04022,85.9802,2082.69,485.443,15192.3,14752.7,-7.06696,-4.91789,-9.00441,-1.16725,-2.58162,0.636011,1986.05,462.705,15095.6,0.190242,0.710374,0.0534457,10439.6,-0.00303728,0.110143,16.4863,20.9874,124.725,91.4756,1.05177,13.6006,13.3527,119.881,137.75,4.84427,-46.2748 
5,202.4,3.471,44.8636,2.025,47.4168,5,15231,-0.16437,34.523,11.6148,121.278,-0.002903,115.837,500,-1.41544,-5.63452,-10.1579,-3.31318,-2.47349,116.708,299.086,281.687,17171.9,13064.1,-2.15032,-6.3694,-11.6277,-4.04806,-3.20837,0.575691,167.909,250.822,17040.7,0.0172912,0.276691,0.0263982,9710.69,-0.00588056,0.0135764,-55.5439,88.1214,148,70.6046,1.50716,11.963,11.9839,120.858,138.114,27.1425,-67.5098 
6,202.22,3.373,44.8355,2.026,47.3862,6,14715.1,-0.751888,33.0888,12.2368,121.08,0.175123,542.951,345.306,-4.53685,-6.07716,-3.03399,-1.80665,-2.17284,57.4672,548.527,444.674,16241.9,16276.1,-4.8987,-6.43902,-3.7577,-2.16851,-2.53469,0.810204,483.936,429.476,16177.3,0.05071,0.391686,0.0466243,9543.2,-0.00282511,0.0971772,11.1734,17.1902,123.751,107,1.3767,12.2947,11.8688,120.595,137.918,3.15612,-30.9181 
7,202.02,3.264,44.8042,2.027,47.3523,7,13667.2,-0.721056,29.6439,12.773,121.161,1.19448,1087.86,102.864,-4.7914,-9.76954,-5.19662,-5.90548,-5.26428,49.1928,1282.62,415.473,14407.8,54627,-5.10116,-10.0793,-5.81613,-6.21524,-5.57403,0.822602,1227.33,402.463,14352.5,0.132473,0.635382,0.049118,9264.71,-0.00319504,0.0673306,13.7484,48.0192,124.596,107,1.14574,12.4606,11.73,120.415,137.928,4.18056,-30.9285 
8,202.2,3.362,44.8324,2.026,47.3829,8,13446.4,-0.0844948,30.3266,-11.828,120.776,0.0486319,77.3069,2.40823e-09,-5.26834,-0.728014,-10.2675,-5.67957,3.70005,60.8413,557.803,394.05,14999.7,11799.4,-5.65144,-1.11112,-11.0337,-6.06267,3.31695,0.462871,489.42,377.96,14931.3,0.0552957,0.425268,0.0445523,8850.95,-0.00275861,0.0859815,11.548,19.2478,123.623,107,1.31352,12.1508,11.5269,120.257,137.044,3.36597,-30.0439 
9,202.26,3.395,44.8417,2.026,47.393,9,14865.7,-0.0639949,33.192,11.8499,120.969,0.0672474,-35.802,500,-3.2039,-6.64288,-7.50568,-4.72238,-4.24932,59.3285,682.942,464.305,16474.4,12882.3,-3.57747,-7.01646,-8.25284,-5.09596,-4.62289,0.711092,616.259,448.615,16407.7,0.0628542,0.439766,0.0479511,9804.58,-0.00297101,0.0838974,11.8733,20.2889,123.842,107,1.42684,12.2035,11.6709,120.516,138.554,3.32613,-31.5537 
10,202.9,3.744,44.9416,2.021,47.5016,10,13952.1,-0.100539,34.363,-10.8299,121.269,0.0205443,-0.184218,500,-2.84093,-1.38968,-0.997707,-0.187665,-2.83569,98.6761,-241.404,408.796,16376.1,12114.7,-3.46227,-2.01102,-2.24038,-0.809001,-3.45703,0.812985,-352.312,382.699,16265.2,-0.0402357,-1.10995,0.0415418,8756.21,-0.00235483,-0.0289374,9.69088,8.7995,115.851,81.8118,1.60447,11.3404,11.3304,120.932,138.053,-5.08076,-56.2408 
11,202.3,3.417,44.848,2.025,47.3998,11,13123.3,0.0268582,29.8731,11.5094,121.107,0.00456248,-60.0877,1.40277e-06,-3.65956,-3.4367,-7.79781,-0.226812,-3.0478,18.6375,569.379,361.265,14594.2,11201.5,-3.77692,-3.55405,-8.03252,-0.344167,-3.16515,0.574387,548.431,356.336,14573.2,0.0629698,0.467937,0.0431007,8709.43,-0.00260509,0.0720912,11.8627,20.4843,124.565,107,1.32636,11.8205,11.4475,120.61,137.692,3.95454,-30.6921 
12,202.7,3.635,44.9104,2.023,47.4677,12,14721.3,-0.545851,35.074,11.0145,121.27,0.876941,195.597,13.2393,-5.50471,-3.15235,-5.59069,-2.58984,-4.2607,48.5939,-46.8773,267.299,17033.1,18159.8,-5.8107,-3.45833,-6.20265,-2.89583,-4.56668,0.729546,-101.495,254.447,16978.4,-0.01079,-0.295227,0.026865,9406.44,-0.00241767,-0.017069,9.47258,-7.15081,120.452,81.2277,1.6024,11.6487,11.5255,121.097,138.223,-0.644614,-56.9955 
13,202.1,3.308,44.8167,2.027,47.3659,13,14301.8,-0.697863,30.9025,-12.6137,120.878,0.116446,1184.93,246.515,-3.43685,-6.90481,-9.77911,-1.97744,1.0476,52.3477,1035.05,373.843,15245.3,17180.8,-3.76647,-7.23443,-10.4383,-2.30706,0.717981,0.546717,976.21,359.999,15186.4,0.102969,0.607773,0.0418405,9480.61,-0.00310171,0.0657569,12.9932,45.0798,124.454,107,1.22948,12.497,11.7048,120.198,137.472,4.25578,-30.4722 
14,202.14,3.329,44.823,2.026,47.3727,14,16481.8,-0.682878,34.8411,12.4981,121.186,1.18409,-340.074,78.2198,-8.78574,-1.95588,-12.137,-2.19202,-2.13553,80.0467,1087.61,589.978,17124.9,27283.8,-9.28978,-2.45992,-13.145,-2.69605,-2.63956,0.565171,997.644,568.809,17035,0.0946781,0.500559,0.057945,10537.2,-0.00282962,0.0860553,12.4429,38.3317,123.763,107,1.35633,12.4601,11.8478,120.49,137.561,3.27254,-30.5606 
15,202.1,3.308,44.8167,2.027,47.3659,15,14158.4,-0.126291,30.2624,12.2264,120.978,0.0503479,-44.5147,1.50492e-07,-2.03159,-5.6338,-5.06631,-0.925658,0.983132,93.7361,1001.88,453.065,14909.5,12117.7,-2.62182,-6.22403,-6.24677,-1.51589,0.392901,0.614768,896.519,428.276,14804.2,0.0975872,0.544665,0.0505948,9186.85,-0.00281559,0.0716741,12.4571,42.3861,124.334,107,1.20172,12.4076,11.7213,120.196,137.16,4.13793,-30.1597 
16,201.6,3.035,44.7386,2.03,47.2809,16,13595.9,-0.0222368,25.9711,13.6993,120.91,-0.0270519,1.79333,500,-3.24104,-3.41785,-3.87049,-1.23667,-0.0860868,103.053,2490.43,577.901,12657.1,11583.6,-3.88994,-4.06674,-5.16828,-1.88557,-0.734983,0.671762,2374.6,550.648,12541.3,0.252678,0.711334,0.0748287,9397.73,-0.0025041,0.115384,17.658,21.8443,124.373,91.5252,0.875997,13.4852,13.2802,120.038,138.214,4.33529,-46.6892 
17,202.6,3.58,44.8948,2.023,47.4507,17,15997.9,-0.692562,37.1173,11.4781,121.442,0.259855,-340.238,190.377,-8.08335,-3.12567,-3.48344,-2.36823,-4.30452,74.5901,117.223,436.76,17990.4,16747,-8.55303,-3.59535,-4.42279,-2.83791,-4.7742,0.817114,33.3863,417.033,17906.5,0.00331837,0.0437455,0.0411368,10061,-0.00202206,-0.0178213,4.33775,8.54241,116.053,77.1625,1.63576,11.7071,11.7384,121.06,137.325,-5.00683,-60.1621 
18,201.7,3.089,44.7542,2.029,47.2979,18,11779.8,-0.0852593,24.5119,-13.1667,120.804,-0.281942,120.199,500,-4.2018,-2.94717,0.154435,-4.3963,-3.71956,85.2989,1925,435.365,11885.8,11609.5,-4.7389,-3.48428,-0.919774,-4.9334,-4.25666,0.94983,1829.13,412.807,11789.9,0.216941,0.716873,0.0605907,8431.48,-0.00290967,0.0911546,17.3504,23.5954,124.868,92.2312,0.898909,13.1037,12.5172,119.922,138.28,4.94593,-46.0486 
19,201.98,3.242,44.798,2.027,47.3455,19,15370.1,-0.566849,32.9464,12.7205,120.881,0.538591,70.8223,435.21,-7.93189,2.17249,-8.53271,-4.05043,-6.82177,117.141,1687.55,542.247,15631.1,14884.6,-8.6695,1.43488,-10.0079,-4.78804,-7.55938,0.66178,1555.88,511.267,15499.4,0.152008,0.634899,0.0572833,10235.6,-0.00348579,0.0826443,14.3054,49.7567,123.997,107,1.18093,12.6788,11.8918,119.931,137.684,4.06667,-30.6837 
20,201.2,2.817,44.676,2.033,47.2128,20,13519.2,-0.205666,27.6831,13.0101,120.721,0.218974,-31.9433,2.11013,-3.81855,-12.1783,-9.49664,-2.47456,-2.7047,86.8826,1419.01,519.337,13892.2,11952.1,-4.36563,-12.7254,-10.5908,-3.02164,-3.25177,0.688095,1321.36,496.359,13794.6,0.146066,0.603364,0.0621627,9046.32,-0.00269682,0.0950832,14.1978,22.2755,124.515,95.8983,1.00838,13.2781,12.9244,119.951,137.598,4.56318,-41.6994 
21,202.8,3.689,44.926,2.022,47.4846,21,15500.2,-0.689599,36.2582,11.4427,121.183,0.357717,571.674,234.324,-3.40052,-4.47076,-9.15882,-1.18371,-0.730614,72.3183,-78.5974,431.667,17569.1,20163.1,-3.85589,-4.92612,-10.0696,-1.63908,-1.18598,0.535465,-159.881,412.541,17487.8,-0.0165967,-0.284452,0.0416458,9633.31,-0.00213595,-0.0191317,9.32195,7.95989,118.612,79.6401,1.6005,11.68,11.8237,120.861,136.89,-2.24953,-57.2498 
22,201.1,2.762,44.6603,2.033,47.1958,22,14375.2,-0.754821,30.7398,12.9424,120.655,-0.155752,377.068,494.464,-3.98094,-5.1581,-5.38367,-1.00653,-5.87502,76.0555,1003.17,302.249,15513,14863.1,-4.45984,-5.637,-6.34148,-1.48543,-6.35392,0.738794,917.689,282.135,15427.6,0.0960215,0.650186,0.03259,9557.12,-0.00298026,0.0737465,13.529,22.8831,125.75,96.0971,1.18287,13.0201,12.6429,119.93,137.649,5.82003,-41.5519 
23,201.9,3.199,44.7855,2.028,47.3319,23,13299.9,-0.0198412,27.6088,-12.8421,120.803,-0.0176159,5.47721,4.89578e-12,-3.74341,-6.73911,-7.12575,-5.19086,0.646642,129.781,1669.87,442.135,13641.2,11545.1,-4.5606,-7.55631,-8.76013,-6.00806,-0.170551,0.676218,1524,407.813,13495.3,0.167816,0.681065,0.0527309,9081.39,-0.00290845,0.0820364,15.6778,28.8475,125.279,95.8559,1.03987,12.8706,12.4232,120.028,138.185,5.25123,-42.3292 
24,202.5,3.526,44.8792,2.024,47.4338,24,14116.7,-0.0236579,33.6081,11.2165,121.141,-0.00711711,-3.76863,500,-6.88777,-4.51517,-12.2203,-4.50039,-5.17261,91.4461,28.8132,452.035,16444,12272.3,-7.46358,-5.09099,-13.3719,-5.0762,-5.74842,0.636149,-73.9692,427.851,16341.2,-0.008149,-0.109621,0.0460116,9077.09,-0.00698871,0.0141789,63.7051,-97.4609,148,72.8753,1.49685,11.63,11.786,120.797,137.796,27.2028,-64.9212 
25,202.06,3.286,44.8105,2.027,47.3591,25,13219.5,-0.0156339,28.9548,12.0139,121.28,-0.0158567,8.486,500,-1.86148,-5.29562,-3.98245,0.443525,-5.106,96.7474,1452.01,423.584,13675.6,11328.4,-2.47068,-5.90481,-5.20083,-0.165668,-5.71519,0.732704,1343.27,397.998,13566.9,0.150241,0.658541,0.0512693,8940.73,-0.0027629,0.098146,12.6942,26.3998,124.328,96.7149,1.14162,12.3553,11.8734,120.535,136.815,3.79312,-40.1 
26,201.94,3.22,44.7917,2.028,47.3387,26,13832.6,-0.0163739,28.5088,-12.6512,121.033,-0.00810763,-22.6494,500,-2.95198,-2.02255,-10.4978,1.22995,0.162945,93.4156,1487.04,475.653,14192.3,11747,-3.54019,-2.61076,-11.6743,0.641736,-0.425268,0.337019,1382.04,450.948,14087.3,0.149073,0.636533,0.0556842,9270.91,-0.00304622,0.0816736,13.6495,44.397,124.452,107,1.09176,12.6551,11.7503,120.209,137.417,4.24299,-30.4167 
27,203.1,3.853,44.9727,2.02,47.5354,27,14699.3,-0.00513949,35.3547,10.7654,121.026,0.00644365,-33.0311,2.16581e-11,-5.33388,-2.36856,-6.53701,-0.836461,-0.541563,57.4443,-175.492,454.675,16871.4,12397,-5.69559,-2.73027,-7.26043,-1.19817,-0.903274,0.591829,-240.057,439.483,16806.9,-0.0261734,-0.453762,0.0459555,9171.8,-0.0021138,-0.0249687,11.4408,8.10146,117.546,82.2622,1.66683,11.2473,11.2977,120.755,136.917,-3.20841,-54.6551 
28,203,3.798,44.9571,2.021,47.5185,28,16024.2,-0.156212,37.4427,11.1293,121.394,0.106995,134.751,499.553,-2.32513,-2.51694,-7.52276,-1.26306,-1.20548,77.7237,-248.723,510.11,18322,14034.6,-2.81454,-3.00634,-8.50157,-1.75247,-1.69488,0.521572,-336.082,489.555,18234.7,-0.0340325,-0.645516,0.0471253,9875.33,-0.00222813,-0.0251126,14.0141,8.37308,114.584,81.364,1.70637,11.6259,11.6075,121.05,136.679,-6.46632,-55.3153 
29,201.8,3.144,44.7699,2.029,47.3149,29,12836.5,-0.00703266,26.092,13.1109,120.767,-0.018799,7.95694,500,-5.68361,-3.68619,-4.72461,-4.61211,-4.02601,57.8319,1915.71,306.422,12941.1,11141,-6.04776,-4.05034,-5.45292,-4.97627,-4.39016,0.781161,1850.7,291.127,12876.1,0.204242,0.784138,0.0399843,9061.34,-0.00281708,0.0834837,17.8753,22.5796,125.169,89.1374,0.986947,13.079,12.6066,119.908,138.025,5.26148,-48.8878 
30,202.18,3.351,44.8292,2.026,47.3795,30,13793.5,-0.104906,30.5554,11.9502,121.005,-0.0237602,-7.19282,1.08835e-12,-7.23567,-2.09487,-5.80589,0.945095,-1.95654,79.416,597.159,342.628,15257.1,11892.2,-7.73573,-2.59494,-6.80602,0.445033,-2.4566,0.644562,507.898,321.625,15167.9,0.0564211,0.474342,0.0375922,9001.92,-0.00261387,0.0802487,11.2346,18.703,124.219,107,1.30559,12.2699,11.7649,120.456,137.244,3.7632,-30.2437 
31,201.5,2.98,44.7229,2.031,47.2639,31,13490.2,-0.0198083,26.7239,13.3108,120.933,0.0208389,-11.8158,500,-3.77905,-3.3011,-8.58254,-4.6443,-1.94004,72.6996,2083.39,456.344,13160.3,11587.8,-4.23682,-3.75887,-9.49808,-5.10207,-2.39781,0.619981,2001.68,437.118,13078.6,0.214642,0.723507,0.057997,9325.67,-0.00264179,0.104304,16.1569,22.1279,124.86,91.5316,0.943108,13.3303,13.1015,119.939,137.891,4.92166,-46.359 
32,202,3.253,44.8011,2.027,47.3489,32,13613.6,-0.758336,29.4233,12.9708,120.931,0.51871,878.191,0.172241,-10.1868,-1.87757,-9.40362,-1.48237,-5.50447,60.2505,1306.17,382.089,14469.6,27252.7,-10.5662,-2.25695,-10.1624,-1.86175,-5.88385,0.669313,1238.45,366.155,14401.9,0.133117,0.659024,0.0447386,9303.5,-0.00344768,0.0642974,13.8789,53.0998,124.365,107,1.13334,12.6196,11.7115,120.13,137.063,4.23585,-30.0625 
33,201.3,2.871,44.6916,2.032,47.2299,33,13359.1,-0.00378066,27.3815,12.8983,120.393,-0.00377318,-6.90508,9.59037e-11,-4.44718,-7.0494,-11.1372,-3.15767,-7.95861,62.7987,1555.37,380.662,13726,11497.8,-4.84261,-7.44483,-11.9281,-3.55309,-8.35403,0.669789,1484.79,364.054,13655.4,0.162595,0.69975,0.0468117,9131.8,-0.0026887,0.0897734,15.491,21.5509,124.891,92.8525,1.00665,13.1101,12.9629,119.649,137.76,5.24175,-44.9073 
34,201.4,2.926,44.7073,2.031,47.2469,34,13905.3,-0.742633,28.1659,13.7137,120.379,-0.413458,339.156,307.694,-5.34226,-3.6709,-5.85673,-3.81622,-4.16524,91.7889,1922.51,608.255,13598.9,17138.9,-5.92023,-4.24887,-7.01267,-4.39419,-4.74321,0.733553,1819.34,583.98,13495.7,0.194023,0.640319,0.0738261,9376.93,-0.00265033,0.106443,15.4141,24.3904,123.959,94.5198,0.970869,13.3304,12.9182,119.468,137.75,4.49042,-43.2304 
35,202.4,3.471,44.8636,2.025,47.4168,35,14494,-0.13386,33.5831,11.4211,120.956,0.0539083,7.07427,0.414584,-4.15866,-4.25953,-6.8168,-2.37398,-3.94868,91.9972,154.674,390.999,16492.5,12498.4,-4.73795,-4.83881,-7.97537,-2.95327,-4.52796,0.68141,51.2719,366.669,16389.1,0.00555543,0.0739915,0.0395817,9229.16,-0.00629279,0.0138713,-59.0858,-94.6676,148,73.156,1.48924,11.8516,11.6696,120.545,137.077,27.4551,-63.921 
36,202.22,3.373,44.8355,2.026,47.3862,36,12864.9,-0.00756185,29.2505,11.6275,120.852,0.00957431,0.570617,500,-4.11844,-0.567823,-4.72122,-1.57773,-1.89505,41.6387,554.33,399.051,14297,11071.9,-4.38063,-0.830011,-5.24559,-1.83992,-2.15723,0.637068,507.53,388.039,14250.2,0.0597964,0.427718,0.0477654,8487.62,-0.00258361,0.0903412,11.1185,18.2852,123.424,107,1.26013,12.0123,11.5718,120.402,137.311,3.02246,-30.3105 
37,202.02,3.264,44.8042,2.027,47.3523,37,13084.7,0.0137426,28.0965,12.3381,120.898,-0.0125518,12.6356,0.000181847,-7.12877,-4.37235,-6.86072,-1.84648,-2.71443,71.3751,1157.31,351.253,13954.1,11290,-7.5782,-4.82178,-7.75958,-2.29591,-3.16386,0.69712,1077.09,332.377,13873.9,0.121754,0.649338,0.0422662,8846.46,-0.00319911,0.0647181,13.202,50.2605,124.637,107,1.11534,12.4635,11.6485,120.024,137.144,4.61224,-30.1438 
38,202.2,3.362,44.8324,2.026,47.3829,38,14190.6,-0.0299709,31.222,11.7948,121.34,-0.0181836,7.49759,500,-2.04819,-1.11784,-9.23714,-2.63745,-5.70093,62.3058,764.31,394.139,15445.2,11992.5,-2.44051,-1.51016,-10.0218,-3.02977,-6.09326,0.566072,694.28,377.661,15375.2,0.0746186,0.512313,0.043289,9304.39,-0.00267464,0.0784839,11.4904,25.4897,124.194,107,1.3333,12.1826,11.5775,120.833,138.112,3.36178,-31.1118 
39,202.26,3.395,44.8417,2.026,47.393,39,15177.3,-0.0404282,32.8512,11.7369,121.206,-3.40577e-05,24.8723,1.9031e-11,-4.80505,-5.29479,-7.48713,-1.77776,-0.414397,38.5303,604.567,568.102,16117.6,12551.7,-5.04766,-5.5374,-7.97237,-2.02037,-0.657012,0.624562,561.261,557.912,16074.3,0.0586916,0.365022,0.0600941,9562.88,-0.00234335,0.121777,10.7156,15.765,123.05,107,1.36278,12.1498,11.9559,120.772,137.729,2.27832,-30.7293 
40,202.9,3.744,44.9416,2.021,47.5016,40,15155,-0.246454,35.8007,10.8758,121.343,-0.502408,1241.35,499.998,-5.12675,-1.77472,-4.9446,-2.04278,0.235929,16.2569,-148.767,583.929,16992.8,32977.4,-5.22911,-1.87708,-5.14933,-2.14514,0.133564,0.639077,-167.04,579.629,16974.5,-0.0178868,-0.197141,0.0591799,9338.69,-0.00174596,-0.0250037,10.6169,7.69012,118.572,81.1809,1.60796,11.3398,11.627,121.01,137.184,-2.43789,-56.0027 
41,202.3,3.417,44.848,2.025,47.3998,41,13994,-0.0845391,31.2563,-11.7129,120.989,0.00526932,-23.1191,500,-4.00358,-3.04231,-8.27593,-3.37913,-5.06951,50.1839,408.729,360.261,15516.4,11921.8,-4.31957,-3.3583,-8.90792,-3.69513,-5.3855,0.652935,352.324,346.989,15460,0.0391041,0.367175,0.0397033,9009.91,-0.00258959,0.0836207,11.1183,14.9885,123.545,107,1.37261,12.0797,11.671,120.579,137.734,2.96586,-30.7345 
42,202.7,3.635,44.9104,2.023,47.4677,42,13510.8,-0.706527,33.3852,11.1905,121.009,0.249662,472.612,386.367,-0.736563,-3.00643,-6.63135,-3.37021,-4.75311,55.2848,-96.8067,366.874,15700,16002.9,-1.08468,-3.35454,-7.32758,-3.71832,-5.10122,0.644056,-158.945,352.254,15637.9,-0.0184857,-0.347422,0.0398414,8598.27,-0.0022828,-0.0200379,9.31438,7.54321,118.015,81.1008,1.53092,11.3624,11.4216,120.735,137.806,-2.72021,-56.705 
43,202.1,3.308,44.8167,2.027,47.3659,43,15130.5,-0.68258,31.9568,12.7066,121.177,0.675267,2777.48,2.76408,-3.43407,-3.97733,-4.22992,-3.10516,-1.0448,62.001,1268.99,564.038,15572.6,74273.8,-3.82447,-4.36773,-5.01073,-3.49556,-1.43521,0.723679,1199.3,547.641,15502.9,0.121375,0.555831,0.0610966,9880.95,-0.00278047,0.091262,12.7862,36.6002,123.886,107,1.2049,12.5956,11.9475,120.417,137.692,3.46898,-30.6924 
44,202.14,3.329,44.823,2.026,47.3727,44,15223.4,-0.115628,31.8395,12.17,121.445,0.0541951,0.992285,499.994,-3.876,-6.74873,-5.53612,-2.30835,-8.00496,45.9464,1007.83,396.568,15904.4,12615.7,-4.16532,-7.03805,-6.11474,-2.59766,-8.29427,0.783242,956.186,384.417,15852.8,0.0972351,0.587008,0.0427595,9833.76,-0.00274876,0.0673336,12.2266,44.6891,124.91,107,1.2776,12.4628,11.8045,120.69,137.881,4.21982,-30.8811 
45,202.1,3.308,44.8167,2.027,47.3659,45,15014.4,-0.0103452,31.502,12.3112,120.98,0.0078298,4.45683,3.79762e-12,-5.41835,-4.33523,-8.0089,-3.4403,-6.74234,45.4379,1082.37,458.44,15877.1,12626.2,-5.70446,-4.62134,-8.58112,-3.72641,-7.02845,0.710701,1031.3,446.423,15826.1,0.104236,0.568981,0.0493956,9893.9,-0.00308521,0.0702291,13.0116,42.4539,124.503,107,1.27483,12.5646,11.7404,120.264,137.557,4.23916,-30.5568 
46,201.6,3.035,44.7386,2.03,47.2809,46,11753.5,-0.645961,24.4924,13.7428,120.457,0.0442164,-69.1605,182.011,-6.36431,-5.42219,-11.5086,-7.03009,-5.62784,116.478,2089.78,420.118,11507.3,11056.8,-7.09774,-6.15562,-12.9755,-7.76352,-6.36127,0.678456,1958.86,389.314,11376.3,0.235168,0.741948,0.059301,8329.61,-0.00272742,0.0903406,18.5607,22.7516,124.31,90.3158,0.858592,13.1656,12.7175,119.675,138.079,4.63504,-47.7633 
47,202.6,3.58,44.8948,2.023,47.4507,47,15089.9,-0.0845198,34.7488,11.2155,121.23,-0.0216636,-7.93703,5.66478e-05,-8.0757,-1.51927,-4.38357,-3.8091,-3.10644,42.038,57.6054,504.921,16890.1,12692.5,-8.3404,-1.78397,-4.91297,-4.0738,-3.37115,0.781474,10.3561,493.804,16842.9,0.00109676,0.0118421,0.0512399,9442.37,-0.00194439,-0.013933,6.67259,6.73097,114.812,81.4676,1.56314,11.6721,11.65,120.825,136.997,-6.01266,-55.5298 
48,201.7,3.089,44.7542,2.029,47.2979,48,10418.1,-0.341391,22.185,13.3715,120.817,0.664499,-45.7174,500,-8.60555,-3.7065,-5.49667,-4.55176,-1.02181,91.7165,1847.75,427.222,10579.6,10645.8,-9.18306,-4.28402,-6.65169,-5.12927,-1.59933,0.75224,1744.66,402.967,10476.5,0.229213,0.712149,0.0661662,7611.51,-0.00285654,0.0814768,18.1776,24.1791,124.942,90.6784,0.816436,12.9398,12.4496,120.033,137.18,4.90949,-46.5018 
49,201.98,3.242,44.798,2.027,47.3455,49,14402.3,-0.366615,30.0881,12.7982,120.872,-0.228775,625.931,500,-3.36602,-5.98463,-4.0502,-3.60367,-10.3061,102.703,1420.63,516.937,14704.9,17196.9,-4.01271,-6.63132,-5.34359,-4.25036,-10.9528,0.828681,1305.19,489.776,14589.4,0.137747,0.603613,0.058239,9475.28,-0.00306462,0.0802378,13.6463,47.0043,124.171,107,1.1455,12.5859,11.6277,120.011,137.363,4.15911,-30.3634 
50,201.2,2.817,44.676,2.033,47.2128,50,13927.4,-0.697121,28.6803,13.3046,120.324,-0.113298,100.838,324.128,-6.08707,-1.86252,-8.541,-4.05108,-5.09784,54.7883,1304.68,392.02,14418.6,12793.6,-6.43205,-2.2075,-9.23098,-4.39607,-5.44283,0.666865,1243.1,377.53,14357,0.133911,0.652965,0.0462018,9283.02,-0.00264072,0.0806498,14.6889,23.0477,124.924,94.7812,1.06081,13.2014,12.8562,119.574,138.069,5.34997,-43.2882 
51,202.8,3.689,44.926,2.022,47.4846,51,14407.7,0.0236621,34.69,10.8367,121.482,1.90612e-05,-19.3571,2.00414e-13,-6.45424,-3.6239,-5.65007,-2.98296,-3.27118,37.2001,-279.738,358.005,16842.6,12237.7,-6.68848,-3.85814,-6.11855,-3.21719,-3.50542,0.738387,-321.55,348.167,16800.8,-0.0353862,-1.11749,0.0367708,9086.87,-0.00240116,-0.023535,14.0097,8.86792,114.456,82.2373,1.60854,11.4883,11.5179,121.114,137.636,-6.65773,-55.399 
52,201.1,2.762,44.6603,2.033,47.1958,52,11974.6,-0.699308,27.1883,12.4837,120.544,0.617894,-564.479,52.8224,-6.46814,-5.20714,-9.66303,-0.250449,-4.78859,84.2937,689.413,253.763,13295.2,22403.1,-6.99892,-5.73792,-10.7246,-0.781223,-5.31936,0.637217,594.669,231.47,13200.5,0.0744551,0.594822,0.0312905,7986.95,-0.00275199,0.0679639,11.7436,21.8615,125.216,98.4384,1.06744,12.6577,12.3976,119.838,138.11,5.37884,-39.6716 
53,201.9,3.199,44.7855,2.028,47.3319,53,11302.8,-0.0659427,24.2111,12.6009,120.919,0.0419982,-38.5355,500,-6.33204,-8.81612,-7.65526,-5.45382,-4.24938,54.9732,1662.37,408.266,11452.9,9984.14,-6.67819,-9.16227,-8.34756,-5.79998,-4.59554,0.758626,1600.58,393.728,11391.1,0.200584,0.699064,0.0598601,7979.59,-0.00259593,0.08608,15.6739,24.3298,124.516,93.0359,0.93277,12.6091,12.0506,120.174,137.448,4.34157,-44.4125 
54,202.5,3.526,44.8792,2.024,47.4338,54,13706,-0.255125,32.9105,11.1882,121.348,0.497068,350.418,0.00179411,-7.6346,-1.91787,-7.22746,-3.23047,-7.74254,41.9789,50.0457,453.065,15710.2,17656.6,-7.89893,-2.1822,-7.75612,-3.4948,-8.00687,0.735637,2.86278,441.964,15663,0.000326274,0.00368773,0.0494103,8774.17,-0.0021377,-0.0173651,4.51508,6.62065,115.756,77.811,1.45542,11.6732,11.6641,121.007,137.282,-5.25135,-59.4712 
55,202.06,3.286,44.8105,2.027,47.3591,55,14076.4,0.0746104,29.7194,12.2203,121.23,-0.0325789,74.9789,0.00730134,-6.60925,-3.97149,-7.0152,-1.89692,-3.35408,47.6006,1101.48,293.608,15037.1,11902.3,-6.90898,-4.27122,-7.61466,-2.19664,-3.65381,0.69103,1047.98,281.019,14983.6,0.111029,0.680611,0.0333951,9438.8,-0.00312588,0.0580574,13.1184,50.9196,124.806,107,1.20829,12.4568,11.7747,120.575,137.4,4.23096,-30.3999 
56,201.94,3.22,44.7917,2.028,47.3387,56,13029.7,-0.730682,27.5444,-13.2835,121.056,0.832138,-1242.92,487.381,-7.63146,-3.42274,-5.88819,-1.81803,-3.6073,77.485,1478.93,412.109,13488.8,45579.9,-8.11936,-3.91064,-6.864,-2.30593,-4.0952,0.728644,1391.84,391.617,13401.7,0.156443,0.670066,0.0510795,8896.77,-0.00326657,0.0680921,14.2669,52.4221,124.712,107,1.04537,12.7485,11.5767,120.157,137.116,4.55489,-30.1161 
57,203.1,3.853,44.9727,2.02,47.5354,57,15505.4,-0.0334313,37.2793,10.8196,121.114,0.0047134,-9.91819,500,-2.46077,-5.55739,-2.8236,-7.64474,-2.30873,51.9461,326.956,666.527,17118.1,13131.8,-2.78787,-5.88448,-3.47778,-7.97183,-2.63582,0.847183,268.57,652.789,17059.7,0.0273437,0.190347,0.0658467,9822,-0.0033075,0.157345,10.1229,18.234,122.254,107,1.62992,11.4645,11.0721,120.838,137.227,1.41553,-30.2269 
58,203,3.798,44.9571,2.021,47.5185,58,15387.2,-0.464752,36.352,10.8121,121.261,-0.120283,-49.8778,489.201,-3.2358,-3.79196,-6.63307,-3.919,-2.70918,11.1887,-231.126,548.016,17491,12990.1,-3.30625,-3.86241,-6.77397,-3.98946,-2.77963,0.67294,-243.701,545.057,17478.4,-0.025534,-0.34317,0.0543247,9544.2,-0.00208557,-0.0240194,13.7764,8.01091,116.306,81.2432,1.64628,11.4828,11.6472,120.921,136.949,-4.6153,-55.7056 
59,201.8,3.144,44.7699,2.029,47.3149,59,14651.7,-0.711484,28.6706,13.8422,120.899,0.0636827,1.01311,365.242,-5.8893,-4.24954,-5.70343,-6.15548,-3.93748,55.0685,2255.69,547.175,13953.2,12921.4,-6.23606,-4.5963,-6.39693,-6.50223,-4.28423,0.771666,2193.8,532.611,13891.3,0.219975,0.70182,0.0659693,9972.94,-0.00257437,0.0984781,17.2824,24.9379,124.281,91.5487,1.02804,13.2626,12.6779,120.171,137.918,4.11012,-46.369 
60,202.18,3.351,44.8292,2.026,47.3795,60,14855.9,-0.0431787,30.9071,12.2971,121.08,0.0317021,14.4984,500,-4.82218,-2.91413,-8.81402,-2.20925,-4.61736,27.4581,935.857,281.388,15753.3,12387.4,-4.99508,-3.08702,-9.15981,-2.38215,-4.79025,0.624818,904.995,274.126,15722.4,0.0932066,0.65356,0.0311183,9709.56,-0.00271643,0.0528099,13.1921,43.5767,124.742,107,1.31639,12.3923,11.6121,120.489,137.698,4.25292,-30.6977 
61,201.5,2.98,44.7229,2.031,47.2639,61,13725.5,-0.661215,26.7006,13.9743,120.522,-0.347735,261.502,63.5082,-8.40705,-4.94963,-9.52979,-5.65818,-1.1984,79.9764,2351.2,574.55,12855.6,15106.6,-8.91064,-5.45322,-10.537,-6.16177,-1.70199,0.678404,2261.31,553.399,12765.7,0.240307,0.700148,0.0739507,9410.1,-0.00241419,0.112295,17.2954,22.3971,123.735,91.6397,0.921663,13.2792,12.9281,119.652,137.521,4.08292,-45.8812 
62,202,3.253,44.8011,2.027,47.3489,62,14106.8,-0.0804595,28.7658,12.7234,120.719,0.0349236,97.7396,470.076,-4.09072,3.91021,-5.86362,-4.54667,-0.0549822,59.2615,1379.56,408.135,14619.4,12025.6,-4.46387,3.53706,-6.60993,-4.91982,-0.428136,0.486994,1312.95,392.463,14552.8,0.138753,0.656554,0.0473272,9462.5,-0.00306877,0.0703838,13.5915,48.7561,124.206,107,1.14384,12.6812,11.6456,120.038,136.831,4.16724,-29.8307 
63,201.3,2.871,44.6916,2.032,47.2299,63,13141.5,-0.0654988,27.0772,12.8737,120.583,-0.0498639,39.8987,499.937,-3.89098,-7.11053,-5.47399,-2.34385,-4.51289,172.008,1528.48,460.263,13414.2,11412.3,-4.97407,-8.19363,-7.64017,-3.42694,-5.59598,0.743883,1335.15,414.773,13220.9,0.152784,0.647816,0.0546343,8738.83,-0.00276086,0.0952903,14.4866,23.2117,124.865,94.2424,0.978317,13.2085,12.9498,119.839,137.455,5.02606,-43.213 
64,201.4,2.926,44.7073,2.031,47.2469,64,12745.9,-0.485389,26.501,-13.2282,120.678,0.673068,894.322,3.13995e-12,-5.36819,-4.2867,-2.11232,0.506072,-8.6276,132.771,1698.56,500.714,12803.2,31007.1,-6.20421,-5.12273,-3.78437,-0.329954,-9.46363,0.848047,1549.32,465.601,12653.9,0.179413,0.655348,0.0634776,8635.54,-0.00264802,0.0967847,15.7003,22.5028,124.605,93.8243,0.957427,13.1652,12.5962,119.889,137.633,4.71635,-43.809 
65,202.4,3.471,44.8636,2.025,47.4168,65,12848.6,-0.0929254,29.9377,-11.3599,121.249,0.0385542,24.5682,0.00476921,-5.31406,-3.57273,-1.24892,-4.56147,-5.89937,85.1374,483.731,393.6,14299.4,11101.8,-5.85015,-4.10882,-2.3211,-5.09755,-6.43546,0.902528,388.039,371.084,14203.8,0.0465155,0.374036,0.0459167,8342.14,-0.0027043,0.0915509,10.4594,20.7908,123.503,107,1.32243,11.8302,11.1922,120.771,136.61,2.73203,-29.6102 
66,202.22,3.373,44.8355,2.026,47.3862,66,13426.6,-0.0656221,29.3615,11.9534,121.368,0.138873,-10.7108,500,-5.87356,-5.33816,-5.46353,0.0425368,-2.84106,59.5311,626.241,241.278,14741,11473.6,-6.24841,-5.71301,-6.21324,-0.332315,-3.21591,0.713977,559.33,225.534,14674.1,0.0637281,0.586291,0.0275328,8776.83,-0.00279566,0.0504337,11.7737,41.1047,125.66,107,1.282,12.1809,11.4597,120.694,137.876,4.96587,-30.8764 
67,202.02,3.264,44.8042,2.027,47.3523,67,14084,-0.231722,29.618,12.7949,121.145,-0.168898,230.053,5.11611e-07,-4.00698,-2.10679,-2.08064,-4.28429,-3.13526,75.6287,1377.65,497.6,14727.9,13601.2,-4.48319,-2.583,-3.03307,-4.7605,-3.61148,0.835795,1292.65,477.599,14642.9,0.136173,0.60732,0.0566776,9492.66,-0.00337265,0.0745071,13.7877,48.6749,124.797,107,1.15658,12.6284,11.6054,120.252,136.98,4.54428,-29.98 
68,202.2,3.362,44.8324,2.026,47.3829,68,13470.4,-0.00829367,30.3772,11.7455,121.181,-0.00170279,-6.85821,2.86653e-11,-5.29828,-1.48558,-8.98926,-4.28023,-5.50683,48.3168,493.509,456.686,14950.3,11615.2,-5.60252,-1.78982,-9.59774,-4.58447,-5.81107,0.649534,439.202,443.908,14896,0.0500175,0.361174,0.0520388,8780.98,-0.00265317,0.100415,11.2404,15.7415,123.487,107,1.29359,12.1071,11.7579,120.74,137.125,2.74716,-30.1253 
69,202.26,3.395,44.8417,2.026,47.393,69,15598.9,-0.769995,34.743,12.2658,121.162,1.12598,559.244,287.166,-6.68238,-3.31346,-3.47462,-1.22045,-6.30073,44.8477,538.989,437.127,17215.4,34371.4,-6.96477,-3.59585,-4.03941,-1.50284,-6.58312,0.821943,488.582,425.266,17165,0.0483697,0.39632,0.0436465,10101,-0.00295517,0.0972594,10.7838,19.0273,123.766,107,1.45259,12.4902,11.6979,120.618,137.228,3.14789,-30.2278 
70,202.9,3.744,44.9416,2.021,47.5016,70,16188.4,-0.769741,38.4179,11.4251,121.314,0.426988,216.862,1.70001,-2.22765,-3.95354,-5.41813,-5.75344,-4.72103,72.2727,-252.899,470.935,18557.6,17302.9,-2.68273,-4.40862,-6.3283,-6.20852,-5.17612,0.744871,-334.131,451.822,18476.4,-0.0333709,-0.731848,0.0431051,10012.6,-0.0024081,-0.0253441,10.0182,-9.33654,116.788,80.1025,1.72183,11.6205,11.7062,120.966,136.855,-4.17876,-56.7524 
71,202.3,3.417,44.848,2.025,47.3998,71,16209.7,-0.321228,35.3334,12.1972,121.329,0.0296032,9.45125,478.134,-9.17573,-1.76453,-9.14319,-0.110053,-3.35492,86.4957,471.35,490.265,17739.6,14038.5,-9.72037,-2.30917,-10.2325,-0.654693,-3.89956,0.618423,374.131,467.39,17642.4,0.0364868,0.313852,0.046531,10253.9,-0.0028291,0.107048,-11.37,15.7958,123.891,107,1.48152,12.3709,11.9329,120.77,137.451,3.12164,-30.4508 
72,202.7,3.635,44.9104,2.023,47.4677,72,15467,-0.72073,36.6347,11.4017,121.319,-1.89288,748.129,59.0877,-0.863566,-1.82871,-3.57473,-3.38309,-1.88757,61.6028,-142.383,399.941,17679.3,59696.7,-1.25146,-2.2166,-4.35052,-3.77099,-2.27546,0.686224,-211.623,383.649,17610,-0.0219298,-0.460286,0.0385834,9649.99,-0.00230157,-0.0255681,8.92731,-8.39721,116.571,79.4618,1.63674,11.6099,11.7575,120.972,138.028,-4.40035,-58.5666 
73,202.1,3.308,44.8167,2.027,47.3659,73,13905.1,-0.72993,30.4574,12.6345,120.983,0.170207,-308.088,138.518,-1.63408,-4.29464,-3.65271,-4.63004,-2.27165,39.3563,922.731,407.095,15016.7,14234,-1.8819,-4.54246,-4.14834,-4.87785,-2.51946,0.769152,878.496,396.686,14972.4,0.0948387,0.558592,0.0465344,9263.06,-0.00301201,0.0712457,12.5228,37.9708,124.206,107,1.22415,12.5236,11.6335,120.318,137.664,3.88773,-30.6639 
74,202.14,3.329,44.823,2.026,47.3727,74,13393.9,-0.0260004,29.1655,12.0548,121.363,-0.0358081,4.47652,0.00187192,-3.15725,-3.02353,-9.11893,-2.23616,-4.11061,91.0921,830.789,423.794,14548.4,11450.5,-3.73083,-3.59711,-10.2661,-2.80974,-4.68419,0.590796,728.404,399.704,14446,0.0826026,0.510128,0.048497,8818.17,-0.00292481,0.0630748,12.9839,37.5635,125.338,107,1.2179,12.2879,11.6259,120.626,137.611,4.71102,-30.611 
75,202.1,3.308,44.8167,2.027,47.3659,75,14500,-0.706533,31.3484,12.7856,121.201,0.532724,-170.057,2.12851e-09,-5.00014,-5.48587,-1.82483,-1.65527,-3.16351,98.0921,890.458,454.322,15617.8,15996.7,-5.6178,-6.10353,-3.06015,-2.27293,-3.78117,0.853129,780.206,428.38,15507.5,0.0824357,0.509981,0.0484224,9464.41,-0.00323603,0.0754863,12.5544,41.161,124.646,107,1.22438,12.7325,11.7789,120.411,137.018,4.23537,-30.0181 
76,201.6,3.035,44.7386,2.03,47.2809,76,13880.4,0.0388361,27.062,13.5686,120.955,-0.0158645,57.7429,500,-5.85779,-6.37915,-4.3327,-7.48087,-6.77282,92.0656,2340.59,399.063,13475.7,11983.2,-6.4375,-6.95887,-5.49213,-8.06059,-7.35254,0.839887,2237.11,374.715,13372.3,0.230023,0.773321,0.0490854,9725.58,-0.00279795,0.111574,17.6257,19.9617,124.624,88.6862,0.962925,13.5255,13.0294,120.111,137.383,4.51267,-48.6965 
77,202.6,3.58,44.8948,2.023,47.4507,77,13136,0.0196174,32.4098,10.8827,121.311,-0.0423017,20.3258,499.994,-5.33835,-3.79177,-7.18379,-4.23701,-5.38693,26.64,-298.426,383.312,15564.8,11509.7,-5.50609,-3.95952,-7.51928,-4.40476,-5.55467,0.720933,-328.368,376.266,15534.8,-0.0392262,-0.994758,0.0427117,8371.13,-0.00242718,-0.0230674,13.2447,8.64708,113.391,81.7276,1.46629,11.5671,11.634,120.942,137.251,-7.55117,-55.5237 
78,201.7,3.089,44.7542,2.029,47.2979,78,12225.5,-0.727051,25.1915,13.8144,120.921,2.5725,-919.141,40.8275,-10.3094,-2.05596,-7.82394,3.18719,-2.37002,18.898,1980.57,334.004,12224.8,88300.7,-10.4284,-2.17496,-8.06193,3.06819,-2.48902,0.598631,1959.33,329.007,12203.6,0.22282,0.772884,0.0473132,8793.33,-0.00275252,0.0909609,17.5034,21.4357,124.566,89.6564,0.913464,13.3457,12.6251,120.065,138.016,4.50139,-48.3601 
79,201.98,3.242,44.798,2.027,47.3455,79,14891.4,-0.00660387,30.5958,12.6184,121.17,-0.0254596,-21.3874,478.193,-2.70175,-5.30111,0.0885835,0.212183,-3.08886,58.7606,1448.63,449.038,15395.3,12585.6,-3.07175,-5.67111,-0.651416,-0.157817,-3.45886,0.949933,1382.59,433.498,15329.2,0.138717,0.645704,0.0495139,9966.96,-0.00329703,0.0797442,13.3039,48.4563,124.424,107,1.17575,12.7856,11.7705,120.303,137.315,4.12097,-30.3155 
80,201.2,2.817,44.676,2.033,47.2128,80,10618.3,-0.183802,23.8362,12.4013,120.41,0.223463,-433.054,500,-4.73975,-4.74927,-9.74931,-2.01735,-2.38802,44.9203,744.821,194.573,11989.1,12773,-5.0226,-5.03212,-10.315,-2.3002,-2.67087,0.592948,694.332,182.694,11938.6,0.0940836,0.684715,0.0274164,7379.95,-0.00278426,0.0555233,13.6379,23.3382,126.169,96.0712,0.953191,12.671,12.5114,119.732,138.162,6.4376,-42.0912 
81,202.8,3.689,44.926,2.022,47.4846,81,14908.5,-0.00803694,35.3263,-11.0318,121.427,0.0107713,-25.1222,3.02576e-13,-4.98341,-2.09172,-6.05483,-0.780067,-2.03547,78.4036,-128.114,474.893,17153,12695.3,-5.4771,-2.58541,-7.0422,-1.27375,-2.52915,0.627547,-216.237,454.159,17064.9,-0.0231515,-0.373763,0.046734,9340.1,-0.00219604,-0.0133849,18.4309,7.09589,107.815,82.8632,1.63141,11.5135,11.4435,121.103,137.069,-13.2874,-54.2054 
82,201.1,2.762,44.6603,2.033,47.1958,82,11131,-0.110473,25.4149,12.1282,120.273,-0.0750714,181.063,500,-1.6311,-6.59957,-9.00841,-1.27758,-1.30848,13.4739,623.723,194.484,12744.4,10476.6,-1.71595,-6.68441,-9.17809,-1.36242,-1.39332,0.548638,608.579,190.921,12729.2,0.0786586,0.645576,0.0268862,7736.96,-0.00293371,0.0577375,12.3845,23.8188,125.405,98.4114,1.04508,12.5667,12.1912,119.642,137.684,5.76263,-39.2729 
83,201.9,3.199,44.7855,2.028,47.3319,83,14475.2,-0.730264,30.0623,13.2139,121.301,1.6863,-118.259,409.527,-3.71252,-2.80799,-6.16408,-3.48755,-1.64835,91.5933,1596.55,438.819,14714.3,19423.3,-4.28926,-3.38473,-7.31756,-4.06429,-2.22509,0.656145,1493.61,414.596,14611.3,0.154363,0.673053,0.0496733,9675.95,-0.00270493,0.0811347,15.0336,28.3499,125.302,95.3874,1.13275,12.8892,12.3538,120.504,137.723,4.79865,-42.3351 
84,202.5,3.526,44.8792,2.024,47.4338,84,14483,-0.72072,34.1952,11.5901,121.485,0.312254,92.054,87.1263,-5.2983,-2.93164,-11.655,-4.00724,-3.69413,51.9819,26.5276,344.186,16575.6,13837.4,-5.62561,-3.25896,-12.3097,-4.33456,-4.02144,0.583432,-31.8984,330.439,16517.2,-0.00346055,-0.0583825,0.0355429,9217.72,-0.00144183,-0.043569,9.89354,26.3126,95.7366,107,1.53002,11.7525,11.6147,121.057,136.394,-25.3209,-29.3937 
85,202.06,3.286,44.8105,2.027,47.3591,85,12909.3,0.0383854,27.8675,12.1382,121.138,-0.0329751,3.27638,3.46916,-6.95732,-2.03977,-9.24265,-2.98986,-3.75987,83.9353,1056.84,431.239,13667.4,11015.1,-7.48584,-2.56829,-10.2997,-3.51838,-4.28839,0.634252,962.504,409.041,13573,0.112397,0.573491,0.0525945,8563.41,-0.00288742,0.0671868,13.1185,42.5589,124.499,107,1.13709,12.3162,11.4814,120.454,137.583,4.04517,-30.5832 
86,201.94,3.22,44.7917,2.028,47.3387,86,14693.2,-0.261605,29.6906,13.0975,121.017,0.281494,-1783.83,1.36912,-6.67497,-4.55247,-6.4042,-0.930463,-3.96157,114.96,1585.96,522.239,14830.2,29005.3,-7.39884,-5.27634,-7.85194,-1.65433,-4.68544,0.707747,1456.75,491.836,14701,0.150346,0.628596,0.0580517,9689.31,-0.00328949,0.0828644,14.4099,49.2551,124.629,107,1.09401,12.9326,11.8058,119.868,137.193,4.76074,-30.1934 
87,203.1,3.853,44.9727,2.02,47.5354,87,17517.7,-0.716479,39.9314,11.5639,121.356,0.762228,1.87105,208.111,-11.1466,-5.43512,-5.92856,-0.824726,-0.322106,65.0655,-213.524,484.059,19704.4,15078.3,-11.5563,-5.84482,-6.74796,-1.23443,-0.731806,0.741609,-286.656,466.852,19631.2,-0.0267732,-0.540518,0.0419687,10706.8,-0.00222742,-0.0271712,10.2751,8.99489,116.732,80.6352,1.82095,11.7899,11.5569,121.079,137.016,-4.34739,-56.3804 
88,203,3.798,44.9571,2.021,47.5185,88,13862.4,-0.107644,34.2654,10.7374,121.32,0.0220086,-52.3365,21.0965,-5.1475,-5.30579,-6.45713,-5.20668,-0.695252,80.6871,-242.526,427.759,16159.3,12014.5,-5.65556,-5.81386,-7.47326,-5.71475,-1.20332,0.711019,-333.215,406.42,16068.6,-0.0384543,-0.881475,0.0445178,8665.22,-0.00221298,-0.0304906,8.57441,9.01059,116.344,81.1909,1.5946,11.25,11.314,121.204,136.64,-4.85979,-55.4494 
89,201.8,3.144,44.7699,2.029,47.3149,89,13110.3,-0.680657,26.5175,-13.6499,121.092,-0.775748,1701.02,121.778,-4.76886,-2.52336,-2.2088,-2.97916,-4.98721,78.5122,2020.59,579.006,12699,54739.1,-5.26323,-3.01773,-3.19754,-3.47354,-5.48158,0.843515,1932.34,558.242,12610.7,0.214839,0.664203,0.0753966,8994.36,-0.00252548,0.095457,16.7965,25.5231,124.656,94.4634,0.947946,13.0386,12.525,120.312,137.78,4.34417,-43.3171 
90,202.1,3.308,44.8167,2.027,47.3659,90,13322.7,-0.677699,29.2679,12.5134,121.42,0.771766,-1212.24,478.318,-5.28061,-2.45912,-10.5246,-0.595155,-1.71402,74.5674,849.71,510.066,14228.8,42378.1,-5.75014,-2.92865,-11.4636,-1.06469,-2.18355,0.509906,765.898,490.345,14145,0.0881653,0.471611,0.0600249,8687.07,-0.00257157,0.0886935,12.135,25.2928,124.721,107,1.17066,12.3958,11.8356,120.694,138.059,4.02704,-31.059 
91,202.18,3.351,44.8292,2.026,47.3795,91,13588.5,-0.0914194,29.8402,12.0904,121.168,0.0880863,-154.808,5.82735e-08,-5.62937,-1.17122,-7.85297,-2.59237,-4.36898,42.9022,689.707,256.091,15136.1,12188.5,-5.89951,-1.44137,-8.39326,-2.86251,-4.63912,0.638779,641.487,244.745,15087.8,0.0705653,0.599638,0.0290144,9090.68,-0.00309225,0.0468952,13.1957,41.6246,125.006,107,1.2821,12.241,11.7055,120.687,137.761,4.31908,-30.7615 
92,201.5,2.98,44.7229,2.031,47.2639,92,11252.2,-0.504813,23.5855,13.5428,120.773,0.374385,-246.813,10.702,-6.72755,-7.06177,-11.4138,-1.59258,-4.04966,99.463,1748.68,355.155,11402.5,13406,-7.35384,-7.68806,-12.6664,-2.21887,-4.67596,0.633952,1636.89,328.851,11290.7,0.205648,0.739878,0.0509209,7959.66,-0.0027321,0.0887367,17.3806,20.6111,124.75,90.8977,0.852506,13.171,12.8281,119.957,137.558,4.79267,-46.6598 
93,202,3.253,44.8011,2.027,47.3489,93,12474.6,-0.123257,27.8192,12.3816,120.917,0.05965,29.6486,77.8709,-6.81215,-0.440698,-8.6096,-4.79257,-0.0860998,64.7966,1046.89,306.111,13582.3,11270.5,-7.22015,-0.848705,-9.42561,-5.20057,-0.494107,0.593533,974.062,288.975,13509.4,0.114068,0.658253,0.0379099,8539.34,-0.00326739,0.0584132,12.34,52.7106,125.166,107,1.12684,12.2733,11.5968,120.187,137.136,4.97865,-30.136 
94,201.3,2.871,44.6916,2.032,47.2299,94,12018.1,-0.742171,26.5854,12.9851,120.442,0.184531,479.105,496.157,-6.09917,-4.8649,-11.1652,-0.738225,-4.84097,114.302,1237.85,401.889,12757.6,14115.9,-6.8189,-5.58463,-12.6046,-1.45795,-5.5607,0.606435,1109.37,371.66,12629.1,0.135592,0.630405,0.0514233,8181.68,-0.00284564,0.0836469,13.7546,24.7639,125.004,95.3709,0.983036,12.8415,12.5398,119.568,136.814,5.4369,-41.4427 
95,201.4,2.926,44.7073,2.031,47.2469,95,11802.5,-0.382802,25.4022,13.0645,120.511,-0.108578,-183.662,2.21794e-06,-5.50982,-5.82004,-10.0093,-0.335589,-3.49183,104.646,1624.91,406.738,12263.4,11452.5,-6.16875,-6.47897,-11.3271,-0.994518,-4.15076,0.61102,1507.29,379.063,12145.8,0.181406,0.694396,0.0543654,8308.95,-0.00297305,0.0909489,15.9561,22.1933,124.944,92.3048,0.944114,12.962,12.5605,119.64,137.227,5.30368,-44.922 
96,202.4,3.471,44.8636,2.025,47.4168,96,13710.3,-0.687197,31.9706,11.7528,121.29,3.08755,967.607,28.1556,-4.44742,-3.55867,-8.44574,-2.62673,-5.541,14.838,181.112,371.991,15549.8,109486,-4.54085,-3.6521,-8.63261,-2.72016,-5.63443,0.657166,164.435,368.067,15533.1,0.018553,0.203369,0.0418243,8862.96,-0.00201644,-0.0149405,-3.92671,-5.9521,122.467,74.0852,1.4213,11.8323,11.6765,120.868,137.671,1.59869,-63.5862 
97,202.22,3.373,44.8355,2.026,47.3862,97,15143.2,-0.207744,32.5553,12.0824,121.18,-0.153973,836.035,9.15375e-11,-2.20251,-1.61365,-7.29051,-1.61942,-3.2983,48.4992,798.771,445.008,16124.3,16995.2,-2.50789,-1.91904,-7.90129,-1.92481,-3.60369,0.557517,744.259,432.182,16069.8,0.0763865,0.495982,0.0472032,9743.34,-0.00269403,0.0732083,12.515,32.4233,124.734,107,1.35604,12.312,11.5765,120.519,136.933,4.215,-29.9332 
98,202.02,3.264,44.8042,2.027,47.3523,98,14358.3,-0.702839,30.0272,13.0411,121.108,-0.379267,388.866,99.9181,-2.04497,-2.49472,-6.62174,-3.62941,-3.99179,97.4237,1255.71,472.798,14918.3,17548.6,-2.65842,-3.10817,-7.84865,-4.24286,-4.60524,0.650602,1146.21,447.033,14808.8,0.121432,0.594347,0.0526784,9439.13,-0.00310773,0.0743118,13.6392,45.4519,124.608,107,1.16155,12.7618,11.6758,120.276,137.04,4.33174,-30.0397 
99,202.2,3.362,44.8324,2.026,47.3829,99,13457.8,-0.0267633,30.0192,11.9088,121.175,0.0683789,0.753207,499.613,-6.42611,-0.928079,-10.2903,-3.93058,-0.0343567,81.7083,669.334,301.616,14950.4,11639.2,-6.94061,-1.44257,-11.3193,-4.44508,-0.548852,0.541662,577.496,280.007,14858.6,0.0648996,0.540976,0.0335494,8898.3,-0.00315505,0.0539029,12.3234,43.7513,125.173,107,1.29672,12.1628,11.3925,120.568,137.327,4.6047,-30.3272 
100,202.26,3.395,44.8417,2.026,47.393,100,13130.3,-0.066996,30.3123,11.7808,120.884,0.0982594,-67.9666,19.5337,-6.59315,-3.87608,-5.85495,2.38765,-5.01937,80.7604,320.402,427.638,14846,11842.2,-7.10167,-4.3846,-6.872,1.87913,-5.52789,0.687736,229.63,406.28,14755.3,0.0270389,0.244127,0.0482731,8492.58,-0.00284542,0.109404,-10.6216,14.1642,123.559,107,1.29313,12.0978,11.759,120.597,137.433,2.9618,-30.4333 
101,202.9,3.744,44.9416,2.021,47.5016,101,15851.8,-0.0246969,36.7217,11.1676,121.387,-0.00319406,-10.0802,500,-4.47421,-4.30586,-6.22329,-1.97755,-2.45981,50.8967,-275.551,417.319,18318.6,13350.9,-4.79469,-4.62634,-6.86426,-2.29804,-2.7803,0.678694,-332.757,403.859,18261.3,-0.0336336,-0.889735,0.0391444,9893.6,-0.00241638,-0.0224676,10.6443,-9.93695,117.051,80.3965,1.66835,11.7315,11.7611,121.009,136.684,-3.95832,-56.2877 
102,202.3,3.417,44.848,2.025,47.3998,102,14805.4,-0.711018,32.5742,12.348,121.164,-0.408336,-457.782,89.1317,-3.47299,-1.727,-2.83647,-6.30349,-2.02381,96.5836,1506.39,542.781,15058.3,19179,-4.08115,-2.33516,-4.05279,-6.91165,-2.63197,0.797489,1397.84,517.238,14949.8,0.143079,0.606963,0.0599152,9769.72,-0.00282683,0.120137,12.2853,25.4349,123.4,97.6788,1.26821,12.3464,11.6969,120.53,136.409,2.87061,-38.7301 
103,202.7,3.635,44.9104,2.023,47.4677,103,16240.5,-0.039564,36.8415,11.2527,121.336,0.0323059,57.5904,499.835,-3.43219,-2.61902,-7.87351,-0.00676558,0.0250943,82.8784,79.9478,467.383,18243.2,13556.1,-3.95406,-3.14088,-8.91724,-0.528629,-0.496769,0.476613,-13.2048,445.465,18150,-0.00130086,-0.0172306,0.043256,10150.8,-0.00210356,-0.0181536,7.17785,-7.41121,116.223,77.3044,1.64595,11.7355,11.8658,121.024,138.04,-4.80158,-60.7359 
104,202.1,3.308,44.8167,2.027,47.3659,104,14483.6,-0.10932,30.4258,12.3934,121.259,0.00663878,78.4027,500,-2.22838,-5.4119,-9.62631,-0.747289,-0.995234,53.6103,1142.83,613.859,15131.4,12292.1,-2.56595,-5.74947,-10.3015,-1.08486,-1.3328,0.51026,1082.57,599.681,15071.1,0.113687,0.50777,0.0682919,9522.4,-0.00262869,0.0992255,12.5587,30.8294,123.553,107,1.20741,12.6102,11.5315,120.6,136.442,2.95263,-29.4423 
105,202.14,3.329,44.823,2.026,47.3727,105,13497.2,-0.705407,30.5187,-12.2277,121.218,2.48718,2074.37,496.566,-5.42357,-7.37983,-3.59516,-2.52898,-5.00074,75.6869,813.778,455.393,14691.7,180102,-5.90015,-7.85641,-4.54832,-3.00556,-5.47733,0.830209,728.708,435.377,14606.7,0.0817998,0.488863,0.0520492,8908.44,-0.00282846,0.0846804,11.6989,28.6213,123.985,107,1.23536,12.3031,11.6012,120.587,137.329,3.39831,-30.3288 
106,202.1,3.308,44.8167,2.027,47.3659,106,13674.7,-0.0244887,29.1482,-12.383,121.104,0.00151389,1.16622,500,-7.20519,-5.43982,-10.9181,0.140318,-5.41301,58.1523,1468.05,508.092,14155.7,11749.9,-7.57136,-5.80599,-11.6505,-0.225851,-5.77918,0.624576,1402.69,492.713,14090.3,0.150936,0.619305,0.0605169,9293.27,-0.0029189,0.0993409,13.3306,25.4235,123.743,98.0881,1.13304,12.7609,12.0648,120.45,138.146,3.29296,-40.0579 
107,201.6,3.035,44.7386,2.03,47.2809,107,12545.5,-0.128967,24.6428,13.5564,120.749,-0.359933,293.262,1.12897,-6.50761,-3.45124,-9.7292,1.76154,-4.05814,109.431,2250.99,468.579,11938.8,14311.1,-7.19667,-4.1403,-11.1073,1.07248,-4.7472,0.574742,2128,439.638,11815.8,0.243343,0.73446,0.0641441,8744.83,-0.00258679,0.102085,18.9591,20.7779,124.769,89.5329,0.87775,13.2152,12.8837,119.948,136.99,4.82111,-47.4567 
108,202.6,3.58,44.8948,2.023,47.4507,108,14529,-0.0465558,34.0951,11.1939,121.317,-0.00185274,3.2801,3.72943e-13,-5.30712,-4.67974,-6.70276,-1.20691,-2.06206,113.802,35.3393,400.317,16652.2,12424.4,-6.0237,-5.39632,-8.13592,-1.9235,-2.77865,0.66461,-92.5709,370.221,16524.3,-0.0101049,-0.1667,0.0396359,9161.02,-0.00233258,-0.0122552,-4.52019,10.3824,111.415,82.0021,1.56116,11.7288,11.5242,120.917,136.854,-9.50204,-54.8523 
109,201.7,3.089,44.7542,2.029,47.2979,109,13232.3,-0.00598734,25.44,13.5089,120.78,-0.013544,-8.84443,2.89553e-06,-8.02587,-6.0306,-3.21898,0.867793,-2.56904,93.3318,2480.34,464.966,12442.7,11191.4,-8.61356,-6.61828,-4.39435,0.280107,-3.15672,0.80472,2375.44,440.283,12337.8,0.255847,0.755082,0.061682,9284.6,-0.00261625,0.110034,18.642,20.6879,124.072,88.3332,0.915502,13.3883,12.7314,120.026,137.187,4.04554,-48.8538 
110,201.98,3.242,44.798,2.027,47.3455,110,13351.7,-0.199816,28.2177,12.5891,121.22,-0.0472788,-17.7394,500,-6.57303,-7.65872,-8.7743,-3.50411,-0.52528,96.408,1381.13,483.81,13745.4,11591.4,-7.18008,-8.26577,-9.98842,-4.11117,-1.13234,0.674409,1272.77,458.314,13637,0.142855,0.613437,0.0583002,8909.51,-0.00304309,0.078682,13.1068,46.816,124.909,107,1.07987,12.5417,11.6401,120.151,136.603,4.75811,-29.6033 
111,201.2,2.817,44.676,2.033,47.2128,111,14098.8,-0.762064,29.4887,13.3159,120.595,0.141399,407.733,84.896,-6.73279,-3.19143,-12.4927,-0.143813,-2.86345,120.405,1348.24,457.275,14596,14659.4,-7.49095,-3.94958,-14.009,-0.90197,-3.62161,0.532615,1212.91,425.432,14460.7,0.130267,0.619648,0.0514084,9310.9,-0.00281736,0.0914257,14.1815,22.881,125.142,96.2799,1.07622,13.2292,12.7994,119.866,137.876,5.2756,-41.5965 
112,202.8,3.689,44.926,2.022,47.4846,112,16432.2,0.042445,37.1039,-11.2185,121.526,-0.0582604,12.0319,500,-7.6016,-0.969436,-8.98787,-1.03079,-0.299822,97.2852,-2.84589,628.379,18150.2,13573.2,-8.21418,-1.58201,-10.213,-1.64337,-0.912401,0.547395,-112.191,602.651,18040.9,-0.0112296,-0.119042,0.057968,9990.7,-0.00172473,-0.0194024,8.28464,7.83986,114.397,79.5935,1.64544,11.7063,11.7633,121.142,136.893,-6.74492,-57.2997 
113,201.1,2.762,44.6603,2.033,47.1958,113,14033.5,-0.0166344,29.4801,-12.6067,120.751,0.00922738,49.3441,499.296,-9.55119,-1.65865,-2.39782,1.78734,-1.80263,87.9516,946.125,444.285,15186.1,12113.2,-10.105,-2.21245,-3.50543,1.23353,-2.35644,0.793138,847.27,421.025,15087.3,0.0911421,0.534871,0.0488924,9296.14,-0.00303865,0.0902163,12.0759,24.2781,124.64,100.264,1.11752,13.1271,12.7964,119.908,138.083,4.73184,-37.8193 
114,201.9,3.199,44.7855,2.028,47.3319,114,13294.7,0.0269424,26.9452,12.9744,120.953,0.115783,66.488,1.34495e-12,-6.80137,-2.2991,-6.85164,-1.17619,-6.32392,98.7248,1746.38,474.395,13408.4,11631.2,-7.42301,-2.92074,-8.09493,-1.79783,-6.94556,0.702196,1635.42,448.286,13297.4,0.180073,0.675816,0.0584704,9081.98,-0.00276325,0.0828632,15.8445,28.9523,125.024,94.8805,1.03788,12.8849,12.2097,120.198,136.97,4.82607,-42.0892 
115,202.5,3.526,44.8792,2.024,47.4338,115,14201.1,-0.61595,33.7814,11.5169,121.673,-0.0747269,430.994,477.037,-0.954576,-2.50935,-6.64775,-3.66747,-6.86569,95.9295,-3.60099,346.764,16388.7,13713.5,-1.55862,-3.11339,-7.85583,-4.27151,-7.46973,0.676303,-111.423,321.394,16280.9,-0.0123722,-0.247047,0.0350882,9005.89,-0.00225667,-0.0169689,7.92172,6.49189,117.059,75.3167,1.5254,11.7886,11.4689,121.138,137.193,-4.07897,-61.8763 
116,202.06,3.286,44.8105,2.027,47.3591,116,13671.5,-0.779128,30.5771,12.6016,121.165,3.6512,313.988,326.85,-5.285,-4.8442,-7.37314,0.0808703,-4.42214,89.6849,919.658,440.016,14950.3,49863.6,-5.84972,-5.40892,-8.50258,-0.483852,-4.98687,0.663023,818.855,416.298,14849.5,0.0896434,0.529189,0.0491064,9134.58,-0.00312473,0.0797944,12.3463,32.4339,124.094,107,1.23053,12.5274,11.6102,120.498,138.162,3.59513,-31.1621 
117,201.94,3.22,44.7917,2.028,47.3387,117,13346.2,-0.0672211,27.5852,12.9705,121.233,-0.0539581,-12.8875,500,-3.25181,-3.29298,-9.65712,-4.22379,0.237226,127.678,1553.62,447.079,13754.8,11670,-4.05576,-4.09693,-11.265,-5.02774,-0.566729,0.549619,1410.11,413.313,13611.3,0.156117,0.660966,0.0529733,9032.42,-0.00330215,0.0775301,13.6639,47.7861,124.705,107,1.04149,13.0025,11.7302,120.258,137.727,4.44707,-30.7273 
118,203.1,3.853,44.9727,2.02,47.5354,118,13841.6,-0.0256659,34.4621,10.7835,121.279,-0.00366075,7.50255,500,-4.86126,-7.69685,-2.6322,-5.08158,-4.85685,80.9493,-326.446,498.07,16362,12098.4,-5.37097,-8.20657,-3.65163,-5.5913,-5.36657,0.87045,-417.431,476.662,16271,-0.0480118,-1.00169,0.0512017,8694.33,-0.00256098,-0.0283757,10.8623,9.31179,120.823,80.9542,1.5793,11.3476,11.6095,120.999,137.518,-0.175777,-56.5642 
119,203,3.798,44.9571,2.021,47.5185,119,14232.2,0.00670297,34.3701,10.9039,121.384,-0.00775458,-9.38939,6.95298e-13,-3.00306,-2.53805,-1.66533,-3.59455,-2.37308,94.6864,-275.685,411.635,16679.3,12202.3,-3.59927,-3.13426,-2.85776,-4.19076,-2.96929,0.829401,-382.11,386.594,16572.9,-0.0429398,-1.2978,0.0412001,8898.73,-0.00238777,-0.0298213,9.68545,9.62313,116.307,81.4808,1.60674,11.4455,11.4387,121.088,137.023,-4.78063,-55.5418 
120,201.8,3.144,44.7699,2.029,47.3149,120,11406.8,-0.00744047,23.6469,-13.1379,120.943,0.000936814,-4.43358,2.76359e-12,-7.13978,-5.17672,-7.28811,-4.53245,-2.64384,84.0899,1727.78,365.468,11746,10113.5,-7.66927,-5.70621,-8.34709,-5.06194,-3.17333,0.721372,1633.26,343.23,11651.5,0.200201,0.731121,0.0514715,8158.12,-0.00290291,0.0812963,16.9089,24.2456,125.625,91.9704,0.898972,13.0996,12.4629,120.123,137.906,5.50188,-45.9356 
121,202.18,3.351,44.8292,2.026,47.3795,121,14050.3,-0.141179,30.8184,-12.1149,121.324,-0.0280452,-48.9038,0.00227365,-8.02452,-5.80245,-5.96094,-0.107424,-3.19836,113.094,748.853,500.162,15332.8,12198.8,-8.73664,-6.51457,-7.38518,-0.819545,-3.91048,0.730137,621.739,470.253,15205.7,0.068047,0.430364,0.0538987,9136.91,-0.00272956,0.093111,11.9745,20.9087,123.897,107,1.29468,12.397,11.6367,120.768,136.77,3.12928,-29.7699 
122,201.5,2.98,44.7229,2.031,47.2639,122,12396.8,-0.0416207,24.9613,13.2069,120.807,-0.0312548,71.5038,500,-4.98236,-4.22459,-6.92939,-5.38212,-4.63294,128.144,1888.02,316.317,12436.4,10804.4,-5.78925,-5.03148,-8.54316,-6.189,-5.43983,0.724349,1743.99,282.428,12292.4,0.202138,0.779179,0.0406054,8627.71,-0.00271271,0.0959245,17.3615,19.1918,124.869,90.1958,0.893623,13.336,13.2265,119.95,138.267,4.91888,-48.0712 
123,202,3.253,44.8011,2.027,47.3489,123,13223.4,-0.0287989,28.1782,12.5442,120.92,-0.0218045,11.0347,2.41521e-05,-6.22719,-8.04958,-9.75468,-1.59308,-0.52793,100.254,1403.96,389.978,14031.4,11514.6,-6.85846,-8.68086,-11.0172,-2.22435,-1.1592,0.632024,1291.28,363.464,13918.7,0.142121,0.669979,0.0458959,9085.75,-0.00305071,0.0715053,15.5764,26.5363,125.135,93.9049,1.13841,12.7116,12.0829,120.317,136.963,4.81835,-43.0577 
124,201.3,2.871,44.6916,2.032,47.2299,124,12291.8,-0.667925,25.7215,13.3251,120.617,1.06801,-863.121,68.05,-4.14359,-5.63017,-5.87342,1.01826,-1.08659,108.632,1251.02,299.821,12925.5,41165.6,-4.82762,-6.3142,-7.24148,0.334236,-1.77062,0.634632,1128.92,271.092,12803.4,0.136034,0.70411,0.0375395,8298.83,-0.00261237,0.0742713,16.1953,19.8944,125.298,92.729,0.983635,13.0729,12.6742,119.944,137.468,5.35388,-44.7391 
125,201.4,2.926,44.7073,2.031,47.2469,125,11860.2,-0.00286293,24.1298,13.0849,120.559,0.000531538,-17.8651,18.6834,-2.74117,-3.48364,-8.69046,-1.40123,-2.41041,114.248,1612.79,480.485,12149.8,10278.6,-3.46057,-4.20304,-10.1292,-2.12062,-3.1298,0.560425,1484.38,450.27,12021.4,0.180662,0.653235,0.064544,8216.37,-0.00273071,0.0850649,16.6816,23.4718,124.939,94.5393,0.903173,13.0804,12.693,119.757,137.585,5.18192,-43.0456 
126,202.4,3.471,44.8636,2.025,47.4168,126,16425.7,-0.585476,35.8409,-12.4922,121.177,1.49544,490.121,430.579,-6.1466,-1.49446,-4.85424,-3.51015,-4.64346,70.2896,411.001,419.839,18083,38435,-6.5892,-1.93705,-5.73943,-3.95275,-5.08606,0.75372,331.997,401.25,18004,0.0318792,0.321023,0.0394355,10414.2,-0.00288008,0.0960848,11.0229,14.8172,124.28,107,1.57333,12.2323,11.7218,120.86,138.011,3.41964,-31.011 
127,202.22,3.373,44.8355,2.026,47.3862,127,14628.2,-0.678215,32.271,12.2295,121.315,-2.84042,1600.45,1.02504,-4.51198,-7.41299,-5.82761,-2.96869,-3.53463,59.6745,826.576,575.467,15678.7,160833,-4.88774,-7.78875,-6.57912,-3.34445,-3.91039,0.751829,759.504,559.686,15611.6,0.0799309,0.436759,0.0619494,9502.01,-0.00249983,0.104849,12.0171,18.0421,123.912,107,1.36338,12.1076,11.5855,120.839,136.518,3.07294,-29.5176 
128,202.02,3.264,44.8042,2.027,47.3523,128,13243.9,-0.714469,28.4152,12.9754,121.26,-0.298482,-85.7228,0.0222079,-8.36932,-1.8511,-9.45424,-2.69271,-4.08503,109.019,1273.3,386.378,14055.4,12835.3,-9.05579,-2.53756,-10.8272,-3.37917,-4.7715,0.645837,1150.76,357.547,13932.9,0.128531,0.647781,0.0451385,8953.17,-0.0031219,0.0693363,13.6064,45.4306,124.57,107,1.09706,12.6134,11.7665,120.476,137.41,4.09399,-30.4102 
129,202.2,3.362,44.8324,2.026,47.3829,129,15772.5,-0.0384465,33.606,12.1897,121.29,-0.0420646,-5.45199,500,-5.48319,-4.30334,-6.92828,-3.13163,-6.27706,106.219,610.71,401.16,17263.1,13342.9,-6.15202,-4.97217,-8.26594,-3.80046,-6.94589,0.725717,491.324,373.069,17143.7,0.0486856,0.429406,0.0385416,10091.8,-0.00285448,0.0879654,11.3029,18.915,124.407,107,1.42129,12.6238,11.9337,120.749,138.017,3.65764,-31.0168 
130,202.26,3.395,44.8417,2.026,47.393,130,16369.3,-0.0443476,34.8997,12.1388,121.413,-0.0523129,12.2771,500,0.00333104,-5.17815,-0.580983,0.0846433,-3.33267,70.9994,601.823,352.918,17885.2,13811.8,-0.443733,-5.62521,-1.47511,-0.362421,-3.77973,0.873773,522.022,334.141,17805.4,0.0497492,0.471663,0.0334143,10493.1,-0.00343674,0.0592571,12.1416,46.8316,125.434,107,1.45739,12.4991,11.7842,120.735,137.302,4.69903,-30.3024 
131,202.9,3.744,44.9416,2.021,47.5016,131,16384.9,-0.0610079,37.551,11.2385,121.708,-0.0466164,19.5123,500,-1.97348,-4.23216,-3.8511,0.791807,-1.67451,70.6755,-178.564,590.892,18567.2,13767.6,-2.41851,-4.67719,-4.74115,0.346783,-2.11953,0.651632,-258.001,572.201,18487.8,-0.0255569,-0.347079,0.0539383,10095.2,-0.00210354,-0.024108,11.9115,8.33255,115.463,81.6795,1.68114,11.7293,11.7856,121.362,136.518,-5.89837,-54.8384 
132,202.3,3.417,44.848,2.025,47.3998,132,16694.9,-0.179707,35.5896,12.1598,121.308,0.143304,201.08,500,-2.49255,-4.38371,2.82255,-5.59904,-2.99213,71.7118,551.214,587.476,18013.1,15025.9,-2.9441,-4.83526,1.91945,-6.05059,-3.44368,1.12501,470.612,568.511,17932.5,0.0447657,0.321126,0.0551776,10512.8,-0.00273646,0.12158,11.4999,14.7219,123.735,107,1.48118,12.5133,11.9781,120.839,137.43,2.8961,-30.4304 
133,202.7,3.635,44.9104,2.023,47.4677,133,15938.6,0.013121,36.2859,11.2321,121.58,-0.0081947,-4.46123,2.50751e-12,-2.17214,0.666481,-6.14912,-2.10726,1.67743,66.3116,978.514,469.971,16979,13268.8,-2.58969,0.248935,-6.98421,-2.52481,1.25988,0.340483,903.982,452.434,16904.5,0.0871688,0.533089,0.0469859,10370.5,-0.00309376,0.10941,10.7519,26.5059,123.492,101.774,1.55417,11.8273,11.2666,121.118,136.56,2.37371,-34.7868 
134,202.1,3.308,44.8167,2.027,47.3659,134,13756.6,-0.0354169,29.5301,12.2437,121.228,0.0129057,34.458,500,-3.1865,-2.10062,-9.71499,-1.00649,-2.15439,76.5532,977.501,466.781,14752,11784.4,-3.66854,-2.58266,-10.6791,-1.48853,-2.63643,0.492807,891.457,446.535,14666,0.0979149,0.532883,0.0531079,9104.41,-0.00293821,0.0759863,12.4844,38.7481,124.432,107,1.21248,12.4643,11.4226,120.506,137.204,3.92593,-30.2038 
135,202.14,3.329,44.823,2.026,47.3727,135,13212.4,-0.027344,28.9939,12.0174,121.086,-0.0607769,16.001,499.305,-8.105,-5.06192,-5.46949,-3.81354,-2.5555,67.2519,705.638,400.029,14524.2,11374.2,-8.52846,-5.48539,-6.31642,-4.23701,-2.97897,0.770698,630.049,382.243,14448.6,0.0722428,0.485036,0.046469,8721.27,-0.00272777,0.0723019,12.1496,27.6711,124.338,107,1.23352,12.3231,11.5442,120.477,137.28,3.86087,-30.2799 
136,202.1,3.308,44.8167,2.027,47.3659,136,14444.3,-0.575352,31.7817,12.4866,121.337,0.149425,30.4686,496.738,-3.0668,-3.62046,-6.94289,-3.48676,-3.38237,64.0239,862.622,365.04,15714.7,13066.9,-3.46994,-4.0236,-7.74918,-3.8899,-3.78551,0.661876,790.661,348.108,15642.8,0.0827865,0.564819,0.0393792,9550.61,-0.00342571,0.0620015,12.4902,48.36,125.125,107,1.25482,12.5934,11.8453,120.582,137.99,4.54296,-30.9903 
137,201.6,3.035,44.7386,2.03,47.2809,137,13826.7,-0.364302,27.1484,-13.9131,120.817,-0.305726,140.786,5.60099e-05,-6.98521,-5.20999,-7.10883,-1.03924,-3.96779,140.009,2439.51,699.488,13110.4,13697.1,-7.86681,-6.09159,-8.87203,-1.92084,-4.84939,0.700276,2282.15,662.461,12953,0.239324,0.663135,0.0861001,9535.82,-0.0029759,0.116701,16.6908,26.1317,124.544,92.9901,0.908203,13.505,13.0338,119.81,137.258,4.73399,-44.2675 
138,202.6,3.58,44.8948,2.023,47.4507,138,12681.8,-0.0497672,31.1463,11.1104,121.395,0.102446,-262.716,500,-4.03608,-2.46702,2.01602,-4.51892,-2.69423,87.9907,-135.365,345.089,15177.1,12141.2,-4.59013,-3.02107,0.907916,-5.07297,-3.24829,1.06043,-234.263,321.818,15078.2,-0.0285356,-0.712222,0.0378294,8209.5,-0.00257857,-0.0155079,11.0549,8.61291,115.357,81.4671,1.46222,11.6181,11.3427,121.029,136.869,-5.67221,-55.4024 
139,201.7,3.089,44.7542,2.029,47.2979,139,10846,-0.413405,23.1916,13.3711,121.003,-0.614756,507.295,500,-6.45394,-5.73101,-3.62352,-2.66355,-2.86541,90.1366,1805.54,494.801,11005.5,20246.8,-7.02151,-6.29857,-4.75866,-3.23111,-3.43298,0.807675,1704.23,470.963,10904.2,0.218194,0.674031,0.0736984,7810.6,-0.00289289,0.0850075,16.7276,26.8562,125.134,93.2593,0.827241,13.0234,12.5209,120.182,137.276,4.95189,-44.0171 
140,201.98,3.242,44.798,2.027,47.3455,140,13193.6,-0.0915082,27.9763,12.6755,121.005,0.316584,44.1429,1.30647e-08,-2.81018,-3.55365,-2.84387,-1.18505,-1.59346,82.1523,1288.46,479.315,13892.8,11998.8,-3.32747,-4.07094,-3.87845,-1.70235,-2.11075,0.742978,1196.13,457.589,13800.5,0.134029,0.59899,0.0575636,8924.39,-0.00327026,0.0755038,13.4332,45.4223,124.724,107,1.0792,12.7806,11.6769,120.064,137.853,4.66007,-30.8529 
141,201.2,2.817,44.676,2.033,47.2128,141,14841.4,-0.814311,30.7593,13.4828,120.584,0.594162,-34.1265,341.272,0.167778,-2.66752,-2.98725,-4.95797,-3.53949,107.854,1403.06,351.161,15560.2,14160.6,-0.511352,-3.34665,-4.34551,-5.6371,-4.21862,0.759375,1281.83,322.638,15438.9,0.129118,0.694215,0.0370687,9927.64,-0.00301721,0.0877257,14.7991,21.9448,124.597,92.8089,1.12194,13.4185,12.9714,119.932,137.491,4.66567,-44.6817 
142,202.8,3.689,44.926,2.022,47.4846,142,16924.1,-0.721849,38.6801,11.6204,121.514,0.453654,-377.785,124.988,-4.68787,-2.27682,-5.55299,0.36689,1.32789,46.3217,-221.934,462.42,19131.2,20211.1,-4.97955,-2.5685,-6.13634,0.0752153,1.03621,0.511942,-273.998,450.17,19079.2,-0.0263198,-0.533278,0.0416537,10410.3,-0.00220663,-0.0239497,11.0797,8.36301,115.208,82.7211,1.69183,11.9223,11.9114,121.149,136.942,-5.94107,-54.2211 
143,201.1,2.762,44.6603,2.033,47.1958,143,14899,-0.0682554,30.642,12.6913,120.494,0.0171366,-32.8347,499.966,-0.236136,-4.27527,-6.60314,0.18463,0.373377,99.0343,1088.78,397.892,15608.7,12677.8,-0.859729,-4.89886,-7.85032,-0.438962,-0.250216,0.450953,977.471,371.701,15497.3,0.10123,0.600431,0.042313,9655.99,-0.00272428,0.0842471,13.14,24.1946,124.506,98.3282,1.17442,13.1549,12.5331,119.814,137.755,4.69185,-39.4263 
144,201.9,3.199,44.7855,2.028,47.3319,144,13823.2,0.00463958,28.1994,-12.9006,121.053,-0.0107794,26.3529,499.949,-2.3031,-0.962853,-8.36737,-2.76897,-7.05849,163.253,1668.47,354.405,14163.6,11851.8,-3.33106,-1.99081,-10.4233,-3.79693,-8.08645,0.622735,1484.98,311.231,13980.1,0.159438,0.731649,0.0393942,9313.83,-0.00290049,0.0742425,16.5179,28.5119,125.745,92.5802,1.10566,12.9615,12.191,120.297,137.499,5.44852,-44.9186 
145,202.5,3.526,44.8792,2.024,47.4338,145,16888,-0.343914,36.7906,12.0801,121.266,0.0409937,-1643.31,0.412568,1.7493,-3.52385,-6.86381,0.353857,0.02884,124.27,331.151,499.626,18504.6,16660.8,0.966801,-4.30635,-8.4288,-0.428641,-0.753657,0.34916,191.475,466.761,18364.9,0.0182778,0.189898,0.0447249,10475.8,-0.00190763,0.00498534,0.0581521,13.1107,118.617,79.4339,1.60825,12.1009,11.9955,120.903,136.806,-2.2861,-57.3723 
146,202.06,3.286,44.8105,2.027,47.3591,146,13244.9,-0.203782,27.8511,12.4132,121.072,0.123275,-88.421,8.55257e-08,-6.13958,-3.01918,-9.7331,-2.13624,0.386068,66.081,1057.96,575.332,13716.9,11609.2,-6.55567,-3.43527,-10.5653,-2.55233,-0.0300268,0.543391,983.69,557.856,13642.6,0.11407,0.501898,0.0700485,8623.57,-0.00231964,0.0871362,13.0172,29.4733,123.924,107,1.12807,12.4198,11.4981,120.449,137.612,3.47482,-30.6123 
147,201.94,3.22,44.7917,2.028,47.3387,147,15810.1,-0.00624733,31.1152,12.9852,121.134,-0.00735234,4.58898,0.0381518,-6.37591,-5.39458,-4.17693,-4.72134,-1.87285,81.0155,1745.28,551.176,15673.3,13153.8,-6.88605,-5.90471,-5.1972,-5.23147,-2.38299,0.797004,1654.22,529.75,15582.3,0.159362,0.640852,0.0589352,10380.3,-0.00319553,0.0844164,14.0983,51.5363,124.694,107,1.14863,13.0258,11.8278,120.119,137.654,4.57529,-30.6541 
148,203.1,3.853,44.9727,2.02,47.5354,148,13546,-0.00504235,32.2971,10.9072,121.42,-0.0655511,19.3284,500,-4.77613,-2.84338,-7.10771,-2.55275,-4.8221,57.4145,-111.186,443.285,15600.9,11508.8,-5.13765,-3.2049,-7.83076,-2.91427,-5.18362,0.677364,-175.718,428.101,15536.4,-0.0206128,-0.306417,0.0483067,8524.67,-0.0019677,-0.0231981,9.89449,8.19904,118.091,81.4985,1.53601,11.3671,11.1802,121.168,137.445,-3.07783,-55.9463 
149,203,3.798,44.9571,2.021,47.5185,149,12670,-0.0682397,31.7308,10.7792,121.408,-0.0362941,-46.1474,499.971,-2.10909,-0.504106,0.916848,-1.55636,-3.90894,58.3547,-255.572,420.526,15113.9,11188.8,-2.47654,-0.87155,0.18196,-1.9238,-4.27638,1.01943,-321.161,405.094,15048.3,-0.0396207,-0.828263,0.0472458,8105.89,-0.00240375,-0.0220491,15.4215,7.91329,113.558,84.3917,1.50166,11.3319,11.2441,120.995,136.935,-7.43678,-52.5433 
150,201.8,3.144,44.7699,2.029,47.3149,150,13500,-0.691073,26.7551,13.8893,121.41,0.0138827,85.1559,123.151,-3.88605,-0.75263,-2.91657,-0.212608,-2.51607,114.363,2110.8,637.008,12939.8,12135.6,-4.60616,-1.47274,-4.35679,-0.93272,-3.23618,0.701684,1982.26,606.764,12811.3,0.216485,0.651181,0.0802444,9156.56,-0.00266887,0.100817,16.2144,28.2334,125.213,95.612,0.942594,13.28,12.4898,120.406,137.812,4.80718,-42.1996 
151,202.18,3.351,44.8292,2.026,47.3795,151,14356.5,-0.502588,31.254,12.3059,121.526,-0.122399,563.19,0.0343445,-4.66315,-1.03431,-4.66107,-2.1593,-2.74347,111.919,583.4,455.405,15689.4,14764.3,-5.36787,-1.73903,-6.07051,-2.86402,-3.44819,0.688526,457.607,425.807,15563.7,0.0498849,0.380461,0.0479802,9173.25,-0.00255965,0.0916215,11.3357,18.0465,124.231,107,1.32927,12.4551,11.6412,121.004,138.079,3.22653,-31.0788 
152,201.5,2.98,44.7229,2.031,47.2639,152,12575.3,-0.759428,25.5038,14.0872,120.926,0.0507273,23.6706,39.2823,-6.26115,-3.6325,-11.7503,-4.53317,-1.22143,131.08,2053.82,432.095,12426.6,11734.7,-7.08652,-4.45788,-13.4011,-5.35855,-2.04681,0.585758,1906.49,397.43,12279.2,0.217069,0.732704,0.0562669,8782.86,-0.00283155,0.0988176,18.1852,20.5981,124.93,90.357,0.910933,13.3945,12.8188,120.033,137.388,4.89687,-47.0311 
