cyc,field,FB,79,VVA,VVA,cyc,ROIsum,fBg,fA1,fWidth1,fCtr1,fA2,fWidth2,fCtr2,box1,box2,box3,box4,box5,box6,box7,box8,box9,Nfit,BZ-2,BZ-1,BZ0,BZ1,BZ2,Excited,c5,c7,c9,fraction95,fraction75,fraction97,sum95,two2D_bg,two2D_a1,two2D_sh1,two2D_sv1,two2D_ch1,two2D_cv1,two2D_a2,two2D_sh2,two2D_sv2,two2D_ch2,two2D_cv2,two2D_chd,two2D_cvd
0,202.18,3.351,44.8292,2.026,47.3795,0,14911.1,-0.272807,32.6314,12.1452,121.098,0.451739,174.144,500,-7.73546,-5.39416,-6.44773,-2.69757,-0.220441,49.1327,1289.09,100.309,16082.5,15462.3,-8.04484,-5.70354,-7.06648,-3.00695,-0.529816,0.709815,1236.03,98.1431,16029.4,0.117347,0.877999,0.0111528,10533.1,-0.00277631,0.0958212,11.7039,22.5186,122.871,108,1.33805,12.4025,11.8123,120.588,138.101,2.28291,-30.1014 
1,201.5,2.98,44.7229,2.031,47.2639,1,13809.8,-0.756926,28.3181,13.6949,120.745,-0.186983,-9191.46,134.413,-6.85488,-9.40768,-8.92352,-3.02867,-6.01158,74.5002,2766.28,79.9998,13282.9,68572.3,-7.32399,-9.87679,-9.86173,-3.49778,-6.48069,0.733762,2685.83,76.716,13202.5,0.259669,0.952394,0.0105906,10343.3,-0.00289046,0.112389,16.921,23.2784,124.227,93.002,0.939219,13.1558,13.3618,119.897,138.59,4.32962,-45.5884 
2,202,3.253,44.8011,2.027,47.3489,2,15555.8,-0.717497,31.8874,-13.1482,121.029,-0.0338468,74.8457,33.328,-4.1638,-6.83067,-9.66409,-4.07342,-4.70594,56.0633,2030.73,108.529,15642.1,13730.8,-4.51682,-7.18369,-10.3701,-4.42644,-5.05896,0.671374,1970.19,106.058,15581.5,0.178986,0.913906,0.0123833,11007.5,-0.0032242,0.0869705,14.2527,46.9881,124.09,108,1.17041,12.7584,11.8681,120.215,137.683,3.87511,-29.6832 
3,201.3,2.871,44.6916,2.032,47.2299,3,12852.3,-0.726065,27.2336,13.5133,120.55,-0.100619,763.759,306.363,-3.43456,-2.4435,-11.522,-2.98704,-4.50433,66.4002,1780.66,43.2016,13561.3,14481.9,-3.85266,-2.8616,-12.3582,-3.40515,-4.92243,0.548971,1708.96,40.2749,13489.6,0.179269,0.960391,0.00546975,9532.93,-0.00301196,0.0832617,15.7859,22.1235,124.609,91.6928,1.00394,13.1483,12.8971,119.578,138.031,5.03142,-46.3385 
4,201.4,2.926,44.7073,2.031,47.2469,4,14878.1,-0.847637,30.5832,13.875,120.747,-0.0877473,-106.797,2.52958e-09,-6.74253,-5.30946,-7.15767,-1.09718,-2.22515,127.212,2408.12,61.4936,15089.3,14118.8,-7.54354,-6.11048,-8.7597,-1.89819,-3.02617,0.679579,2270.74,55.8864,14951.9,0.207509,0.958708,0.00683825,10942.8,-0.00332141,0.109402,16.4617,20.9783,124.688,91.4349,1.05103,13.5823,13.3561,119.886,137.75,4.80285,-46.3147 
5,202.4,3.471,44.8636,2.025,47.4168,5,14839.3,-0.814387,34.9416,11.868,121.267,0.536193,361.049,17.1063,-1.39987,-6.24746,-10.1687,-3.27589,-2.05394,154.873,501.398,51.3498,17080.4,19801.5,-2.37506,-7.22265,-12.1191,-4.25108,-3.02913,0.582057,334.153,44.5234,16913.2,0.0329416,0.810915,0.00482589,10143.8,-0.00744886,0.0134884,78.5529,100.408,148,60,1.50718,11.9552,11.9895,120.865,138.121,27.135,-78.1209 
6,202.22,3.373,44.8355,2.026,47.3862,6,14445.3,-0.098628,32.5722,11.8876,120.974,0.0653449,-42.2736,0.000398549,-5.10261,-6.73679,-3.0678,-1.93349,-1.75531,71.4361,931.384,95.07,16163.9,12694.7,-5.55242,-7.18661,-3.96743,-2.3833,-2.20513,0.813691,854.241,91.9213,16086.8,0.0838759,0.841531,0.0104163,10184.6,-0.00303144,0.0981191,11.2242,17.1514,123.598,108,1.37809,12.2836,11.8281,120.581,137.935,3.01663,-29.9351 
7,202.02,3.264,44.8042,2.027,47.3523,7,13603.3,-0.757748,29.741,12.8246,121.125,-0.525631,102.937,237.783,-5.38937,-10.8061,-5.894,-6.4175,-4.51857,63.8006,1612.86,68.4512,14391.1,14177.7,-5.79111,-11.2079,-6.69747,-6.81924,-4.92031,0.810998,1543.97,65.639,14322.2,0.156735,0.930754,0.00837176,9850.81,-0.00336077,0.0686739,13.9898,48.6343,124.461,108,1.14529,12.4461,11.6961,120.404,137.912,4.05723,-29.9124 
8,202.2,3.362,44.8324,2.026,47.3829,8,13397.8,-0.227673,30.8831,11.9995,120.777,-0.0588642,181.332,18.2874,-5.26628,-1.41922,-10.4882,-6.02067,4.13569,68.0903,933.31,77.487,14985.6,12411.1,-5.69502,-1.84796,-11.3457,-6.44942,3.70694,0.475493,859.78,74.4858,14912.1,0.0904197,0.868351,0.00911744,9508.77,-0.00283856,0.0868297,11.6623,20.2061,123.414,108,1.31285,12.1483,11.4829,120.238,137.072,3.17675,-29.0716 
9,202.26,3.395,44.8417,2.026,47.393,9,14790.3,-0.0416188,33.2397,11.854,120.938,0.00564066,2.96701,500,-4.09998,-7.40326,-7.55891,-4.87372,-3.70383,72.9107,1102.42,89.2844,16451.4,12827.3,-4.55908,-7.86236,-8.47711,-5.33282,-4.16293,0.721095,1023.69,86.0707,16372.7,0.0973105,0.871735,0.00959103,10519.8,-0.00308796,0.0838539,12.0565,21.6114,123.567,108,1.42628,12.1985,11.6262,120.504,138.577,3.0627,-30.577 
10,202.9,3.744,44.9416,2.021,47.5016,10,13825.3,-0.769647,34.9006,11.1055,121.242,0.075771,187.799,296.014,-4.04203,-1.82946,-1.18459,-0.379044,-2.90106,128.754,144.62,92.788,16359.4,13080.5,-4.85275,-2.64018,-2.80605,-1.18977,-3.71179,0.815398,5.58001,87.1129,16220.4,0.000592772,0.0353103,0.00979626,9413.41,-0.00248584,-0.0301378,8.87951,8.59057,116.073,81.5051,1.60553,11.3308,11.337,120.932,138.043,-4.85915,-56.5375 
11,202.3,3.417,44.848,2.025,47.3998,11,12924.8,-0.0784157,29.9995,11.5578,121.09,0.0221752,42.2912,2.61754e-12,-3.68202,-4.29328,-7.84275,-0.622717,-3.32304,44.4953,897.432,62.1835,14549.1,11317.6,-3.9622,-4.57346,-8.4031,-0.902892,-3.60322,0.608153,849.382,60.2223,14501,0.091726,0.889619,0.00759211,9259.99,-0.00276704,0.0739461,11.8423,20.5171,124.444,108,1.32654,11.8094,11.4164,120.601,137.71,3.84263,-29.7104 
12,202.7,3.635,44.9104,2.023,47.4677,12,14544.6,-0.0900161,34.6394,-11.0831,121.359,0.0272241,7.71348,500,-5.66376,-3.7013,-5.85368,-3.23671,-3.9614,58.9093,226.937,63.7404,17009.9,12504.4,-6.0347,-4.07224,-6.59555,-3.60764,-4.33234,0.73235,163.321,61.1439,16946.3,0.016345,0.604171,0.00660262,9992.15,-0.00259918,-0.0212485,5.14927,7.74907,116.07,81.458,1.60477,11.6429,11.5167,121.089,138.219,-5.0192,-56.7609 
13,202.1,3.308,44.8167,2.027,47.3659,13,14286.7,-0.718059,31.0587,-12.6135,120.844,0.335921,910.681,367.498,-3.82457,-7.0251,-9.02055,-2.38726,1.64634,65.2212,1379.27,65.0907,15235.1,22711.6,-4.23525,-7.43578,-9.84192,-2.79794,1.23566,0.573486,1308.84,62.2159,15164.6,0.129533,0.923202,0.00750091,10104.3,-0.00320815,0.0674855,13.1419,45.6091,124.289,108,1.22984,12.4862,11.67,120.194,137.461,4.09493,-29.4605 
14,202.14,3.329,44.823,2.026,47.3727,14,16362.4,-0.355547,34.6296,12.3445,121.178,-0.343814,-235.154,499.505,-9.03425,-2.52419,-11.7402,-2.81129,-1.70275,91.6475,1588.37,103.47,17079.7,16548,-9.61133,-3.10127,-12.8943,-3.38837,-2.27983,0.587713,1489.4,99.43,16980.8,0.13136,0.895393,0.0106713,11338.2,-0.0030247,0.0861572,12.5484,40.1468,123.68,108,1.35415,12.446,11.8144,120.482,137.542,3.19829,-29.5425 
15,202.1,3.308,44.8167,2.027,47.3659,15,13951.1,-0.14792,30.0317,12.5158,121.076,0.0676178,13.9503,11.5566,-2.8303,-6.35132,-4.87111,-1.46464,0.87665,107.847,1372.23,71.674,14863.5,12266.6,-3.50938,-7.03041,-6.22928,-2.14373,0.197564,0.667155,1255.77,66.9204,14747,0.128021,0.914697,0.00828997,9809.05,-0.00302132,0.0717479,12.5235,43.2661,124.193,108,1.20081,12.3962,11.6931,120.188,137.157,4.00505,-29.1567 
16,201.6,3.035,44.7386,2.03,47.2809,16,13268.1,-0.767281,26.4433,-14.1894,120.901,0.638759,533.703,88.6913,-3.10865,-3.61029,-4.48762,-1.53159,0.995782,131.653,2777.15,90.2268,12541.7,23312.2,-3.93764,-4.43927,-6.14559,-2.36058,0.166797,0.632359,2634.98,84.4239,12399.5,0.268145,0.946907,0.0123869,9826.71,-0.00274046,0.113321,17.7324,21.9706,124.387,91.4416,0.877311,13.4585,13.2545,120.029,138.214,4.35835,-46.7726 
17,202.6,3.58,44.8948,2.023,47.4507,17,15856.1,-0.149693,36.8154,11.2495,121.407,0.0508068,126.235,0.0722583,-8.31855,-3.83864,-2.99985,-2.45358,-3.63769,108.533,535.465,105.805,17968.8,13690.9,-9.00195,-4.52204,-4.36666,-3.13698,-4.3211,0.827736,418.261,101.021,17851.6,0.0388279,0.702903,0.0103168,10772.2,-0.00217219,-0.0182728,3.86838,-8.17018,116.321,77.994,1.63634,11.6966,11.7586,121.06,137.315,-4.73924,-59.3211 
18,201.7,3.089,44.7542,2.029,47.2979,18,11502.9,-0.192453,24.5887,13.2008,120.753,0.647519,76.8988,499.785,-4.34821,-3.30965,0.223868,-4.76754,-3.77135,103.253,2232.44,64.9754,11794.1,12187.5,-4.99837,-3.9598,-1.07644,-5.4177,-4.4215,0.945836,2120.94,60.4244,11682.6,0.238392,0.952511,0.00943774,8896.86,-0.00314807,0.0898107,17.5353,23.7843,124.838,92.1014,0.900443,13.0784,12.5012,119.913,138.268,4.9248,-46.1666 
19,201.98,3.242,44.798,2.027,47.3455,19,15317,-0.0124425,31.7274,12.7301,120.661,-0.00242755,8.41034,500,-8.94686,1.78993,-8.57148,-4.91065,-6.81956,140.474,2134.04,102.448,15620.8,13148.7,-9.83139,0.905401,-10.3405,-5.79517,-7.70408,0.68441,1982.34,96.2559,15469.1,0.180963,0.921681,0.0113326,10954.4,-0.00366825,0.0838618,14.6971,49.9216,123.768,108,1.18106,12.6546,11.8589,119.92,137.672,3.84802,-29.6722 
20,201.2,2.817,44.676,2.033,47.2128,20,13397.9,-0.016502,27.6683,12.8823,120.656,0.0342786,3.64167,2.5507e-12,-4.45054,-12.3409,-8.79858,-2.89114,-2.52866,117.407,1895.37,78.9202,13866,11607.1,-5.18982,-13.0801,-10.2771,-3.63043,-3.26794,0.710058,1768.59,73.7452,13739.2,0.181629,0.931992,0.00979067,9737.35,-0.00287695,0.0942569,14.5495,22.5407,124.389,95.9079,1.00877,13.2752,12.9352,119.952,137.597,4.43675,-41.689 
21,202.8,3.689,44.926,2.022,47.4846,21,15374.5,0.0599869,35.7094,-11.1501,121.156,-0.0355583,-15.4001,500,-3.51488,-4.94846,-9.51738,-1.79958,-0.832818,89.4599,340.603,102.585,17529.2,12979.4,-4.07819,-5.51177,-10.644,-2.36289,-1.39612,0.55637,243.996,98.6417,17432.6,0.0235633,0.585657,0.010316,10354.9,-0.00226552,-0.0192589,8.39536,7.83816,119.019,79.1212,1.60073,11.6689,11.8391,120.862,136.882,-1.84358,-57.761 
22,201.1,2.762,44.6603,2.033,47.1958,22,14194.8,-0.0965627,30.2907,12.5361,120.598,0.33943,290.619,0.0230823,-3.69004,-4.97334,-5.93995,-1.53435,-5.93147,104.421,1276.33,47.3585,15457.3,15572.6,-4.34754,-5.63085,-7.25497,-2.19186,-6.58898,0.721115,1163.56,42.756,15344.6,0.115623,0.93958,0.00510662,10063.4,-0.00315036,0.0726725,13.7849,22.922,125.723,95.942,1.18378,13.012,12.6424,119.924,137.637,5.79833,-41.6946 
23,201.9,3.199,44.7855,2.028,47.3319,23,13009,-0.117468,27.634,-12.875,120.758,0.17832,7.63595,1.13376e-06,-3.89848,-6.84215,-7.59517,-5.65022,1.08987,168.001,1937.58,71.1417,13558.1,11626.4,-4.95634,-7.90001,-9.71089,-6.70808,0.032014,0.667928,1756.16,63.7367,13376.6,0.184575,0.94028,0.00870085,9514.6,-0.00316335,0.0801627,15.8751,29.3506,125.256,95.8113,1.04023,12.8467,12.4215,120.017,138.176,5.23847,-42.365 
24,202.5,3.526,44.8792,2.024,47.4338,24,13917.9,0.0323122,33.4863,11.1882,121.104,-0.0578709,-49.1888,5.2683e-12,-7.47713,-5.33695,-13.3934,-5.48333,-5.6181,110.525,402.584,102.161,16368.1,12288.9,-8.17308,-6.03289,-14.7853,-6.17928,-6.31404,0.643595,283.229,97.2897,16248.8,0.0291763,0.62456,0.0109093,9707.51,-0.00255002,-0.0219231,3.70764,7.03043,116.414,78.5509,1.49818,11.6493,11.8343,120.805,137.767,-4.39183,-59.2158 
25,202.06,3.286,44.8105,2.027,47.3591,25,13083.1,-0.0963247,29.1307,12.0476,121.206,0.11688,-63.4501,0.773006,-2.14827,-5.92481,-4.36439,0.32562,-4.76203,110.103,1809.9,74.914,13623.4,11666.1,-2.84156,-6.61809,-5.75097,-0.367669,-5.45532,0.726582,1691,70.061,13504.5,0.177558,0.932396,0.00946629,9523.63,-0.00289056,0.0974686,12.7526,26.6523,124.284,96.7251,1.14247,12.3387,11.8708,120.526,136.825,3.75827,-40.0998 
26,201.94,3.22,44.7917,2.028,47.3387,26,13792.3,-0.0499402,28.6211,12.6729,120.987,0.0496377,6.2349,6.83716e-08,-2.65414,-2.39831,-10.7455,1.18781,0.646985,106.049,1873.63,87.1979,14168.2,11817.5,-3.3219,-3.06607,-12.0811,0.520042,-0.0207784,0.327701,1759.11,82.5235,14053.7,0.177504,0.924132,0.0107011,9910.24,-0.00315607,0.0830124,13.7466,44.9933,124.319,108,1.09067,12.6431,11.7141,120.194,137.412,4.12552,-29.4119 
27,203.1,3.853,44.9727,2.02,47.5354,27,14512.4,-0.667747,35.852,11.0138,121.001,-0.00505059,221.347,500,-5.28388,-2.76438,-6.98941,-1.89237,-1.33544,71.8323,246.603,91.4187,16810.4,12890.6,-5.73619,-3.21669,-7.89403,-2.34468,-1.78775,0.623723,169.032,88.2525,16732.8,0.0171188,0.522553,0.00962217,9874.08,-0.00227443,-0.0257611,10.9071,8.03302,117.689,82.1839,1.6676,11.2395,11.294,120.751,136.904,-3.0626,-54.7197 
28,203,3.798,44.9571,2.021,47.5185,28,15743.3,-0.0303545,37.3299,11.0622,121.386,0.00537685,-0.821301,500,-2.8177,-2.56363,-7.23681,-1.75521,-1.27357,106.43,192.856,105.567,18234.8,13443.1,-3.48786,-3.23379,-8.57714,-2.42537,-1.94374,0.563902,77.9228,100.875,18119.8,0.00735994,0.306234,0.0101511,10587.4,-0.00246459,-0.0253553,13.8568,8.30796,114.72,81.7643,1.70672,11.6193,11.6016,121.047,136.672,-6.32651,-54.9076 
29,201.8,3.144,44.7699,2.029,47.3149,29,12597.6,-0.22398,26.2312,13.2376,120.717,-0.0149783,112.622,499.999,-6.08429,-3.94163,-3.96358,-4.82264,-3.48136,82.905,2047.75,43.804,12884.3,11358.6,-6.60632,-4.46366,-5.00764,-5.34467,-4.00339,0.803048,1958.23,40.1498,12794.7,0.208785,0.965362,0.00574729,9379.18,-0.00304224,0.0824394,18.1003,22.8143,125.111,89.0789,0.988604,13.0678,12.5846,119.889,138.016,5.22151,-48.9367 
30,202.18,3.351,44.8292,2.026,47.3795,30,13562.6,-0.0088069,30.465,11.8856,120.958,-0.00751807,4.95858,1.0229e-11,-7.54388,-2.2568,-6.16685,0.608363,-1.77786,97.6498,880.129,63.0448,15202.4,11788.6,-8.15875,-2.87168,-7.3966,-0.00651179,-2.39274,0.644843,774.678,58.7407,15097,0.0812805,0.88285,0.00711643,9530.91,-0.00277884,0.0808697,11.2547,18.5105,124.066,108,1.30725,12.2626,11.7243,120.442,137.254,3.62407,-29.2545 
31,201.5,2.98,44.7229,2.031,47.2639,31,13290.6,-0.249044,26.9429,13.4419,120.891,-0.0477858,69.6991,2.12241e-06,-4.58724,-4.33489,-8.58354,-4.82637,-1.7803,104.054,2379.41,68.129,13109.7,11898,-5.24244,-4.9901,-9.89394,-5.48158,-2.43551,0.647194,2267.04,63.5426,12997.3,0.231202,0.953243,0.0089255,9805.47,-0.00286814,0.103459,16.4801,22.2043,124.752,91.3935,0.943536,13.3113,13.1244,119.932,137.878,4.81977,-46.485 
32,202,3.253,44.8011,2.027,47.3489,32,13589.4,-0.641832,29.4418,12.9072,120.859,4.02265,-1347.99,500,-11.3582,-2.4478,-9.06827,-1.56057,-4.84043,86.5169,1620.77,70.4693,14488.1,188890,-11.903,-2.99258,-10.1578,-2.10534,-5.3852,0.687874,1527.34,66.6558,14394.7,0.154647,0.929046,0.00845787,9876.26,-0.00359675,0.065731,14.3112,52.8024,124.132,108,1.13281,12.5957,11.7032,120.131,137.049,4.00123,-29.0494 
33,201.3,2.871,44.6916,2.032,47.2299,33,13131.8,-0.201508,27.523,13.0097,120.339,-0.349876,115.62,500,-4.90284,-7.18918,-12.0446,-3.80499,-8.11687,86.5165,1865.62,64.0909,13663.1,12973.2,-5.44761,-7.73395,-13.1342,-4.34976,-8.66164,0.666027,1772.19,60.2775,13569.7,0.183787,0.943821,0.00811632,9642.62,-0.00290695,0.0880356,15.833,21.6759,124.815,92.6816,1.00703,13.096,12.9722,119.635,137.737,5.17964,-45.0558 
34,201.4,2.926,44.7073,2.031,47.2469,34,13851.5,-0.0685939,27.7558,-13.269,120.324,0.0313065,2.80028,500,-5.78714,-4.69231,-6.31546,-4.40275,-3.89317,97.0204,2448.34,88.0319,13565.7,11992,-6.39805,-5.30323,-7.53728,-5.01366,-4.50408,0.737891,2343.57,83.7555,13460.9,0.230873,0.941139,0.0113319,10150.9,-0.00277362,0.106065,15.683,24.6617,123.841,94.5586,0.973285,13.3188,12.9011,119.464,137.754,4.37784,-43.1949 
35,202.4,3.471,44.8636,2.025,47.4168,35,14352.6,-0.763462,33.9393,11.7368,120.916,0.385801,-294.652,450.142,-4.71834,-4.02252,-7.26864,-2.14029,-4.07817,124.315,531.951,84.818,16482.2,16667.8,-5.50112,-4.8053,-8.8342,-2.92307,-4.86095,0.671892,397.704,79.3385,16348,0.0402553,0.74123,0.00886071,9879.54,-0.00317441,0.106324,10.4853,13.5874,123.357,108,1.50128,11.9089,11.456,120.542,137.17,2.81532,-29.1704 
36,202.22,3.373,44.8355,2.026,47.3862,36,12645.5,-0.337427,29.2945,11.8358,120.927,-0.697267,964.712,0.27095,-4.61474,-0.219699,-4.6561,-1.88133,-2.25774,70.5553,872.232,79.0448,14241.5,33184.3,-5.05901,-0.663967,-5.54464,-2.3256,-2.702,0.659738,796.04,75.935,14165.4,0.0883316,0.856946,0.00977825,9011.94,-0.00273645,0.0923429,11.0486,17.9616,123.238,108,1.26034,11.9996,11.5474,120.403,137.326,2.83531,-29.326 
37,202.02,3.264,44.8042,2.027,47.3523,37,12900.4,-0.479804,28.5527,12.7039,121.029,-0.826552,1348.26,499.666,-7.76728,-4.45427,-7.17657,-2.58807,-2.67685,95.7471,1414.3,68.9343,13925.3,48085.7,-8.37017,-5.05716,-8.38235,-3.19097,-3.27974,0.703598,1310.9,64.7141,13821.9,0.14054,0.920479,0.00855101,9327.58,-0.00340213,0.065054,13.3864,50.4488,124.475,108,1.11523,12.446,11.6354,120.024,137.129,4.45122,-29.1286 
38,202.2,3.362,44.8324,2.026,47.3829,38,14040,-0.0131588,31.2459,11.777,121.295,-0.00108233,11.8547,500,-2.53972,-1.0261,-8.67338,-2.97985,-5.40173,91.9245,1071.71,80.7275,15415.5,11979.5,-3.11855,-1.60492,-9.83103,-3.55867,-5.98055,0.591967,972.439,76.6757,15316.2,0.0986661,0.878746,0.00913763,9855.86,-0.00286256,0.0779715,11.6413,27.3726,123.951,108,1.33045,12.175,11.5419,120.819,138.122,3.1323,-30.1217 
39,202.26,3.395,44.8417,2.026,47.393,39,14820.5,-0.672735,33.2602,11.9729,121.19,0.947356,480.57,455.353,-4.90148,-4.52689,-7.04954,-1.64637,-0.473134,70.1096,987.806,120.322,16012.2,27784,-5.34294,-4.96835,-7.93246,-2.08783,-0.914596,0.62664,912.095,117.232,15936.5,0.0898153,0.816375,0.0133697,10155.2,-0.00258234,0.125658,10.6052,15.0226,122.963,108,1.36434,12.1329,11.9286,120.772,137.738,2.19037,-29.7379 
40,202.9,3.744,44.9416,2.021,47.5016,40,14934.8,-0.542122,36.0852,11.0261,121.471,0.336675,-708.602,63.7879,-6.01244,-1.74767,-4.52605,-2.46339,0.145218,37.9712,400.197,141.075,16924.9,20718.5,-6.25153,-1.98676,-5.00424,-2.70248,-0.0938766,0.687993,359.193,139.401,16883.9,0.0353819,0.595533,0.0149814,10151.9,-0.00194478,-0.0251814,10.7466,7.38391,118.534,81.9861,1.60994,11.3286,11.6253,121.01,137.186,-2.47635,-55.2003 
41,202.3,3.417,44.848,2.025,47.3998,41,13632.8,-0.0123795,31.1549,11.6347,120.952,-0.0235354,19.2635,8.05071e-12,-5.02199,-3.13226,-7.9688,-3.6126,-5.24713,81.438,663.096,66.8293,15451.9,11814.6,-5.53479,-3.64506,-8.99438,-4.12539,-5.75992,0.679454,575.151,63.2398,15363.9,0.0606302,0.838632,0.00752527,9486.23,-0.00673891,0.0161913,57.6648,91.5414,148,74.6179,1.3668,11.9963,11.8368,120.566,137.644,27.4342,-63.026 
42,202.7,3.635,44.9104,2.023,47.4677,42,13287.9,-0.242609,33.7043,11.0087,121.295,0.33775,167.343,109.022,-1.57501,-2.88358,-5.84302,-3.90134,-5.10924,85.6934,232.593,89.6746,15661.4,13918.5,-2.1146,-3.42317,-6.9222,-4.44093,-5.64883,0.693025,140.053,85.8975,15568.9,0.015273,0.482321,0.0100611,9170.02,-0.00249286,-0.0218414,7.94034,7.33223,118.112,81.6952,1.53272,11.3515,11.4219,120.732,137.805,-2.62046,-56.11 
43,202.1,3.308,44.8167,2.027,47.3659,43,14782.3,-0.730561,31.9354,12.6778,121.174,0.707752,254.164,11.1623,-4.60077,-3.54124,-3.63405,-3.15254,-0.858256,104.765,1639.84,100.745,15489.3,19035.7,-5.26045,-4.20092,-4.9534,-3.81221,-1.51793,0.74913,1526.71,96.1268,15376.1,0.146168,0.90075,0.0113852,10444.9,-0.00310129,0.090765,12.8435,37.7578,123.758,108,1.20285,12.5752,11.9134,120.413,137.683,3.34425,-29.6833 
44,202.14,3.329,44.823,2.026,47.3727,44,14874.4,-0.418803,31.9992,12.2724,121.425,0.071392,490.89,0.00238767,-4.36555,-6.21221,-5.20465,-2.31711,-7.12793,91.9572,1238.83,78.7585,15811.9,13924.8,-4.94459,-6.79124,-6.36271,-2.89614,-7.70696,0.778315,1139.53,74.7053,15712.6,0.111143,0.897081,0.00868222,10252.8,-0.00304071,0.0673234,12.1803,45.2317,124.771,108,1.27693,12.4546,11.7858,120.693,137.867,4.07737,-29.8671 
45,202.1,3.308,44.8167,2.027,47.3659,45,14808.5,-0.743067,32.1039,12.6442,120.949,0.294244,273.532,499.891,-6.62072,-4.5045,-7.47349,-3.50663,-7.107,75.6541,1453.06,83.8879,15828.8,15834.3,-7.09709,-4.98088,-8.42624,-3.98301,-7.58337,0.73726,1371.36,80.5532,15747.1,0.130547,0.906787,0.00933518,10504.7,-0.0033217,0.0709542,13.1574,43.2122,124.255,108,1.27575,12.5496,11.697,120.269,137.544,3.98576,-29.5438 
46,201.6,3.035,44.7386,2.03,47.2809,46,11402.7,-0.000272379,23.6912,13.2742,120.442,-0.00806222,5.01903,1.57666e-11,-7.28998,-5.41701,-10.7209,-6.93291,-5.36933,159.171,2345.57,58.709,11437.8,10238.7,-8.29223,-6.41926,-12.7254,-7.93516,-6.37158,0.695154,2173.69,51.6932,11265.9,0.249622,0.960045,0.0083816,8707.9,-0.00306447,0.0886051,18.8162,23.2698,124.227,90.2335,0.860624,13.1435,12.6852,119.673,138.08,4.55456,-47.8462 
47,202.6,3.58,44.8948,2.023,47.4507,47,14841.2,-0.725538,35.2474,11.4781,121.199,0.26859,1386.77,481.148,-9.05343,-1.4871,-3.8976,-3.81912,-2.97764,79.8986,507.793,111.251,16832.4,25295.4,-9.55653,-1.9902,-4.9038,-4.32222,-3.48074,0.797811,421.512,107.73,16746.1,0.0415928,0.690959,0.0117117,10134.2,-0.00217999,-0.0178455,4.75788,-5.90258,116.015,82.4023,1.56492,11.664,11.6498,120.822,136.994,-4.80711,-54.5915 
48,201.7,3.089,44.7542,2.029,47.2979,48,10232,-0.0872724,21.9371,13.062,120.788,-0.128222,-143.667,496.853,-9.76837,-3.4145,-4.76251,-4.44563,-0.988587,121.544,2133.61,58.3253,10538.9,9927.56,-10.5337,-4.17983,-6.29317,-5.21096,-1.75392,0.775016,2002.36,52.9679,10407.6,0.249087,0.955756,0.00928802,8038.79,-0.00306658,0.0812108,18.4991,24.2104,124.811,90.6344,0.819177,12.9215,12.4324,120.04,137.165,4.77102,-46.5304 
49,201.98,3.242,44.798,2.027,47.3455,49,14263.2,-0.76455,30.4441,13.0245,120.82,-0.483356,1726.35,483.098,-4.80399,-6.31211,-4.08281,-4.56691,-10.8123,131.015,1859.32,94.3385,14662.3,40071.8,-5.62896,-7.13708,-5.73274,-5.39188,-11.6372,0.838641,1717.84,88.5638,14520.8,0.169414,0.917244,0.0111103,10139.9,-0.00328503,0.0809578,13.977,47.366,123.935,108,1.14718,12.5538,11.5871,120.013,137.342,3.92184,-29.3424 
50,201.2,2.817,44.676,2.033,47.2128,50,13735.9,-0.0374007,28.2287,12.8738,120.259,-0.00250607,11.4063,1.21034e-11,-6.457,-1.97237,-8.52406,-3.7134,-4.87514,81.8797,1628.85,67.9692,14379.5,11831.1,-6.97258,-2.48794,-9.55521,-4.22897,-5.39072,0.666315,1540.43,64.3602,14291,0.15672,0.931866,0.00822773,9829.23,-0.00285547,0.0794349,14.9737,23.4562,124.826,94.7989,1.0621,13.187,12.8574,119.565,138.07,5.26194,-43.2713 
51,202.8,3.689,44.926,2.022,47.4846,51,14182.8,-0.738064,35.3277,11.0896,121.471,-0.0180395,191.383,493.518,-7.15792,-3.84934,-4.66182,-2.8581,-3.07297,54.2027,33.1972,81.5842,16790.6,12865.8,-7.49922,-4.19064,-5.34442,-3.1994,-3.41427,0.774001,-25.3357,79.1951,16732.1,-0.00261752,-0.223704,0.00864354,9679.29,-0.0026001,-0.0232589,14.4641,8.85436,114.26,82.8033,1.61049,11.4744,11.5203,121.119,137.643,-6.85877,-54.8396 
52,201.1,2.762,44.6603,2.033,47.1958,52,11860.2,-0.011296,26.7399,-12.0609,120.506,-0.0338781,17.5532,9.44858e-11,-7.36734,-5.34022,-9.71841,-0.710906,-4.65919,108.893,954.796,48.5648,13274.6,10518,-8.05301,-6.02589,-11.0898,-1.39658,-5.34486,0.652469,837.204,43.7651,13157,0.0988635,0.916186,0.0060902,8468.28,-0.00290025,0.067192,11.9837,22.4446,125.075,98.6815,1.0684,12.6394,12.4067,119.839,138.119,5.23535,-39.4379 
53,201.9,3.199,44.7855,2.028,47.3319,53,11112.1,-0.0290699,24.0841,12.5361,120.858,0.00197772,14.0148,474.204,-6.0892,-8.51595,-7.58287,-5.74731,-3.8234,72.2241,1940.27,61.1016,11419.3,9829.39,-6.54397,-8.97073,-8.49242,-6.20209,-4.27817,0.753753,1862.27,57.9181,11341.3,0.220643,0.948383,0.00931968,8440.21,-0.00279064,0.0853173,15.9109,24.3658,124.452,92.9887,0.934326,12.5998,12.0492,120.17,137.429,4.28157,-44.4403 
54,202.5,3.526,44.8792,2.024,47.4338,54,13689.1,-0.0170051,32.8236,11.0883,121.321,-0.054744,15.7093,0.0150423,-7.98541,-2.26683,-7.92396,-3.09355,-6.99345,69.2202,495.847,105.885,15703.9,11876.1,-8.42127,-2.70269,-8.79568,-3.52941,-7.42931,0.715151,421.097,102.834,15629.1,0.0443915,0.700595,0.0119752,9485.98,-0.00217817,-0.0177804,4.04777,6.56386,115.882,78.2614,1.45634,11.6689,11.6792,121.007,137.271,-5.12427,-59.0095 
55,202.06,3.286,44.8105,2.027,47.3591,55,13998.2,-0.323556,30.1174,12.4339,121.216,-0.0596783,21.9995,500,-6.74067,-4.70345,-7.51757,-2.44086,-3.03875,68.2845,1306.96,55.5321,15029.8,12233.2,-7.17064,-5.13342,-8.37751,-2.87083,-3.46872,0.689964,1233.22,52.5223,14956.1,0.12447,0.930638,0.00642747,9907.75,-0.00325132,0.0586588,13.302,51.1541,124.675,108,1.20791,12.4347,11.7765,120.579,137.397,4.09654,-29.3966 
56,201.94,3.22,44.7917,2.028,47.3387,56,12840.8,-0.774657,27.5966,-13.2904,121.016,-0.275822,336.566,288.153,-8.18504,-3.47397,-5.59555,-2.06791,-2.88489,99.4796,1764.54,60.6747,13450.2,14961.6,-8.81144,-4.10037,-6.84834,-2.69431,-3.51129,0.736255,1657.12,56.2899,13342.8,0.176365,0.94389,0.00771144,9395.95,-0.00346998,0.0685581,14.3914,52.6234,124.59,108,1.04614,12.7323,11.5471,120.148,137.103,4.44254,-29.1034 
57,203.1,3.853,44.9727,2.02,47.5354,57,15427.6,-0.753878,37.917,11.0927,121.087,-0.0122795,155.908,43.6909,-3.26511,-6.27004,-3.39035,-8.29467,-3.09628,77.2486,975.361,172.74,17082.1,13754.3,-3.75152,-6.75646,-4.36318,-8.78108,-3.58269,0.839795,891.941,169.336,16998.6,0.0829623,0.750616,0.0180198,10751.2,-0.00338538,0.161379,10.2138,18.119,122.107,108,1.63082,11.4576,11.0355,120.835,137.249,1.27205,-29.2492 
58,203,3.798,44.9571,2.021,47.5185,58,15222.4,-0.198901,36.512,11.035,121.242,0.0106101,20.931,499.748,-3.28902,-3.96497,-6.41264,-4.35164,-2.08026,34.4671,278.557,127.314,17425.1,13123.3,-3.50605,-4.182,-6.8467,-4.56867,-2.29729,0.680071,241.337,125.795,17387.9,0.023371,0.522965,0.0131516,10326.3,-0.00223797,-0.0250597,13.0138,7.8385,117.025,81.1801,1.64711,11.474,11.6503,120.922,136.938,-3.89635,-55.7583 
59,201.8,3.144,44.7699,2.029,47.3149,59,14557.6,-0.495823,28.6684,13.4109,120.891,-5.35401,-4505.04,474.052,-6.54504,-5.24386,-5.59228,-6.11397,-4.08152,75.0979,2612.24,86.6605,13916.7,797703,-7.01791,-5.71673,-6.53802,-6.58685,-4.5544,0.785032,2531.15,83.3504,13835.6,0.239787,0.945513,0.0109756,10555.8,-0.00273145,0.0977334,17.5747,25.2868,124.167,91.5865,1.02906,13.2521,12.678,120.164,137.925,4.00236,-46.3388 
60,202.18,3.351,44.8292,2.026,47.3795,60,14726.1,-0.68401,31.3833,12.6641,121.049,0.101714,167.687,499.356,-5.19457,-3.19983,-8.99874,-2.79864,-3.90859,47.4131,1178.28,42.4247,15753.1,13493.2,-5.49312,-3.49838,-9.59583,-3.09719,-4.20714,0.629385,1127.08,40.3349,15701.9,0.110129,0.941064,0.00470969,10234.2,-0.0028956,0.0529898,13.5329,44.1533,124.658,108,1.31658,12.3818,11.5954,120.475,137.682,4.1831,-29.6819 
61,201.5,2.98,44.7229,2.031,47.2639,61,13582.2,-0.100544,26.3663,13.5717,120.438,0.100642,130.209,4.13389e-08,-8.69675,-5.21871,-9.54255,-6.0587,-0.734212,102.006,2771.93,91.7367,12831.3,12075.3,-9.33906,-5.86101,-10.8272,-6.701,-1.37652,0.682532,2661.78,87.2406,12721.1,0.265116,0.945755,0.0124754,10040,-0.00263334,0.112583,17.6351,22.4375,123.601,91.6422,0.922726,13.2722,12.9394,119.637,137.493,3.96403,-45.8506 
62,202,3.253,44.8011,2.027,47.3489,62,14084.1,-0.318452,29.46,12.8391,120.732,0.0926136,-65.8122,5.10238e-09,-4.88549,3.87793,-5.49056,-4.56282,0.00180441,77.7846,1726.66,74.0306,14627.1,12511.4,-5.37528,3.38814,-6.47014,-5.05261,-0.487985,0.537777,1642.66,70.6021,14543.1,0.163,0.930046,0.00886357,10077.7,-0.00321079,0.0723081,13.8682,48.7884,124.009,108,1.14363,12.673,11.6148,120.028,136.825,3.98041,-28.8252 
63,201.3,2.871,44.6916,2.032,47.2299,63,13015.2,-0.780291,27.7484,13.3772,120.603,0.325078,-1257.89,260.834,-4.52966,-7.69105,-5.04347,-2.69075,-4.5896,193.826,1916.05,67.7208,13371.3,25395.2,-5.75013,-8.91152,-7.48441,-3.91122,-5.81007,0.765139,1706.74,59.1775,13162,0.182721,0.942794,0.00821423,9340.71,-0.00289614,0.0948721,14.6942,23.0845,124.803,94.1273,0.978651,13.1886,12.9798,119.835,137.449,4.96738,-43.3215 
64,201.4,2.926,44.7073,2.031,47.2469,64,12508.3,-0.21876,26.296,13.0168,120.639,-0.0677036,163.107,500,-5.07854,-4.98705,-1.23887,0.667071,-8.22387,166.241,2095.66,67.9462,12731.3,11502.2,-6.12532,-6.03383,-3.33242,-0.379702,-9.27065,0.867456,1916.14,60.6188,12551.8,0.208363,0.947541,0.00881799,9196.17,-0.00285967,0.0963051,15.9035,22.4322,124.586,93.808,0.958856,13.159,12.5726,119.875,137.625,4.71033,-43.8175 
65,202.4,3.471,44.8636,2.025,47.4168,65,12747.4,-0.0401105,29.9762,11.3631,121.218,-0.0194658,23.4098,500,-5.09983,-3.34034,-0.896471,-4.52501,-6.00489,117.145,858.393,78.5086,14295,11103.2,-5.83745,-4.07796,-2.37173,-5.26263,-6.74252,0.902367,731.89,73.3452,14168.5,0.0817789,0.850793,0.00944584,8949.62,-0.00282949,0.0930026,10.5351,21.58,123.393,108,1.31967,11.833,11.1657,120.756,136.63,2.63727,-28.6298 
66,202.22,3.373,44.8355,2.026,47.3862,66,13309.4,-0.271479,29.5407,12.0627,121.324,-0.0800946,128.794,0.0395058,-5.88842,-5.37646,-5.5071,-0.48716,-2.4928,73.8743,813.431,48.3711,14723.9,11935.8,-6.35358,-5.84163,-6.43744,-0.952327,-2.95796,0.714437,733.655,45.1149,14644.1,0.0795097,0.902842,0.00564305,9227.24,-0.00294646,0.0513835,11.8993,41.7669,125.535,108,1.28079,12.1728,11.448,120.685,137.86,4.85068,-29.8602 
67,202.02,3.264,44.8042,2.027,47.3523,67,13971,-0.811414,30.1066,-13.1362,121.124,-0.187013,-377.875,467.681,-4.2338,-2.73981,-2.31282,-4.47332,-2.741,96.4473,1742.44,85.7934,14692.8,15174.9,-4.84111,-3.34711,-3.52743,-5.08062,-3.3483,0.824894,1638.29,81.5423,14588.6,0.162212,0.919876,0.0101914,10099.7,-0.0035489,0.0759583,13.9228,49.0099,124.677,108,1.15575,12.6146,11.5744,120.238,136.97,4.43945,-28.9699 
68,202.2,3.362,44.8324,2.026,47.3829,68,13215.8,-0.0208413,30.3904,-11.7321,121.164,-0.0244109,44.893,500,-5.13026,-2.1862,-9.3915,-4.82221,-5.31939,81.0279,841.098,93.775,14887.6,11642.3,-5.64047,-2.69641,-10.4119,-5.33242,-5.8296,0.651901,753.596,90.2035,14800.1,0.0807053,0.826808,0.0111026,9337.63,-0.0028366,0.102332,11.1861,15.55,123.361,108,1.29379,12.0944,11.7297,120.734,137.139,2.62673,-29.1394 
69,202.26,3.395,44.8417,2.026,47.393,69,15348.3,0.0652539,34.064,11.8581,121.139,-0.037662,-66.4597,500,-6.9607,-3.73278,-3.3182,-1.4858,-6.26258,68.0914,931.351,93.676,17129.9,13230.9,-7.38946,-4.16153,-4.17571,-1.91456,-6.69133,0.82839,857.82,90.6748,17056.3,0.0797935,0.843895,0.00969801,10750.5,-0.00313594,0.0980249,10.7286,19.476,123.608,108,1.45175,12.4863,11.6484,120.611,137.251,2.99663,-29.2509 
70,202.9,3.744,44.9416,2.021,47.5016,70,16010.4,-0.0313548,37.8427,11.1295,121.295,0.0165949,-0.456883,500,-1.98599,-4.811,-6.05242,-6.46583,-5.47609,103.535,182.433,119.264,18483,13710.8,-2.63791,-5.46293,-7.35628,-7.11776,-6.12802,0.74371,70.6273,114.7,18371.2,0.00658471,0.260279,0.0113703,10725.9,-0.00254512,-0.026157,10.3056,9.17221,116.813,80.3924,1.72322,11.61,11.6969,120.965,136.85,-4.15168,-56.4575 
71,202.3,3.417,44.848,2.025,47.3998,71,15966.1,-0.786332,35.5956,12.2659,121.252,0.0405303,-228.533,499.281,-9.34598,-2.1112,-9.4095,-0.648357,-3.21493,111.276,851.074,94.4094,17625,14514.7,-10.0467,-2.81188,-10.8109,-1.34903,-3.9156,0.626362,730.908,89.5047,17504.9,0.067156,0.82352,0.00933103,10883.7,-0.00296798,0.10821,11.2865,15.5358,123.728,108,1.48298,12.358,11.8897,120.768,137.462,2.95981,-29.4616 
72,202.7,3.635,44.9104,2.023,47.4677,72,15133,-0.778719,36.5826,11.4005,121.295,0.252362,-173.576,334.495,-1.13478,-2.67022,-3.7004,-3.52096,-1.50076,88.5962,200.199,90.0033,17586,15002.7,-1.69264,-3.22809,-4.81613,-4.07883,-2.05863,0.696609,104.525,86.0982,17490.3,0.0101987,0.409586,0.00898651,10248.9,-0.00255657,-0.027849,8.99129,8.2277,116.701,79.7817,1.63821,11.6005,11.7349,120.96,138.024,-4.25973,-58.2427 
73,202.1,3.308,44.8167,2.027,47.3659,73,13675.6,-0.779751,30.43,-12.6399,120.973,-2.11756,1086.85,413.046,-2.03446,-4.91375,-3.77539,-5.23869,-2.88805,73.3279,1238.08,68.8432,14952.4,87441.4,-2.49618,-5.37548,-4.69884,-5.70042,-3.34977,0.782669,1158.9,65.6111,14873.3,0.118432,0.909855,0.00806066,9785.39,-0.0032271,0.0705412,12.5835,39.6044,124.11,108,1.22306,12.499,11.5946,120.302,137.645,3.80839,-29.6454 
74,202.14,3.329,44.823,2.026,47.3727,74,13161.2,-0.734111,29.8078,12.4925,121.455,-0.449925,44.2513,198.827,-3.45148,-3.24639,-9.10449,-1.80872,-3.7478,133.198,1182.5,68.9871,14509,12770.2,-4.2902,-4.0851,-10.7819,-2.64743,-4.58651,0.591457,1038.66,63.1161,14365.1,0.110844,0.90388,0.00802868,9370.44,-0.00318894,0.0635139,13.0409,39.3101,125.304,108,1.21502,12.2725,11.6024,120.604,137.599,4.7002,-29.5987 
75,202.1,3.308,44.8167,2.027,47.3659,75,14300.2,-0.213714,30.9853,12.508,121.174,0.153836,-287.897,2.09991e-08,-5.77655,-5.60944,-1.9409,-2.22775,-3.28459,124.948,1257.08,88.7813,15555.9,14058.2,-6.56331,-6.39621,-3.51443,-3.01452,-4.07135,0.85083,1122.15,83.2739,15421,0.111475,0.88506,0.00984945,10066.3,-0.00344387,0.0756919,12.6014,42.4663,124.544,108,1.22189,12.7182,11.7483,120.397,137.02,4.14677,-29.02 
76,201.6,3.035,44.7386,2.03,47.2809,76,13746.9,-0.150165,27.8774,13.1499,120.913,0.0770642,287.511,485.828,-5.85362,-6.66851,-5.11848,-7.05788,-6.99744,130.935,2586.77,39.5719,13418.9,12654.8,-6.67809,-7.49298,-6.76741,-7.88234,-7.8219,0.815314,2445.37,33.8007,13277.5,0.24101,0.976382,0.00466757,10146.3,-0.00293222,0.111098,17.8278,19.9888,124.572,88.6675,0.963054,13.5097,13.0347,120.1,137.378,4.47192,-48.7105 
77,202.6,3.58,44.8948,2.023,47.4507,77,12840.4,-0.264126,32.6052,10.9548,121.305,0.0982093,82.3895,500,-6.03831,-4.35707,-7.21018,-4.98596,-5.66527,48.6299,51.6407,83.226,15468.8,11891,-6.34452,-4.66328,-7.8226,-5.29217,-5.97148,0.740062,-0.874288,81.0826,15416.3,-9.77889e-05,-0.00619974,0.00959567,8940.56,-0.00264216,-0.0244499,13.6309,8.53041,113.37,81.9838,1.46721,11.5532,11.615,120.939,137.248,-7.56865,-55.264 
78,201.7,3.089,44.7542,2.029,47.2979,78,11953,-0.768804,25.1529,13.7885,120.903,-0.160571,-93.1198,270.175,-10.2103,-2.46907,-8.37222,2.90103,-1.85521,47.0809,2136.89,31.5012,12145,11776.9,-10.5068,-2.76552,-8.96513,2.60458,-2.15166,0.588463,2086.05,29.426,12094.2,0.229219,0.975909,0.00446197,9100.69,-0.00294482,0.0896156,17.6586,21.3859,124.558,89.508,0.913789,13.3314,12.6026,120.062,138.004,4.49611,-48.4958 
79,201.98,3.242,44.798,2.027,47.3455,79,14679.2,-0.781229,31.217,13.0521,121.167,0.609071,-605.43,424.171,-3.36288,-5.96845,-0.185756,0.183949,-2.90345,102.402,1711.15,84.6997,15311.1,25267.8,-4.00768,-6.61324,-1.47535,-0.460849,-3.54824,0.908394,1600.57,80.1861,15200.5,0.153652,0.919394,0.00962399,10416.9,-0.00348239,0.0796388,13.3221,49.2652,124.332,108,1.17361,12.7707,11.7477,120.294,137.303,4.03796,-29.3035 
80,201.2,2.817,44.676,2.033,47.2128,80,10428.8,-0.0294996,23.6485,-12.2853,120.36,0.0421969,-45.2641,1.43138e-05,-4.8919,-5.49916,-11.1279,-2.62781,-1.69091,69.9171,898.385,32.5767,11945.2,9519.85,-5.33215,-5.93941,-12.0084,-3.06806,-2.13116,0.578344,822.883,29.495,11869.7,0.106766,0.940976,0.00455657,7707.32,-0.00292628,0.0541809,13.7793,23.5656,126.106,96.2063,0.953992,12.653,12.4962,119.718,138.167,6.38761,-41.9608 
81,202.8,3.689,44.926,2.022,47.4846,81,14715.6,-0.76582,35.8974,11.3236,121.401,1.19754,759.312,306.596,-4.97757,-2.35666,-5.5178,-0.913065,-1.74748,113.539,338.012,111.626,17102.7,42833.6,-5.6925,-3.07159,-6.94765,-1.62799,-2.46241,0.649146,215.402,106.621,16980.1,0.0214035,0.53584,0.0114347,10063.9,-0.00236907,-0.0124727,19.6278,6.66344,107.149,83.4774,1.63173,11.5079,11.4436,121.098,137.067,-13.9495,-53.5891 
82,201.1,2.762,44.6603,2.033,47.1958,82,10951.2,-0.767042,25.9029,12.5415,120.256,0.35526,2188.01,333.849,-2.32926,-6.85075,-9.20376,-2.57057,-1.27028,28.5489,873.52,25.7644,12701.1,35879.5,-2.50902,-7.03052,-9.56329,-2.75033,-1.45005,0.589615,842.69,24.506,12670.3,0.102874,0.951573,0.00355023,8191.46,-0.00309081,0.0566783,12.5635,24.2634,125.297,98.6389,1.0455,12.5534,12.1788,119.63,137.689,5.66698,-39.0499 
83,201.9,3.199,44.7855,2.028,47.3319,83,14222.9,-0.0502257,29.4888,12.789,121.267,0.0124676,-21.8516,500,-4.01636,-2.98818,-6.71579,-3.62242,-1.50757,128.54,1874.42,75.9012,14625.4,12285.8,-4.82574,-3.79756,-8.33455,-4.4318,-2.31695,0.648429,1735.61,70.2356,14486.6,0.171201,0.933865,0.00885203,10137.8,-0.00290241,0.0789273,15.1105,29.291,125.29,95.5629,1.13206,12.8684,12.333,120.49,137.736,4.80061,-42.173 
84,202.5,3.526,44.8792,2.024,47.4338,84,14361.8,-0.0222655,33.6499,11.3111,121.453,-0.0070868,5.45583,500,-5.28648,-2.53825,-11.8453,-4.60312,-3.56566,80.8536,348.184,76.89,16549.4,12391.6,-5.79559,-3.04736,-12.8635,-5.11223,-4.07478,0.583617,260.872,73.3263,16462.1,0.0265955,0.670289,0.00813843,9808.87,-0.00228758,-0.0191296,8.04679,5.71311,116.582,78.4794,1.53294,11.7107,11.6224,121.074,136.386,-4.49194,-57.9067 
85,202.06,3.286,44.8105,2.027,47.3591,85,12720.4,-0.13944,28.0114,12.2328,121.144,-0.0258848,-19.637,7.72797e-11,-7.26014,-1.91409,-8.45534,-3.1676,-4.08102,116.258,1424.54,73.1018,13621.4,11171.2,-7.99219,-2.64614,-9.91943,-3.89964,-4.81307,0.661111,1299,67.9775,13495.9,0.142331,0.916104,0.00919323,9126.6,-0.00309203,0.0681485,13.1547,43.347,124.303,108,1.13624,12.3095,11.4377,120.451,137.576,3.85194,-29.5756 
86,201.94,3.22,44.7917,2.028,47.3387,86,14506.1,-0.786013,29.9626,13.5038,120.915,0.123152,144.408,487.63,-7.20634,-4.62436,-6.87785,-0.793355,-3.97758,147.551,2010.12,82.3719,14769.8,13750.3,-8.13543,-5.55345,-8.73603,-1.72245,-4.90667,0.699318,1850.78,75.8682,14610.5,0.179254,0.933065,0.0094749,10324.9,-0.00351,0.0830871,14.6167,49.6987,124.488,108,1.09415,12.9157,11.7657,119.855,137.178,4.63377,-29.1782 
87,203.1,3.853,44.9727,2.02,47.5354,87,17339.7,-0.258457,39.576,11.3959,121.324,-0.477635,386.886,5.31524e-09,-10.8112,-5.35735,-5.90655,-1.20126,0.199848,102.247,274.738,100.409,19674.6,20697.2,-11.4551,-6.00118,-7.1942,-1.84508,-0.443976,0.73295,164.322,95.9025,19564.2,0.0142746,0.494721,0.0089491,11511.5,-0.00240554,-0.0274791,9.61319,8.83813,117.121,80.7738,1.82159,11.7899,11.5584,121.075,137.008,-3.95404,-56.2342 
88,203,3.798,44.9571,2.021,47.5185,88,13756.7,-0.71925,34.6339,10.9829,121.489,1.06303,462.145,457.601,-5.55036,-5.15576,-6.76212,-5.36673,-0.231914,113.788,195.637,92.3068,16158.6,28375.3,-6.26685,-5.87225,-8.1951,-6.08322,-0.948404,0.700535,72.7591,87.2914,16035.7,0.00776223,0.32263,0.00992805,9373.48,-0.0023322,-0.0300813,8.25096,8.80531,116.736,80.901,1.59453,11.2518,11.3233,121.198,136.624,-4.46174,-55.7232 
89,201.8,3.144,44.7699,2.029,47.3149,89,12929.4,-0.141999,26.124,13.2838,121.029,-0.0758661,100.721,500,-5.10264,-2.19018,-2.63083,-3.27976,-5.26151,120.736,2424.67,89.62,12654.8,11545.6,-5.86288,-2.95042,-4.15131,-4.04,-6.02175,0.819715,2294.29,84.2983,12524.4,0.240028,0.939585,0.0122469,9558.43,-0.00274986,0.0947204,17.1353,25.7841,124.54,94.3763,0.947668,13.0358,12.5291,120.297,137.76,4.24302,-43.3842 
90,202.1,3.308,44.8167,2.027,47.3659,90,13037.8,-0.0313639,28.7444,12.1376,121.384,0.0084907,3.30574,500,-5.66849,-2.23969,-9.60864,-0.394456,-1.43014,110.268,1228.7,93.9482,14159.1,11358.4,-6.36282,-2.93401,-10.9973,-1.08878,-2.12447,0.532177,1109.63,89.0879,14040,0.119923,0.876807,0.0115537,9252.81,-0.00289054,0.0855129,12.2625,28.8082,124.695,108,1.16214,12.3795,11.7957,120.654,138.069,4.04069,-30.0689 
91,202.18,3.351,44.8292,2.026,47.3795,91,13306.8,-0.0202493,29.715,12.0485,121.124,0.0415762,48.3392,499.99,-6.27902,-1.55174,-8.31348,-2.75034,-4.37855,82.1649,882.031,48.9591,15083.7,11720.2,-6.79639,-2.06911,-9.34822,-3.26771,-4.89592,0.645597,793.302,45.3375,14995,0.0835901,0.90908,0.00553879,9490.38,-0.00334511,0.0466422,13.3656,42.3686,124.886,108,1.28195,12.226,11.6833,120.676,137.751,4.21025,-29.7509 
92,201.5,2.98,44.7229,2.031,47.2639,92,10949.5,-0.564499,23.6378,13.5407,120.783,0.042938,401.093,500,-7.24723,-7.29629,-10.6074,-1.32481,-3.37037,130.932,2025.47,50.7394,11333,10980,-8.07167,-8.12074,-12.2562,-2.14926,-4.19481,0.647735,1884.08,44.9682,11191.6,0.224959,0.959906,0.00734728,8375.19,-0.00302037,0.0878792,17.5418,20.904,124.725,90.8195,0.852193,13.1644,12.8264,119.948,137.554,4.77702,-46.7349 
93,202,3.253,44.8011,2.027,47.3489,93,12240.9,-0.0185587,27.7429,11.9897,120.981,0.000111502,20.6929,23.1285,-7.21434,-0.712887,-7.87855,-4.74918,0.281221,87.7683,1261.7,49.9412,13542.8,10828.3,-7.76699,-1.26554,-8.98385,-5.30183,-0.271433,0.619161,1166.92,46.0726,13448,0.130138,0.935371,0.00627142,8966.78,-0.00349939,0.058587,12.4295,53.3035,125.04,108,1.12616,12.2714,11.5732,120.177,137.124,4.86243,-29.1243 
94,201.3,2.871,44.6916,2.032,47.2299,94,11841.3,-0.0684072,26.0532,12.5383,120.385,0.166994,-292.932,499.972,-6.19372,-5.28694,-11.5908,-0.862393,-5.48403,133.203,1599.67,50.4292,12702.2,12226.4,-7.03247,-6.12569,-13.2683,-1.70114,-6.32277,0.614858,1455.82,44.558,12558.4,0.166576,0.949161,0.00649346,8739.69,-0.00299701,0.0826238,13.8667,25.1402,124.923,95.4466,0.983114,12.8301,12.5201,119.56,136.816,5.36291,-41.3695 
95,201.4,2.926,44.7073,2.031,47.2469,95,11623.5,-0.130883,25.2556,-12.9,120.454,-0.239114,353.971,500,-5.27843,-5.19538,-9.59198,-1.07806,-3.79703,150.338,1976.29,55.9843,12237.7,13361.1,-6.22507,-6.14202,-11.4853,-2.0247,-4.74367,0.624919,1813.94,49.3578,12075.3,0.205718,0.954546,0.00747334,8817.62,-0.00318711,0.0906838,16.3367,22.1937,124.753,92.1164,0.943924,12.9519,12.5815,119.634,137.2,5.11928,-45.0832 
96,202.4,3.471,44.8636,2.025,47.4168,96,13516.9,0.0403328,31.36,11.4267,121.259,0.500356,512.165,2.69485e-11,-5.25089,-3.55513,-7.79812,-3.24732,-5.44381,42.8515,494.164,76.2868,15521.4,20007.5,-5.52072,-3.82496,-8.33777,-3.51714,-5.71364,0.69021,447.889,74.3981,15475.1,0.0475292,0.77478,0.00877836,9423.45,-0.00221951,-0.0153826,-5.38631,-0.25571,110.471,78.2031,1.42066,11.8203,11.6985,120.862,137.665,-10.3914,-59.4622 
97,202.22,3.373,44.8355,2.026,47.3862,97,15060.7,-0.174428,32.4373,12.2937,121.066,0.13166,291.57,476.624,-2.95612,-1.48679,-7.06473,-1.33762,-2.66318,80.1784,1203.85,87.994,16110.3,14231.1,-3.46098,-1.99166,-8.07445,-1.84248,-3.16804,0.564429,1117.27,84.4599,16023.8,0.107316,0.883165,0.00961622,10411,-0.00292692,0.0729609,12.7339,36.0348,124.625,108,1.35087,12.2947,11.5439,120.489,136.908,4.13567,-28.9082 
98,202.02,3.264,44.8042,2.027,47.3523,98,14245.9,-0.0610337,29.6077,12.6763,121.07,0.0210043,9.22613,0.0344469,-2.06015,-2.2328,-5.68177,-3.45008,-3.3686,129.309,1650.24,86.0266,14890.7,12224.1,-2.87437,-3.04702,-7.31022,-4.2643,-4.18282,0.662793,1510.6,80.327,14751.1,0.150066,0.914865,0.00993154,10066.2,-0.00328291,0.0761486,13.7244,45.8293,124.518,108,1.15981,12.7539,11.6486,120.259,137.038,4.25897,-29.0379 
99,202.2,3.362,44.8324,2.026,47.3829,99,13331.4,-0.772839,30.6014,-12.3268,121.148,-0.150311,121.847,7.59358,-6.66864,-0.54755,-10.3605,-4.30715,0.12861,110.775,945.824,50.6534,14950,12875.9,-7.36615,-1.24507,-11.7555,-5.00467,-0.568909,0.546824,826.2,45.7708,14830.4,0.0876343,0.91162,0.00565313,9427.81,-0.00331637,0.0546041,12.6091,43.8207,124.975,108,1.2957,12.151,11.3861,120.56,137.308,4.41495,-29.3075 
100,202.26,3.395,44.8417,2.026,47.393,100,12859.9,-0.0240254,30.0981,11.5993,121.024,-0.000861316,16.7505,500,-6.50359,-4.76558,-5.76079,2.5116,-4.64099,113.545,643.152,92.6424,14767.2,11365.4,-7.21855,-5.48055,-7.19071,1.79664,-5.35595,0.693348,520.536,87.6377,14644.6,0.0577449,0.772421,0.0109035,9014.41,-0.00302348,0.112848,10.6144,13.3159,123.429,108,1.29448,12.0811,11.7416,120.591,137.432,2.83796,-29.4323 
101,202.9,3.744,44.9416,2.021,47.5016,101,15682.2,-0.13898,36.8046,-11.2215,121.359,0.111865,25.9938,500,-4.72001,-4.02541,-5.41548,-1.92358,-1.80513,82.3299,139.996,101.599,18279.1,13539.3,-5.23841,-4.54382,-6.4523,-2.44199,-2.32354,0.692749,51.0887,97.9697,18190.2,0.00481906,0.229575,0.00982386,10601.4,-0.00258728,-0.0227607,9.72398,9.8577,117.6,80.2282,1.66749,11.7311,11.7726,121.001,136.677,-3.40111,-56.4489 
102,202.3,3.417,44.848,2.025,47.3998,102,14658.8,-0.282876,32.276,-12.1459,121.137,0.195897,80.3267,499.985,-4.50789,-1.08358,-2.38897,-6.79257,-2.62314,127.536,2021.22,100.518,15027.7,13273.9,-5.31095,-1.88664,-3.99509,-7.59562,-3.4262,0.820159,1883.5,94.8965,14889.9,0.179046,0.918974,0.0116039,10519.7,-0.00301368,0.11925,12.4814,25.8044,123.286,97.7229,1.26803,12.3366,11.7033,120.525,136.4,2.76162,-38.6775 
103,202.7,3.635,44.9104,2.023,47.4677,103,15930.2,-0.04356,36.8089,11.2339,121.357,0.0618656,-77.4627,1.7811e-11,-3.87137,-2.46627,-7.79022,0.0675391,0.322451,119.863,443.896,110.264,18147.5,13617.1,-4.62611,-3.22102,-9.29972,-0.687208,-0.432296,0.490883,314.457,104.981,18018.1,0.0292112,0.631219,0.0106189,10765,-0.00234461,-0.0199424,7.65105,-7.26361,116.671,77.8679,1.64621,11.7228,11.8604,121.023,138.031,-4.35262,-60.1626 
104,202.1,3.308,44.8167,2.027,47.3659,104,14354.6,-0.182647,30.4792,12.4812,121.229,0.721885,2162.28,499.99,-2.71525,-5.6038,-8.83004,-1.24062,-1.19011,96.4812,1679.87,127.49,15094,63196.7,-3.32277,-6.21132,-10.0451,-1.84814,-1.79763,0.567488,1575.69,123.238,14989.8,0.15343,0.879607,0.0149188,10269.8,-0.00286353,0.0995563,12.8078,32.691,123.415,108,1.20176,12.5967,11.4933,120.574,136.43,2.8412,-28.43 
105,202.14,3.329,44.823,2.026,47.3727,105,13378.9,-0.0160868,30.0413,11.8723,121.18,-0.00965145,6.27272,8.26558e-11,-6.04771,-7.13906,-2.72424,-1.95752,-4.43672,112.061,1248.82,87.2495,14672.6,11612.5,-6.75333,-7.84468,-4.13549,-2.66314,-5.14234,0.844173,1127.8,82.3102,14551.6,0.117876,0.886745,0.0103123,9567.72,-0.00304291,0.0841167,11.9242,31.2779,123.827,108,1.23019,12.2985,11.5559,120.563,137.309,3.26397,-29.3089 
106,202.1,3.308,44.8167,2.027,47.3659,106,13506.6,-0.0533588,29.1599,-12.4043,121.07,-0.0739053,55.6122,0.00134746,-7.90762,-4.71021,-10.4558,-0.318847,-5.42901,79.0375,1904.84,85.7631,14108.4,11908.6,-8.4053,-5.20788,-11.4512,-0.816525,-5.92669,0.639986,1819.49,82.2793,14023.1,0.18281,0.926666,0.0106928,9952.87,-0.003098,0.0991506,13.4725,25.659,123.64,98.2013,1.1327,12.7527,12.0637,120.441,138.145,3.1992,-39.944 
107,201.6,3.035,44.7386,2.03,47.2809,107,12381,-0.721823,24.9866,14.0392,120.742,0.275485,1088.91,431.343,-7.21285,-3.12736,-8.36923,1.70471,-3.63592,135.609,2602.25,54.1412,11899.2,21184.7,-8.06675,-3.98125,-10.077,0.850819,-4.48982,0.608872,2455.81,48.164,11752.8,0.26485,0.966817,0.00749254,9272.43,-0.00279972,0.101906,19.3317,20.849,124.674,89.5032,0.879042,13.2122,12.8747,119.933,136.965,4.74032,-47.462 
108,202.6,3.58,44.8948,2.023,47.4507,108,14457.9,-0.756597,34.6679,11.5337,121.291,-0.123144,457.942,172.7,-5.97314,-4.25523,-6.24057,-1.33168,-1.90135,143.623,495.076,90.2366,16657,14852.1,-6.8775,-5.15959,-8.04928,-2.23604,-2.80571,0.67967,339.979,83.9061,16501.9,0.0343029,0.698375,0.0092795,9911.1,-0.00332776,0.113228,10.3267,12.5547,123.409,108,1.57317,11.7473,11.2932,120.902,136.948,2.5073,-28.948 
109,201.7,3.089,44.7542,2.029,47.2979,109,13071.1,-0.0959036,25.5329,13.5487,120.769,-0.384862,-908.908,2.193e-05,-8.47152,-6.68555,-2.70491,0.723691,-2.57933,130.924,2767.53,50.0006,12403.2,22648.7,-9.29592,-7.50995,-4.35369,-0.100702,-3.40372,0.82348,2626.14,44.2298,12261.8,0.26968,0.97137,0.00660085,9737.98,-0.00280932,0.109509,18.9529,20.7579,123.969,88.2505,0.915283,13.3851,12.7423,120.025,137.165,3.94397,-48.9148 
110,201.98,3.242,44.798,2.027,47.3455,110,13186.8,0.0134425,28.0441,-12.4596,121.179,-0.0087895,-6.70368,3.52503e-05,-7.74802,-7.97069,-8.73089,-4.00537,-0.542957,135.819,1752.54,73.2019,13692.6,11376.6,-8.60324,-8.82591,-10.4413,-4.86059,-1.39818,0.694065,1605.87,67.2154,13545.9,0.169709,0.931751,0.00905781,9462.5,-0.00323382,0.0788845,13.3236,47.3536,124.761,108,1.07932,12.521,11.6021,120.146,136.582,4.61566,-28.5825 
111,201.2,2.817,44.676,2.033,47.2128,111,13883.2,-0.496537,29.2592,-13.1431,120.559,0.273637,-713.893,500,-6.88133,-2.88958,-12.2367,-0.279028,-2.90495,157.83,1743.7,77.626,14522.1,18877.8,-7.87514,-3.8834,-14.2243,-1.27284,-3.89876,0.543426,1573.26,70.6693,14351.7,0.158959,0.927121,0.0089892,9897.23,-0.00301459,0.0900576,14.4202,23.1028,125.082,96.1586,1.07653,13.2173,12.7903,119.851,137.86,5.23088,-41.7012 
112,202.8,3.689,44.926,2.022,47.4846,112,16180.5,-0.115573,37.2032,11.2573,121.52,-0.0573686,48.3207,5.21755e-10,-7.86622,-0.976061,-8.3866,-0.408788,-0.0333884,139.612,560.23,150.079,18046.6,13723.8,-8.74532,-1.85516,-10.1448,-1.28789,-0.912489,0.557877,409.464,143.925,17895.9,0.0379518,0.61915,0.0145986,10789.1,-0.00324183,0.159945,10.7726,11.8343,123.493,108,1.6612,11.7246,11.4448,121.129,137.026,2.36334,-29.026 
113,201.1,2.762,44.6603,2.033,47.1958,113,13666.2,-0.0804583,29.6907,12.5234,120.772,0.109523,33.3845,500,-9.34768,-1.5799,-1.88862,1.94977,-1.41131,126.599,1285.86,77.9932,15063.8,12223.3,-10.1448,-2.37706,-3.48294,1.1526,-2.20847,0.79585,1149.15,72.4131,14927.1,0.117178,0.900678,0.00885713,9806.86,-0.00328836,0.0882906,12.0491,24.329,124.666,100.485,1.11738,13.1124,12.7804,119.896,138.093,4.76951,-37.6084 
114,201.9,3.199,44.7855,2.028,47.3319,114,12936.7,-0.776666,27.5033,13.4195,120.975,-0.528706,1330.11,3.63333,-6.9954,-3.13242,-6.07723,-0.782044,-6.18553,141.42,2001.67,76.2104,13307.2,34907.5,-7.88588,-4.0229,-7.8582,-1.67253,-7.07601,0.724424,1848.95,69.977,13154.4,0.195068,0.937882,0.00970426,9478.53,-0.00305672,0.0805165,15.8012,30.3819,125.013,95.1872,1.03535,12.8578,12.1936,120.182,136.985,4.8314,-41.7981 
115,202.5,3.526,44.8792,2.024,47.4338,115,13928.3,-0.246042,33.4178,11.2704,121.44,0.0575803,56.6554,457.673,-0.869198,-2.64755,-6.77773,-2.89209,-6.31232,134.875,293.688,73.8565,16330.8,12366.8,-1.71847,-3.49683,-8.47627,-3.74137,-7.16159,0.655359,148.038,67.9116,16185.1,0.015525,0.554691,0.00767005,9535.41,-0.00248545,-0.0166927,7.98811,6.26991,117.922,75.5452,1.52465,11.7797,11.472,121.13,137.193,-3.20825,-61.6479 
116,202.06,3.286,44.8105,2.027,47.3591,116,13397.5,-0.477489,30.3561,-12.3864,121.153,-0.329209,117.147,0.496396,-5.37338,-4.69541,-6.75188,0.51907,-4.22395,132.492,1248.13,82.6133,14877,13495.5,-6.20765,-5.52968,-8.42042,-0.315197,-5.05821,0.67019,1105.05,76.7735,14733.9,0.114504,0.891598,0.00950732,9650.73,-0.00335996,0.0794673,12.382,33.5492,123.972,108,1.22807,12.5163,11.5689,120.484,138.158,3.48808,-30.1584 
117,201.94,3.22,44.7917,2.028,47.3387,117,12986.9,-0.0471709,27.4546,12.9242,121.211,-0.0284023,21.2521,500,-3.43198,-3.15496,-9.40413,-4.65926,0.0920977,170.851,1807.88,66.5881,13664.4,11570.5,-4.50778,-4.23076,-11.5557,-5.73506,-0.983705,0.572217,1623.38,59.0575,13479.9,0.171937,0.940147,0.00800594,9441.71,-0.00358763,0.0765563,13.7464,48.4131,124.652,108,1.04145,12.9864,11.6893,120.24,137.716,4.4119,-29.716 
118,203.1,3.853,44.9727,2.02,47.5354,118,13437.4,-0.835687,34.9705,11.0564,121.265,0.113227,-136.458,440.586,-5.11087,-7.87132,-1.74478,-4.82389,-4.95007,121.219,71.3014,110.968,16264.1,13089.7,-5.87416,-8.63461,-3.27135,-5.58718,-5.71335,0.887508,-59.6018,105.625,16133.2,-0.00641042,-0.47589,0.0119167,9297.64,-0.002872,-0.0297672,11.2585,9.2937,120.791,81.6684,1.57958,11.3338,11.5997,120.996,137.523,-0.204044,-55.8543 
119,203,3.798,44.9571,2.021,47.5185,119,13902.8,-0.142752,34.5325,10.8174,121.216,0.127477,220.307,52.0136,-3.0889,-2.25491,-1.74752,-3.86778,-2.23975,134.135,73.3201,101.578,16608.4,13074.5,-3.93351,-3.09953,-3.43675,-4.71239,-3.08437,0.811856,-71.5309,95.6656,16463.6,-0.00754757,-0.746017,0.0105906,9477.35,-0.00264783,-0.0320068,9.92738,9.28294,116.6,82.1506,1.60811,11.4396,11.4204,121.079,137.022,-4.47908,-54.8714 
120,201.8,3.144,44.7699,2.029,47.3149,120,11117.5,-0.351625,23.843,13.3487,120.922,0.302617,-649.043,500,-7.78087,-4.62926,-6.73394,-3.96566,-2.54863,124.203,1954.09,52.0235,11670.8,16754.7,-8.56294,-5.41133,-8.29809,-4.74773,-3.3307,0.726594,1819.97,46.5489,11536.7,0.213831,0.957158,0.0073778,8511.25,-0.00317781,0.079431,17.21,24.8608,125.585,91.9147,0.899429,13.085,12.4377,120.109,137.909,5.47649,-45.9942 
121,202.18,3.351,44.8292,2.026,47.3795,121,13748.6,0.0135514,30.6154,12.0175,121.279,-0.00691014,8.4033,500,-8.67003,-5.77562,-5.552,0.447859,-3.43062,170.812,1117.77,95.9652,15279.5,11978.9,-9.74559,-6.85118,-7.70313,-0.627701,-4.50619,0.73829,933.314,88.4363,15095.1,0.0963325,0.857764,0.010677,9688.47,-0.00296972,0.0931987,12.0873,21.1892,123.668,108,1.29342,12.3836,11.6032,120.756,136.784,2.9125,-28.7842 
122,201.5,2.98,44.7229,2.031,47.2639,122,12063.8,-0.0250069,24.9407,-13.1972,120.794,0.0558421,25.9778,22.1279,-5.16342,-3.82415,-6.18124,-5.46127,-4.76103,176.527,2053.06,36.8186,12358.3,10762,-6.27496,-4.93569,-8.40433,-6.57281,-5.87257,0.737859,1862.44,29.0378,12167.6,0.208801,0.97344,0.00437689,8919.67,-0.00299543,0.0937015,17.6362,19.3827,124.917,90.0634,0.893793,13.3282,13.2128,119.94,138.252,4.97743,-48.1885 
123,202,3.253,44.8011,2.027,47.3489,123,12956.3,-0.0932933,28.1979,12.5387,120.908,-0.176625,-112.028,0.631923,-6.80626,-8.40111,-8.7846,-0.920941,-0.713169,145.923,1684.92,61.0079,13981,12153.8,-7.7251,-9.31995,-10.6223,-1.83978,-1.63201,0.658877,1527.33,54.5761,13823.4,0.160016,0.941148,0.00722031,9544.89,-0.00331383,0.0694944,15.9533,27.3033,125.082,93.8639,1.13843,12.7,12.0707,120.305,136.962,4.77679,-43.0979 
124,201.3,2.871,44.6916,2.032,47.2299,124,12090.4,-0.149442,25.2333,12.9589,120.568,0.41528,-370.423,0.00140602,-3.56528,-5.1263,-5.60019,0.706788,-1.26328,155.167,1490.15,41.435,12881,15652.4,-4.54233,-6.10334,-7.55428,-0.270258,-2.24032,0.635245,1322.59,34.5957,12713.4,0.152085,0.956228,0.00498772,8696.37,-0.0027907,0.072153,16.7566,19.8578,125.295,92.5104,0.983121,13.0602,12.6875,119.93,137.449,5.36504,-44.9385 
125,201.4,2.926,44.7073,2.031,47.2469,125,11681.1,-0.0409818,24.1122,13.1502,120.513,-0.901569,369.32,0.0538167,-2.58285,-3.29906,-8.55716,-1.83386,-2.79637,155.363,1967.5,76.669,12087.6,21161.2,-3.56113,-4.27734,-10.5137,-2.81214,-3.77465,0.578422,1799.72,69.821,11919.9,0.20655,0.936424,0.010675,8713.25,-0.00290577,0.083729,17.0461,23.5003,124.884,94.3743,0.903284,13.0652,12.7063,119.748,137.573,5.13623,-43.1983 
126,202.4,3.471,44.8636,2.025,47.4168,126,16167.6,-0.033695,35.8661,11.7877,121.234,-0.025105,5.49624,500,-6.23353,-1.85731,-4.11806,-4.42978,-6.09302,106.497,736.174,95.8733,18010.4,13767.4,-6.90411,-2.52789,-5.45922,-5.10036,-6.7636,0.795956,621.17,91.1792,17895.4,0.0564674,0.795623,0.00929847,11000.5,-0.00306307,0.0989179,11.0468,14.2633,124.079,108,1.57424,12.2237,11.6964,120.856,138.015,3.22225,-30.0152 
127,202.22,3.373,44.8355,2.026,47.3862,127,14523.5,-0.048402,31.7952,11.9177,121.287,0.0120653,24.2789,3.02744e-12,-5.45719,-6.72745,-5.55012,-2.87689,-3.55574,92.6581,1327.31,111.361,15635.3,12344.8,-6.04064,-7.31089,-6.717,-3.46033,-4.13918,0.757229,1227.25,107.276,15535.3,0.119875,0.867324,0.0125606,10237.7,-0.00259969,0.10535,12.054,18.8248,123.652,108,1.36193,12.1025,11.5378,120.825,136.54,2.82665,-28.5405 
128,202.02,3.264,44.8042,2.027,47.3523,128,12972.4,-0.0152794,27.7523,12.5566,121.24,0.00285392,4.02295,500,-7.82507,-1.66399,-8.84463,-3.25708,-4.43691,148.632,1527.17,73.5716,13981.9,11344.4,-8.76096,-2.59988,-10.7164,-4.19298,-5.37281,0.661334,1366.67,67.0204,13821.4,0.145652,0.920964,0.00885335,9383.06,-0.00332267,0.0686557,13.6563,45.8807,124.548,108,1.09499,12.5929,11.7575,120.461,137.391,4.08718,-29.3907 
129,202.2,3.362,44.8324,2.026,47.3829,129,15490,-0.0109708,33.489,-12.1478,121.293,0.00449134,-8.43766,500,-5.48855,-4.11771,-6.08086,-3.07404,-5.49769,132.457,925.25,75.1805,17184.1,13244.4,-6.3226,-4.95175,-7.74896,-3.90809,-6.33174,0.735197,782.211,69.3421,17041,0.0733368,0.865699,0.00743999,10666,-0.00303656,0.0896556,11.2156,18.3389,124.303,108,1.42159,12.6194,11.9037,120.747,138.023,3.55636,-30.0235 
130,202.26,3.395,44.8417,2.026,47.393,130,16119.4,-0.0663212,34.8598,-12.1233,121.412,0.00892801,-1.05601,500,-0.220219,-5.12342,-0.428069,0.711754,-2.87913,108.273,872.946,73.8231,17813,13757.8,-0.901985,-5.80518,-1.7916,0.0299887,-3.5609,0.851068,756.023,69.0507,17696.1,0.0686061,0.862192,0.00713666,11019.8,-0.00362803,0.0595853,12.1849,46.6797,125.368,108,1.45567,12.4911,11.7724,120.731,137.304,4.63729,-29.3045 
131,202.9,3.744,44.9416,2.021,47.5016,131,16140.4,-0.0881695,37.4433,-11.2456,121.702,-0.000966835,-7.53731,499.055,-2.34973,-3.42464,-3.12592,1.59872,-1.22414,109.525,355.834,146.462,18480.7,13707.5,-3.03938,-4.11429,-4.50522,0.909068,-1.91379,0.644239,237.56,141.635,18362.4,0.021819,0.489389,0.0140097,10887.8,-0.00230017,-0.0246123,11.7242,8.35745,115.843,81.97,1.68064,11.721,11.7849,121.364,136.519,-5.52034,-54.5489 
132,202.3,3.417,44.848,2.025,47.3998,132,16505.1,-0.00616483,35.3703,-12.0797,121.304,-0.0206505,-6.03083,500,-2.66626,-4.02956,2.77172,-6.12456,-3.7821,97.9429,1057.76,116.706,17904.2,13912.9,-3.28298,-4.64628,1.53828,-6.74128,-4.39882,1.08775,951.996,112.389,17798.4,0.0844336,0.828776,0.0114983,11275.1,-0.00283461,0.125241,11.4889,14.1112,123.687,108,1.48284,12.5071,11.9336,120.83,137.441,2.85661,-29.441 
133,202.7,3.635,44.9104,2.023,47.4677,133,15853.8,-0.0222632,36.3144,11.2555,121.58,0.00602048,-11.6015,500,-2.47589,0.848291,-5.01169,-3.27753,0.873297,93.3443,1445.6,82.8906,16940,13308,-3.06366,0.260527,-6.18721,-3.8653,0.285533,0.507783,1344.8,78.7762,16839.2,0.121027,0.907019,0.00854402,11111.5,-0.00318662,0.109114,10.8577,27.0891,123.429,102.212,1.55334,11.821,11.2427,121.113,136.565,2.31665,-34.3529 
134,202.1,3.308,44.8167,2.027,47.3659,134,13639.3,-0.022585,29.5144,12.2369,121.218,-0.0163206,-8.64711,500,-3.90441,-1.52749,-9.44206,-1.00642,-3.39249,114.445,1366.49,81.5769,14710.5,11761.7,-4.62504,-2.24813,-10.8833,-1.72705,-4.11312,0.538777,1242.91,76.5325,14586.9,0.128091,0.902725,0.00957237,9703.32,-0.00307525,0.0766902,12.6377,39.3857,124.271,108,1.20962,12.4486,11.401,120.505,137.194,3.76565,-29.194 
135,202.14,3.329,44.823,2.026,47.3727,135,13082.6,0.0153357,28.9351,11.9875,121.07,-0.0273267,-2.33741,499.758,-8.47012,-4.37015,-4.99714,-4.03662,-2.97917,96.4766,1064.03,68.4325,14472.3,11293.5,-9.07761,-4.97764,-6.21212,-4.64411,-3.58665,0.782017,959.842,64.18,14368.1,0.103283,0.895244,0.00816124,9293.34,-0.00293146,0.0703165,12.3353,31.6744,124.271,108,1.22784,12.3046,11.4874,120.444,137.27,3.8266,-29.2704 
136,202.1,3.308,44.8167,2.027,47.3659,136,13999,-0.0266207,30.9987,12.2013,121.292,0.0228797,-43.4606,500,-3.40754,-3.11308,-6.5531,-4.14861,-3.53788,97.4314,1097.68,62.2805,15594.6,12344.8,-4.02104,-3.72658,-7.7801,-4.76211,-4.15138,0.681681,992.462,57.986,15489.4,0.0994818,0.907238,0.00684887,9976.31,-0.00373394,0.0607729,12.4226,49.0168,125.082,108,1.25414,12.5787,11.8195,120.572,137.976,4.50948,-29.9761 
137,201.6,3.035,44.7386,2.03,47.2809,137,13687.8,-0.834685,27.5196,14.2435,120.837,-0.317046,-1213.41,228.513,-7.52508,-4.51503,-6.56105,-0.268647,-4.23926,190.841,3027.84,115.657,13050,25283.6,-8.72675,-5.71671,-8.9644,-1.47032,-5.44094,0.704332,2821.75,107.246,12843.9,0.274724,0.937636,0.0151484,10271.2,-0.00320183,0.116831,17.0704,26.1158,124.418,92.8658,0.906799,13.5077,13.0718,119.812,137.251,4.60595,-44.3851 
138,202.6,3.58,44.8948,2.023,47.4507,138,12378.9,-0.743387,31.5885,11.3909,121.384,0.537736,913.342,499.999,-4.51274,-1.49951,3.28745,-4.22732,-2.25309,126.606,173.292,79.3602,15120.4,27701.5,-5.30995,-2.29672,1.69304,-5.02452,-3.05029,1.12103,36.5711,73.7797,14983.7,0.0041905,0.220726,0.00898898,8727.12,-0.00282977,-0.015684,11.1171,-8.47867,115.967,82.2714,1.46181,11.6123,11.3385,121.027,136.87,-5.06058,-54.5987 
139,201.7,3.089,44.7542,2.029,47.2979,139,10588.6,-0.118887,22.9376,13.1005,120.985,-0.252649,67.7257,1.85018e-08,-6.64316,-5.25707,-2.14965,-2.07642,-2.70247,132.752,2135.44,83.1942,10937.8,10339.1,-7.47907,-6.09298,-3.82146,-2.91232,-3.53837,0.839732,1992.09,77.3428,10794.5,0.241381,0.936379,0.0130268,8252.88,-0.00314608,0.0839391,16.9479,27.3283,125.097,93.3384,0.826616,13.0091,12.5137,120.172,137.283,4.92445,-43.9446 
140,201.98,3.242,44.798,2.027,47.3455,140,12994.9,-0.407493,28.2034,12.8585,120.987,1.06903,-1161.18,500,-3.39309,-3.19077,-2.40182,-1.20935,-1.73325,119.525,1681.55,74.821,13832.2,52215,-4.14571,-3.94339,-3.90706,-1.96197,-2.48587,0.762402,1552.48,69.5527,13703.1,0.163414,0.927298,0.00926334,9500.28,-0.00347263,0.076303,13.6114,45.4861,124.587,108,1.07843,12.7667,11.64,120.054,137.847,4.53249,-29.8473 
141,201.2,2.817,44.676,2.033,47.2128,141,14475.7,0.145054,29.8003,-12.9343,120.531,-0.112727,26.0347,3.41232e-08,-0.225514,-2.30903,-2.91799,-5.54807,-3.59111,155.561,1686.47,58.6291,15457.7,12643.1,-1.20504,-3.28856,-4.87705,-6.5276,-4.57064,0.761734,1518.48,51.7724,15289.7,0.146198,0.943694,0.00619887,10386.5,-0.00330617,0.0854057,15.1633,21.8326,124.528,92.576,1.12166,13.4084,12.9676,119.92,137.466,4.60832,-44.8898 
142,202.8,3.689,44.926,2.022,47.4846,142,16706.2,-0.0481971,38.1219,11.3511,121.503,0.0784267,-37.6979,1.79038e-11,-5.22818,-1.7632,-5.62415,0.856272,2.14174,87.319,242.047,110.169,19082.8,14182.9,-5.778,-2.31302,-6.7238,0.306447,1.59191,0.479439,147.752,106.32,18988.5,0.0132382,0.442619,0.010209,11161.1,-0.00240264,-0.0239459,11.2223,8.16668,116.043,83.1361,1.69157,11.9171,11.9202,121.147,136.943,-5.10435,-53.8072 
143,201.1,2.762,44.6603,2.033,47.1958,143,14639.9,-0.778579,31.0012,13.1057,120.483,-0.597769,7.14347,341.274,-0.851601,-3.20128,-5.9389,0.650615,0.764049,142.914,1484.44,73.321,15537.5,13365.2,-1.75149,-4.10117,-7.73868,-0.249274,-0.13584,0.446306,1330.11,67.0218,15383.1,0.129737,0.918966,0.00796186,10252.3,-0.00297659,0.0823013,13.4882,24.7132,124.384,98.425,1.17432,13.1505,12.5174,119.798,137.746,4.58538,-39.3207 
144,201.9,3.199,44.7855,2.028,47.3319,144,13548.2,-0.00676169,28.1516,12.8947,121.021,-0.0517205,-35.0725,2.15379e-12,-2.52536,-0.0807623,-7.254,-2.03831,-6.18342,204.147,1920.59,67.2812,14094.7,11876.1,-3.81082,-1.36622,-9.82493,-3.32377,-7.46888,0.619109,1700.13,58.2829,13874.2,0.174423,0.943403,0.00767892,9747.17,-0.00323695,0.0722918,17.0113,29.916,125.644,92.5416,1.1059,12.9504,12.1623,120.276,137.499,5.36818,-44.9572 
