cyc,delaytime,precharge,freq,cyc,ROIsum,fBg,fA1,fWidth1,fCtr1,fA2,fWidth2,fCtr2,box1,box2,box3,box4,box5,box6,box7,box8,box9,Nfit,BZ-2,BZ-1,BZ0,BZ1,BZ2,Excited,c5,c7,c9,fraction95,fraction75,fraction97,sum95
21,10.99,10.02,44.723,21,34331,-0.490351,67.9144,11.7991,114.834,-0.124869,-908.876,460.994,1.12331,4.19167,4.31177,-0.859038,1.91394,18.391,62.4976,46.8432,35669.1,29780.4,1.00751,4.07586,4.08016,-0.974841,1.79814,0.591446,36.7024,45.8878,35643.3,0.00102866,0.31368,0.00236595,35680 
22,10.99,10.02,44.783,22,34429.2,-0.155,69.4415,11.3951,114.955,-0.150739,63.7052,2.49305e-09,2.71304,2.24257,-1.85183,-3.37822,2.18161,115.109,3008.88,63.8735,32751.4,26071.9,1.98823,1.51775,-3.30146,-4.10304,1.4568,-0.352103,2847.43,57.8938,32589.9,0.0803512,0.965642,0.0032617,35437.3 
23,10.99,10.02,44.923,23,33192.7,-0.00498547,65.4002,11.6025,114.946,-0.0298568,10.8891,500,1.81889,-0.24669,4.46117,-1.75518,2.71998,80.3135,157.551,49.4201,34309.5,24712.2,1.31318,-0.752403,3.44974,-2.26089,2.21427,0.12971,44.9036,45.2479,34196.8,0.00131137,0.361871,0.00243148,34241.7 
24,10.99,10.02,44.773,24,33778.7,-0.214898,67.8543,11.5005,115.039,0.184014,-12.518,500,1.26099,1.93976,0.122223,-2.98971,-1.16577,55.4265,1819.83,52.737,33314,25478.2,0.911989,1.59075,-0.575789,-3.33872,-1.51478,0.803253,1742.09,49.8577,33236.3,0.0498047,0.952305,0.00275572,34978.4 
25,10.99,10.02,44.833,25,32160.6,-0.0227609,66.2795,11.0997,114.718,-0.0521301,114.051,500,0.34151,-0.390836,1.9238,-1.02457,0.761118,86.2765,4380.01,73.4791,29108.8,24142.4,-0.20175,-0.934097,0.83728,-1.56783,0.217858,1.50789,4259,68.9972,28987.8,0.128102,0.972431,0.00436547,33246.8 
26,10.99,10.02,44.913,26,35206.2,-0.474531,69.8084,11.8006,114.787,0.559762,63.6779,3.7657e-09,4.94657,1.08453,2.1585,0.810192,-0.485396,21.8082,87.6525,36.362,36502.8,27977,4.80925,0.947206,1.88386,0.672871,-0.622717,0.755039,57.0644,35.2291,36472.3,0.00156215,0.480682,0.00177616,36529.3 
27,10.99,10.02,44.813,27,32671,-0.288164,67.916,11.1238,114.942,0.272776,203.713,2.85954e-09,4.22843,0.280884,1.8935,-1.46082,3.19839,73.7474,4230.05,61.1476,29847.8,26402.3,3.76407,-0.183484,0.964766,-1.92519,2.73402,0.819811,4126.61,57.3166,29744.4,0.121833,0.97627,0.00353713,33871 
28,10.99,10.02,44.863,28,34712,-0.12047,69.6282,11.413,114.973,0.125194,-54.8071,8.70944e-12,2.13034,1.16683,5.26743,2.19382,-0.355218,63.2993,2677.94,58.2146,33401.8,26092.4,1.73176,0.768252,4.47028,1.79524,-0.753797,0.442034,2589.16,54.9264,33313.1,0.072117,0.964204,0.00302805,35902.2 
29,10.99,10.02,44.803,29,34144.8,-0.059308,69.0118,11.3375,115.057,0.0900795,-92.9826,500,2.52215,1.27783,0.640534,0.0371658,0.242016,85.2372,4390.47,79.2216,31025.9,25743,1.98543,0.741112,-0.432898,-0.49955,-0.2947,1.28872,4270.91,74.7937,30906.4,0.121411,0.970265,0.00443813,35177.3 
30,10.99,10.02,44.903,30,33694.3,-0.153889,65.9958,11.7201,114.892,0.382712,-333.205,500,3.84793,1.51549,0.599919,2.96548,1.86751,46.9431,324.06,49.3748,34685.6,29330.5,3.55234,1.2199,0.00874218,2.66989,1.57192,0.999031,258.218,46.9362,34619.8,0.00740345,0.758669,0.00249123,34878 
31,10.99,10.02,44.733,31,36237.7,-0.534535,71.0878,11.9254,114.707,0.49528,-15.0351,84.4809,2.51559,0.529668,2.42995,0.231723,2.58214,43.5305,228.991,41.6881,37552.3,27839.6,2.24149,0.255568,1.88175,-0.0423768,2.30804,0.716795,167.936,39.4268,37491.2,0.00445936,0.708791,0.00193346,37659.1 
32,10.99,10.02,44.843,32,34073.9,-0.39611,69.3053,11.3275,114.907,0.417794,-438.113,409.556,2.16882,2.38675,2.22361,-0.0398002,1.81011,80.8608,4212.23,97.7859,31118.9,31514.8,1.65967,1.8776,1.20529,-0.548959,1.30095,0.780639,4098.81,93.5854,31005.5,0.116761,0.961579,0.00552937,35104.3 
33,10.99,10.02,44.793,33,35406,-0.436219,71.1802,11.4995,115.072,0.335988,-79.9176,28.8787,4.49082,1.49856,-0.215669,1.0579,-0.979728,101.924,3775.53,62.9765,32911.9,27520.3,3.84903,0.856774,-1.49925,0.416104,-1.62152,1.7492,3632.57,57.6817,32768.9,0.0997918,0.972963,0.0032321,36401.5 
34,10.99,10.02,44.743,34,34587.9,-0.087017,68.0187,11.6472,114.819,0.377394,-323.093,0.000810878,4.0809,0.312278,1.18117,1.36818,-1.21223,-5.64408,351.423,46.3464,35522.3,29758.9,4.11644,0.347817,1.25225,1.40372,-1.17669,0.789309,359.339,46.6396,35530.2,0.0100124,0.814905,0.00241225,35889.6 
35,10.99,10.02,44.853,35,35145,-0.474675,71.367,11.4511,114.687,-1.64355,3131.26,147.252,0.276985,1.74132,0.734926,-2.7773,-1.42896,62.745,3126.38,61.1404,33407.6,194135,-0.118104,1.34623,-0.0552515,-3.17239,-1.82405,0.98555,3038.37,57.8809,33319.5,0.0835683,0.967738,0.0031898,36357.9 
36,10.99,10.02,44.763,36,33560.3,-0.100945,66.8096,11.5253,114.805,0.0313448,55.2766,1.39439e-10,5.45491,5.02691,4.7917,0.158075,1.39846,29.6602,1282.01,53.7715,33577.2,25122.5,5.26815,4.84015,4.41818,-0.0286867,1.2117,0.718757,1240.41,52.2307,33535.6,0.0356685,0.931369,0.00286081,34776 
37,10.99,10.02,44.893,37,35385.5,-0.0627204,68.4378,11.8195,114.606,-0.0116317,10.2345,2.54161e-11,4.37921,1.83707,3.91582,-1.3033,-0.260603,26.3265,631.251,47.4999,36045.9,26336.3,4.21344,1.6713,3.58428,-1.46907,-0.426374,0.526739,594.325,46.1323,36009,0.0162369,0.880408,0.00235442,36603.3 
38,10.99,10.02,44.873,38,33092.4,-0.173302,67.1861,11.378,114.945,-0.07336,312.348,500,-2.77094,3.57862,4.71367,1.49402,1.65991,31.3247,1552.38,36.2182,33001.4,25631.1,-2.96818,3.38138,4.31918,1.29678,1.46266,0.42348,1508.45,34.591,32957.4,0.0437663,0.961418,0.00192968,34465.9 
39,10.99,10.02,44.823,39,34517.4,-0.18901,70.7554,11.3436,115.285,0.0620882,121.03,311.025,1.80625,2.66564,1.74338,0.281328,-1.24658,56.8817,4477.98,69.6085,31474.7,26372.6,1.44808,2.30747,1.02704,-0.0768412,-1.60475,0.668805,4398.2,66.6536,31395,0.122878,0.974164,0.00389568,35793.1 
40,10.99,10.02,44.883,40,35968.7,0.0499295,69.8828,11.7967,115.035,-0.155702,197.522,500,5.90988,2.27073,2.26299,0.527929,-0.713839,71.6728,1230.57,58.3411,36159.2,27837.7,5.45858,1.81943,1.36038,0.0766243,-1.16514,0.819814,1130.04,54.6178,36058.7,0.0303867,0.922014,0.00278246,37188.7 
41,10.99,10.02,44.753,41,33811.8,0.0888166,66.5892,11.5693,114.77,-0.173197,265.169,8.34333e-12,5.76902,2.03675,3.04944,3.61043,2.73496,49.3219,844.389,41.6721,34288.7,26573.8,5.45845,1.72619,2.42831,3.29986,2.42439,0.841672,775.21,39.11,34219.5,0.0221522,0.918874,0.00210094,34994.7 
