cyc,HF AM,HF AM img2,cyc,ROIsum,fBg,fA1,fWidth1,fCtr1,fA2,fWidth2,fCtr2,box1,box2,box3,box4,box5,box6,box7,box8,box9,Nfit,BZ-2,BZ-1,BZ0,BZ1,BZ2,Excited,c5,c7,c9,fraction95,fraction75,fraction97,sum95,ODmean,refmean,Tx,Ty,LiToTF,LiNfit,TFcalc,ToTFcalc,G_ctr_x,G_ctr_y,G_sigma_x,G_sigma_y,G_ar,G_Tx,G_Ty,G_ToTFcalc
0,0.65,0.65,0,45539.3,0,5,101,125,0,5,135,-0.355492,2.37568,-2.55553,-2.77228,-0.0494057,16.9752,11.0991,43945.5,11.1568,16439.4,-0.421081,2.31009,-2.6867,-2.83787,-0.114995,0.283652,10.1071,43871.1,10.1648,0.453135,0.00013163,0.999874,22.3049,0.0204312,-225.898,307.513,325.934,0.241388,52005.1,9.88382e-07,0.320311,131.109,92.404,23.4393,23.9357,0.979262,499.474,530.302,0.520707 
1,0.675,0.675,1,47001,0,5,101,125,0,5,135,-0.877727,-2.81298,3.70083,5.49122,-0.448104,38.3231,-6.83007,44888.4,14.052,16439.4,-1.0258,-2.96105,3.40469,5.34315,-0.596177,0.182511,-9.06967,44720.5,11.8124,-1.77654,-0.000115904,0.999857,5.10526,0.0210869,-71.0527,396.353,393.145,0.295986,54287.9,1.00264e-06,0.393707,131.249,92.061,24.9298,24.6225,1.01248,565.017,561.173,0.56161 
2,0.7,0.7,2,42426.5,0,5,101,125,0,5,135,-1.15032,-0.359608,-4.66543,-3.72967,-5.96522,2.18374,-17.2653,41319.8,3.17026,16439.4,-1.15876,-0.368046,-4.6823,-3.73811,-5.97366,0.705902,-17.3929,41310.2,3.04264,1.2657,-0.000240648,0.99996,-13.7418,0.0190346,140.373,326.017,341.205,0.255006,49432.4,9.71807e-07,0.3432,131.502,92.0236,23.6713,24.0078,0.985985,509.411,533.502,0.536441 
3,0.725,0.725,3,45634.7,0,5,101,125,0,5,135,-0.645277,3.39906,6.97586,5.70612,-0.196964,69.7381,-4.83178,43954.1,2.42649,16439.4,-0.914731,3.1296,6.43696,5.43667,-0.466418,0.527462,-8.90728,43648.5,-1.64901,0.818226,-0.000116624,1.00002,-10.8861,0.0204739,364.286,359.188,371.892,0.275083,52746.8,9.93058e-07,0.36804,131.283,92.1541,24.2576,24.4687,0.991373,534.956,554.183,0.548291 
4,0.75,0.75,4,44119.1,0,5,101,125,0,5,135,-1.25516,0.185358,-2.90808,-2.90669,-4.35536,47.1141,15.0586,42812.2,0.541458,16439.4,-1.4372,0.00331845,-3.27216,-3.08873,-4.5374,0.734665,12.3053,42605.7,-2.21189,1.27503,0.000165011,1.00003,9.65101,0.019794,644.817,324.914,333.829,0.242156,50965.4,9.81751e-07,0.335463,131.772,92.6091,24.075,24.1908,0.995214,526.934,541.666,0.54418 
5,0.775,0.775,5,40407.4,0,5,101,125,0,5,135,-0.481841,-0.593851,-1.20658,0.0133189,2.03065,87.1819,6.64824,39466.9,2.07816,16439.4,-0.818694,-0.930705,-1.88029,-0.323535,1.6938,0.167801,1.55333,39084.8,-3.01675,-0.751575,2.27095e-05,1.00004,-2.06677,0.0181287,1004.58,327.119,354.585,0.276787,46708.8,9.5362e-07,0.357139,131.686,93.26,23.0987,23.8107,0.970099,485.066,524.78,0.52907 
6,0.8,0.8,6,40283.6,0,5,101,125,0,5,135,0.21951,0.978757,-4.70805,-0.777027,-2.64464,19.4971,-13.264,39389.1,7.38817,16439.4,0.144178,0.903424,-4.85872,-0.85236,-2.71997,0.341945,-14.4034,39303.7,6.24876,2.08598,-0.000209451,0.999914,-6.90484,0.0180732,1263.36,318.706,343.049,0.252523,47190.6,9.56888e-07,0.345551,131.449,93.0222,23.511,24.1542,0.973371,502.537,540.032,0.544418 
7,0.825,0.825,7,42819.8,0,5,101,125,0,5,135,-0.669871,-0.724871,-3.01467,0.0943743,0.0323862,82.6182,0.549351,41173.6,0.415552,16439.4,-0.989091,-1.04409,-3.65311,-0.224846,-0.286834,0.410596,-4.27886,40811.4,-4.41266,0.446923,-5.99147e-05,1.00006,-9.57404,0.0192111,1553.11,419.363,413.812,0.327721,50027.7,9.75693e-07,0.426956,131.787,92.8069,24.9076,24.5142,1.01605,564.011,556.249,0.574071 
8,0.85,0.85,8,39144.5,0,5,101,125,0,5,135,0.136586,0.668575,-1.50356,1.45992,-0.119184,78.702,-7.33293,38043.4,9.31064,16439.4,-0.167502,0.364486,-2.11174,1.15583,-0.423273,-0.786281,-11.9323,37698.4,4.7113,1.90043,-0.000180901,0.999932,-6.27871,0.0175621,1716.41,358.899,368.02,0.283239,45523.7,9.45486e-07,0.384386,131.92,93.8038,24.0348,24.1092,0.996914,525.178,538.021,0.562208 
9,0.875,0.875,9,38625.4,0,5,101,125,0,5,135,-1.92063,-0.368691,-2.11916,-0.699595,-2.1008,69.0533,-11.1511,37514.4,-4.91352,16439.4,-2.18744,-0.635499,-2.65277,-0.966403,-2.36761,0.698881,-15.1865,37211.7,-8.94899,0.58578,-0.000233261,1.00013,-25.9253,0.0173292,2043.7,376.267,384.727,0.305009,45222.2,9.43394e-07,0.403303,131.758,92.9936,24.0762,24.1042,0.998839,526.986,537.795,0.564306 
10,0.9,0.9,10,35293.4,0,5,101,125,0,5,135,-1.71614,0.476001,-0.196517,0.0577271,-1.74396,44.2135,7.45087,34177.5,-0.442476,16439.4,-1.88697,0.305169,-0.538181,-0.113105,-1.91479,0.870252,4.86703,33983.8,-3.02631,3.93946,8.18313e-05,1.00005,1.23546,0.0158344,2287.81,387.413,392.132,0.315956,41248.3,9.14909e-07,0.426015,132.022,93.6843,24.1787,24.0922,1.00359,531.485,537.261,0.584064 
11,0.925,0.925,11,35293,0,5,101,125,0,5,135,1.09594,-1.5457,1.43235,-0.887718,-2.99306,133.759,-3.1362,34434.3,-6.28974,16439.4,0.579124,-2.06252,0.398711,-1.40454,-3.50987,1.06646,-10.9531,33848.1,-14.1066,0.392851,-0.000184946,1.00023,-27.881,0.0158342,2604.3,363.296,370.304,0.288952,41139.3,9.14103e-07,0.40125,131.694,93.0668,24.051,24.0068,1.00184,525.886,533.458,0.57943 
12,0.95,0.95,12,35130,0,5,101,125,0,5,135,-0.556448,1.34605,2.48452,0.958583,-1.35865,52.1043,-7.57419,34048.1,-4.11091,16439.4,-0.757768,1.14473,2.08188,0.757262,-1.55997,-0.249529,-10.6192,33819.8,-7.15588,0.552902,-0.000179457,1.00011,-19.2062,0.015761,2613.26,434.855,424.489,0.366174,41358.4,9.15723e-07,0.469182,132.323,93.1703,24.6687,24.1174,1.02286,553.241,538.386,0.595992 
13,0.65,0.65,13,49127.5,0,5,101,125,0,5,135,-0.76698,5.43467,-0.404877,-2.38975,-2.0782,37.5787,-8.13353,46709.4,-1.03167,16439.4,-0.912177,5.28947,-0.695271,-2.53495,-2.2234,0.354034,-10.3296,46544.7,-3.22777,0.727287,-0.000126833,1.00004,-14.203,0.022041,-247.346,397.455,390.668,0.286624,56099.3,1.01367e-06,0.388734,131.076,92.0803,25.2223,24.7892,1.01747,578.354,568.795,0.565822 
14,0.675,0.675,14,46705.1,0,5,101,125,0,5,135,-3.64663,-0.944203,2.88164,-1.54929,-2.72482,74.501,-10.2443,44882.7,30.5834,16439.4,-3.93449,-1.23206,2.30593,-1.83715,-3.01268,1.29907,-14.5981,44556.1,26.2295,-0.864953,-0.000187254,0.999681,16.8773,0.0209542,-51.8551,369.161,380.389,0.282273,53723.4,9.9915e-07,0.375052,131.447,92.2396,24.4021,24.5626,0.993466,541.35,558.445,0.550299 
15,0.7,0.7,15,47487.6,0,5,101,125,0,5,135,-3.32837,-2.57134,-3.53604,1.09305,2.91261,-30.7795,-27.1558,45796.4,4.77795,16439.4,-3.20945,-2.45242,-3.29819,1.21198,3.03154,0.300718,-25.357,45931.3,6.5767,1.45188,-0.000315565,0.999922,-17.465,0.0213053,138.421,377.03,374.017,0.278311,55084,1.00751e-06,0.372719,131.857,92.0411,24.7815,24.4603,1.01313,558.317,553.803,0.551908 
16,0.725,0.725,16,42475.5,0,5,101,125,0,5,135,0.771927,-2.93861,-0.785066,-3.47092,-0.187082,31.4141,-9.02075,41436.6,-22.8174,16439.4,0.650549,-3.05999,-1.02782,-3.59229,-0.30846,0.859932,-10.8566,41298.9,-24.6532,0.268459,-0.000150239,1.00032,-40.4405,0.0190566,378.118,311.34,330.009,0.247472,49380.8,9.71469e-07,0.329953,131.803,92.2571,23.3683,23.8448,0.980017,496.453,526.283,0.526162 
17,0.75,0.75,17,41250,0,5,101,125,0,5,135,0.999732,-1.51724,2.61856,-0.691146,-3.39011,-7.50016,-13.2964,40792.5,-14.4937,16439.4,1.02871,-1.48826,2.67652,-0.662167,-3.36113,2.48174,-12.8581,40825.4,-14.0554,0.432574,-0.000180005,1.00019,-29.7246,0.0185068,679.746,288.01,308.504,0.226184,48563.2,9.66077e-07,0.308548,131.292,92.7563,23.206,23.7789,0.975908,489.58,523.377,0.523971 
18,0.775,0.775,18,42913.3,0,5,101,125,0,5,135,-1.87593,0.741555,3.51756,1.80444,-2.31225,-15.7595,-13.2749,42175.5,-9.40716,16439.4,-1.81504,0.802446,3.63934,1.86534,-2.25136,-0.624179,-12.3539,42244.6,-8.48617,0.548153,-0.000167135,1.00011,-22.5373,0.019253,854.925,325.402,335.944,0.249043,50348.4,9.77773e-07,0.338147,131.343,92.9564,23.8718,24.013,0.994122,518.079,533.734,0.537802 
19,0.8,0.8,19,42308.3,0,5,101,125,0,5,135,0.403673,-0.859186,-2.76647,1.00413,-2.17285,-17.6966,-14.7012,41164.5,3.27469,16439.4,0.47205,-0.79081,-2.62971,1.07251,-2.10448,0.339341,-13.667,41242.1,4.30888,1.60857,-0.000189399,0.999943,-8.49636,0.0189816,1209.79,341.881,354.564,0.263311,49112.8,9.69708e-07,0.359041,131.473,92.8101,23.994,24.2095,0.9911,523.394,542.504,0.549509 
20,0.825,0.825,20,41025.8,0,5,101,125,0,5,135,-2.73831,-3.14335,-4.02605,-3.117,-2.23725,-92.9202,0.204964,39760.6,-1.02798,16439.4,-2.37928,-2.78433,-3.308,-2.75798,-1.87822,0.747632,5.63522,40167.8,4.40227,0.516143,8.01603e-05,0.999941,10.9179,0.0184062,1574.79,360.948,360.435,0.260112,48064,9.62755e-07,0.374645,131.938,93.1299,24.766,24.5167,1.01017,557.616,556.362,0.578536 
21,0.85,0.85,21,37317.8,0,5,101,125,0,5,135,0.589492,-1.53477,0.469159,-0.511091,1.32242,-14.823,-12.5222,36559.9,-9.05806,16439.4,0.646765,-1.4775,0.583706,-0.453818,1.3797,0.140161,-11.656,36624.9,-8.19181,0.542488,-0.000181892,1.00012,-21.4861,0.0167426,1793.31,366.553,377.595,0.302979,43772,9.332e-07,0.398663,132.057,92.8096,23.7974,23.9067,0.995429,514.852,529.018,0.559244 
22,0.875,0.875,22,36748.9,0,5,101,125,0,5,135,-3.37161,-0.820217,-0.118039,-1.46045,-1.06475,121.946,-6.08505,35798.3,-1.85093,16439.4,-3.84278,-1.29139,-1.06039,-1.93163,-1.53593,0.890253,-13.2116,35263.8,-8.97746,0.550837,-0.000214131,1.00014,-23.9845,0.0164873,2094.05,398.252,396.481,0.323752,42946.6,9.27297e-07,0.42852,131.931,92.819,24.3437,24.0547,1.01202,538.764,535.59,0.57929 
23,0.9,0.9,23,35058.9,0,5,101,125,0,5,135,-2.54958,0.0495098,-1.94677,-1.32254,0.226318,62.365,-3.28233,34154.1,-3.57369,16439.4,-2.79055,-0.191456,-2.4287,-1.56351,-0.0146476,0.65249,-6.92694,33880.8,-7.2183,0.444351,-0.000116842,1.00012,-15.5889,0.0157291,2286.09,361.176,375.461,0.304221,41212.5,9.14645e-07,0.402614,131.973,93.2011,23.5867,23.7923,0.991359,505.776,523.968,0.562833 
24,0.925,0.925,24,35279.9,0,5,101,125,0,5,135,-1.25061,-1.12989,1.3176,-2.24593,-1.76042,158.976,5.17205,34366.4,-6.37262,16439.4,-1.86486,-1.74415,0.0890968,-2.86018,-2.37467,1.01018,-4.11851,33669.6,-15.6632,0.179735,-6.99029e-05,1.00025,-22.9143,0.0158283,2604.69,393.686,395.662,0.317632,41117.6,9.13942e-07,0.431836,132.011,93.117,24.3377,24.1636,1.00721,538.498,540.449,0.590269 
25,0.95,0.95,25,33796.5,0,5,101,125,0,5,135,-2.09487,0.128004,0.960213,-1.38841,-0.228231,100.656,-7.86108,33024.7,1.3879,16439.4,-2.48379,-0.260909,0.182386,-1.77732,-0.617145,1.0368,-13.7434,32583.5,-4.49442,0.71817,-0.000241081,1.00007,-19.1367,0.0151628,2650.99,374.913,388.493,0.319711,39584.6,9.0244e-07,0.422901,132.241,92.9292,23.6936,23.8817,0.992124,510.373,527.915,0.575185 
26,0.65,0.65,26,40478.1,0,5,101,125,0,5,135,-2.58678,2.33183,1.84201,-5.03122,4.32322,-73.5342,9.64059,39256,9.13815,16439.4,-2.30266,2.61595,2.41025,-4.7471,4.60734,0.0671629,13.9379,39578.3,13.4355,0.463662,0.000201194,0.999816,30.0605,0.0181605,-248.58,299.532,323.993,0.233748,46890.2,9.54854e-07,0.326251,131.429,91.4061,23.3976,24.1255,0.969826,497.698,538.749,0.5423 
27,0.675,0.675,27,44307.3,0,5,101,125,0,5,135,-4.63614,-3.08812,6.67932,-2.25081,2.65981,-17.1656,-20.7395,42888.4,1.0371,16439.4,-4.56981,-3.0218,6.81196,-2.18448,2.72613,29.622,-19.7364,42963.6,2.04025,1.14162,-0.000262568,0.999974,-17.2881,0.0198784,-94.2625,337.848,352.032,0.2644,51042.8,9.82247e-07,0.3511,131.483,92.6304,23.825,24.1224,0.987674,516.05,538.608,0.536736 
28,0.7,0.7,28,46168,0,5,101,125,0,5,135,1.89372,1.42279,0.623331,-3.72801,-3.09517,6.11275,4.23616,44861.7,-13.0574,16439.4,1.8701,1.39917,0.576094,-3.75163,-3.11879,1.19044,3.87893,44834.9,-13.4146,-0.31746,4.94352e-05,1.00016,-12.2186,0.0207132,146.788,351.347,349.417,0.265457,53922.5,1.00038e-06,0.350247,131.63,92.4907,24.2643,23.9749,1.01207,535.251,532.042,0.53344 
29,0.725,0.725,29,43075.5,0,5,101,125,0,5,135,-1.84946,-0.0645284,1.32617,0.448594,-1.8277,-159.943,-19.007,41760,8.3591,16439.4,-1.23147,0.553461,2.56215,1.06658,-1.20971,-0.471645,-9.65995,42461,17.7062,-0.833655,-0.000130018,0.999774,11.5875,0.0193258,384.779,339.47,351.512,0.263104,49833.7,9.74429e-07,0.354503,131.457,92.1006,23.9131,24.1402,0.99059,519.871,539.406,0.543444 
30,0.75,0.75,30,43921.4,0,5,101,125,0,5,135,1.4684,-0.646895,-3.40144,1.00235,-1.01453,-118.732,21.9151,42851.3,-12.2333,16439.4,1.92716,-0.188137,-2.48392,1.4611,-0.55577,16.4824,28.8538,43371.7,-5.29455,1.28237,0.000380009,1.00007,22.5004,0.0197053,670.186,333.354,340.15,0.251533,51199,9.83248e-07,0.342472,131.157,92.7405,24.0716,24.0901,0.999232,526.786,537.168,0.541014 
31,0.775,0.775,31,44624.7,0,5,101,125,0,5,135,-0.451108,0.0384467,1.45466,-3.44763,-2.2708,99.7264,-9.66851,43121.4,2.00152,16439.4,-0.836431,-0.346876,0.684018,-3.83296,-2.65612,1.09788,-15.4965,42684.3,-3.82649,0.77142,-0.0002075,1.00005,-20.0883,0.0200208,920.79,364.274,370.512,0.27246,51929.9,9.87905e-07,0.371877,131.33,91.8627,24.5294,24.4991,1.00123,547.013,555.564,0.558021 
32,0.8,0.8,32,41105.7,0,5,101,125,0,5,135,1.95228,-1.91527,-2.46926,-4.01025,-2.47932,5.38208,0.414055,39989.9,-12.9661,16439.4,1.93148,-1.93606,-2.51085,-4.03104,-2.50011,0.722453,0.0995261,39966.3,-13.2806,-0.00628434,1.423e-06,1.00018,-15.8372,0.018442,1270.6,371.538,376.965,0.29331,48316.5,9.64438e-07,0.388041,131.597,93.1303,24.1808,24.1254,1.0023,531.577,538.742,0.55488 
33,0.825,0.825,33,41405.6,0,5,101,125,0,5,135,-1.73481,-1.53489,1.40085,-0.240911,-4.64327,-71.2125,-0.464918,40411.6,-3.93052,16439.4,-1.45966,-1.25974,1.95115,0.0342402,-4.36812,1.38242,3.69674,40723.7,0.231137,0.930207,5.18693e-05,0.999997,3.9741,0.0185766,1574.19,359.873,363.006,0.274556,48127.9,9.63182e-07,0.375252,131.389,92.7398,24.3168,24.1803,1.00565,537.573,541.199,0.560001 
34,0.85,0.85,34,38712.9,0,5,101,125,0,5,135,-0.809067,-1.97641,-3.12859,0.593243,-3.97248,-51.2509,-20.6482,37597.1,8.04203,16439.4,-0.611044,-1.77839,-2.73254,0.791266,-3.77445,0.662864,-17.6531,37821.7,11.0371,4.00431,-0.000266783,0.999842,-4.40852,0.0173685,1839.16,396.8,405.036,0.322878,45280.4,9.43799e-07,0.42477,131.788,93.3609,24.3093,24.3306,0.999125,537.238,547.944,0.574874 
35,0.875,0.875,35,36239.9,0,5,101,125,0,5,135,-2.20745,0.728348,-2.07894,0.30688,0.255668,19.5494,2.64742,35543.5,-2.91223,16439.4,-2.28299,0.652813,-2.23001,0.231345,0.180133,0.353378,1.50495,35457.8,-4.0547,-0.44781,2.42527e-05,1.00006,-3.36069,0.016259,2111.32,331.414,358.974,0.273119,42361.9,9.2307e-07,0.373665,131.538,92.4081,23.3535,24.0695,0.970256,495.826,536.247,0.558615 
36,0.9,0.9,36,36077.4,0,5,101,125,0,5,135,-1.36898,-0.114966,-0.270039,-0.101003,-0.320729,92.5591,0.172727,35433,-0.607227,16439.4,-1.72661,-0.472596,-0.985299,-0.458633,-0.678359,0.772001,-5.23643,35027.3,-6.01638,0.420391,-8.54332e-05,1.00009,-12.4561,0.0161861,2351.74,334.951,356.763,0.272164,42194.8,9.21854e-07,0.374989,131.862,93.6087,23.4982,24.0069,0.97881,501.989,533.465,0.561355 
37,0.925,0.925,37,34075.2,0,5,101,125,0,5,135,-1.52176,-1.226,0.550812,0.224339,-2.56238,55.1285,-18.1852,33345.5,-3.9593,16439.4,-1.73477,-1.43901,0.124801,0.0113331,-2.77539,1.02147,-21.4069,33103.9,-7.18101,0.712991,-0.000369656,1.00012,-30.0242,0.0152878,2441.52,373.227,381.911,0.308087,40134.8,9.06602e-07,0.416439,131.513,93.4946,23.8911,23.9311,0.99833,518.917,530.1,0.57851 
38,0.95,0.95,38,36348,0,5,101,125,0,5,135,-0.231383,1.51504,4.15303,-0.530944,-2.02323,57.0055,-14.6574,35235.2,-9.72115,16439.4,-0.451641,1.29479,3.71252,-0.751202,-2.24348,-1.37833,-17.9888,34985.3,-13.0526,0.534555,-0.000293904,1.0002,-33.6518,0.0163075,2670.82,400.535,404.955,0.320673,42654.4,9.25189e-07,0.435305,131.873,93.0318,24.4948,24.3868,1.00443,545.469,550.48,0.592277 
