cyc,time (ms),#2,cyc,ROIsum,fBg,fA1,fWidth1,fCtr1,fA2,fWidth2,fCtr2,box1,box2,box3,box4,box5,box6,box7,box8,box9,Nfit,BZ-2,BZ-1,BZ0,BZ1,BZ2,Excited,c5,c7,c9,fraction95,fraction75,fraction97,sum95,Tx,Ty,LiToTF,LiNfit,TFcalc,ToTFcalc,G_ctr_x,G_ctr_y,G_sigma_x,G_sigma_y,G_ar,G_Tx,G_Ty,G_ToTFcalc
0,10.01,34.99,0,3917.41,0,5,101,125,0,5,135,-15.7845,-7.6245,-22.3291,-6.45551,-17.3252,352.247,-52.1832,18169.2,-40.2736,16439.4,-17.1455,-8.98551,-25.0512,-7.81652,-18.6862,0.677528,-72.7685,16625.3,-60.859,0.499101,-0.00250741,1.00199,-145.799,576.653,649.24,203.01,27180.5,7.9867e-07,0.766113,111.593,86.7487,25.307,26.591,0.951712,582.164,654.759,0.77303 
1,2.51,42.49,1,5660.3,0,5,101,125,0,5,135,-6.66488,-12.3145,-15.4098,-9.25175,-9.48966,392.274,-58.1094,19936.5,-27.2564,16439.4,-8.18055,-13.8301,-18.4412,-10.7674,-11.0053,0.703635,-81.0339,18217.1,-50.1809,0.573687,-0.00254832,1.0015,-141.251,583.756,664.496,3.68282e+09,29721.4,8.2282e-07,0.756932,112.04,86.247,25.3415,26.788,0.946003,583.756,664.498,0.756933 
2,20.01,24.99,2,5813.8,0,5,101,125,0,5,135,-11.9744,-11.6251,-26.6629,-7.87733,-9.83851,434.35,-76.826,20486.9,-30.1307,16439.4,-13.6527,-13.3033,-30.0194,-9.55557,-11.5168,0.615371,-102.209,18583.1,-55.5141,0.605412,-0.00315284,1.00162,-168.826,551.461,671.422,855.795,29927.7,8.2472e-07,0.737817,112.13,86.7045,25.5582,26.5872,0.961297,593.779,654.57,0.755934 
3,0.01,44.99,3,7102.03,0,5,101,125,0,5,135,-14.207,-3.45051,-20.041,-10.6335,-9.00768,404.146,-45.3296,20365.5,-51.805,16439.4,-15.7685,-5.01205,-23.1641,-12.195,-10.5692,0.652759,-68.9479,18594.1,-75.4233,0.432395,-0.00212339,1.00221,-159.456,572.394,627.064,9.96932e+09,29237.4,8.18329e-07,0.732109,111.071,86.2788,25.0937,26.0226,0.964306,572.395,627.066,0.73211 
4,25.01,19.99,4,6495.22,0,5,101,125,0,5,135,-7.354,-8.60404,-14.0127,-10.0691,-6.18163,420.527,-26.6388,19966.5,-41.7826,16439.4,-8.97883,-10.2289,-17.2624,-11.6939,-7.80647,0.691581,-51.2144,18123.3,-66.3583,0.391415,-0.0016174,1.00199,-130.844,584.928,631.874,306.882,29324.8,8.19144e-07,0.742175,111.754,86.8854,25.5781,26.1126,0.979533,594.708,631.41,0.748079 
5,7.51,37.49,5,6396.16,0,5,101,125,0,5,135,-9.57618,-10.8952,-13.0918,-5.78189,-12.6917,372.674,-25.5773,19712.4,-40.3461,16439.4,-11.0161,-12.3352,-15.9716,-7.22183,-14.1317,0.736774,-47.3564,18079,-62.1251,0.388465,-0.00149905,1.00187,-121.907,566.676,608.662,0.862104,28607.6,8.1241e-07,0.722903,111.595,87.1888,25.3367,26.0175,0.973831,583.532,626.822,0.744439 
6,5.01,39.99,6,6496.52,0,5,101,125,0,5,135,-12.3378,-8.4589,-13.6493,-9.89377,-7.13367,437.674,-58.6158,20667,-51.7939,16439.4,-14.0289,-10.15,-17.0315,-11.5849,-8.82476,0.723605,-84.1934,18748.7,-77.3716,0.475563,-0.00257268,1.00225,-177.039,561.47,616.73,0.707517,29926.4,8.24708e-07,0.713528,111.578,87.084,25.4938,26.4722,0.963039,590.79,648.922,0.750779 
7,15.01,29.99,7,9884.63,0,5,101,125,0,5,135,-11.7706,-7.64768,-21.8684,-7.0887,-7.25825,398.038,-40.8237,22719.9,-49.873,16439.4,-13.3085,-9.18561,-24.9443,-8.62664,-8.79619,0.615421,-64.085,20975.3,-73.1343,0.422039,-0.00174892,1.0019,-151.846,579.385,629.019,0.698568,32336.1,8.46274e-07,0.713353,111.549,86.7303,25.9242,26.753,0.969018,610.907,662.763,0.751892 
8,44.99,0.01,8,6766.68,0,5,101,125,0,5,135,-8.89823,-4.8103,-15.7899,-12.9239,-10.7489,367.495,-49.1034,20209.2,-54.0803,16439.4,-10.3182,-6.23023,-18.6298,-14.3439,-12.1689,0.698014,-70.5798,18598.5,-75.5567,0.43771,-0.00217324,1.00221,-161.248,568.813,625.174,0.60675,29545,8.21189e-07,0.726177,111.377,86.8121,25.9898,26.9947,0.962775,614.006,674.792,0.783842 
9,40.01,4.99,9,10237.4,0,5,101,125,0,5,135,-8.00268,-10.6957,-22.129,-9.64644,-10.0453,409.502,-49.3981,23622.8,-45.7778,16439.4,-9.58491,-12.2779,-25.2934,-11.2287,-11.6275,0.638729,-73.3294,21827.9,-69.7091,0.467125,-0.00192337,1.00174,-156.98,585.521,637.036,0.625685,33421.7,8.5564e-07,0.713776,111.218,86.6021,26.2975,27.1736,0.967759,628.627,683.763,0.766228 
10,12.51,32.49,10,6804.64,0,5,101,125,0,5,135,-3.30116,-5.48989,-17.733,-8.36122,-11.8893,454.754,-41.126,20548.2,-44.9096,16439.4,-5.05824,-7.24697,-21.2472,-10.1183,-13.6463,0.629304,-67.7018,18555,-71.4855,0.441099,-0.00208933,1.0021,-153.484,554.991,619.458,0.835423,29684.8,8.22482e-07,0.71289,111.403,86.5465,25.1081,26.2843,0.95525,573.049,639.741,0.736159 
11,30.01,14.99,11,7518.37,0,5,101,125,0,5,135,-8.03463,-7.54807,-11.6645,-8.35331,-10.4168,435.065,-43.0919,21118.6,-59.7093,16439.4,-9.71563,-9.22907,-15.0265,-10.0343,-12.0978,0.732165,-68.517,19211.8,-85.1345,0.401439,-0.00204211,1.00241,-170.678,576.761,623.303,0.727266,30481.6,8.29777e-07,0.722581,111.762,86.5945,25.7911,26.5671,0.970789,604.65,653.583,0.757602 
12,35.01,9.99,12,8035.41,0,5,101,125,0,5,135,-8.07583,-12.0663,-12.518,-7.80497,-8.41213,483.521,-48.3976,21669.6,-52.8149,16439.4,-9.94406,-13.9345,-16.2545,-9.67319,-10.2804,0.729483,-76.6546,19550.3,-81.0719,0.440693,-0.00224554,1.00226,-173.941,565.015,616.854,0.630091,31296.9,8.37109e-07,0.705244,111.303,86.6735,25.8199,26.7239,0.966172,606.001,661.319,0.756241 
13,10.01,34.99,13,8154.6,0,5,101,125,0,5,135,-14.2304,-14.5826,-13.083,-8.66603,-11.0117,413.357,-24.9518,21351,-49.3834,16439.4,-15.8275,-16.1797,-16.2773,-10.2632,-12.6088,0.771247,-49.1083,19539.2,-73.54,0.357525,-0.00143825,1.00205,-137.356,583.619,621.117,0.872122,30842.1,8.33035e-07,0.72275,111.912,86.7234,25.7033,26.2724,0.97834,600.542,639.162,0.743728 
14,2.51,42.49,14,5491.66,0,5,101,125,0,5,135,-9.53686,-10.1194,-16.4448,-7.0562,-10.4248,414.445,-39.642,18948,-47.9583,16439.4,-11.1382,-11.7207,-19.6475,-8.65753,-12.0261,0.689073,-63.8622,17131.5,-72.1784,0.4244,-0.0021347,1.00229,-150.476,540.836,616.71,0.84122,27948.4,8.06122e-07,0.716428,111.31,87.017,24.7752,26.2165,0.945023,557.954,636.446,0.739229 
15,20.01,24.99,15,10139,0,5,101,125,0,5,135,-9.05187,-9.22951,-23.4718,-8.39126,-7.61711,381.624,-27.9613,23070.4,-35.362,16439.4,-10.5264,-10.704,-26.4208,-9.86578,-9.09163,0.603343,-50.2634,21397.8,-57.6641,0.420754,-0.00134409,1.00147,-119.46,547.032,625.941,104.486,31741.1,8.41051e-07,0.695746,111.022,86.5852,25.2871,26.3064,0.961254,581.25,640.816,0.725648 
16,0.01,44.99,16,6804.41,0,5,101,125,0,5,135,-5.90878,-10.5458,-18.4737,-10.5317,-10.0993,398.52,-25.3295,19953.5,-62.5307,16439.4,-7.44858,-12.0856,-21.5533,-12.0715,-11.6391,0.667377,-48.619,18206.8,-85.8202,0.320699,-0.00152827,1.00257,-151.603,555.434,633.842,405.619,28532.5,8.117e-07,0.73099,111.652,86.6634,25.0377,26.4534,0.946486,569.844,647.999,0.748634 
17,25.01,19.99,17,5350.53,0,5,101,125,0,5,135,-6.92464,-7.12657,-17.8036,-5.46197,-4.97544,372.68,-22.452,18767,-31.677,16439.4,-8.3646,-8.56653,-20.6836,-6.90193,-6.4154,0.593899,-44.2314,17133.6,-53.4564,0.408118,-0.00147736,1.0017,-108.379,538.749,631.548,403.404,27121.6,7.98093e-07,0.730875,111.564,86.3348,24.8252,26.0559,0.952765,560.21,628.675,0.743592 
18,7.51,37.49,18,6664.79,0,5,101,125,0,5,135,-16.1745,-8.0595,-19.4326,-5.05059,-8.27355,408.551,-35.0767,19504,-42.3095,16439.4,-17.7531,-9.63806,-22.5897,-6.62916,-9.85211,0.660111,-58.9525,17713.3,-66.1853,0.426035,-0.00190542,1.00203,-138.375,564.812,626.125,1.04074,28351.3,8.09977e-07,0.734192,111.184,86.9549,25.1403,26.2272,0.958561,574.524,636.965,0.746859 
19,5.01,39.99,19,5379.21,0,5,101,125,0,5,135,-9.66472,-9.52397,-14.1672,-9.71608,-9.61711,406.393,-42.0008,18839.8,-51.3485,16439.4,-11.2349,-11.0942,-17.3077,-11.2863,-11.1873,0.72134,-65.7504,17058.6,-75.0981,0.421834,-0.00220737,1.0024,-155.868,557.157,615.333,1.39345,27665.2,8.0339e-07,0.728815,111.594,86.5637,24.8479,25.8729,0.960385,561.236,619.871,0.734171 
20,15.01,29.99,20,5759.68,0,5,101,125,0,5,135,-4.99892,-7.63174,-18.2086,-7.92311,-9.78766,364.231,-32.2547,19094.6,-57.9324,16439.4,-6.40623,-9.03905,-21.0233,-9.33042,-11.195,0.631132,-53.5404,17498.2,-79.218,0.360294,-0.0017515,1.00246,-148.602,537.205,608.805,1041.29,27181.1,7.98676e-07,0.716042,111.125,86.7587,25.1611,26.0148,0.967183,575.473,626.693,0.751916 
21,44.99,0.01,21,5688.3,0,5,101,125,0,5,135,-5.51331,-14.1896,-19.9443,-4.94599,-5.4195,397.884,-42.1396,19031.5,-49.2724,16439.4,-7.05066,-15.727,-23.019,-6.48334,-6.95684,0.611407,-65.392,17287.5,-72.5248,0.42902,-0.00216617,1.00228,-152.422,497.806,555.01,128.936,25064.6,7.77384e-07,0.676153,111.346,86.4696,25.6501,26.7476,0.958968,598.059,662.495,0.809707 
22,40.01,4.99,22,6034.64,0,5,101,125,0,5,135,-11.1216,-9.99536,-17.9084,-7.93937,-12.0329,415.054,-35.6897,19534.2,-51.3387,16439.4,-12.7253,-11.599,-21.1157,-9.54306,-13.6366,0.692279,-59.9454,17715,-75.5945,0.397889,-0.00193739,1.00232,-150.659,568.523,604.571,0.562355,28583.2,8.1218e-07,0.721847,111.796,86.8093,26.1978,26.7754,0.978428,623.871,663.871,0.792386 
23,12.51,32.49,23,5145.61,0,5,101,125,0,5,135,-4.2233,-3.66199,-14.5302,-6.64607,-6.848,375.768,-26.9907,18430.1,-44.7987,16439.4,-5.67519,-5.11388,-17.434,-8.09796,-8.29989,0.609287,-48.9506,16783.1,-66.7585,0.379283,-0.00166944,1.00216,-129.061,515.994,642.526,547.735,26411.1,7.91063e-07,0.727875,111.852,86.1724,24.629,26.1453,0.942004,551.39,632.995,0.746824 
24,30.01,14.99,24,4067.46,0,5,101,125,0,5,135,-9.49468,-13.4707,-19.4933,-9.18047,-9.46159,376.101,-32.5116,18152.1,-44.0437,16439.4,-10.9479,-14.9239,-22.3996,-10.6337,-10.9148,0.67918,-54.491,16503.6,-66.023,0.407505,-0.00189028,1.00218,-133.719,537.75,636.297,884.73,26312.6,7.90078e-07,0.740372,111.52,86.6702,24.5416,26.0918,0.940586,547.482,630.405,0.743575 
25,35.01,9.99,25,8195.39,0,5,101,125,0,5,135,-12.5532,-12.4121,-9.12543,-6.621,-9.25372,381.501,-15.3314,21620.4,-43.4694,16439.4,-14.0272,-13.8862,-12.0735,-8.09505,-10.7278,0.794702,-37.6263,19948.3,-65.7643,0.322852,-0.00107899,1.00179,-116.543,573.981,629.863,0.865676,30597.6,8.30828e-07,0.723704,111.885,87.0143,25.5002,26.464,0.963582,591.09,648.52,0.745208 
26,10.01,34.99,26,3834.85,0,5,101,125,0,5,135,-11.91,-12.4543,-15.7242,-7.93034,-6.12632,405.611,-29.9176,18147.2,-29.3511,16439.4,-13.4772,-14.0215,-18.8586,-9.49754,-7.69352,0.70324,-53.6215,16369.4,-53.0549,0.45718,-0.00187534,1.00176,-117.287,569.268,629.31,3.03786e+10,27017.9,7.97074e-07,0.750916,111.32,86.2425,25.025,26.0691,0.959949,569.262,629.307,0.750911 
27,2.51,42.49,27,4186.51,0,5,101,125,0,5,135,-8.08762,-7.8514,-23.3239,-8.10125,-11.9155,424.724,-44.7293,18602.7,-41.508,16439.4,-9.72867,-9.49245,-26.606,-9.7423,-13.5565,0.615108,-69.5502,16741.1,-66.3289,0.466326,-0.00237962,1.00216,-149.145,562.06,627.52,2.21978e+07,27203.7,7.98898e-07,0.743385,111.161,86.9303,24.8662,26.0321,0.955212,562.06,627.523,0.743388 
28,20.01,24.99,28,4944.06,0,5,101,125,0,5,135,-4.43842,-10.6627,-20.0843,-8.6433,-11.612,422.22,-38.8858,18816.9,-42.5553,16439.4,-6.06979,-12.2941,-23.347,-10.2747,-13.2434,0.642076,-63.5604,16966.3,-67.2298,0.440669,-0.00214532,1.00216,-144.236,559.88,686.543,848.977,27679.2,8.03525e-07,0.771582,111.61,86.6949,25.1542,26.5989,0.945688,575.159,655.148,0.763948 
29,0.01,44.99,29,3866.92,0,5,101,125,0,5,135,-9.93845,-9.99575,-16.8152,-13.3042,-15.1242,374.816,-47.2503,17752.3,-35.9145,16439.4,-11.3867,-11.444,-19.7117,-14.7524,-16.5725,0.733147,-69.1546,16109.5,-57.8188,0.499177,-0.00245906,1.00195,-138.537,467.928,571.327,796.117,24428,7.70746e-07,0.670843,111.22,86.5929,24.6083,25.8575,0.951686,550.462,619.137,0.757436 
30,25.01,19.99,30,7106.62,0,5,101,125,0,5,135,-9.6984,-8.0094,-23.6039,-8.43844,-9.28293,415.115,-29.5133,19978.2,-71.379,16439.4,-11.3023,-9.61332,-26.8118,-10.0424,-10.8869,0.60948,-53.7726,18158.8,-95.6383,0.319052,-0.00169501,1.00287,-168.539,575.67,650.297,317.948,28726.9,8.13539e-07,0.752081,111.503,86.7161,25.2542,26.4067,0.956356,579.74,645.715,0.752071 
31,7.51,37.49,31,6294.72,0,5,101,125,0,5,135,-7.13282,-8.85202,-9.98196,-12.152,-4.65058,364.159,-42.8022,19789.3,-27.4473,16439.4,-8.53986,-10.2591,-12.796,-13.559,-6.05762,0.750134,-64.0837,18193.2,-48.7287,0.522884,-0.00201686,1.00146,-122.558,527.428,575.627,187.569,27016.4,7.9706e-07,0.691291,111.379,86.3081,25.2708,26.1586,0.966059,580.5,633.638,0.760905 
32,5.01,39.99,32,5334.69,0,5,101,125,0,5,135,-6.25912,-6.37698,-19.9422,-11.3889,-15.9015,423.494,-38.8499,18719.4,-31.7427,16439.4,-7.89541,-8.01327,-23.2148,-13.0252,-17.5378,0.666868,-63.5989,16863.2,-56.4917,0.484051,-0.00215978,1.00182,-131.389,419.209,507.228,768.024,23390.3,7.59674e-07,0.607001,111.93,87.0169,24.9,25.8509,0.963213,563.589,618.82,0.777385 
33,15.01,29.99,33,6842.61,0,5,101,125,0,5,135,-9.7973,-9.00021,-19.7811,-8.55326,-9.53101,434.36,-37.153,20216.7,-79.6802,16439.4,-11.4756,-10.6785,-23.1376,-10.2315,-11.2093,0.653278,-62.537,18312.9,-105.064,0.331561,-0.00195519,1.00312,-188.614,603.622,670.044,101.338,29583.2,8.21543e-07,0.774113,111.294,86.2886,25.8373,26.9416,0.959009,606.818,672.14,0.777372 
34,44.99,0.01,34,6736.64,0,5,101,125,0,5,135,-7.38328,-10.1087,-15.8433,-12.3619,-13.5908,469.465,-31.9224,20159.5,-56.1848,16439.4,-9.1972,-11.9226,-19.4711,-14.1758,-15.4047,0.722521,-59.358,18101.8,-83.6203,0.371679,-0.0018773,1.00251,-159.702,573.713,643.459,0.678274,29265.8,8.18594e-07,0.742231,111.529,85.8553,25.8558,27.131,0.952999,607.688,681.621,0.786218 
35,40.01,4.99,35,7076.32,0,5,101,125,0,5,135,-6.10882,-10.2437,-14.1896,-10.3273,-7.1659,417.617,-15.2868,20820.1,-59.4909,16439.4,-7.72241,-11.8573,-17.4168,-11.9409,-8.77949,0.698237,-39.6923,18989.7,-83.8964,0.282773,-0.00119583,1.0024,-140.368,609.282,687.37,532280,30623.3,8.3106e-07,0.778703,111.746,86.1177,25.8896,27.245,0.95025,609.278,687.364,0.778697 
36,12.51,32.49,36,8865.83,0,5,101,125,0,5,135,-4.06076,-10.1933,-20.609,-12.5524,-13.1776,389.241,-23.095,21487.1,-40.9089,16439.4,-5.56471,-11.6973,-23.6169,-14.0564,-14.6815,0.660758,-45.8423,19781,-63.6561,0.37505,-0.00132604,1.00175,-122.23,562.15,607.738,0.713274,30185.5,8.2708e-07,0.706702,111.291,86.9888,25.4935,26.2664,0.970575,590.777,638.87,0.742798 
37,30.01,14.99,37,4411.26,0,5,101,125,0,5,135,-12.2188,-8.48563,-15.9711,-11.9589,-8.83368,418.854,-46.1578,18139.5,-56.2268,16439.4,-13.8372,-10.104,-19.2078,-13.5773,-10.4521,0.714077,-70.6356,16303.6,-80.7046,0.421753,-0.00248186,1.00269,-167.481,557.295,642.562,1.08744,26727.6,7.9421e-07,0.753468,111.52,86.855,24.9491,26.5449,0.939883,565.815,652.489,0.765048 
38,35.01,9.99,38,7987.33,0,5,101,125,0,5,135,-14.307,-15.8336,-19.1724,-13.0124,-15.8418,442.309,-20.9221,21685.6,-48.9318,16439.4,-16.016,-17.5426,-22.5904,-14.7214,-17.5508,0.744514,-46.7707,19746.9,-74.7803,0.342624,-0.00135526,1.00206,-136.507,562.271,616.918,0.602182,30744.1,8.32152e-07,0.707757,111.477,86.7634,25.8666,26.8454,0.963543,608.199,667.346,0.765589 
39,10.01,34.99,39,8666.89,0,5,101,125,0,5,135,-6.83005,-5.577,-12.1441,-7.4616,-10.2919,426.479,-52.5208,22195.9,-55.2842,16439.4,-8.47788,-7.22483,-15.4398,-9.10943,-11.9398,0.704172,-77.4443,20326.6,-80.2076,0.445868,-0.00218189,1.00215,-173.693,590.734,635.003,1.23934,31871.7,8.42204e-07,0.727222,111.656,87.1351,25.6241,26.3218,0.973494,596.848,641.57,0.734746 
40,2.51,42.49,40,6900.66,0,5,101,125,0,5,135,-11.4672,-6.26951,-22.2191,-9.71097,-6.93979,350.578,-25.0016,19992.9,-61.0356,16439.4,-12.8217,-7.62407,-24.9282,-11.0655,-8.29436,0.614912,-45.4894,18456.3,-81.5234,0.317403,-0.00141039,1.0024,-143.317,536.814,597.219,0.631309,28685,8.13143e-07,0.696325,110.987,86.9288,25.1536,26.2915,0.956722,575.13,640.091,0.746168 
41,20.01,24.99,41,5823.43,0,5,101,125,0,5,135,-7.64767,-8.52216,-13.5758,-11.8798,-6.58182,386.476,-43.4343,19555.1,-47.1151,16439.4,-9.14094,-10.0154,-16.5624,-13.3731,-8.07509,0.710281,-66.02,17861.2,-69.7008,0.44113,-0.00211664,1.00212,-149.661,526.255,594.664,1098.59,26986.1,7.96762e-07,0.70211,111.506,86.304,25.3589,26.3562,0.962161,584.555,643.246,0.769614 
42,0.01,44.99,42,5336.26,0,5,101,125,0,5,135,-8.61968,-15.4336,-18.311,-10.4271,-10.7127,421.721,-28.8778,18595.4,-47.9472,16439.4,-10.2491,-17.063,-21.5699,-12.0565,-12.3421,0.705654,-53.5232,16747,-72.5926,0.380584,-0.00182962,1.00236,-140.634,566.672,635.076,2.20265,27266.2,7.99509e-07,0.750335,111.716,86.5891,24.9914,26.2127,0.953406,567.734,636.263,0.75174 
43,25.01,19.99,43,4738.72,0,5,101,125,0,5,135,-7.61646,-9.94532,-21.8811,-7.19839,-12.3222,413.916,-31.1752,18283.7,-44.5499,16439.4,-9.21575,-11.5446,-25.0797,-8.79768,-13.9215,0.634189,-55.3644,16469.5,-68.7391,0.401624,-0.00192463,1.00227,-137.851,544.501,589.812,0.674885,26969,7.96594e-07,0.711409,111.394,86.6197,25.189,25.9752,0.969733,576.752,624.786,0.75357 
44,7.51,37.49,44,5153.19,0,5,101,125,0,5,135,-7.45002,-10.9854,-12.9914,-9.4511,-17.7383,400.427,-47.3512,18211.6,-43.6337,16439.4,-8.99719,-12.5326,-16.0857,-10.9983,-19.2855,0.763094,-70.7521,16456.5,-67.0347,0.467957,-0.00246281,1.00222,-151.194,551.592,618.894,839.372,26513.2,7.9208e-07,0.737646,111.592,86.7484,24.8095,25.9685,0.95537,559.502,624.461,0.746249 
45,5.01,39.99,45,6890.22,0,5,101,125,0,5,135,-11.8237,-10.0098,-15.1243,-9.97609,-10.9136,412.614,-38.6029,20012.4,-51.9026,16439.4,-13.418,-11.604,-18.3128,-11.5704,-12.5079,0.728349,-62.716,18203.9,-76.0157,0.407419,-0.00197256,1.00227,-153.935,567.196,612.233,1.45036,28874.7,8.14931e-07,0.723109,111.424,86.8731,25.0602,25.7967,0.971451,570.866,616.225,0.727806 
46,15.01,29.99,46,6751.9,0,5,101,125,0,5,135,-11.5222,-7.41514,-21.2684,-4.3464,-14.9229,387.07,-32.2995,19557.5,-45.9931,16439.4,-13.0177,-8.9107,-24.2595,-5.84197,-16.4185,0.64558,-54.9199,17860.9,-68.6135,0.400127,-0.00176016,1.00209,-137.256,466.558,532.655,445.238,25150.7,7.78272e-07,0.640537,111.396,86.7135,24.9529,26.0899,0.956422,565.99,630.313,0.767452 
47,44.99,0.01,47,7519.01,0,5,101,125,0,5,135,-12.2432,-10.6848,-27.6159,-13.654,-12.1512,386.926,-42.3369,21059.4,-39.4506,16439.4,-13.7382,-12.1798,-30.6059,-15.149,-13.6462,0.641277,-64.9488,19363.5,-62.0626,0.465837,-0.00192036,1.00174,-139.424,527.607,591.143,197.699,28019.9,8.06809e-07,0.692199,111.318,86.2175,26.114,26.979,0.967938,619.885,674.005,0.801154 
48,40.01,4.99,48,4633.78,0,5,101,125,0,5,135,-7.52717,-14.3235,-27.9002,-17.5514,-15.2683,409.682,-36.8488,18086.3,-49.9485,16439.4,-9.1101,-15.9064,-31.0661,-19.1343,-16.8512,0.662575,-60.7906,16290.7,-73.8903,0.406738,-0.00213691,1.00247,-149.459,516.909,608.217,505.729,25367.5,7.80503e-07,0.718393,111.668,86.6262,24.7646,26.5213,0.933761,557.478,651.333,0.772042 
49,12.51,32.49,49,4705.85,0,5,101,125,0,5,135,-9.8996,-8.715,-13.318,-14.2269,-13.9775,381.806,-37.9048,17830.2,-32.2067,16439.4,-11.3748,-10.1902,-16.2684,-15.7022,-15.4527,0.764186,-60.2175,16156.7,-54.5195,0.479283,-0.00213431,1.00184,-125.641,561.487,628.066,4.05727e+06,26262.8,7.89579e-07,0.752102,111.609,86.3443,24.8537,26.0434,0.954319,561.496,628.068,0.752109 
50,30.01,14.99,50,5869.13,0,5,101,125,0,5,135,-4.99188,-7.5261,-22.3925,-5.93591,-12.0576,386.107,-28.3361,18843.5,-54.8487,16439.4,-6.48372,-9.01794,-25.3761,-7.42774,-13.5495,0.589748,-50.9002,17151.2,-77.4128,0.353976,-0.00169873,1.00246,-143.796,481.462,546.118,279.452,24610.9,7.72665e-07,0.663641,111.716,87.2546,25.2305,26.5685,0.949639,578.651,653.652,0.795959 
51,35.01,9.99,51,5435.89,0,5,101,125,0,5,135,-10.6783,-10.6417,-12.2784,-10.1285,-3.48253,499.866,-11.6419,19483.4,-57.0741,16439.4,-12.6097,-12.5731,-16.1412,-12.0599,-5.41391,0.725479,-40.8541,17292.4,-86.2863,0.282928,-0.00135185,1.00272,-144.398,579.156,654.187,1.08713,28686.2,8.13154e-07,0.756965,111.725,86.1972,25.4322,26.7815,0.949616,587.939,664.176,0.768484 
52,10.01,34.99,52,6451.55,0,5,101,125,0,5,135,-7.02301,-7.09375,-13.6803,-9.33445,-8.63978,449.839,-36.9997,20136.5,-29.1271,16439.4,-8.7611,-8.83184,-17.1565,-11.0725,-10.3779,0.694723,-63.2883,18164.9,-55.4157,0.487631,-0.00199488,1.00166,-129.787,559.352,595.388,0.883544,29347.7,8.19357e-07,0.704319,111.351,86.7735,25.1444,25.7117,0.977939,574.711,612.171,0.723916 
53,2.51,42.49,53,6365.09,0,5,101,125,0,5,135,-7.45686,-6.51407,-26.8928,-11.8418,-9.35618,431.392,-21.4037,20076,-53.8648,16439.4,-9.12368,-8.18088,-30.2264,-13.5087,-11.023,0.580553,-46.6143,18185.2,-79.0754,0.329418,-0.0014669,1.00237,-141.505,568.495,604.012,0.878689,29241.9,8.18371e-07,0.716038,111.498,87.1471,25.3574,25.8992,0.979083,584.489,621.132,0.736258 
54,20.01,24.99,54,4097.43,0,5,101,125,0,5,135,-8.08347,-10.5448,-23.4784,-4.58491,-8.29009,340.386,-50.2039,17232.1,-50.6851,16439.4,-9.39866,-11.86,-26.1088,-5.9001,-9.60528,0.584737,-70.0961,15740.2,-70.5773,0.45285,-0.00255125,1.00244,-154.789,553.795,622.611,2.58977,25503,7.8189e-07,0.750995,111.194,86.3503,24.6969,25.9451,0.951891,554.434,623.336,0.751866 
55,0.01,44.99,55,6735.87,0,5,101,125,0,5,135,-1.3846,-11.001,-25.0174,-11.9747,-11.3874,397.996,-26.7862,20092.6,-30.6679,16439.4,-2.92238,-12.5388,-28.0929,-13.5125,-12.9251,0.598625,-50.0451,18348.2,-53.9268,0.436095,-0.00156101,1.0016,-114.757,543.074,590.902,0.654588,28848.6,8.14686e-07,0.695339,111.194,87.2003,25.2157,26.0689,0.96727,577.972,629.301,0.740274 
56,25.01,19.99,56,6624.42,0,5,101,125,0,5,135,-11.688,-9.60016,-17.9995,-15.311,-11.8338,396.137,-25.4611,19695.8,-41.2549,16439.4,-13.2186,-11.1308,-21.0607,-16.8416,-13.3644,0.721479,-48.6114,17959.6,-64.4052,0.386118,-0.00154909,1.00195,-125.898,522.656,579.049,157.193,26799.7,7.94923e-07,0.692055,111.929,87.135,25.4779,26.4535,0.96312,590.053,648.004,0.777874 
57,7.51,37.49,57,6750.29,0,5,101,125,0,5,135,-8.42114,-9.49136,-24.1478,-12.9366,-11.4518,417.461,-41.3058,20097,-43.0819,16439.4,-10.0341,-11.1043,-27.3738,-14.5496,-13.0648,0.640418,-65.7022,18267.2,-67.4783,0.447941,-0.0020595,1.00201,-146.676,545.689,598.368,0.575336,28510.7,8.11493e-07,0.704161,111.541,86.2497,25.6054,26.5799,0.963335,595.974,654.214,0.769466 
58,5.01,39.99,58,7638.54,0,5,101,125,0,5,135,-10.0129,-10.4249,-20.2087,-12.1155,-6.36326,463.06,-25.1232,21032.2,-52.7944,16439.4,-11.8021,-12.214,-23.787,-13.9046,-8.15243,0.659505,-52.1844,19002.6,-79.8556,0.352571,-0.00157171,1.00229,-148.011,548.373,581.516,0.584708,29776.7,8.2333e-07,0.685874,111.679,87.0867,25.6064,26.1485,0.979269,596.024,633.151,0.746125 
59,15.01,29.99,59,8588.89,0,5,101,125,0,5,135,-10.6897,-1.41477,-14.3646,-10.9007,-7.7726,356.048,-49.4325,21348.3,-18.8796,16439.4,-12.0654,-2.79047,-17.116,-12.2764,-9.1483,0.679455,-70.24,19787.7,-39.6871,0.595939,-0.00203251,1.00109,-117.864,566.133,622.532,0.811103,30067.8,8.26004e-07,0.718717,111.351,86.4669,25.3958,26.3827,0.962594,586.26,644.541,0.744197 
60,44.99,0.01,60,5961.27,0,5,101,125,0,5,135,-12.7423,-11.0854,-20.3232,-11.6804,-8.1978,431.911,-12.2369,19932.4,-46.9621,16439.4,-14.4111,-12.7542,-23.6609,-13.3492,-9.86662,0.68044,-37.4777,18039.3,-72.203,0.301944,-0.00118859,1.00218,-124.121,573.879,679.699,514.895,28836.4,8.14571e-07,0.766725,111.987,86.3931,25.6521,27.2856,0.940134,598.152,689.412,0.788345 
61,40.01,4.99,61,5461.14,0,5,101,125,0,5,135,-4.41689,-7.9042,-15.0067,-7.96108,-10.4916,373.252,-21.1856,19122.6,-50.4395,16439.4,-5.85907,-9.34637,-17.891,-9.40325,-11.9338,0.671323,-42.9985,17486.6,-72.2524,0.331519,-0.00140708,1.00225,-129.701,592.282,677.924,1.89783,28035.1,8.06955e-07,0.785246,111.499,86.3267,25.5637,27.0975,0.943397,594.035,679.938,0.787575 
62,12.51,32.49,62,5611.17,0,5,101,125,0,5,135,-7.69186,-2.92315,-27.1847,-9.02221,-12.5736,377.904,-43.1915,19189.3,-30.1675,16439.4,-9.15201,-4.38329,-30.105,-10.4824,-14.0338,0.558296,-65.2762,17532.9,-52.2523,0.510054,-0.002132,1.00162,-127.979,467.457,558.625,186.251,25310.2,7.79915e-07,0.655215,111.204,86.4281,24.6267,26.3695,0.933911,551.289,643.896,0.763925 
63,30.01,14.99,63,7851.56,0,5,101,125,0,5,135,-13.3926,-7.44156,-12.1259,-10.349,-12.5083,450.825,-38.2857,21186.5,-40.2259,16439.4,-15.1345,-9.18346,-15.6097,-12.0909,-14.2502,0.764449,-64.6319,19210.6,-66.5722,0.447222,-0.00192621,1.00188,-144.519,543.265,583.862,0.531724,30722.3,8.31955e-07,0.676957,111.547,86.408,25.7835,26.4902,0.973319,604.294,649.807,0.75321 
64,35.01,9.99,64,8461.06,0,5,101,125,0,5,135,-8.29719,-10.4165,-22.7111,-12.7379,-6.14536,408.447,-38.1675,22360.6,-53.6259,16439.4,-9.87535,-11.9947,-25.8674,-14.3161,-7.72352,0.629285,-62.0371,20570.4,-77.4955,0.400158,-0.00172631,1.00205,-155.032,592.995,657.389,0.763699,32259.3,8.45604e-07,0.738363,111.538,86.1941,26.0752,27.2112,0.958254,618.046,685.656,0.769834 
65,0.01,44.99,65,7689.28,0,5,101,125,0,5,135,-4.41771,-11.8899,-7.15518,-10.2063,-11.8614,378.815,-39.219,21301.9,-42.0525,16439.4,-5.88138,-13.3535,-10.0825,-11.67,-13.3251,0.814361,-61.357,19641.5,-64.1905,0.443377,-0.00178824,1.00178,-138.386,563.249,587.125,0.644536,30444.5,8.2944e-07,0.693315,111.466,86.9384,25.7094,26.0167,0.988187,600.825,626.782,0.739856 
66,0.01,44.99,66,5609.17,0,5,101,125,0,5,135,-5.29289,-10.2772,-18.4596,-12.1393,-9.88009,394.229,-35.3042,19394,-29.858,16439.4,-6.81611,-11.8004,-21.5061,-13.6625,-11.4033,0.670094,-58.3429,17666.1,-52.8968,0.478931,-0.00189073,1.00163,-121.819,576.363,728.958,346.117,29919.3,8.24643e-07,0.78602,111.513,86.1191,24.7998,26.2434,0.944991,559.065,637.755,0.724089 
67,0.01,44.99,67,4908.79,0,5,101,125,0,5,135,-10.9276,-6.3774,-13.5435,-12.3639,-10.8006,403.034,-35.7673,18648.6,-59.6129,16439.4,-12.4848,-7.93464,-16.658,-13.9212,-12.3579,0.737075,-59.3206,16882.1,-83.1661,0.372804,-0.00201194,1.00268,-159.12,534.812,595.496,0.645738,27422.4,8.01033e-07,0.704515,111.673,86.481,25.0635,26.207,0.956366,571.017,635.986,0.752312 
68,0.01,44.99,68,3564.1,0,5,101,125,0,5,135,-7.85594,-15.851,-25.6453,-9.71046,-16.3703,399.214,-37.3832,17510.9,-51.1147,16439.4,-9.39842,-17.3935,-28.7303,-11.2529,-17.9128,0.660751,-60.7133,15761.2,-74.4448,0.404629,-0.00220604,1.00257,-150.047,522.432,624.85,852.758,25518.1,7.82044e-07,0.730587,111.51,86.7021,24.7316,25.5428,0.968243,555.996,604.157,0.741105 
69,0.01,44.99,69,4160.26,0,5,101,125,0,5,135,-10.8486,-8.916,-15.3423,-11.6941,-14.5259,387.561,-53.1311,17984,-18.0217,16439.4,-12.346,-10.4135,-18.3372,-13.1915,-16.0234,0.739201,-75.7802,16285.3,-40.6708,0.60826,-0.00266611,1.00136,-124.585,546.053,627.202,1.28592,26477,7.91719e-07,0.73918,111.065,86.8333,24.6234,26.1463,0.941753,551.14,633.045,0.746065 
70,0.01,44.99,70,4854.39,0,5,101,125,0,5,135,-10.0759,-2.16609,-15.4535,-12.4381,-8.25718,375.5,-37.9248,18817.5,-42.6674,16439.4,-11.5268,-3.61695,-18.3552,-13.889,-9.70804,0.67852,-59.869,17171.7,-64.6116,0.435719,-0.00199626,1.00205,-137.403,568.212,609.236,7.70961e+07,27644.3,8.03188e-07,0.732539,111.359,86.6952,25.0018,25.6499,0.974733,568.208,609.232,0.732534 
71,0.01,44.99,71,5523.46,0,5,101,125,0,5,135,-10.3629,-7.11406,-17.915,-11.3395,-10.8725,360.547,-28.9454,18701.6,-35.6058,16439.4,-11.756,-8.50714,-20.7012,-12.7325,-12.2656,0.686167,-50.0158,17121.3,-56.6761,0.423765,-0.00167208,1.0018,-118.027,523.138,612.207,563.931,26395.5,7.90906e-07,0.715537,111.637,86.1222,24.9866,25.9925,0.961299,567.517,625.617,0.753388 
72,0.01,44.99,72,5089.4,0,5,101,125,0,5,135,-3.439,-5.62538,-18.3037,-11.0482,-11.6697,385.809,-32.5584,18817.3,-36.5849,16439.4,-4.92969,-7.11607,-21.2851,-12.5389,-13.1604,0.639419,-55.105,17126.3,-59.1316,0.437123,-0.00184199,1.00188,-126.063,515.642,554.059,0.566297,27417.4,8.00984e-07,0.667312,110.982,86.7098,24.919,25.6039,0.973248,564.451,607.052,0.730807 
73,0.01,44.99,73,7363.33,0,5,101,125,0,5,135,-6.63242,-8.34635,-16.199,-7.91332,-9.66869,410.543,-30.6949,20730.6,-56.7682,16439.4,-8.21868,-9.93261,-19.3715,-9.49958,-11.2549,0.667598,-54.6871,18931.2,-80.7603,0.360734,-0.00165343,1.00232,-151.599,547.601,589.651,0.671027,29685.6,8.2249e-07,0.690874,111.254,86.927,25.2739,25.9894,0.972471,580.645,625.467,0.732702 
74,0.01,44.99,74,4438.37,0,5,101,125,0,5,135,-9.05481,-3.87712,-7.03179,-10.9008,-11.34,448.981,-44.0977,18081.2,-50.3046,16439.4,-10.7896,-5.61189,-10.5013,-12.6356,-13.0748,0.800405,-70.3361,16113.4,-76.543,0.433671,-0.00250057,1.00259,-162.188,523.223,569.885,404.555,25589,7.82768e-07,0.697597,111.551,86.7482,24.732,25.5056,0.969669,556.012,602.399,0.739352 
75,0.01,44.99,75,3538.83,0,5,101,125,0,5,135,-6.6267,-9.29003,-7.7099,-7.75417,-9.25184,340.884,-35.1976,16917.9,-57.6997,16439.4,-7.94381,-10.6071,-10.3441,-9.07128,-10.5689,0.786874,-55.1189,15423.8,-77.621,0.371762,-0.00204625,1.00274,-148.264,536.967,584.176,0.881081,25063.8,7.77375e-07,0.720468,111.94,86.8453,24.642,25.4701,0.967484,551.97,600.724,0.740738 
76,0.01,44.99,76,4593.67,0,5,101,125,0,5,135,-6.96276,-5.12396,-14.9961,-6.53426,-8.48829,351.652,-37.6622,17617.1,-47.5941,16439.4,-8.32148,-6.48267,-17.7135,-7.89297,-9.84701,0.647545,-58.2128,16075.9,-68.1446,0.415846,-0.00207351,1.00231,-139.986,538.127,601.514,0.956358,26270.2,7.89653e-07,0.720492,111.415,87.0658,24.5985,25.7687,0.954588,550.026,614.891,0.736469 
77,0.01,44.99,77,3440.98,0,5,101,125,0,5,135,-2.62959,-8.43528,-15.0857,-7.50901,-9.63942,345.684,-18.1256,17133.9,-72.5566,16439.4,-3.96524,-9.77093,-17.757,-8.84467,-10.9751,0.653947,-38.3274,15618.8,-92.7584,0.256135,-0.00140421,1.00323,-149.637,529.356,639.366,336.909,25609.7,7.82979e-07,0.743017,111.892,86.977,24.3877,25.4927,0.956654,540.64,601.79,0.728495 
78,0.01,44.99,78,5971.55,0,5,101,125,0,5,135,-2.63765,-5.23082,-16.711,-3.14783,-4.34481,406.137,-36.9496,20294.1,-59.9928,16439.4,-4.20688,-6.80006,-19.8495,-4.71706,-5.91405,0.521555,-60.6843,18514,-83.7274,0.376553,-0.00187651,1.00246,-161.157,568.198,610.318,1.71319e+08,29592.9,8.21632e-07,0.716722,111.456,87.4856,25.0016,25.6729,0.973853,568.2,610.324,0.716726 
79,0.01,44.99,79,7158.57,0,5,101,125,0,5,135,-4.93733,-5.68623,-11.5548,-8.82687,-6.89245,366.621,-34.5883,20398.6,-62.9916,16439.4,-6.35388,-7.10278,-14.3879,-10.2434,-8.309,0.689895,-56.0136,18791.7,-84.4169,0.356063,-0.0017062,1.00244,-157.314,534.555,575.78,0.54637,29395.1,8.19798e-07,0.676733,111.324,86.2852,25.483,26.2202,0.971887,590.294,636.624,0.747771 
80,0.01,44.99,80,6230.55,0,5,101,125,0,5,135,-7.30955,-3.01362,-13.7585,-6.9837,-11.3038,365.438,-37.4292,20396.4,-68.3776,16439.4,-8.72153,-4.4256,-16.5824,-8.39568,-12.7157,0.673837,-58.7854,18794.7,-89.7338,0.353137,-0.0017905,1.0026,-166.466,522.497,567.346,0.59649,29272,8.18652e-07,0.665069,111.491,86.6957,24.944,25.7706,0.967923,565.584,614.982,0.720411 
81,0.01,44.99,81,4954.79,0,5,101,125,0,5,135,-11.5498,-5.70789,-18.0809,-10.4827,-9.20969,398.663,-27.6355,18860.4,-65.5718,16439.4,-13.0901,-7.24824,-21.1616,-12.0231,-10.75,0.670754,-50.9333,17113.1,-88.8696,0.323229,-0.00170363,1.00283,-157.577,542.235,594.829,0.807296,27948.4,8.06122e-07,0.704513,110.927,87.1021,24.8548,25.7946,0.963563,561.545,616.128,0.729671 
82,0.01,44.99,82,8319.84,0,5,101,125,0,5,135,-9.41374,-10.4476,-17.2551,-9.64035,-8.31708,419.508,-35.6073,21700.4,-68.75,16439.4,-11.0346,-12.0685,-20.4969,-11.2612,-9.93797,0.683686,-60.1233,19861.7,-93.2661,0.349468,-0.00173277,1.00256,-172.043,546.603,593.488,0.659584,30625.1,8.31077e-07,0.685332,111.273,86.2888,25.2913,26.1116,0.968583,581.444,631.365,0.729043 
83,0.01,44.99,83,6935.28,0,5,101,125,0,5,135,-13.4499,-11.9865,-19.2896,-6.12061,-11.0195,358.198,-41.6706,20667.5,-44.0359,16439.4,-14.8339,-13.3705,-22.0576,-7.50461,-12.4035,0.685655,-62.6037,19097.6,-64.969,0.445367,-0.00187672,1.00185,-140.566,541.592,580.446,0.587712,29649.2,8.22154e-07,0.681968,111.047,86.8276,25.4268,26.1012,0.97416,587.689,630.861,0.740607 
84,0.01,44.99,84,9802.29,0,5,101,125,0,5,135,-6.28942,-13.4751,-14.4762,-10.1513,-13.2057,378.256,-25.5247,22742.6,-57.387,16439.4,-7.75092,-14.9366,-17.3992,-11.6128,-14.6672,0.737833,-47.6299,21084.7,-79.4923,0.333028,-0.00129251,1.00205,-143.021,572.564,619.271,0.927394,32229.9,8.45347e-07,0.704397,111.055,87.0618,25.3965,26.169,0.970482,586.293,634.142,0.7213 
85,0.01,44.99,85,8507.17,0,5,101,125,0,5,135,-5.07769,-11.3944,-19.7087,-13.3425,-14.6719,320.451,-43.1759,21956.2,-47.5347,16439.4,-6.31585,-12.6325,-22.185,-14.5807,-15.9101,0.690258,-61.903,20551.7,-66.2618,0.437733,-0.00172415,1.00175,-141.417,581.3,616.327,1.21579,31542.7,8.39295e-07,0.713166,111.574,87.3823,25.4268,25.9391,0.98025,587.692,623.05,0.720977 
86,0.01,44.99,86,7436.7,0,5,101,125,0,5,135,-11.6352,-8.80842,-7.1651,-6.78559,-6.17833,438.769,-31.1223,21701.7,-59.3515,16439.4,-13.3305,-10.5037,-10.5557,-8.48091,-7.87365,0.791983,-56.7639,19778.6,-84.9931,0.357555,-0.00164268,1.00234,-158.756,535.797,580.644,0.566942,31093.5,8.35292e-07,0.667754,111.854,86.1008,25.4106,26.2129,0.969393,586.942,636.272,0.731611 
87,0.01,44.99,87,5664.74,0,5,101,125,0,5,135,-6.32154,-6.25287,-9.20593,-11.446,-7.80806,350.218,-52.9602,18829.1,-59.6116,16439.4,-7.67471,-7.60604,-11.9123,-12.7992,-9.16123,0.757651,-73.4269,17294.1,-80.0784,0.433144,-0.00243206,1.00252,-169.521,524.453,578.76,0.630304,27093.5,7.97817e-07,0.690557,111.406,87.1114,24.8623,25.885,0.960491,561.885,620.45,0.740072 
88,0.01,44.99,88,5858.18,0,5,101,125,0,5,135,-3.69074,-8.80653,-14.8601,-7.26357,-14.3766,375.445,-48.9936,19697.4,-46.5113,16439.4,-5.14139,-10.2572,-17.7614,-8.71422,-15.8272,0.692184,-70.9347,18051.8,-68.4523,0.463391,-0.00225049,1.00206,-153.077,537.358,587.435,0.817992,28485.2,8.1125e-07,0.692559,111.563,86.7569,24.7346,25.6192,0.96547,556.128,607.778,0.716646 
89,0.01,44.99,89,6791.76,0,5,101,125,0,5,135,-7.37113,-10.0716,-13.4019,-8.04736,-12.5766,417.369,-29.4792,19673.9,-51.2224,16439.4,-8.98376,-11.6843,-16.6272,-9.65999,-14.1892,0.728067,-53.8702,17844.5,-75.6134,0.37253,-0.00172804,1.00231,-144.606,561.447,600.977,1.1543,28328,8.09755e-07,0.717347,111.587,87.2167,25.009,25.6373,0.975491,568.535,608.637,0.726447 
90,0.01,44.99,90,7378.5,0,5,101,125,0,5,135,-6.80488,-12.0346,-23.1862,-10.172,-10.6251,410.45,-34.8653,20896.6,-38.4548,16439.4,-8.39078,-13.6205,-26.358,-11.7579,-12.211,0.635628,-58.8519,19097.6,-62.4415,0.43991,-0.00176404,1.00178,-133.782,545.918,597.985,0.813144,29695,8.22576e-07,0.694596,111.411,86.2471,24.9325,25.8579,0.964212,565.063,619.154,0.719071 
92,0.01,44.99,92,5935.94,0,5,101,125,0,5,135,-6.72463,-10.3243,-10.952,-11.3701,-14.0157,360.208,-43.4592,18442.5,-50.2446,16439.4,-8.1164,-11.716,-13.7355,-12.7619,-15.4074,0.777516,-64.5097,16863.7,-71.2951,0.429882,-0.00219071,1.0023,-150.064,570.934,615.174,9.2667e+08,26867.4,7.95592e-07,0.744906,111.672,86.6841,25.0617,25.7747,0.972339,570.936,615.176,0.744909 
93,0.01,44.99,93,6562.02,0,5,101,125,0,5,135,-5.91343,-7.77084,-14.3757,-9.51596,-5.25449,349.783,-26.6393,19704.1,-41.6335,16439.4,-7.26492,-9.12233,-17.0786,-10.8675,-6.60598,0.664726,-47.0806,18171,-62.0748,0.38727,-0.00148275,1.00186,-121.57,597.152,660.196,676.302,29186.5,8.17855e-07,0.767719,111.767,86.6204,25.0867,26.1243,0.96028,572.073,631.979,0.735193 
94,0.01,44.99,94,6074.97,0,5,101,125,0,5,135,-6.22547,-9.5053,-20.8417,-12.9058,-7.49154,413.461,-37.0348,20317.7,-51.4878,16439.4,-7.823,-11.1028,-24.0368,-14.5033,-9.08907,0.638843,-61.1975,18505.5,-75.6505,0.402673,-0.00189329,1.00222,-151.978,553.372,584.195,0.746764,29544,8.21179e-07,0.692388,111.528,87.1098,25.2205,25.6772,0.982212,578.193,610.532,0.723524 
95,0.01,44.99,95,6774.61,0,5,101,125,0,5,135,-13.6739,-6.04087,-11.4275,-7.79126,-10.4012,359.626,-29.3033,20236.4,-42.3047,16439.4,-15.0634,-7.43039,-14.2065,-9.18078,-11.7908,0.753667,-50.3198,18660.2,-63.3212,0.398398,-0.00154332,1.00185,-126.305,556.57,589.78,0.70305,29198.2,8.17963e-07,0.70044,111.976,86.7289,25.3883,25.9001,0.98024,585.914,621.178,0.73755 
96,0.01,44.99,96,6482.05,0,5,101,125,0,5,135,-4.05496,-11.2834,-17.3062,-12.6719,-13.0713,418.592,-35.5375,20407.5,-46.4192,16439.4,-5.67231,-12.9007,-20.5409,-14.2892,-14.6886,0.698335,-60,18572.8,-70.8817,0.413628,-0.00184943,1.00208,-145.058,548.284,594.822,0.67689,29782.1,8.2338e-07,0.693579,111.506,86.4049,25.2742,26.0874,0.968829,580.658,630.192,0.734677 
97,0.01,44.99,97,7732.54,0,5,101,125,0,5,135,-3.34116,-6.5647,-16.9718,-11.7598,-8.54352,371.108,-38.0645,21268.3,-36.3978,16439.4,-4.77505,-7.99858,-19.8396,-13.1937,-9.97741,0.644352,-59.7521,19641.8,-58.0853,0.461568,-0.00174137,1.00161,-129.454,543.085,602.292,0.693828,30641.8,8.31227e-07,0.688046,111.544,86.8352,25.102,26.1948,0.958282,572.771,635.391,0.725757 
98,0.01,44.99,98,8567.36,0,5,101,125,0,5,135,-7.47644,-5.43731,-10.8803,-7.83316,-4.89068,373.613,-25.372,22114.4,-44.7669,16439.4,-8.92001,-6.88087,-13.7674,-9.27673,-6.33424,0.695272,-47.206,20476.8,-66.6008,0.37133,-0.00131908,1.00177,-127.127,562.561,601.312,0.66846,31710.5,8.40781e-07,0.691754,111.019,87.4702,25.6225,26.2517,0.976033,596.772,638.155,0.73398 
99,0.01,44.99,99,7388.02,0,5,101,125,0,5,135,-7.27412,-10.5089,-16.7936,-11.7625,-9.50203,378.004,-44.7109,20856.6,-52.0689,16439.4,-8.73465,-11.9694,-19.7146,-13.223,-10.9626,0.69484,-66.8014,19199.8,-74.1594,0.428784,-0.00199212,1.0021,-155.793,567.067,611.41,0.861602,30043.5,8.25782e-07,0.713047,111.675,86.6931,25.3482,26.0784,0.972,584.063,629.758,0.734431 
100,0.01,44.99,100,6503.18,0,5,101,125,0,5,135,-4.63482,-3.83168,-19.0702,-7.6478,-8.1649,332.857,-31.2602,19482.2,-43.5231,16439.4,-5.92091,-5.11777,-21.6424,-8.93389,-9.45099,0.576188,-50.7123,18023.3,-62.9753,0.401578,-0.00161042,1.0019,-126.283,561.403,624.354,0.862122,28209.6,8.08626e-07,0.732159,111.551,86.9794,25.2178,26.3563,0.956806,578.071,643.25,0.754107 
101,0.01,44.99,101,7605.19,0,5,101,125,0,5,135,-5.88956,-11.9105,-11.2253,-6.82475,-9.72827,425.953,-38.8872,21069.5,-29.1547,16439.4,-7.53535,-13.5563,-14.5169,-8.47055,-11.3741,0.738213,-63.7799,19202.5,-54.0473,0.495814,-0.00190157,1.00153,-128.637,583.265,642.405,212.933,30490.7,8.29859e-07,0.73762,110.996,86.4349,25.2937,26.324,0.960859,581.552,641.677,0.73612 
102,0.01,44.99,102,8410.37,0,5,101,125,0,5,135,-10.1153,-9.17314,-16.8779,-12.7373,-11.807,416.832,-63.6822,21709.1,-49.1685,16439.4,-11.7258,-10.7837,-20.099,-14.3479,-13.4175,0.714397,-88.0419,19882.1,-73.5282,0.499456,-0.00253682,1.00201,-176.276,536.955,565.618,0.548168,31004,8.3449e-07,0.660404,111.279,86.9998,25.5259,25.976,0.982672,592.282,624.824,0.728991 
103,0.01,44.99,103,5896.99,0,5,101,125,0,5,135,-10.2689,-4.54032,-21.6927,-13.4321,-14.8823,375.018,-43.1107,19640.4,-50.8661,16439.4,-11.7179,-5.98932,-24.5907,-14.8811,-16.3313,0.66548,-65.0268,17996.7,-72.7822,0.426782,-0.00206899,1.0022,-152.365,560.489,585.663,0.71323,28709.2,8.13372e-07,0.704398,110.97,86.5972,25.4598,25.782,0.987502,589.216,615.524,0.740408 
104,0.01,44.99,104,8701.79,0,5,101,125,0,5,135,-8.60971,-8.37857,-15.3047,-10.547,-10.9869,394.061,-44.856,22106.9,-45.5072,16439.4,-10.1323,-9.90115,-18.3498,-12.0695,-12.5095,0.708558,-67.885,20379.8,-68.5361,0.45218,-0.00190706,1.00183,-150.128,532.227,578.573,0.523279,30934.9,8.33869e-07,0.665471,111.41,87.4936,25.5825,26.4258,0.968086,594.91,646.651,0.743811 
105,0.01,44.99,105,4263.44,0,5,101,125,0,5,135,-5.33468,-9.99016,-20.1218,-12.6712,-12.1829,397.846,-21.1178,18766.1,-81.6164,16439.4,-6.87188,-11.5274,-23.1962,-14.2084,-13.7201,0.666357,-44.3679,17022.3,-104.866,0.260669,-0.00149163,1.00336,-170.208,554.33,575.83,0.657434,27685.7,8.03588e-07,0.703069,111.775,87.1015,25.4657,25.7251,0.989917,589.492,612.813,0.747944 
106,0.01,44.99,106,7668.3,0,5,101,125,0,5,135,-8.88644,-8.40319,-19.1915,-15.5395,-8.88905,387.068,-41.7316,21078,-40.9925,16439.4,-10.382,-9.89874,-22.1826,-17.0351,-10.3846,0.682575,-64.3519,19381.4,-63.6128,0.457411,-0.00190091,1.00178,-140.687,559.861,607.619,0.64769,29998,8.25365e-07,0.706659,111.667,87.2979,25.6272,26.4609,0.96849,596.989,648.37,0.753787 
107,0.01,44.99,107,7101.66,0,5,101,125,0,5,135,-7.77682,-7.37155,-16.405,-8.86223,-5.75627,369.027,-61.1452,20874.9,-41.1349,16439.4,-9.20267,-8.7974,-19.2567,-10.2881,-7.18212,0.648131,-82.7112,19257.5,-62.7009,0.523647,-0.00246033,1.00177,-157.952,483.489,538.995,896.169,27571.4,8.02481e-07,0.636137,111.961,86.8487,25.1583,25.6097,0.982374,575.343,607.323,0.736612 
108,0.01,44.99,108,5029.3,0,5,101,125,0,5,135,-4.07294,-9.74426,-15.9252,-10.4103,-12.9974,308.146,-32.7703,17958.2,-56.3092,16439.4,-5.26355,-10.9349,-18.3064,-11.6009,-14.188,0.69638,-50.7784,16607.6,-74.3173,0.362809,-0.00175022,1.00244,-139.959,531.382,605.97,0.845233,26090.6,7.8785e-07,0.720254,110.897,87.1376,24.5553,25.9859,0.944947,548.095,625.298,0.743067 
109,0.01,44.99,109,7437.44,0,5,101,125,0,5,135,-2.90597,-12.3245,-24.1366,-11.0692,-14.4092,381.281,-45.4229,21169.7,-57.0793,16439.4,-4.37917,-13.7977,-27.083,-12.5424,-15.8824,0.632447,-67.7049,19498.5,-79.3613,0.415524,-0.00198812,1.00221,-162.938,559.682,599.581,0.766128,30277.5,8.2792e-07,0.699691,111.374,86.8593,25.323,25.9713,0.975038,582.903,624.597,0.728802 
110,0.01,44.99,110,5498.22,0,5,101,125,0,5,135,-8.59959,-6.19397,-17.451,-8.91542,-10.2588,338.705,-12.3431,18792.1,-49.9038,16439.4,-9.90828,-7.50265,-20.0684,-10.2241,-11.5675,0.661412,-32.137,17307.6,-69.6977,0.277583,-0.00106216,1.00219,-115.774,567.378,572.207,0.806017,27402.9,8.00843e-07,0.711485,111.556,87.0529,25.4282,25.3039,1.00491,587.753,592.906,0.737129 
111,0.01,44.99,111,5402.33,0,5,101,125,0,5,135,-7.19889,-8.04899,-15.7911,-12.5796,-9.53733,341.527,-31.1265,19464.8,-65.6999,16439.4,-8.51848,-9.36858,-18.4303,-13.8992,-10.8569,0.698228,-51.0854,17967.9,-85.6587,0.331991,-0.0016273,1.00259,-153.876,492.019,574.784,684.589,26392.3,7.90874e-07,0.672412,111.61,86.7954,25.3227,26.1976,0.966602,582.888,635.531,0.76958 
112,0.01,44.99,112,6373.6,0,5,101,125,0,5,135,-5.78449,-10.5205,-21.7898,-12.5849,-11.2846,349.516,-41.5933,19111.3,-46.4344,16439.4,-7.13495,-11.8709,-24.4907,-13.9353,-12.6351,0.650467,-62.019,17579.4,-66.8601,0.435982,-0.00202004,1.00207,-142.251,561.128,622.346,1.25476e+06,27597.8,8.02737e-07,0.736162,111.499,87.0621,24.8456,25.9245,0.95838,561.129,622.349,0.736165 
113,0.01,44.99,113,5730.59,0,5,101,125,0,5,135,-8.17604,-6.94066,-15.2066,-11.0076,-13.9198,417.22,-47.8045,20236.7,-53.2427,16439.4,-9.7881,-8.55272,-18.4307,-12.6197,-15.5318,0.716115,-72.1868,18408.1,-77.6251,0.436604,-0.00224588,1.00229,-165.337,553.24,584.352,0.765241,29525.8,8.21011e-07,0.692541,111.428,87.2484,25.1815,25.6438,0.981971,576.405,608.944,0.721611 
114,0.01,44.99,114,6371.52,0,5,101,125,0,5,135,-9.48593,-8.94132,-11.0614,-13.6635,-10.7245,384.362,-49.3269,20079,-44.655,16439.4,-10.971,-10.4264,-14.0316,-15.1486,-12.2096,0.776521,-71.789,18394.3,-67.1171,0.471274,-0.00223514,1.00198,-152.33,583.565,676.622,540.639,29934.4,8.24781e-07,0.761866,111.804,87.043,25.3951,26.1859,0.969801,586.227,634.961,0.73972 
115,0.01,44.99,115,5055.56,0,5,101,125,0,5,135,-12.1628,-7.29848,-17.8503,-14.325,-15.0276,339.626,-30.6413,18529.8,-46.6377,16439.4,-13.4751,-8.61073,-20.4748,-15.6372,-16.3398,0.725309,-50.4891,17041.2,-66.4855,0.387568,-0.00169588,1.00212,-130.272,562.134,618.788,1073.06,27342,8.00249e-07,0.736997,111.79,86.2482,24.8683,25.8121,0.963434,562.155,616.964,0.735924 
116,0.01,44.99,116,4815.7,0,5,101,125,0,5,135,-9.00467,-10.6919,-12.5922,-12.821,-6.6002,397.848,-42.7483,18065.2,-56.4666,16439.4,-10.5419,-12.2291,-15.6666,-14.3582,-8.1374,0.742889,-65.9986,16321.4,-79.7168,0.408258,-0.00231603,1.00266,-161.659,556.479,573.541,184.86,26201.6,7.88965e-07,0.71606,111.103,87.5272,24.8115,24.9793,0.993282,559.593,577.795,0.720719 
117,0.01,44.99,117,5028.51,0,5,101,125,0,5,135,-11.2307,-10.4886,-20.1695,-8.16525,-7.86348,357.889,-28.494,18637.9,-56.049,16439.4,-12.6135,-11.8714,-22.9351,-9.54806,-9.2463,0.653624,-49.409,17069.2,-76.9641,0.348525,-0.00165681,1.00245,-141.766,555.942,625.892,49.6711,26969.6,7.966e-07,0.740499,111.289,87.2255,24.8016,26.0146,0.95337,559.145,626.683,0.743098 
118,0.01,44.99,118,6046.36,0,5,101,125,0,5,135,-10.3212,-12.1531,-14.5493,-13.5049,-13.0703,379.305,-31.7388,19431.9,-54.2558,16439.4,-11.7867,-13.6187,-17.4804,-14.9705,-14.5359,0.758532,-53.9054,17769.4,-76.4224,0.370198,-0.0017365,1.00234,-145.612,556.874,620.152,1.00464,27922.7,8.05874e-07,0.729223,111.591,86.4864,24.9873,26.1274,0.956365,567.552,632.129,0.743256 
119,0.01,44.99,119,5012.34,0,5,101,125,0,5,135,-11.2824,-7.52412,-18.2979,-8.23216,-9.15095,336.202,-43.5597,18417,-46.9016,16439.4,-12.5815,-8.82314,-20.896,-9.53117,-10.45,0.664493,-63.2074,16943.5,-66.5492,0.441804,-0.00213626,1.00214,-143.066,550.534,633.835,2.87163e+06,26984.1,7.96742e-07,0.741417,111.42,86.9536,24.6103,26.1629,0.940659,550.555,633.845,0.741437 
120,0.01,44.99,120,8055.09,0,5,101,125,0,5,135,-10.3415,-10.5808,-21.6191,-7.66306,-11.5346,361.951,-53.9078,21991.9,-47.3608,16439.4,-11.74,-11.9793,-24.4161,-9.06157,-12.9331,0.651845,-75.0602,20405.4,-68.5132,0.477251,-0.00210639,1.00183,-157.276,430.838,467.787,1085.95,26199.2,7.88941e-07,0.569032,111.22,87.0908,25.4781,26.198,0.97252,590.065,635.55,0.776212 
121,0.01,44.99,121,7545.46,0,5,101,125,0,5,135,-9.68678,-11.6857,-17.2663,-12.5211,-14.5801,408.89,-39.6679,21344.2,-76.6736,16439.4,-11.2667,-13.2656,-20.4261,-14.101,-16.1599,0.728446,-63.5634,19552,-100.569,0.344992,-0.00186117,1.0028,-184.246,575.826,621.731,750.925,30580.8,8.30676e-07,0.720303,111.404,86.6563,25.2461,25.9385,0.973305,579.368,623.022,0.723264 
122,0.01,44.99,122,7054.89,0,5,101,125,0,5,135,-11.911,-6.67801,-16.3679,-6.85492,-5.25692,300.491,-41.2584,19705.4,-27.1861,16439.4,-13.0721,-7.83905,-18.69,-8.01596,-6.41796,0.654114,-58.8191,18388.4,-44.7468,0.522766,-0.00183118,1.00132,-112.515,565.269,647.6,4.4173e+10,28149.2,8.08048e-07,0.748762,111.518,86.674,24.937,26.4452,0.942969,565.268,647.6,0.748762 
123,0.01,44.99,123,7420.98,0,5,101,125,0,5,135,-7.55737,-10.5424,-17.8679,-15.0242,-11.8568,359.48,-27.6124,20485.1,-39.6306,16439.4,-8.94633,-11.9314,-20.6459,-16.4132,-13.2458,0.709959,-48.6204,18909.5,-60.6386,0.400541,-0.00147143,1.00174,-121.387,557.076,596.531,0.720776,29457.3,8.20375e-07,0.702685,111.587,87.0514,25.3601,26.0035,0.975261,584.614,626.144,0.737495 
124,0.01,44.99,124,7319.15,0,5,101,125,0,5,135,-7.10917,-7.53875,-22.0323,-13.7252,-11.7416,320.927,-44.7599,20836.2,-64.5664,16439.4,-8.34916,-8.77874,-24.5123,-14.9652,-12.9816,0.647746,-63.5148,19429.6,-83.3213,0.388469,-0.00187148,1.00233,-163.5,576.095,627.61,1.07341,30145.7,8.26717e-07,0.727337,111.336,85.9948,25.3727,26.2405,0.966931,585.193,637.611,0.738875 
125,0.01,44.99,125,4304.18,0,5,101,125,0,5,135,-8.44052,-12.6338,-15.7076,-8.11787,-10.2421,379.936,-10.7618,17910.2,-46.6039,16439.4,-9.90852,-14.1018,-18.6436,-9.58587,-11.7101,0.708465,-32.9653,16245,-68.8074,0.285329,-0.00116092,1.0023,-115.534,550.423,593.575,536.578,26019.3,7.87132e-07,0.726171,111.855,87.0927,24.9371,25.7007,0.970287,565.271,611.649,0.74702 
126,0.01,44.99,126,7456.84,0,5,101,125,0,5,135,-8.59892,-5.05748,-15.761,-7.76033,-12.3594,364.799,-22.5141,20710.6,-34.0037,16439.4,-10.0084,-6.46699,-18.58,-9.16984,-13.7689,0.679622,-43.8329,19111.6,-55.3225,0.397686,-0.0013123,1.00157,-110.22,566.687,620.395,869.896,29647.1,8.22134e-07,0.721212,111.184,86.8935,25.2932,25.8942,0.976789,581.531,620.894,0.730891 
127,0.01,44.99,127,7879.44,0,5,101,125,0,5,135,-11.1065,-11.9954,-17.2077,-11.9666,-9.84572,351.073,-37.4391,21490.1,-30.0034,16439.4,-12.4629,-13.3519,-19.9206,-13.323,-11.2022,0.716476,-57.9559,19951.4,-50.5201,0.488749,-0.00166268,1.00138,-118.58,570.728,621.474,545.154,30423.8,8.29251e-07,0.718191,111.373,87.0268,25.1413,25.9763,0.967855,574.568,624.838,0.72255 
128,0.01,44.99,128,5374.73,0,5,101,125,0,5,135,-12.4634,-6.9782,-15.2516,-11.7502,-9.99377,333.639,-38.5983,18926.9,-51.1867,16439.4,-13.7526,-8.26731,-17.8298,-13.0393,-11.2829,0.722155,-58.0962,17464.6,-70.6846,0.406501,-0.00190449,1.0022,-142.918,558.755,640.27,2.4854e+06,27704.7,8.03772e-07,0.744148,112.373,86.3216,24.7931,26.2952,0.942876,558.764,640.275,0.744157 
129,0.01,44.99,129,5760.16,0,5,101,125,0,5,135,-7.67308,-10.2772,-18.2036,-4.08475,-6.42916,344.234,-45.5676,19163,-32.9814,16439.4,-9.00313,-11.6072,-20.8637,-5.4148,-7.75921,0.618217,-65.6846,17654.3,-53.0984,0.507598,-0.00213059,1.00164,-129.403,567.561,613.035,2.71378e+06,27638.3,8.03129e-07,0.734452,111.459,86.9061,24.9876,25.7298,0.971156,567.565,613.034,0.734454 
130,0.01,44.99,130,6911.2,0,5,101,125,0,5,135,-6.57698,-6.19512,-14.8739,-9.03386,-8.84043,302.388,-47.8826,20469.9,-26.4944,16439.4,-7.74535,-7.36348,-17.2107,-10.2022,-10.0088,0.672368,-65.5541,19144.5,-44.1659,0.552951,-0.00196051,1.00125,-118.553,576.792,606.077,261.492,29488.7,8.20667e-07,0.720454,111.527,86.9555,25.3367,25.6082,0.989397,583.533,607.255,0.725356 
131,0.01,44.99,131,4575.78,0,5,101,125,0,5,135,-7.4083,-12.1144,-14.455,-3.79952,-6.98518,338.449,-35.419,18370.3,-44.1021,16439.4,-8.716,-13.4221,-17.0704,-5.10722,-8.29288,0.675521,-55.1979,16886.8,-63.8811,0.418625,-0.00187132,1.00206,-131.855,540.734,601.657,0.834878,27040.6,7.97298e-07,0.715395,111.629,86.409,24.7852,25.9,0.956956,558.407,621.174,0.738689 
