cyc,freq,amplitude,time,waittime,cyc2,T,TF,EF,ToTF,wx,wy,wz,bx,by,bz,q,mu0,offs,N,Npix,ENoEF,EkHz,ENoEF2,EkHz2,SNkB,tof,AR
0,5,1.5,0.01,40,0,3.58941e-07,6.3668e-07,8.79033e-30,0.563769,950.317,2545.79,2478.35,4.67071,18.9019,18.1623,-0.261515,-1.29599e-30,1.78278e-13,32196.7,46496.4,1.56055,20.7026,1.45019,19.2387,0.968733,0.0066,1.40333 
1,5,1.5,40,0.01,1,4.01266e-07,6.2689e-07,8.65515e-30,0.64009,950.317,2545.79,2478.35,4.67071,18.9019,18.1623,-0.601651,-3.33319e-30,1.36453e-13,30734.1,45404.1,1.79853,23.4929,1.6237,21.2093,0.647151,0.0066,1.36854 
2,5,1.5,40,0.01,2,3.89071e-07,6.09846e-07,8.41984e-30,0.637981,950.317,2545.79,2478.35,4.67071,18.9019,18.1623,-0.592724,-3.18394e-30,-1.78475e-13,28294.9,40369.7,1.79194,22.7704,1.61874,20.5696,0.655614,0.0066,1.33493 
3,5,1.5,0.01,40,3,3.42627e-07,6.38229e-07,8.81172e-30,0.53684,950.317,2545.79,2478.35,4.67071,18.9019,18.1623,-0.130902,-6.1923e-31,1.12786e-13,32432.3,46187.8,1.47871,19.6647,1.392,18.5117,1.09331,0.0066,1.39404 
4,5,1.5,0.01,40,4,3.60517e-07,6.02109e-07,8.31302e-30,0.598758,950.317,2545.79,2478.35,4.67071,18.9019,18.1623,-0.422341,-2.10219e-30,4.74503e-13,27231.5,41004.4,1.66893,20.9383,1.52819,19.1725,0.816469,0.0066,1.42599 
5,5,1.5,0.01,40,5,3.59196e-07,6.46039e-07,8.91954e-30,0.555997,950.317,2545.79,2478.35,4.67071,18.9019,18.1623,-0.224478,-1.11324e-30,-1.39015e-14,33637.4,47594.7,1.53677,20.6869,1.43324,19.2932,1.00396,0.0066,1.41764 
6,5,1.5,40,0.01,6,3.81354e-07,6.47673e-07,8.94211e-30,0.588806,950.317,2545.79,2478.35,4.67071,18.9019,18.1623,-0.377518,-1.98769e-30,-1.2357e-14,33893.4,48519,1.63791,22.1042,1.50573,20.3204,0.858818,0.0066,1.38391 
7,5,1.5,40,0.01,7,4.00635e-07,6.15157e-07,8.49317e-30,0.651273,950.317,2545.79,2478.35,4.67071,18.9019,18.1623,-0.648422,-3.58666e-30,3.96152e-13,29040.6,44668.4,1.83374,23.5045,1.65017,21.1515,0.602966,0.0066,1.32694 
8,5,1.5,40,0.01,8,3.9459e-07,6.0698e-07,8.38027e-30,0.650087,950.317,2545.79,2478.35,4.67071,18.9019,18.1623,-0.643504,-3.50575e-30,2.79215e-13,27897.8,42180.6,1.83,23.1448,1.64735,20.8347,0.607611,0.0066,1.35106 
9,5,1.5,0.01,40,9,3.43849e-07,6.5659e-07,9.06521e-30,0.523689,950.317,2545.79,2478.35,4.67071,18.9019,18.1623,-0.0646749,-3.07034e-31,1.7541e-13,35312.6,49956.6,1.43932,19.6915,1.36418,18.6635,1.15685,0.0066,1.43289 
10,5,1.5,40,0.01,10,3.7511e-07,5.90594e-07,8.15404e-30,0.635139,950.317,2545.79,2478.35,4.67071,18.9019,18.1623,-0.580692,-3.00738e-30,-1.28103e-13,25698.9,36746.9,1.783,21.9416,1.61207,19.8382,0.666977,0.0066,1.32736 
11,5,1.5,0.01,40,11,3.66958e-07,6.37726e-07,8.80477e-30,0.575416,950.317,2545.79,2478.35,4.67071,18.9019,18.1623,-0.316075,-1.60136e-30,3.64169e-13,32355.6,47533.5,1.59643,21.2134,1.47586,19.6113,0.916986,0.0066,1.41655 
12,5,1.5,0.01,40,12,3.49374e-07,6.51762e-07,8.99856e-30,0.536046,950.317,2545.79,2478.35,4.67071,18.9019,18.1623,-0.126945,-6.12339e-31,-1.13255e-13,34539.3,48302.4,1.47632,20.0492,1.39031,18.8812,1.0971,0.0066,1.41769 
13,5,1.5,0.01,40,13,3.67018e-07,6.73294e-07,9.29584e-30,0.545108,950.317,2545.79,2478.35,4.67071,18.9019,18.1623,-0.171695,-8.70018e-31,-1.12894e-13,38076.9,53929.4,1.50367,21.0953,1.4097,19.7769,1.0543,0.0066,1.3972 
14,5,1.5,40,0.01,14,3.81272e-07,5.91851e-07,8.17139e-30,0.644203,950.317,2545.79,2478.35,4.67071,18.9019,18.1623,-0.618897,-3.25789e-30,1.10012e-14,25863.3,37794,1.81155,22.3404,1.63341,20.1435,0.630916,0.0066,1.31013 
15,5,1.5,0.01,40,15,3.56481e-07,6.6705e-07,9.20962e-30,0.534415,950.317,2545.79,2478.35,4.67071,18.9019,18.1623,-0.118823,-5.84819e-31,3.9007e-13,37027.2,53877,1.47142,20.4514,1.38684,19.2759,1.10488,0.0066,1.43346 
16,5,1.5,0.01,40,16,3.81854e-07,5.90462e-07,8.15221e-30,0.646703,950.317,2545.79,2478.35,4.67071,18.9019,18.1623,-0.629392,-3.31819e-30,4.15525e-13,25681.6,39299.8,1.81936,22.384,1.63932,20.169,0.620957,0.0066,1.37742 
17,5,1.5,40,0.01,17,4.11518e-07,5.94912e-07,8.21366e-30,0.691729,950.317,2545.79,2478.35,4.67071,18.9019,18.1623,-0.812236,-4.61482e-30,4.03715e-13,26266.7,40168.8,1.96107,24.3094,1.74805,21.6688,0.447775,0.0066,1.39577 
18,5,1.5,40,0.01,18,3.89002e-07,6.1856e-07,8.54015e-30,0.628883,950.317,2545.79,2478.35,4.67071,18.9019,18.1623,-0.554034,-2.97558e-30,9.5054e-14,29525.1,43414.6,1.76332,22.7269,1.59745,20.589,0.692141,0.0066,1.35823 
19,5,1.5,40,0.01,19,4.00419e-07,5.96656e-07,8.23773e-30,0.671106,950.317,2545.79,2478.35,4.67071,18.9019,18.1623,-0.72977,-4.03445e-30,1.5041e-13,26498.3,39446.2,1.89615,23.5736,1.69773,21.1067,0.525971,0.0066,1.34055 
20,5,1.5,0.01,40,20,3.48995e-07,5.97345e-07,8.24724e-30,0.584244,950.317,2545.79,2478.35,4.67071,18.9019,18.1623,-0.356742,-1.71893e-30,4.26156e-13,26590.2,39832.9,1.62374,20.2101,1.49551,18.6141,0.878464,0.0066,1.38853 
21,5,1.5,40,0.01,21,3.94665e-07,6.70942e-07,9.26336e-30,0.588226,950.317,2545.79,2478.35,4.67071,18.9019,18.1623,-0.374886,-2.04274e-30,1.82273e-13,37679.2,54926.8,1.63611,22.8731,1.50443,21.0322,0.861305,0.0066,1.39833 
22,5,1.5,40,0.01,22,4.10322e-07,6.07003e-07,8.38059e-30,0.675979,950.317,2545.79,2478.35,4.67071,18.9019,18.1623,-0.749454,-4.24574e-30,-7.40436e-14,27901,41109.9,1.91149,24.1764,1.70955,21.6222,0.507318,0.0066,1.31631 
23,5,1.5,0.01,40,23,3.52213e-07,6.6569e-07,9.19085e-30,0.529095,950.317,2545.79,2478.35,4.67071,18.9019,18.1623,-0.0921057,-4.47894e-31,1.55046e-13,36801.3,52677.6,1.45547,20.1884,1.37557,19.0802,1.1305,0.0066,1.41513 
24,5,1.5,0.01,40,24,3.57339e-07,5.77481e-07,7.97299e-30,0.61879,950.317,2545.79,2478.35,4.67071,18.9019,18.1623,-0.510537,-2.51879e-30,-4.51076e-14,24024.8,34237.5,1.73165,20.8365,1.57403,18.9399,0.733214,0.0066,1.37834 
25,5,1.5,0.01,40,25,3.58124e-07,5.99804e-07,8.2812e-30,0.597068,950.317,2545.79,2478.35,4.67071,18.9019,18.1623,-0.414776,-2.05084e-30,2.38429e-13,26920,39477.6,1.66366,20.7922,1.52436,19.0513,0.823614,0.0066,1.38889 
26,5,1.5,40,0.01,26,3.98228e-07,5.63547e-07,7.78061e-30,0.706646,950.317,2545.79,2478.35,4.67071,18.9019,18.1623,-0.8706,-4.78668e-30,3.23184e-13,22327.3,34601.9,2.00801,23.5789,1.78498,20.96,0.392337,0.0066,1.29919 
27,5,1.5,40,0.01,27,3.92413e-07,6.03675e-07,8.33464e-30,0.650041,950.317,2545.79,2478.35,4.67071,18.9019,18.1623,-0.643315,-3.48539e-30,-2.67403e-13,27444.5,38911.8,1.82986,23.017,1.64724,20.7199,0.607789,0.0066,1.347 
28,5,1.5,40,0.01,28,3.90363e-07,6.17893e-07,8.53094e-30,0.631766,950.317,2545.79,2478.35,4.67071,18.9019,18.1623,-0.566349,-3.05237e-30,4.34523e-13,29429.7,45270.3,1.77239,22.8192,1.60418,20.6535,0.680521,0.0066,1.33544 
29,5,1.5,0.01,40,29,3.52158e-07,6.10988e-07,8.43561e-30,0.576375,950.317,2545.79,2478.35,4.67071,18.9019,18.1623,-0.320532,-1.55845e-30,1.99863e-13,28454.1,41175.1,1.59936,20.3614,1.47798,18.8161,0.912742,0.0066,1.38398 
30,5,1.5,40,0.01,30,4.16488e-07,6.31702e-07,8.7216e-30,0.659311,950.317,2545.79,2478.35,4.67071,18.9019,18.1623,-0.681652,-3.91966e-30,-1.09082e-13,31447.3,46045.8,1.85902,24.4695,1.66935,21.9729,0.571524,0.0066,1.34559 
31,5,1.5,0.01,40,31,3.69343e-07,5.795e-07,8.00086e-30,0.637348,950.317,2545.79,2478.35,4.67071,18.9019,18.1623,-0.590051,-3.00886e-30,2.06592e-13,24277.6,35727.8,1.78994,21.6132,1.61726,19.5281,0.658136,0.0066,1.37884 
32,5,1.5,0.01,40,32,3.56809e-07,6.2742e-07,8.66248e-30,0.568691,950.317,2545.79,2478.35,4.67071,18.9019,18.1623,-0.284711,-1.40257e-30,2.43514e-13,30812.2,44699.4,1.57567,20.5992,1.461,19.1002,0.946707,0.0066,1.42108 
33,5,1.5,0.01,40,33,3.5858e-07,6.10459e-07,8.4283e-30,0.587395,950.317,2545.79,2478.35,4.67071,18.9019,18.1623,-0.371111,-1.83727e-30,1.89153e-13,28380.2,41432.5,1.63352,20.7783,1.50256,19.1125,0.864874,0.0066,1.41067 
34,5,1.5,40,0.01,34,4.03532e-07,6.29338e-07,8.68896e-30,0.6412,950.317,2545.79,2478.35,4.67071,18.9019,18.1623,-0.606314,-3.378e-30,5.11737e-14,31095.6,45336.6,1.80204,23.6307,1.62632,21.3264,0.642762,0.0066,1.37824 
35,5,1.5,0.01,40,35,3.4434e-07,6.3347e-07,8.746e-30,0.543577,950.317,2545.79,2478.35,4.67071,18.9019,18.1623,-0.164195,-7.80602e-31,3.05726e-13,31712.1,46287.5,1.49903,19.7863,1.40641,18.5638,1.06146,0.0066,1.41319 
36,5,1.5,0.01,40,36,3.57397e-07,6.5083e-07,8.98569e-30,0.54914,950.317,2545.79,2478.35,4.67071,18.9019,18.1623,-0.191367,-9.44281e-31,1.28228e-13,34391.4,49136,1.5159,20.5572,1.41838,19.2349,1.03552,0.0066,1.38513 
37,5,1.5,40,0.01,37,4.08351e-07,6.0603e-07,8.36715e-30,0.673813,950.317,2545.79,2478.35,4.67071,18.9019,18.1623,-0.740662,-4.17578e-30,4.72859e-13,27767,43487.6,1.9048,24.0531,1.70429,21.5212,0.515735,0.0066,1.30323 
38,5,1.5,40,0.01,38,3.88798e-07,6.34511e-07,8.76037e-30,0.612752,950.317,2545.79,2478.35,4.67071,18.9019,18.1623,-0.48422,-2.59926e-30,-1.6818e-14,31868.6,46107.6,1.71271,22.6439,1.56012,20.6265,0.758055,0.0066,1.34659 
39,5,1.5,40,0.01,39,3.99436e-07,5.9983e-07,8.28156e-30,0.665915,950.317,2545.79,2478.35,4.67071,18.9019,18.1623,-0.708681,-3.90825e-30,3.75505e-14,26923.5,39383.1,1.87981,23.4947,1.68521,21.0625,0.545941,0.0066,1.34691 
40,5,1.5,0.01,40,40,3.57471e-07,6.02803e-07,8.3226e-30,0.593015,950.317,2545.79,2478.35,4.67071,18.9019,18.1623,-0.39656,-1.95719e-30,2.44578e-13,27325.8,40704.5,1.65102,20.7374,1.5152,19.0315,0.840821,0.0066,1.36345 
41,5,1.5,40,0.01,41,3.98649e-07,6.01903e-07,8.31017e-30,0.662315,950.317,2545.79,2478.35,4.67071,18.9019,18.1623,-0.693982,-3.81964e-30,-3.3696e-13,27203.6,38363.7,1.86848,23.4337,1.67655,21.0267,0.559852,0.0066,1.33227 
42,5,1.5,40,0.01,42,4.32344e-07,5.37423e-07,7.41994e-30,0.804476,950.317,2545.79,2478.35,4.67071,18.9019,18.1623,-1.22948,-7.33894e-30,-8.38745e-15,19364,29222.7,2.31491,25.9226,2.03805,22.8223,0.0494283,0.0066,1.30019 
43,5,1.5,0.01,40,43,3.57847e-07,6.1115e-07,8.43784e-30,0.585532,950.317,2545.79,2478.35,4.67071,18.9019,18.1623,-0.362622,-1.79158e-30,9.93862e-14,28476.7,41100.4,1.62774,20.7281,1.49839,19.081,0.872902,0.0066,1.37785 
44,5,1.5,0.01,40,44,3.67111e-07,6.02338e-07,8.31618e-30,0.609476,950.317,2545.79,2478.35,4.67071,18.9019,18.1623,-0.469847,-2.38142e-30,3.27468e-13,27262.6,40803.6,1.70245,21.367,1.55261,19.4863,0.771622,0.0066,1.35148 
45,5,1.5,0.01,40,45,3.55995e-07,5.91951e-07,8.17277e-30,0.601393,950.317,2545.79,2478.35,4.67071,18.9019,18.1623,-0.434087,-2.13356e-30,3.44931e-13,25876.3,38794.5,1.67717,20.6866,1.53417,18.9228,0.80538,0.0066,1.35509 
46,5,1.5,40,0.01,46,4.13119e-07,5.61424e-07,7.7513e-30,0.735841,950.317,2545.79,2478.35,4.67071,18.9019,18.1623,-0.981886,-5.6004e-30,6.32033e-14,22075.9,33168.5,2.0998,24.5638,1.85855,21.7416,0.286383,0.0066,1.29352 
47,5,1.5,40,0.01,47,4.1634e-07,5.92561e-07,8.18119e-30,0.702612,950.317,2545.79,2478.35,4.67071,18.9019,18.1623,-0.854915,-4.91422e-30,-1.39057e-13,25956.5,38191.9,1.99532,24.6362,1.77495,21.9153,0.407247,0.0066,1.30483 
48,5,1.5,40,0.01,48,3.95237e-07,5.7949e-07,8.00073e-30,0.682043,950.317,2545.79,2478.35,4.67071,18.9019,18.1623,-0.773778,-4.22239e-30,1.57578e-13,24276.4,36522.3,1.93058,23.311,1.72431,20.8204,0.484256,0.0066,1.31116 
49,5,1.5,0.01,40,49,3.50543e-07,5.86529e-07,8.09791e-30,0.597657,950.317,2545.79,2478.35,4.67071,18.9019,18.1623,-0.417412,-2.02018e-30,2.23321e-13,25171.8,37072.5,1.66549,20.3545,1.52569,18.6459,0.821125,0.0066,1.3965 
50,5,1.5,40,0.01,50,3.98033e-07,6.22573e-07,8.59555e-30,0.639336,950.317,2545.79,2478.35,4.67071,18.9019,18.1623,-0.598481,-3.28892e-30,1.16805e-14,30103.5,44028.5,1.79614,23.3001,1.62193,21.0402,0.650134,0.0066,1.33275 
51,5,1.5,0.01,40,51,3.65302e-07,5.97834e-07,8.254e-30,0.611043,950.317,2545.79,2478.35,4.67071,18.9019,18.1623,-0.476732,-2.40442e-30,-3.4066e-13,26655.6,37045.5,1.70736,21.2683,1.5562,19.3853,0.765123,0.0066,1.34777 
52,5,1.5,0.01,40,52,3.61159e-07,5.67295e-07,7.83237e-30,0.636634,950.317,2545.79,2478.35,4.67071,18.9019,18.1623,-0.587036,-2.92717e-30,5.72569e-15,22775.8,33134.8,1.78769,21.1315,1.61558,19.097,0.660981,0.0066,1.35545 
53,5,1.5,0.01,40,53,3.63449e-07,5.93176e-07,8.18968e-30,0.612717,950.317,2545.79,2478.35,4.67071,18.9019,18.1623,-0.48407,-2.42904e-30,-1.52213e-14,26037.3,37294,1.71261,21.1674,1.56004,19.2818,0.758197,0.0066,1.37503 
54,5,1.5,40,0.01,54,3.93655e-07,6.13104e-07,8.46482e-30,0.642069,950.317,2545.79,2478.35,4.67071,18.9019,18.1623,-0.609961,-3.31513e-30,1.25998e-13,28750.7,42801.4,1.80479,23.0563,1.62837,20.8024,0.639329,0.0066,1.3341 
55,5,1.5,0.01,40,55,3.63797e-07,5.7115e-07,7.88558e-30,0.636956,950.317,2545.79,2478.35,4.67071,18.9019,18.1623,-0.588398,-2.95539e-30,-1.37993e-13,23243.2,33324.2,1.78871,21.2871,1.61634,19.2358,0.659696,0.0066,1.35225 
56,5,1.5,0.01,40,56,3.35316e-07,5.87676e-07,8.11376e-30,0.57058,950.317,2545.79,2478.35,4.67071,18.9019,18.1623,-0.293566,-1.35908e-30,6.78389e-14,25319.9,35606,1.58148,19.3656,1.46517,17.9413,0.938305,0.0066,1.40444 
57,5,1.5,40,0.01,57,3.96663e-07,6.11834e-07,8.44729e-30,0.648318,950.317,2545.79,2478.35,4.67071,18.9019,18.1623,-0.636131,-3.48379e-30,3.75718e-13,28572.5,43440.9,1.82444,23.259,1.64315,20.9478,0.614586,0.0066,1.36806 
58,5,1.5,40,0.01,58,3.88847e-07,5.58484e-07,7.71071e-30,0.696255,950.317,2545.79,2478.35,4.67071,18.9019,18.1623,-0.830055,-4.45625e-30,8.93546e-14,21730.9,31972.4,1.97532,22.9866,1.75921,20.4718,0.430861,0.0066,1.34145 
59,5,1.5,40,0.01,59,3.85241e-07,6.11377e-07,8.44098e-30,0.630121,950.317,2545.79,2478.35,4.67071,18.9019,18.1623,-0.559328,-2.97497e-30,1.85833e-13,28508.5,42154.5,1.76722,22.5127,1.60034,20.3867,0.687152,0.0066,1.36505 
60,5,1.5,0.01,40,60,3.64419e-07,5.86001e-07,8.09063e-30,0.621874,950.317,2545.79,2478.35,4.67071,18.9019,18.1623,-0.523892,-2.63589e-30,1.48553e-13,25104,36845.9,1.74133,21.2622,1.58116,19.3065,0.720613,0.0066,1.36053 
61,5,1.5,40,0.01,61,4.11435e-07,6.02306e-07,8.31574e-30,0.6831,950.317,2545.79,2478.35,4.67071,18.9019,18.1623,-0.777984,-4.41932e-30,2.71042e-13,27258.3,41984.1,1.93391,24.2707,1.72689,21.6726,0.480275,0.0066,1.35039 
62,5,1.5,40,0.01,62,4.12244e-07,5.6202e-07,7.75954e-30,0.733503,950.317,2545.79,2478.35,4.67071,18.9019,18.1623,-0.973111,-5.5386e-30,6.50088e-14,22146.4,33389.8,2.09245,24.5039,1.85259,21.695,0.294751,0.0066,1.28122 
63,5,1.5,0.01,40,63,3.70399e-07,6.01198e-07,8.30044e-30,0.616102,950.317,2545.79,2478.35,4.67071,18.9019,18.1623,-0.498855,-2.55111e-30,1.48561e-13,27108.1,39509.4,1.72322,21.5866,1.56783,19.6401,0.74424,0.0066,1.37547 
64,5,1.5,0.01,40,64,3.55905e-07,5.75006e-07,7.93883e-30,0.618958,950.317,2545.79,2478.35,4.67071,18.9019,18.1623,-0.511265,-2.51225e-30,-5.08537e-14,23717.3,33752.2,1.73217,20.7535,1.57442,18.8634,0.732528,0.0066,1.36432 
65,5,1.5,0.01,40,65,3.4547e-07,6.56126e-07,9.05881e-30,0.52653,950.317,2545.79,2478.35,4.67071,18.9019,18.1623,-0.079129,-3.77424e-31,-4.60634e-14,35237.8,49266.3,1.4478,19.7935,1.37016,18.7321,1.14296,0.0066,1.41612 
66,5,1.5,40,0.01,66,4.02615e-07,6.50135e-07,8.9761e-30,0.619278,950.317,2545.79,2478.35,4.67071,18.9019,18.1623,-0.512659,-2.84972e-30,5.34421e-13,34281.4,52225.3,1.73318,23.4787,1.57516,21.3381,0.73121,0.0066,1.36764 
67,5,1.5,40,0.01,67,3.93314e-07,6.27883e-07,8.66887e-30,0.626413,950.317,2545.79,2478.35,4.67071,18.9019,18.1623,-0.543449,-2.95109e-30,-3.16079e-13,30880.4,43359.8,1.7556,22.9684,1.5917,20.8241,0.70216,0.0066,1.34873 
68,5,1.5,40,0.01,68,3.99437e-07,6.31622e-07,8.72049e-30,0.632398,950.317,2545.79,2478.35,4.67071,18.9019,18.1623,-0.569045,-3.13818e-30,2.12929e-13,31435.3,47033.3,1.77438,23.3524,1.60566,21.1319,0.677976,0.0066,1.35153 
69,5,1.5,0.01,40,69,3.61126e-07,6.54687e-07,9.03893e-30,0.551602,950.317,2545.79,2478.35,4.67071,18.9019,18.1623,-0.203299,-1.01363e-30,-7.26708e-14,35006.4,49849.7,1.52338,20.7811,1.4237,19.4214,1.02414,0.0066,1.37044 
70,5,1.5,40,0.01,70,3.89471e-07,6.01005e-07,8.29778e-30,0.648034,950.317,2545.79,2478.35,4.67071,18.9019,18.1623,-0.634946,-3.41426e-30,2.58274e-13,27082,40675.7,1.82355,22.8361,1.64248,20.5686,0.615706,0.0066,1.34427 
71,5,1.5,0.01,40,71,3.50432e-07,6.41537e-07,8.85738e-30,0.546238,950.317,2545.79,2478.35,4.67071,18.9019,18.1623,-0.177227,-8.57467e-31,4.58623e-13,32939.1,48768.4,1.50709,20.146,1.41213,18.8766,1.04901,0.0066,1.40147 
72,5,1.5,0.01,40,72,3.60241e-07,6.42608e-07,8.87217e-30,0.560593,950.317,2545.79,2478.35,4.67071,18.9019,18.1623,-0.246438,-1.2257e-30,3.84979e-13,33104.3,48929.6,1.55081,20.7651,1.44325,19.3248,0.983065,0.0066,1.3971 
73,5,1.5,0.01,40,73,3.49222e-07,6.52672e-07,9.01111e-30,0.535066,950.317,2545.79,2478.35,4.67071,18.9019,18.1623,-0.122067,-5.88552e-31,2.58568e-13,34684.1,49596.3,1.47337,20.0371,1.38823,18.8792,1.10177,0.0066,1.43149 
74,5,1.5,40,0.01,74,3.98238e-07,5.79868e-07,8.00595e-30,0.686774,950.317,2545.79,2478.35,4.67071,18.9019,18.1623,-0.792614,-4.35801e-30,5.80903e-13,24323.9,38872.3,1.94547,23.5062,1.73588,20.9738,0.466395,0.0066,1.30171 
75,5,1.5,0.01,40,75,3.61653e-07,5.78593e-07,7.98835e-30,0.625056,950.317,2545.79,2478.35,4.67071,18.9019,18.1623,-0.537615,-2.6844e-30,2.16131e-13,24163.9,35863.5,1.75131,21.1138,1.58854,19.1514,0.707652,0.0066,1.35455 
76,5,1.5,0.01,40,76,3.48375e-07,5.97889e-07,8.25475e-30,0.582675,950.317,2545.79,2478.35,4.67071,18.9019,18.1623,-0.349561,-1.68133e-30,3.83024e-13,26662.9,39591.5,1.61887,20.1679,1.49201,18.5874,0.885258,0.0066,1.38294 
77,5,1.5,40,0.01,77,3.92279e-07,6.00195e-07,8.28659e-30,0.653586,950.317,2545.79,2478.35,4.67071,18.9019,18.1623,-0.658026,-3.56387e-30,1.32185e-13,26972.6,39525.8,1.84101,23.0238,1.65567,20.7059,0.59388,0.0066,1.38566 
78,5,1.5,40,0.01,78,4.01042e-07,6.64984e-07,9.18111e-30,0.603085,950.317,2545.79,2478.35,4.67071,18.9019,18.1623,-0.441608,-2.44518e-30,3.75526e-13,36684.3,55026.6,1.68245,23.3121,1.53802,21.3108,0.798278,0.0066,1.36596 
79,5,1.5,40,0.01,79,3.87256e-07,6.08429e-07,8.40027e-30,0.636486,950.317,2545.79,2478.35,4.67071,18.9019,18.1623,-0.586411,-3.13534e-30,4.7351e-14,28098,41265.9,1.78723,22.6578,1.61523,20.4773,0.661571,0.0066,1.32507 
80,2.5,1.8,0.01,40,80,3.77707e-07,5.93107e-07,8.18874e-30,0.636828,950.317,2545.79,2478.35,4.67071,18.9019,18.1623,-0.587856,-3.06556e-30,3.31636e-13,26028.3,38990.4,1.7883,22.1005,1.61604,19.9716,0.660207,0.0066,1.35579 
81,2.5,1.8,40,0.01,81,3.58433e-07,6.41311e-07,8.85426e-30,0.558907,950.317,2545.79,2478.35,4.67071,18.9019,18.1623,-0.238405,-1.1798e-30,5.60676e-13,32904.3,49133.6,1.54566,20.6543,1.43957,19.2366,0.990705,0.0066,1.38116 
82,2.5,1.8,40,0.01,82,3.64717e-07,6.42808e-07,8.87494e-30,0.567381,950.317,2545.79,2478.35,4.67071,18.9019,18.1623,-0.278553,-1.40264e-30,-5.83455e-14,33135.3,47153.1,1.57166,21.0508,1.45812,19.53,0.952574,0.0066,1.39029 
83,2.5,1.8,0.01,40,83,3.69796e-07,5.73312e-07,7.91543e-30,0.645018,950.317,2545.79,2478.35,4.67071,18.9019,18.1623,-0.622342,-3.17743e-30,2.59701e-13,23508.2,35199.1,1.81406,21.6706,1.63533,19.5355,0.627621,0.0066,1.34814 
84,2.5,1.8,0.01,40,84,3.53036e-07,5.70816e-07,7.88097e-30,0.618475,950.317,2545.79,2478.35,4.67071,18.9019,18.1623,-0.509176,-2.48182e-30,6.48292e-14,23202.5,33870,1.73066,20.5843,1.5733,18.7127,0.734498,0.0066,1.35568 
85,2.5,1.8,0.01,40,85,3.54198e-07,6.21305e-07,8.57806e-30,0.570087,950.317,2545.79,2478.35,4.67071,18.9019,18.1623,-0.291253,-1.42429e-30,2.58136e-13,29920,43790.5,1.57996,20.4541,1.46408,18.9539,0.9405,0.0066,1.38552 
86,2.5,1.8,40,0.01,86,3.70601e-07,6.03123e-07,8.32702e-30,0.61447,950.317,2545.79,2478.35,4.67071,18.9019,18.1623,-0.491734,-2.51606e-30,-7.12658e-14,27369.3,39395.5,1.7181,21.5914,1.56407,19.6557,0.750961,0.0066,1.34839 
87,2.5,1.8,40,0.01,87,3.6756e-07,6.03e-07,8.32533e-30,0.609551,950.317,2545.79,2478.35,4.67071,18.9019,18.1623,-0.470176,-2.38601e-30,2.39222e-13,27352.7,40067.8,1.70269,21.3934,1.55278,19.5099,0.771311,0.0066,1.38675 
88,2.5,1.8,40,0.01,88,3.61604e-07,5.62212e-07,7.76218e-30,0.643182,950.317,2545.79,2478.35,4.67071,18.9019,18.1623,-0.614626,-3.06852e-30,2.20575e-13,22169,33288.7,1.80832,21.1837,1.631,19.1065,0.634937,0.0066,1.34155 
89,2.5,1.8,0.01,40,89,3.63193e-07,6.20274e-07,8.56382e-30,0.585536,950.317,2545.79,2478.35,4.67071,18.9019,18.1623,-0.362643,-1.81845e-30,6.57418e-14,29771.3,42685.7,1.62775,21.0377,1.4984,19.366,0.872882,0.0066,1.39432 
90,2.5,1.8,40,0.01,90,3.40598e-07,5.72902e-07,7.90977e-30,0.594514,950.317,2545.79,2478.35,4.67071,18.9019,18.1623,-0.403308,-1.89654e-30,1.78905e-13,23457.8,34213.3,1.65569,19.7645,1.51858,18.1279,0.834447,0.0066,1.35562 
91,2.5,1.8,0.01,40,91,3.50315e-07,6.16511e-07,8.51186e-30,0.568223,950.317,2545.79,2478.35,4.67071,18.9019,18.1623,-0.282516,-1.36642e-30,3.69755e-13,29232.7,42991.8,1.57423,20.2226,1.45997,18.7548,0.948794,0.0066,1.40688 
92,2.5,1.8,0.01,40,92,3.59736e-07,6.16374e-07,8.50996e-30,0.583633,950.317,2545.79,2478.35,4.67071,18.9019,18.1623,-0.353945,-1.75794e-30,1.7382e-13,29213.2,42423,1.62184,20.8296,1.49414,19.1895,0.88111,0.0066,1.37864 
93,2.5,1.8,0.01,40,93,3.55856e-07,6.40287e-07,8.84012e-30,0.555775,950.317,2545.79,2478.35,4.67071,18.9019,18.1623,-0.223413,-1.09766e-30,-4.46428e-14,32746.9,46364.6,1.53609,20.4937,1.43275,19.115,1.00497,0.0066,1.38797 
94,2.5,1.8,40,0.01,94,3.74279e-07,6.45065e-07,8.9061e-30,0.580219,950.317,2545.79,2478.35,4.67071,18.9019,18.1623,-0.338282,-1.74807e-30,-7.88861e-14,33485.6,47530.4,1.61126,21.6569,1.48653,19.9804,0.895932,0.0066,1.40583 
95,2.5,1.8,0.01,40,95,3.78702e-07,5.78981e-07,7.9937e-30,0.654085,950.317,2545.79,2478.35,4.67071,18.9019,18.1623,-0.66009,-3.45132e-30,5.5055e-13,24212.5,36736,1.84258,22.2289,1.65686,19.9884,0.591927,0.0066,-1.42008 
96,2.5,1.8,0.01,40,96,3.45273e-07,6.56863e-07,9.06898e-30,0.525639,950.317,2545.79,2478.35,4.67071,18.9019,18.1623,-0.0746007,-3.55622e-31,2.21192e-13,35356.6,51150.8,1.44515,19.7794,1.36828,18.7274,1.14732,0.0066,1.37896 
97,2.5,1.8,40,0.01,97,3.50257e-07,6.11607e-07,8.44415e-30,0.572683,950.317,2545.79,2478.35,4.67071,18.9019,18.1623,-0.303393,-1.46716e-30,2.12403e-13,28540.6,42178.4,1.58794,20.2365,1.46981,18.731,0.928967,0.0066,1.33514 
98,2.5,1.8,40,0.01,98,3.5276e-07,6.19961e-07,8.5595e-30,0.569003,950.317,2545.79,2478.35,4.67071,18.9019,18.1623,-0.286178,-1.39379e-30,1.33018e-13,29726.2,42938.9,1.57662,20.3666,1.46169,18.882,0.945307,0.0066,1.36394 
99,2.5,1.8,40,0.01,99,3.37422e-07,5.99582e-07,8.27813e-30,0.562762,950.317,2545.79,2478.35,4.67071,18.9019,18.1623,-0.256745,-1.19608e-30,3.48479e-13,26890.1,40265.3,1.55746,19.4577,1.44799,18.0901,0.973266,0.0066,1.37312 
100,2.5,1.8,0.01,40,100,3.42425e-07,6.14508e-07,8.4842e-30,0.557234,950.317,2545.79,2478.35,4.67071,18.9019,18.1623,-0.230408,-1.0893e-30,-1.54065e-13,28948.7,40365.5,1.54055,19.7256,1.43593,18.386,0.998316,0.0066,1.40018 
101,2.5,1.8,40,0.01,101,3.58989e-07,6.2391e-07,8.61401e-30,0.575386,950.317,2545.79,2478.35,4.67071,18.9019,18.1623,-0.315934,-1.56589e-30,-2.35562e-13,30297.9,42190.2,1.59633,20.7526,1.47579,19.1856,0.917118,0.0066,1.36876 
102,2.5,1.8,40,0.01,102,3.5961e-07,6.38689e-07,8.81806e-30,0.563043,950.317,2545.79,2478.35,4.67071,18.9019,18.1623,-0.258078,-1.28134e-30,-1.0072e-13,32502.4,45845.2,1.55832,20.7383,1.4486,19.2782,0.972,0.0066,1.40159 
103,2.5,1.8,0.01,40,103,3.53094e-07,6.56293e-07,9.06111e-30,0.538013,950.317,2545.79,2478.35,4.67071,18.9019,18.1623,-0.136734,-6.66578e-31,5.78761e-14,35264.7,49717.9,1.48224,20.2696,1.39451,19.0698,1.08772,0.0066,1.44389 
104,2.5,1.8,0.01,40,104,3.45828e-07,6.06001e-07,8.36676e-30,0.570671,950.317,2545.79,2478.35,4.67071,18.9019,18.1623,-0.293995,-1.40373e-30,7.02237e-14,27763.1,39626.5,1.58176,19.973,1.46537,18.5033,0.937898,0.0066,1.38657 
105,2.5,1.8,0.01,40,105,3.59973e-07,6.5926e-07,9.10207e-30,0.546027,950.317,2545.79,2478.35,4.67071,18.9019,18.1623,-0.176191,-8.75666e-31,4.29509e-14,35745.1,50627,1.50645,20.6938,1.41167,19.3918,1.05,0.0066,1.40859 
106,2.5,1.8,40,0.01,106,3.57232e-07,6.2333e-07,8.606e-30,0.573103,950.317,2545.79,2478.35,4.67071,18.9019,18.1623,-0.305347,-1.50601e-30,2.53115e-13,30213.4,43746.5,1.58925,20.6413,1.47074,19.1021,0.927122,0.0066,1.41066 
107,2.5,1.8,40,0.01,107,3.58101e-07,6.33544e-07,8.74703e-30,0.565234,950.317,2545.79,2478.35,4.67071,18.9019,18.1623,-0.268445,-1.32723e-30,-2.5364e-13,31723.3,43603.1,1.56504,20.66,1.45341,19.1863,0.962149,0.0066,1.39823 
108,2.5,1.8,40,0.01,108,3.53693e-07,6.50244e-07,8.97759e-30,0.543939,950.317,2545.79,2478.35,4.67071,18.9019,18.1623,-0.165969,-8.10471e-31,2.19097e-13,34298.5,49928.1,1.50013,20.3251,1.40719,19.0658,1.05977,0.0066,1.37221 
109,2.5,1.8,0.01,40,109,3.56354e-07,6.255e-07,8.63596e-30,0.569711,950.317,2545.79,2478.35,4.67071,18.9019,18.1623,-0.289494,-1.42431e-30,5.38248e-13,30530.1,45909.8,1.57881,20.5771,1.46325,19.071,0.942168,0.0066,1.41362 
110,2.5,1.8,40,0.01,110,3.60788e-07,6.23514e-07,8.60855e-30,0.578637,950.317,2545.79,2478.35,4.67071,18.9019,18.1623,-0.33099,-1.64874e-30,4.69304e-13,30240.3,45229.1,1.60636,20.8697,1.48301,19.2672,0.902837,0.0066,1.38178 
111,2.5,1.8,0.01,40,111,3.57244e-07,6.58308e-07,9.08894e-30,0.542669,950.317,2545.79,2478.35,4.67071,18.9019,18.1623,-0.159732,-7.87845e-31,3.03427e-13,35590.6,51765,1.49629,20.5246,1.40446,19.2649,1.06573,0.0066,1.39775 
112,2.5,1.8,0.01,40,112,3.5028e-07,6.68252e-07,9.22622e-30,0.524174,950.317,2545.79,2478.35,4.67071,18.9019,18.1623,-0.0671527,-3.2476e-31,1.47288e-13,37227.7,52557.6,1.44077,20.0614,1.3652,19.0092,1.15447,0.0066,1.43452 
113,2.5,1.8,0.01,40,113,3.54976e-07,6.14126e-07,8.47894e-30,0.578019,950.317,2545.79,2478.35,4.67071,18.9019,18.1623,-0.328136,-1.60819e-30,3.05699e-13,28894.8,42708.8,1.60445,20.531,1.48164,18.9595,0.90554,0.0066,1.36354 
114,2.5,1.8,40,0.01,114,3.54256e-07,6.32865e-07,8.73765e-30,0.559765,950.317,2545.79,2478.35,4.67071,18.9019,18.1623,-0.242498,-1.18607e-30,8.62037e-14,31621.3,45553.6,1.54828,20.4169,1.44144,19.008,0.986812,0.0066,1.37488 
115,2.5,1.8,0.01,40,115,3.46156e-07,6.15044e-07,8.49161e-30,0.562816,950.317,2545.79,2478.35,4.67071,18.9019,18.1623,-0.257,-1.22826e-30,2.28133e-13,29024.5,42052.4,1.55762,19.9616,1.44811,18.5581,0.973024,0.0066,1.39366 
116,2.5,1.8,0.01,40,116,3.46878e-07,6.43516e-07,8.88471e-30,0.539036,950.317,2545.79,2478.35,4.67071,18.9019,18.1623,-0.141801,-6.79108e-31,3.29489e-14,33244.9,47139.7,1.48532,19.9163,1.39669,18.7278,1.08287,0.0066,1.39826 
117,2.5,1.8,40,0.01,117,3.6701e-07,6.13683e-07,8.47282e-30,0.598045,950.317,2545.79,2478.35,4.67071,18.9019,18.1623,-0.419147,-2.12387e-30,3.40862e-13,28832.3,43349.4,1.6667,21.3123,1.52657,19.5204,0.819486,0.0066,1.34373 
118,2.5,1.8,40,0.01,118,3.54369e-07,6.48849e-07,8.95833e-30,0.546151,950.317,2545.79,2478.35,4.67071,18.9019,18.1623,-0.1768,-8.65011e-31,2.08931e-13,34078.2,49498.6,1.50683,20.3721,1.41194,19.0892,1.04942,0.0066,1.38529 
119,2.5,1.8,40,0.01,119,3.49504e-07,6.34546e-07,8.76087e-30,0.550793,950.317,2545.79,2478.35,4.67071,18.9019,18.1623,-0.199383,-9.62109e-31,-5.46987e-14,31874,44601.7,1.52092,20.1093,1.42195,18.8008,1.02787,0.0066,1.40712 
120,2.5,1.8,0.01,40,120,3.45615e-07,6.54881e-07,9.04162e-30,0.527752,950.317,2545.79,2478.35,4.67071,18.9019,18.1623,-0.0853171,-4.0711e-31,2.67383e-13,35037.6,50092.4,1.45145,19.8058,1.37273,18.7317,1.13702,0.0066,1.44717 
121,2.5,1.8,40,0.01,121,3.54977e-07,6.28332e-07,8.67507e-30,0.564952,950.317,2545.79,2478.35,4.67071,18.9019,18.1623,-0.267115,-1.30913e-30,4.35786e-13,30946.7,45695.7,1.56417,20.4787,1.45279,19.0204,0.963413,0.0066,1.40271 
122,2.5,1.8,40,0.01,122,3.55561e-07,6.21008e-07,8.57395e-30,0.572555,950.317,2545.79,2478.35,4.67071,18.9019,18.1623,-0.302796,-1.48644e-30,5.06634e-13,29877.1,45045.3,1.58754,20.5424,1.46953,19.0153,0.929532,0.0066,1.38503 
123,2.5,1.8,0.01,40,123,3.51343e-07,6.55345e-07,9.04802e-30,0.536119,950.317,2545.79,2478.35,4.67071,18.9019,18.1623,-0.12731,-6.17557e-31,1.7515e-13,35112,50076.8,1.47654,20.1624,1.39047,18.9871,1.09675,0.0066,1.4279 
124,2.5,1.8,0.01,40,124,3.5588e-07,6.76458e-07,9.33952e-30,0.526093,950.317,2545.79,2478.35,4.67071,18.9019,18.1623,-0.0769144,-3.77916e-31,4.25855e-13,38616.2,56539.9,1.44649,20.3885,1.36924,19.2996,1.14509,0.0066,1.43766 
125,2.5,1.8,0.01,40,125,3.65534e-07,6.11466e-07,8.44221e-30,0.597798,950.317,2545.79,2478.35,4.67071,18.9019,18.1623,-0.418045,-2.10977e-30,3.16278e-13,28521,42375.8,1.66594,21.2255,1.52601,19.4428,0.820526,0.0066,1.37471 
126,2.5,1.8,40,0.01,126,3.65656e-07,6.39409e-07,8.828e-30,0.571866,950.317,2545.79,2478.35,4.67071,18.9019,18.1623,-0.299562,-1.51231e-30,4.56111e-13,32612.4,48909.2,1.58544,21.1231,1.468,19.5584,0.93262,0.0066,1.39574 
127,2.5,1.8,40,0.01,127,3.57962e-07,6.42699e-07,8.87342e-30,0.556968,950.317,2545.79,2478.35,4.67071,18.9019,18.1623,-0.229134,-1.13243e-30,9.58744e-14,33118.4,47409.6,1.53972,20.6195,1.43535,19.2217,0.999521,0.0066,1.40643 
128,2.5,1.8,40,0.01,128,3.52221e-07,6.35305e-07,8.77134e-30,0.554412,950.317,2545.79,2478.35,4.67071,18.9019,18.1623,-0.21686,-1.05457e-30,-2.41148e-13,31988.5,44171.4,1.53193,20.2792,1.42979,18.9271,1.01122,0.0066,1.39268 
129,2.5,1.8,0.01,40,129,3.512e-07,6.44221e-07,8.89444e-30,0.545154,950.317,2545.79,2478.35,4.67071,18.9019,18.1623,-0.171922,-8.33624e-31,-6.91697e-14,33354.3,46856.4,1.50381,20.1862,1.4098,18.9243,1.05408,0.0066,1.386 
130,2.5,1.8,40,0.01,130,3.5775e-07,6.31482e-07,8.71855e-30,0.566524,950.317,2545.79,2478.35,4.67071,18.9019,18.1623,-0.274523,-1.35594e-30,3.57763e-13,31414.4,46258.2,1.56905,20.6454,1.45624,19.1611,0.95641,0.0066,1.38307 
131,2.5,1.8,0.01,40,131,3.37893e-07,6.48033e-07,8.94707e-30,0.521413,950.317,2545.79,2478.35,4.67071,18.9019,18.1623,-0.0530451,-2.47462e-31,2.27858e-13,33949.9,48149.5,1.43254,19.3434,1.35941,18.3558,1.16803,0.0066,1.4355 
132,2.5,1.8,0.01,40,132,3.5415e-07,6.26116e-07,8.64447e-30,0.56563,950.317,2545.79,2478.35,4.67071,18.9019,18.1623,-0.270309,-1.32169e-30,2.8673e-13,30620.4,44580.5,1.56626,20.4336,1.45427,18.9727,0.96038,0.0066,1.36775 
133,2.5,1.8,0.01,40,133,3.36769e-07,6.63884e-07,9.16591e-30,0.507272,950.317,2545.79,2478.35,4.67071,18.9019,18.1623,0.0204481,9.50756e-32,1.58803e-13,36502.5,51683.8,1.3907,19.2377,1.33,18.398,1.2389,0.0066,1.40816 
134,2.5,1.8,40,0.01,134,3.45305e-07,6.6128e-07,9.12996e-30,0.522177,950.317,2545.79,2478.35,4.67071,18.9019,18.1623,-0.0569529,-2.7152e-31,1.99731e-13,36074.6,51011.3,1.43482,19.7701,1.36101,18.7531,1.16427,0.0066,1.48102 
135,2.5,1.8,0.01,40,135,3.51854e-07,6.41122e-07,8.85166e-30,0.54881,950.317,2545.79,2478.35,4.67071,18.9019,18.1623,-0.189757,-9.21816e-31,1.73425e-13,32875.3,47520.1,1.51489,20.2372,1.41767,18.9384,1.03705,0.0066,1.43154 
136,2.5,1.8,0.01,40,136,3.64009e-07,6.71357e-07,9.2691e-30,0.542199,950.317,2545.79,2478.35,4.67071,18.9019,18.1623,-0.15742,-7.91146e-31,5.25573e-13,37749.2,56084.2,1.49487,20.9115,1.40346,19.6327,1.06794,0.0066,1.40163 
137,2.5,1.8,40,0.01,137,3.53964e-07,6.37647e-07,8.80368e-30,0.555109,950.317,2545.79,2478.35,4.67071,18.9019,18.1623,-0.220211,-1.07617e-30,2.52233e-13,32343.6,47172.3,1.53406,20.3821,1.43131,19.0169,1.00802,0.0066,1.36672 
138,2.5,1.8,40,0.01,138,3.51086e-07,6.19955e-07,8.55941e-30,0.56631,950.317,2545.79,2478.35,4.67071,18.9019,18.1623,-0.273509,-1.32577e-30,5.60501e-14,29725.4,42066.8,1.56839,20.2602,1.45577,18.8053,0.957381,0.0066,1.39134 
139,2.5,1.8,40,0.01,139,3.59381e-07,6.12206e-07,8.45242e-30,0.587027,950.317,2545.79,2478.35,4.67071,18.9019,18.1623,-0.369434,-1.83306e-30,5.14002e-13,28624.6,43381.2,1.63238,20.8232,1.50174,19.1567,0.86646,0.0066,1.37452 
140,2.5,1.8,0.01,40,140,3.62979e-07,6.32683e-07,8.73513e-30,0.573714,950.317,2545.79,2478.35,4.67071,18.9019,18.1623,-0.308183,-1.54445e-30,3.86439e-13,31594,46739.6,1.59114,20.976,1.47209,19.4065,0.924444,0.0066,1.38239 
141,2.5,1.8,40,0.01,141,3.54063e-07,6.6789e-07,9.22123e-30,0.530121,950.317,2545.79,2478.35,4.67071,18.9019,18.1623,-0.0972791,-4.75536e-31,3.80203e-13,37167.4,53534,1.45854,20.298,1.37774,19.1735,1.12554,0.0066,1.47237 
142,2.5,1.8,40,0.01,142,3.5071e-07,6.37612e-07,8.80319e-30,0.550037,950.317,2545.79,2478.35,4.67071,18.9019,18.1623,-0.195719,-9.47687e-31,-1.02181e-13,32338.2,45255,1.51862,20.1759,1.42032,18.8699,1.03137,0.0066,1.38429 
143,2.5,1.8,0.01,40,143,3.58918e-07,6.18462e-07,8.53879e-30,0.580339,950.317,2545.79,2478.35,4.67071,18.9019,18.1623,-0.338834,-1.67906e-30,1.67217e-13,29511.1,43347.5,1.61163,20.7686,1.4868,19.1599,0.895411,0.0066,1.36975 
144,2.5,1.8,0.01,40,144,3.59569e-07,6.56152e-07,9.05917e-30,0.547996,950.317,2545.79,2478.35,4.67071,18.9019,18.1623,-0.185801,-9.22387e-31,-9.71996e-14,35242,49658.1,1.51242,20.6779,1.41592,19.3584,1.04083,0.0066,1.4005 
145,2.5,1.8,0.01,40,145,3.48566e-07,6.33217e-07,8.74251e-30,0.550468,950.317,2545.79,2478.35,4.67071,18.9019,18.1623,-0.197811,-9.51959e-31,-9.28476e-14,31674.1,44522.4,1.51993,20.0541,1.42125,18.7522,1.02937,0.0066,1.3728 
146,2.5,1.8,40,0.01,146,3.52963e-07,6.15966e-07,8.50433e-30,0.573024,950.317,2545.79,2478.35,4.67071,18.9019,18.1623,-0.30498,-1.48623e-30,7.22483e-14,29155.2,41914.6,1.589,20.3943,1.47056,18.8742,0.927468,0.0066,1.36404 
147,2.5,1.8,40,0.01,147,3.52887e-07,6.50538e-07,8.98166e-30,0.542453,950.317,2545.79,2478.35,4.67071,18.9019,18.1623,-0.158668,-7.73053e-31,2.42253e-13,34345.1,49033.7,1.49564,20.2734,1.404,19.0313,1.06674,0.0066,1.441 
149,2.5,1.8,0.01,40,149,3.59418e-07,6.05045e-07,8.35355e-30,0.594035,950.317,2545.79,2478.35,4.67071,18.9019,18.1623,-0.401157,-1.99066e-30,-1.25569e-13,27631.8,39309.9,1.6542,20.8546,1.5175,19.1313,0.836478,0.0066,1.34761 
150,2.5,1.8,40,0.01,150,3.49969e-07,6.53051e-07,9.01635e-30,0.535898,950.317,2545.79,2478.35,4.67071,18.9019,18.1623,-0.126209,-6.09822e-31,2.3286e-13,34744.7,49728.6,1.47588,20.0828,1.39,18.9143,1.0978,0.0066,1.43619 
151,2.5,1.8,0.01,40,151,3.63451e-07,6.74945e-07,9.31863e-30,0.53849,950.317,2545.79,2478.35,4.67071,18.9019,18.1623,-0.139095,-6.97978e-31,5.17488e-13,38357.6,56152.5,1.48368,20.8659,1.39552,19.6261,1.08547,0.0066,1.41627 
152,2.5,1.8,0.01,40,152,3.48924e-07,6.72667e-07,9.28718e-30,0.518717,950.317,2545.79,2478.35,4.67071,18.9019,18.1623,-0.0391949,-1.88818e-31,3.37467e-13,37970.5,55211.5,1.42453,19.9663,1.35376,18.9745,1.18136,0.0066,1.42937 
153,2.5,1.8,0.01,40,153,3.56265e-07,6.42217e-07,8.86678e-30,0.554742,950.317,2545.79,2478.35,4.67071,18.9019,18.1623,-0.218445,-1.07448e-30,-2.30483e-14,33044,46954.4,1.53294,20.5133,1.43051,19.1426,1.00971,0.0066,1.41213 
154,2.5,1.8,40,0.01,154,3.60101e-07,6.74524e-07,9.31281e-30,0.53386,950.317,2545.79,2478.35,4.67071,18.9019,18.1623,-0.116041,-5.76923e-31,4.02947e-13,38285.8,55633.8,1.46975,20.6571,1.38567,19.4753,1.10754,0.0066,1.42772 
155,2.5,1.8,0.01,40,155,3.44957e-07,6.0765e-07,8.38953e-30,0.56769,950.317,2545.79,2478.35,4.67071,18.9019,18.1623,-0.280012,-1.3336e-30,-6.97521e-15,27990.3,39440.5,1.57261,19.9114,1.4588,18.4705,0.95118,0.0066,1.43299 
156,2.5,1.8,0.01,40,156,3.51025e-07,6.2492e-07,8.62797e-30,0.561712,950.317,2545.79,2478.35,4.67071,18.9019,18.1623,-0.251763,-1.22015e-30,3.08779e-13,30445.4,44755.8,1.55424,20.2381,1.44569,18.8247,0.978001,0.0066,1.37741 
157,2.5,1.8,40,0.01,157,3.44331e-07,6.40058e-07,8.83696e-30,0.537969,950.317,2545.79,2478.35,4.67071,18.9019,18.1623,-0.136514,-6.48992e-31,2.30199e-13,32711.8,46907,1.48211,19.7664,1.39441,18.5968,1.08794,0.0066,1.40063 
158,2.5,1.8,40,0.01,158,3.475e-07,6.68271e-07,9.22649e-30,0.519999,950.317,2545.79,2478.35,4.67071,18.9019,18.1623,-0.0457924,-2.19701e-31,2.64868e-13,37231,53572.4,1.42833,19.8889,1.35644,18.8878,1.17501,0.0066,1.42442 
159,2.5,1.8,40,0.01,159,3.54364e-07,6.32121e-07,8.72738e-30,0.560595,950.317,2545.79,2478.35,4.67071,18.9019,18.1623,-0.246447,-1.20575e-30,2.47687e-13,31510,45622.8,1.55082,20.4263,1.44325,19.0095,0.983057,0.0066,1.4036 
160,1,1.8,0.01,40,160,3.50797e-07,6.09998e-07,8.42193e-30,0.57508,950.317,2545.79,2478.35,4.67071,18.9019,18.1623,-0.314518,-1.5233e-30,2.37793e-13,28315.9,41086.8,1.59538,20.2777,1.47511,18.7492,0.918453,0.0066,1.38614 
161,1,1.8,40,0.01,161,3.56147e-07,6.31313e-07,8.71622e-30,0.564138,950.317,2545.79,2478.35,4.67071,18.9019,18.1623,-0.26326,-1.29449e-30,2.19195e-13,31389.2,45322,1.56168,20.543,1.451,19.0871,0.967076,0.0066,1.40417 
162,1,1.8,40,0.01,162,3.51834e-07,6.2722e-07,8.65972e-30,0.560942,950.317,2545.79,2478.35,4.67071,18.9019,18.1623,-0.248099,-1.20517e-30,3.93545e-13,30782.7,45204.6,1.55188,20.2818,1.44401,18.872,0.981485,0.0066,1.40454 
163,1,1.8,0.01,40,163,3.49854e-07,6.01044e-07,8.29831e-30,0.582077,950.317,2545.79,2478.35,4.67071,18.9019,18.1623,-0.346816,-1.67521e-30,2.91759e-13,27087.3,39662.6,1.61701,20.2511,1.49067,18.6688,0.887855,0.0066,1.40429 
164,1,1.8,0.01,40,164,3.58151e-07,6.6153e-07,9.13342e-30,0.541398,950.317,2545.79,2478.35,4.67071,18.9019,18.1623,-0.153474,-7.58899e-31,-1.03446e-13,36115.7,50836,1.49245,20.5721,1.40174,19.3217,1.07171,0.0066,1.39828 
165,1,1.8,0.01,40,165,3.46536e-07,6.06152e-07,8.36884e-30,0.571699,950.317,2545.79,2478.35,4.67071,18.9019,18.1623,-0.298785,-1.42952e-30,1.0526e-13,27783.8,40085.1,1.58493,20.0179,1.46764,18.5365,0.933356,0.0066,1.36736 
166,1,1.8,40,0.01,166,3.43763e-07,6.67561e-07,9.21669e-30,0.514953,950.317,2545.79,2478.35,4.67071,18.9019,18.1623,-0.0197349,-9.36649e-32,5.57988e-13,37112.5,54327.5,1.41336,19.6595,1.34592,18.7213,1.20011,0.0066,1.43428 
167,1,1.8,40,0.01,167,3.45878e-07,6.69204e-07,9.23937e-30,0.516849,950.317,2545.79,2478.35,4.67071,18.9019,18.1623,-0.0295563,-1.41142e-31,5.62458e-13,37387.2,54736.8,1.41898,19.7862,1.34986,18.8225,1.19064,0.0066,1.43157 
168,1,1.8,40,0.01,168,3.52164e-07,6.59257e-07,9.10204e-30,0.534183,950.317,2545.79,2478.35,4.67071,18.9019,18.1623,-0.117655,-5.72055e-31,5.30535e-13,35744.7,52643.5,1.47072,20.2029,1.38635,19.0439,1.106,0.0066,1.43758 
169,1,1.8,0.01,40,169,3.34329e-07,6.70927e-07,9.26315e-30,0.49831,950.317,2545.79,2478.35,4.67071,18.9019,18.1623,0.0681103,3.14392e-31,-5.4148e-14,37676.6,52358.4,1.36438,19.0738,1.3116,18.336,1.285,0.0066,1.40695 
170,1,1.8,40,0.01,170,3.36685e-07,6.89958e-07,9.52591e-30,0.487979,950.317,2545.79,2478.35,4.67071,18.9019,18.1623,0.124235,5.77502e-31,1.95692e-13,40974.6,57640.6,1.33435,19.1831,1.29063,18.5546,1.33954,0.0066,1.46839 
171,1,1.8,0.01,40,171,3.43174e-07,6.4954e-07,8.96788e-30,0.528334,950.317,2545.79,2478.35,4.67071,18.9019,18.1623,-0.088269,-4.18221e-31,4.87728e-13,34187.3,50062.8,1.45319,19.6678,1.37396,18.5955,1.13418,0.0066,1.44624 
172,1,1.8,0.01,40,172,3.57113e-07,6.41972e-07,8.86339e-30,0.556275,950.317,2545.79,2478.35,4.67071,18.9019,18.1623,-0.225813,-1.11337e-30,-2.82253e-14,33006.2,46649.7,1.53762,20.568,1.43384,19.1798,1.00269,0.0066,1.40961 
173,1,1.8,0.01,40,173,3.46234e-07,6.52576e-07,9.00979e-30,0.530566,950.317,2545.79,2478.35,4.67071,18.9019,18.1623,-0.0995207,-4.75737e-31,2.32375e-14,34668.8,48501.4,1.45987,19.8506,1.37868,18.7466,1.12339,0.0066,1.45366 
174,1,1.8,40,0.01,174,3.56705e-07,6.36949e-07,8.79404e-30,0.560022,950.317,2545.79,2478.35,4.67071,18.9019,18.1623,-0.243721,-1.20029e-30,7.8472e-14,32237.4,45976.1,1.54907,20.5591,1.442,19.138,0.985652,0.0066,1.38266 
175,1,1.8,0.01,40,175,3.54668e-07,6.51882e-07,9.00021e-30,0.544068,950.317,2545.79,2478.35,4.67071,18.9019,18.1623,-0.166598,-8.15785e-31,1.42284e-13,34558.3,49024.6,1.50052,20.3816,1.40746,19.1176,1.05917,0.0066,1.43859 
176,1,1.8,0.01,40,176,3.41042e-07,6.64555e-07,9.17518e-30,0.513189,950.317,2545.79,2478.35,4.67071,18.9019,18.1623,-0.0105686,-4.97633e-32,4.92568e-13,36613.3,53584.7,1.40814,19.4987,1.34225,18.5862,1.20894,0.0066,1.41616 
177,1,1.8,40,0.01,177,3.5779e-07,6.88868e-07,9.51086e-30,0.519388,950.317,2545.79,2478.35,4.67071,18.9019,18.1623,-0.0426477,-2.10672e-31,1.4428e-13,40780.8,57884.8,1.42652,20.4758,1.35517,19.4517,1.17804,0.0066,1.43119 
178,1,1.8,40,0.01,178,3.47292e-07,6.83227e-07,9.43297e-30,0.508311,950.317,2545.79,2478.35,4.67071,18.9019,18.1623,0.0149849,7.1851e-32,6.77869e-13,39787,58508.7,1.39377,19.842,1.33214,18.9646,1.23364,0.0066,1.43809 
179,1,1.8,40,0.01,179,3.50468e-07,6.36424e-07,8.7868e-30,0.550683,950.317,2545.79,2478.35,4.67071,18.9019,18.1623,-0.19885,-9.62181e-31,1.10788e-14,32157.9,45363.5,1.52058,20.1644,1.42171,18.8533,1.02838,0.0066,1.40842 
180,1,1.8,0.01,40,180,3.53247e-07,6.98314e-07,9.64128e-30,0.505857,950.317,2545.79,2478.35,4.67071,18.9019,18.1623,0.0279021,1.36082e-31,1.07463e-13,42481.4,60100,1.38651,20.1745,1.32708,19.3098,1.24609,0.0066,1.43121 
181,1,1.8,40,0.01,181,3.44572e-07,6.3449e-07,8.76009e-30,0.543069,950.317,2545.79,2478.35,4.67071,18.9019,18.1623,-0.161698,-7.69249e-31,2.5962e-13,31865.5,46005.1,1.4975,19.7979,1.40532,18.5793,1.06385,0.0066,1.40982 
182,1,1.8,40,0.01,182,3.31333e-07,6.70986e-07,9.26397e-30,0.4938,950.317,2545.79,2478.35,4.67071,18.9019,18.1623,0.0924612,4.22969e-31,4.19957e-13,37686.6,54317.2,1.35124,18.8918,1.30242,18.2092,1.30864,0.0066,1.44696 
183,1,1.8,0.01,40,183,3.39601e-07,6.86923e-07,9.484e-30,0.494381,950.317,2545.79,2478.35,4.67071,18.9019,18.1623,0.0893115,4.18755e-31,6.1355e-13,40436.2,58931.8,1.35293,19.3647,1.3036,18.6586,1.30558,0.0066,1.45373 
184,1,1.8,0.01,40,184,3.56263e-07,6.24811e-07,8.62645e-30,0.570194,950.317,2545.79,2478.35,4.67071,18.9019,18.1623,-0.29175,-1.43504e-30,1.58342e-13,30429.3,43945.3,1.58029,20.5738,1.46431,19.0639,0.940029,0.0066,1.3838 
185,1,1.8,0.01,40,185,3.46765e-07,6.55196e-07,9.04596e-30,0.529255,950.317,2545.79,2478.35,4.67071,18.9019,18.1623,-0.0929116,-4.44825e-31,1.52514e-13,35088.1,50013.9,1.45595,19.8767,1.37591,18.784,1.12973,0.0066,1.40777 
186,1,1.8,40,0.01,186,3.43727e-07,6.2443e-07,8.62119e-30,0.550465,950.317,2545.79,2478.35,4.67071,18.9019,18.1623,-0.197795,-9.38667e-31,2.28326e-13,30373.7,43443.5,1.51992,19.7757,1.42124,18.4918,1.02939,0.0066,1.44294 
187,1,1.8,40,0.01,187,3.50026e-07,6.20573e-07,8.56795e-30,0.564037,950.317,2545.79,2478.35,4.67071,18.9019,18.1623,-0.262785,-1.26995e-30,2.06163e-13,29814.4,43185.3,1.56137,20.1896,1.45078,18.7596,0.967527,0.0066,1.39442 
188,1,1.8,40,0.01,188,3.39771e-07,6.39967e-07,8.83571e-30,0.530919,950.317,2545.79,2478.35,4.67071,18.9019,18.1623,-0.101288,-4.75147e-31,7.05936e-13,32697.9,48658.7,1.46094,19.4813,1.37943,18.3944,1.1217,0.0066,1.42724 
189,1,1.8,0.01,40,189,3.51264e-07,6.74099e-07,9.30695e-30,0.521086,950.317,2545.79,2478.35,4.67071,18.9019,18.1623,-0.0513694,-2.49127e-31,4.44733e-13,38213.6,55847.8,1.43157,20.1078,1.35872,19.0845,1.16964,0.0066,1.42599 
190,1,1.8,40,0.01,190,3.42742e-07,6.61397e-07,9.13158e-30,0.518209,950.317,2545.79,2478.35,4.67071,18.9019,18.1623,-0.0365778,-1.73089e-31,4.96197e-13,36093.9,52940.8,1.42302,19.611,1.3527,18.642,1.18388,0.0066,1.4173 
191,1,1.8,0.01,40,191,3.44405e-07,6.55034e-07,9.04373e-30,0.525782,950.317,2545.79,2478.35,4.67071,18.9019,18.1623,-0.0753315,-3.58204e-31,3.38519e-13,35062.1,50544.1,1.44557,19.7301,1.36858,18.6794,1.14661,0.0066,1.43867 
192,1,1.8,0.01,40,192,3.39064e-07,6.73935e-07,9.30469e-30,0.503111,950.317,2545.79,2478.35,4.67071,18.9019,18.1623,0.0424603,1.98769e-31,1.03478e-13,38185.8,53786.9,1.37849,19.3575,1.32144,18.5563,1.26021,0.0066,1.42708 
193,1,1.8,0.01,40,193,3.48402e-07,6.65682e-07,9.19074e-30,0.523377,950.317,2545.79,2478.35,4.67071,18.9019,18.1623,-0.063087,-3.03462e-31,2.35578e-14,36799.9,52150.1,1.43839,19.9513,1.36353,18.9129,1.15837,0.0066,1.41236 
194,1,1.8,40,0.01,194,3.46627e-07,6.25943e-07,8.64209e-30,0.553767,950.317,2545.79,2478.35,4.67071,18.9019,18.1623,-0.213753,-1.02296e-30,2.43533e-13,30595.1,44471.7,1.52997,19.9547,1.42839,18.6299,1.01418,0.0066,1.41194 
195,1,1.8,0.01,40,195,3.51299e-07,6.38771e-07,8.81919e-30,0.549961,950.317,2545.79,2478.35,4.67071,18.9019,18.1623,-0.195349,-9.47485e-31,3.90481e-13,32514.8,47598,1.51839,20.2095,1.42015,18.902,1.03172,0.0066,1.42705 
196,1,1.8,0.01,40,196,3.38694e-07,6.61329e-07,9.13064e-30,0.512141,950.317,2545.79,2478.35,4.67071,18.9019,18.1623,-0.00510611,-2.38771e-32,4.12745e-13,36082.7,52105.3,1.40504,19.3613,1.34007,18.466,1.21421,0.0066,1.46314 
197,1,1.8,40,0.01,197,3.49891e-07,6.44311e-07,8.89568e-30,0.543047,950.317,2545.79,2478.35,4.67071,18.9019,18.1623,-0.161589,-7.80598e-31,2.10257e-13,33368.2,47612.3,1.49743,20.1035,1.40527,18.8662,1.06395,0.0066,1.43147 
198,1,1.8,40,0.01,198,3.4638e-07,6.36059e-07,8.78175e-30,0.544573,950.317,2545.79,2478.35,4.67071,18.9019,18.1623,-0.169076,-8.08574e-31,6.29114e-13,32102.5,47534.1,1.50205,19.9072,1.40855,18.668,1.0568,0.0066,1.41457 
199,1,1.8,40,0.01,199,3.51284e-07,6.73031e-07,9.29221e-30,0.521943,950.317,2545.79,2478.35,4.67071,18.9019,18.1623,-0.0557596,-2.70435e-31,3.77103e-13,38032.3,55340.6,1.43412,20.1117,1.36052,19.0795,1.16542,0.0066,1.40839 
200,1,1.8,0.01,40,200,3.5235e-07,6.3049e-07,8.70487e-30,0.558852,950.317,2545.79,2478.35,4.67071,18.9019,18.1623,-0.238141,-1.15849e-30,3.07284e-13,31266.7,45887.7,1.54549,20.3035,1.43945,18.9105,0.990956,0.0066,1.38145 
201,1,1.8,40,0.01,201,3.41052e-07,6.71819e-07,9.27547e-30,0.507654,950.317,2545.79,2478.35,4.67071,18.9019,18.1623,0.0184362,8.68113e-32,5.17284e-14,37827.1,53043.5,1.39183,19.4834,1.33079,18.629,1.23696,0.0066,1.4403 
202,1,1.8,40,0.01,202,3.55719e-07,6.17783e-07,8.52942e-30,0.575799,950.317,2545.79,2478.35,4.67071,18.9019,18.1623,-0.317864,-1.56111e-30,3.35636e-14,29414,42406,1.59758,20.5649,1.47671,19.009,0.91527,0.0066,1.36877 
203,1,1.8,0.01,40,203,3.53914e-07,6.17536e-07,8.52601e-30,0.573107,950.317,2545.79,2478.35,4.67071,18.9019,18.1623,-0.305363,-1.4921e-30,3.36507e-13,29378.7,43603.5,1.58926,20.4496,1.47075,18.9246,0.927107,0.0066,1.36685 
204,1,1.8,0.01,40,204,3.65689e-07,5.83034e-07,8.04966e-30,0.627218,950.317,2545.79,2478.35,4.67071,18.9019,18.1623,-0.5469,-2.76124e-30,2.51876e-13,24724.5,37014.1,1.75812,21.3584,1.59357,19.3594,0.698897,0.0066,1.34567 
205,1,1.8,0.01,40,205,3.56017e-07,6.36269e-07,8.78465e-30,0.559538,950.317,2545.79,2478.35,4.67071,18.9019,18.1623,-0.241414,-1.18663e-30,2.06358e-13,32134.4,46315.4,1.54758,20.5174,1.44094,19.1036,0.987843,0.0066,1.41388 
206,1,1.8,40,0.01,206,3.53999e-07,5.91215e-07,8.16261e-30,0.598765,950.317,2545.79,2478.35,4.67071,18.9019,18.1623,-0.422373,-2.06434e-30,2.61851e-14,25780,36835.8,1.66895,20.5597,1.5282,18.8258,0.816438,0.0066,1.38179 
207,1,1.8,40,0.01,207,3.59937e-07,6.10195e-07,8.42466e-30,0.589871,950.317,2545.79,2478.35,4.67071,18.9019,18.1623,-0.382351,-1.90008e-30,2.69609e-13,28343.5,41743.4,1.64123,20.8673,1.50812,19.1749,0.854249,0.0066,1.38912 
208,1,1.8,40,0.01,208,3.41204e-07,6.32535e-07,8.7331e-30,0.539423,950.317,2545.79,2478.35,4.67071,18.9019,18.1623,-0.143714,-6.77015e-31,3.69487e-13,31571.9,46349.8,1.4865,19.5919,1.39752,18.4191,1.08105,0.0066,1.40121 
209,1,1.8,0.01,40,209,3.43736e-07,6.50238e-07,8.97752e-30,0.528631,950.317,2545.79,2478.35,4.67071,18.9019,18.1623,-0.0897667,-4.26014e-31,8.83649e-13,34297.7,51412.1,1.45408,19.701,1.37459,18.624,1.13275,0.0066,1.46445 
210,1,1.8,40,0.01,210,3.46198e-07,6.14857e-07,8.48903e-30,0.563055,950.317,2545.79,2478.35,4.67071,18.9019,18.1623,-0.258131,-1.23381e-30,3.76154e-13,28998.1,43217.9,1.55836,19.965,1.44863,18.5592,0.971949,0.0066,1.3514 
211,1,1.8,0.01,40,211,3.47145e-07,6.24982e-07,8.62881e-30,0.555449,950.317,2545.79,2478.35,4.67071,18.9019,18.1623,-0.221844,-1.06327e-30,2.65949e-13,30454.3,44009.1,1.5351,19.9908,1.43204,18.6488,1.00647,0.0066,1.40395 
212,1,1.8,0.01,40,212,3.35789e-07,6.6562e-07,9.18988e-30,0.504476,950.317,2545.79,2478.35,4.67071,18.9019,18.1623,0.0352122,1.63247e-31,5.41486e-13,36789.7,53645.1,1.38247,19.1739,1.32424,18.3663,1.25317,0.0066,1.42416 
213,1,1.8,0.01,40,213,3.42114e-07,6.40891e-07,8.84847e-30,0.53381,950.317,2545.79,2478.35,4.67071,18.9019,18.1623,-0.115795,-5.46945e-31,5.44904e-14,32839.7,46327.6,1.4696,19.6251,1.38556,18.5028,1.10778,0.0066,1.40937 
214,1,1.8,40,0.01,214,3.38247e-07,6.15556e-07,8.49868e-30,0.549498,950.317,2545.79,2478.35,4.67071,18.9019,18.1623,-0.1931,-9.01776e-31,5.1685e-13,29097.1,43691.8,1.51698,19.457,1.41915,18.2023,1.03386,0.0066,1.37763 
215,1,1.8,0.01,40,215,3.36121e-07,6.36615e-07,8.78943e-30,0.527981,950.317,2545.79,2478.35,4.67071,18.9019,18.1623,-0.086479,-4.01319e-31,6.03575e-13,32186.8,48249.1,1.45214,19.2625,1.37322,18.2157,1.1359,0.0066,1.37089 
216,1,1.8,0.01,40,216,3.62854e-07,6.96985e-07,9.62293e-30,0.520605,950.317,2545.79,2478.35,4.67071,18.9019,18.1623,-0.0489008,-2.44981e-31,-1.26293e-13,42239.4,58850.6,1.43014,20.7697,1.35771,19.7178,1.17202,0.0066,1.44103 
217,1,1.8,40,0.01,217,3.56135e-07,6.41486e-07,8.85668e-30,0.555171,950.317,2545.79,2478.35,4.67071,18.9019,18.1623,-0.220511,-1.08425e-30,2.98771e-13,32931.2,48234.2,1.53425,20.5074,1.43144,19.1332,1.00774,0.0066,1.39474 
218,1,1.8,40,0.01,218,3.52541e-07,6.21926e-07,8.58663e-30,0.566853,950.317,2545.79,2478.35,4.67071,18.9019,18.1623,-0.276077,-1.34376e-30,1.65591e-13,30009.8,43105,1.57004,20.346,1.45696,18.8806,0.954924,0.0066,1.42099 
219,1,1.8,40,0.01,219,3.38429e-07,6.25782e-07,8.63986e-30,0.540809,950.317,2545.79,2478.35,4.67071,18.9019,18.1623,-0.150568,-7.03534e-31,4.2318e-13,30571.4,45552.8,1.49067,19.4372,1.40048,18.2611,1.07449,0.0066,1.36913 
220,1,1.8,0.01,40,220,3.55847e-07,6.22863e-07,8.59956e-30,0.571309,950.317,2545.79,2478.35,4.67071,18.9019,18.1623,-0.296968,-1.459e-30,1.81011e-13,30145.7,44184.4,1.58373,20.5542,1.46677,19.0364,0.935079,0.0066,1.37531 
221,1,1.8,40,0.01,221,3.38486e-07,6.67371e-07,9.21406e-30,0.507193,950.317,2545.79,2478.35,4.67071,18.9019,18.1623,0.0208634,9.75007e-32,-8.90729e-14,37080.7,51741.1,1.39046,19.3354,1.32984,18.4924,1.2393,0.0066,1.3927 
222,1,1.8,40,0.01,222,3.59239e-07,6.53397e-07,9.02113e-30,0.549802,950.317,2545.79,2478.35,4.67071,18.9019,18.1623,-0.194583,-9.65102e-31,1.91327e-13,34800,49950.8,1.51791,20.6657,1.41981,19.3302,1.03245,0.0066,1.41397 
223,1,1.8,0.01,40,223,3.43641e-07,6.2368e-07,8.61084e-30,0.550989,950.317,2545.79,2478.35,4.67071,18.9019,18.1623,-0.200333,-9.50474e-31,-1.4877e-13,30264.4,42103.1,1.52151,19.7727,1.42238,18.4843,1.02697,0.0066,1.41668 
224,1,1.8,0.01,40,224,3.51601e-07,6.67117e-07,9.21055e-30,0.527046,950.317,2545.79,2478.35,4.67071,18.9019,18.1623,-0.0817448,-3.96821e-31,8.62802e-13,37038.4,55599.8,1.44934,20.1465,1.37125,19.061,1.14045,0.0066,1.44741 
225,1,1.8,0.01,40,225,3.53311e-07,6.38113e-07,8.81011e-30,0.553681,950.317,2545.79,2478.35,4.67071,18.9019,18.1623,-0.213338,-1.04066e-30,1.115e-13,32414.5,45724.1,1.52971,20.3392,1.42821,18.9896,1.01457,0.0066,1.45252 
226,1,1.8,40,0.01,226,3.31062e-07,6.59363e-07,9.10349e-30,0.502094,950.317,2545.79,2478.35,4.67071,18.9019,18.1623,0.0478698,2.18804e-31,6.60568e-13,35761.8,52869.7,1.37547,18.8974,1.31935,18.1264,1.26541,0.0066,1.41158 
227,1,1.8,40,0.01,227,3.32028e-07,6.43319e-07,8.88199e-30,0.516117,950.317,2545.79,2478.35,4.67071,18.9019,18.1623,-0.025771,-1.18138e-31,4.73078e-13,33214.4,48904.5,1.41681,18.9918,1.34834,18.074,1.19429,0.0066,1.4112 
228,1,1.8,40,0.01,228,3.67384e-07,6.05676e-07,8.36227e-30,0.606568,950.317,2545.79,2478.35,4.67071,18.9019,18.1623,-0.45703,-2.31819e-30,1.17966e-13,27718.4,39873.5,1.69335,21.3705,1.54596,19.5104,0.783719,0.0066,1.39695 
229,1,1.8,0.01,40,229,3.34744e-07,6.28109e-07,8.67198e-30,0.53294,950.317,2545.79,2478.35,4.67071,18.9019,18.1623,-0.111439,-5.15032e-31,2.68632e-13,30913.7,44883.3,1.46699,19.1995,1.38371,18.1096,1.11196,0.0066,1.39574 
230,1,1.8,40,0.01,230,3.56842e-07,6.72424e-07,9.28382e-30,0.530681,950.317,2545.79,2478.35,4.67071,18.9019,18.1623,-0.100096,-4.93149e-31,2.21506e-13,37929.3,54230.6,1.46022,20.4592,1.37892,19.3202,1.12283,0.0066,1.43736 
231,1,1.8,0.01,40,231,3.4426e-07,6.15557e-07,8.4987e-30,0.559266,950.317,2545.79,2478.35,4.67071,18.9019,18.1623,-0.24012,-1.1413e-30,3.61437e-13,29097.3,43049.6,1.54676,19.8389,1.44035,18.4742,0.989074,0.0066,1.40281 
232,1,1.8,0.01,40,232,3.4667e-07,6.07753e-07,8.39094e-30,0.570413,950.317,2545.79,2478.35,4.67071,18.9019,18.1623,-0.292781,-1.40134e-30,1.95337e-13,28004.5,40282.2,1.58097,20.0206,1.4648,18.5495,0.93905,0.0066,1.42258 
233,1,1.8,0.01,40,233,3.47163e-07,6.53719e-07,9.02558e-30,0.531058,950.317,2545.79,2478.35,4.67071,18.9019,18.1623,-0.101982,-4.88812e-31,4.02848e-13,34851.4,51561.3,1.46136,19.9056,1.37972,18.7936,1.12103,0.0066,1.37947 
234,1,1.8,40,0.01,234,3.43617e-07,6.20262e-07,8.56364e-30,0.553988,950.317,2545.79,2478.35,4.67071,18.9019,18.1623,-0.214819,-1.01913e-30,2.81936e-13,29769.5,43278.4,1.53064,19.7823,1.42887,18.467,1.01316,0.0066,1.41215 
235,1,1.8,0.01,40,235,3.52538e-07,6.57362e-07,9.07587e-30,0.536293,950.317,2545.79,2478.35,4.67071,18.9019,18.1623,-0.128183,-6.2391e-31,4.33318e-13,35437.2,51117.8,1.47707,20.2317,1.39084,19.0506,1.09591,0.0066,1.45621 
236,1,1.8,0.01,40,236,3.49582e-07,6.17539e-07,8.52605e-30,0.566089,950.317,2545.79,2478.35,4.67071,18.9019,18.1623,-0.272471,-1.31508e-30,2.88968e-13,29379.2,43429.9,1.56767,20.1719,1.45528,18.7258,0.958327,0.0066,1.38207 
237,1,1.8,40,0.01,237,3.49633e-07,6.22434e-07,8.59364e-30,0.561719,950.317,2545.79,2478.35,4.67071,18.9019,18.1623,-0.2518,-1.21549e-30,2.39289e-13,30083.4,43632.4,1.55426,20.1579,1.44571,18.75,0.977967,0.0066,1.39451 
238,1,1.8,40,0.01,238,3.67374e-07,6.03054e-07,8.32606e-30,0.609189,950.317,2545.79,2478.35,4.67071,18.9019,18.1623,-0.468587,-2.37674e-30,9.49309e-16,27359.9,39561.2,1.70155,21.3811,1.55195,19.5012,0.772811,0.0066,1.37627 
239,1,1.8,40,0.01,239,3.43398e-07,5.89656e-07,8.14108e-30,0.58237,950.317,2545.79,2478.35,4.67071,18.9019,18.1623,-0.34816,-1.65067e-30,5.27651e-13,25576.6,38812.1,1.61792,19.8785,1.49132,18.3231,0.886583,0.0066,1.38481 
240,1,1.8,40,0.01,239,3.474e-07,6.4093e-07,8.849e-30,0.542025,950.317,2545.79,2478.35,4.67071,18.9019,18.1623,-0.156562,-7.50933e-31,5.05535e-13,32845.7,48549.1,1.49435,19.9567,1.40308,18.738,1.06876,0.0066,1.40792 
241,1,1.8,40,0.01,239,3.41572e-07,6.75458e-07,9.32572e-30,0.505689,950.317,2545.79,2478.35,4.67071,18.9019,18.1623,0.0287919,1.3578e-31,5.42392e-13,38445.2,55418,1.38602,19.5072,1.32674,18.6729,1.24695,0.0066,1.45495 
242,1,1.8,40,0.01,239,3.48781e-07,6.55028e-07,9.04365e-30,0.532467,950.317,2545.79,2478.35,4.67071,18.9019,18.1623,-0.109069,-5.25215e-31,3.74315e-13,35061.2,50661.5,1.46557,20.003,1.38271,18.872,1.11423,0.0066,1.4338 
243,1,1.8,40,0.01,239,3.38306e-07,6.0854e-07,8.4018e-30,0.555931,950.317,2545.79,2478.35,4.67071,18.9019,18.1623,-0.224161,-1.04702e-30,7.17604e-13,28113.4,42844.6,1.53657,19.4836,1.43309,18.1715,1.00426,0.0066,1.41017 
244,1,1.8,40,0.01,239,3.45907e-07,5.92907e-07,8.18597e-30,0.583409,950.317,2545.79,2478.35,4.67071,18.9019,18.1623,-0.352922,-1.68548e-30,3.69933e-13,26002,38680.4,1.62115,20.028,1.49364,18.4528,0.882077,0.0066,1.39399 
245,1,1.8,40,0.01,239,3.50459e-07,6.64821e-07,9.17885e-30,0.527148,950.317,2545.79,2478.35,4.67071,18.9019,18.1623,-0.0822626,-3.98037e-31,4.04467e-13,36657.3,53752.7,1.44965,20.0814,1.37146,18.9984,1.13995,0.0066,1.4119 
246,1,1.8,40,0.01,239,3.52949e-07,6.2593e-07,8.64191e-30,0.563878,950.317,2545.79,2478.35,4.67071,18.9019,18.1623,-0.262032,-1.27688e-30,3.95883e-13,30593.2,45105,1.56088,20.3575,1.45043,18.917,0.968242,0.0066,1.39559 
247,1,1.8,40,0.01,239,3.47634e-07,6.10666e-07,8.43116e-30,0.56927,950.317,2545.79,2478.35,4.67071,18.9019,18.1623,-0.287426,-1.37953e-30,-1.55768e-13,28409.2,39304.5,1.57745,20.0718,1.46228,18.6064,0.944131,0.0066,1.41544 
248,1,1.8,40,0.01,239,3.57472e-07,6.45197e-07,8.90791e-30,0.554051,950.317,2545.79,2478.35,4.67071,18.9019,18.1623,-0.215122,-1.06172e-30,-5.70374e-14,33506.1,47350.3,1.53083,20.5801,1.42901,19.2112,1.01287,0.0066,1.4066 
249,1,1.8,40,0.01,239,3.49856e-07,6.62489e-07,9.14666e-30,0.528093,950.317,2545.79,2478.35,4.67071,18.9019,18.1623,-0.0870418,-4.20436e-31,7.41245e-13,36273,53494.1,1.45247,20.05,1.37345,18.9592,1.13536,0.0066,1.47342 
250,1,1.8,40,0.01,239,3.54149e-07,6.58963e-07,9.09798e-30,0.537434,950.317,2545.79,2478.35,4.67071,18.9019,18.1623,-0.133855,-6.54494e-31,2.34108e-14,35696.9,50058.9,1.4805,20.3281,1.39327,19.1304,1.09048,0.0066,1.44331 
251,1,1.8,40,0.01,239,3.30296e-07,5.99825e-07,8.28148e-30,0.550654,950.317,2545.79,2478.35,4.67071,18.9019,18.1623,-0.198714,-9.06183e-31,2.63703e-13,26922.8,39305.2,1.5205,19.0037,1.42165,17.7683,1.02851,0.0066,1.38005 
252,1,1.8,40,0.01,239,3.31107e-07,6.39248e-07,8.82579e-30,0.517963,950.317,2545.79,2478.35,4.67071,18.9019,18.1623,-0.0353117,-1.61425e-31,5.28491e-13,32587.9,48065.5,1.42229,18.9446,1.35219,18.0109,1.1851,0.0066,1.40052 
253,1,1.8,40,0.01,239,3.56639e-07,5.50238e-07,7.59687e-30,0.648154,950.317,2545.79,2478.35,4.67071,18.9019,18.1623,-0.635448,-3.12891e-30,4.15937e-14,20782.6,30860.8,1.82393,20.9115,1.64276,18.8345,0.615232,0.0066,1.29523 
254,1,1.8,40,0.01,239,3.30162e-07,6.22546e-07,8.59518e-30,0.530341,950.317,2545.79,2478.35,4.67071,18.9019,18.1623,-0.0983924,-4.4851e-31,5.10627e-13,30099.6,44680.7,1.4592,18.9284,1.37821,17.8778,1.12447,0.0066,1.41734 
255,1,1.8,40,0.01,239,3.66544e-07,6.09093e-07,8.40945e-30,0.601786,950.317,2545.79,2478.35,4.67071,18.9019,18.1623,-0.435836,-2.20563e-30,1.15872e-13,28190.2,40929.1,1.67839,21.3012,1.53506,19.4821,0.803727,0.0066,1.40103 
256,1,1.8,40,0.01,239,3.41938e-07,6.47659e-07,8.9419e-30,0.52796,950.317,2545.79,2478.35,4.67071,18.9019,18.1623,-0.0863691,-4.07746e-31,3.97601e-13,33891.1,49132.4,1.45207,19.5958,1.37317,18.531,1.13601,0.0066,1.41149 
257,1,1.8,40,0.01,239,3.58975e-07,5.98077e-07,8.25736e-30,0.600215,950.317,2545.79,2478.35,4.67071,18.9019,18.1623,-0.428843,-2.12543e-30,5.60708e-13,26688.2,40725.6,1.67348,20.8548,1.53149,19.0853,0.810329,0.0066,1.40802 
258,1,1.8,40,0.01,239,3.50753e-07,5.87126e-07,8.10615e-30,0.597408,950.317,2545.79,2478.35,4.67071,18.9019,18.1623,-0.416296,-2.01599e-30,-1.04757e-13,25248.8,35880,1.66472,20.3657,1.52513,18.658,0.822179,0.0066,1.34704 
259,1,1.8,40,0.01,239,3.50959e-07,5.984e-07,8.26182e-30,0.586495,950.317,2545.79,2478.35,4.67071,18.9019,18.1623,-0.367016,-1.77838e-30,4.36726e-13,26731.4,40378.4,1.63073,20.333,1.50055,18.7098,0.868746,0.0066,1.35815 
260,1,1.8,40,0.01,239,3.42416e-07,6.41665e-07,8.85915e-30,0.533637,950.317,2545.79,2478.35,4.67071,18.9019,18.1623,-0.114931,-5.43345e-31,1.07768e-13,32958.8,46981.6,1.46908,19.6419,1.38519,18.5202,1.10861,0.0066,1.42003 
261,1,1.8,40,0.01,239,3.5603e-07,5.94642e-07,8.20993e-30,0.59873,950.317,2545.79,2478.35,4.67071,18.9019,18.1623,-0.422217,-2.07542e-30,2.23115e-13,26231,38242.4,1.66884,20.6776,1.52812,18.934,0.816585,0.0066,1.40565 
262,1,1.8,40,0.01,239,3.51523e-07,6.48595e-07,8.95483e-30,0.541976,950.317,2545.79,2478.35,4.67071,18.9019,18.1623,-0.156318,-7.5866e-31,2.49086e-13,34038.3,49173.3,1.4942,20.1934,1.40298,18.9606,1.06899,0.0066,1.41102 
263,1,1.8,40,0.01,239,3.31199e-07,6.44803e-07,8.90247e-30,0.513644,950.317,2545.79,2478.35,4.67071,18.9019,18.1623,-0.012938,-5.91617e-32,6.25456e-13,33444.7,49779.6,1.40949,18.9372,1.34319,18.0465,1.20666,0.0066,1.39336 
264,1,1.8,40,0.01,239,3.39881e-07,6.09063e-07,8.40903e-30,0.55804,950.317,2545.79,2478.35,4.67071,18.9019,18.1623,-0.234261,-1.09929e-30,2.16951e-13,28186,41160.8,1.54301,19.582,1.43768,18.2453,0.994649,0.0066,1.3766 
