cyc,freq,delay,cyc,ROIsum,fBg,fA1,fWidth1,fCtr1,fA2,fWidth2,fCtr2,box1,box2,box3,box4,box5,box6,box7,box8,box9,Nfit,BZ-2,BZ-1,BZ0,BZ1,BZ2,Excited,c5,c7,c9,fraction95,fraction75,fraction97,sum95,two2D_bg,two2D_a1,two2D_sh1,two2D_sv1,two2D_ch1,two2D_cv1,two2D_a2,two2D_sh2,two2D_sv2,two2D_ch2,two2D_cv2,two2D_chd,two2D_cvd
42,44.84,0.13,42,31977,-0.695911,64.001,12.347,120.22,1.33172,366.112,500,-3.26119,-2.37167,-10.6607,-4.09493,-2.42488,152.866,2737.97,-33.6257,31446.1,41596,-4.22375,-3.33423,-12.5858,-5.05749,-3.38744,0.559763,2523.56,-41.5668,31231.7,0.0858856,1.02968,-0.00245772,29382.8,-0.00400776,0.322546,10.812,10.2208,121.358,87.5958,2.733,12.8191,11.7563,119.57,137.18,1.78816,-49.5841 
43,44.79,0.13,43,31749.5,-0.580554,64.5726,12.0014,120.45,0.930287,-460.553,95.2498,-3.31959,-0.474206,-4.10063,-4.86641,-8.12351,84.4699,2762.08,-45.3214,31269.5,39174.9,-3.85148,-1.00609,-5.1644,-5.3983,-8.65539,0.785493,2643.6,-49.7094,31151.1,0.0898161,1.03403,-0.00294821,29433.5,-0.00422219,0.352881,10.4526,10.2085,121.796,87.9193,2.74279,12.7569,11.7195,119.779,137.134,2.01685,-49.2142 
44,44.77,0.13,44,35224.6,-0.07902,68.4813,12.5225,120.35,7.2288,-8339.17,92.4832,1.09531,1.93392,-8.18253,-3.77091,-0.687903,102.948,1664.62,-39.0716,36020.1,1.9903e+06,0.447076,1.28569,-9.479,-4.41915,-1.33614,0.297931,1520.23,-44.4196,35875.7,0.0469594,1.05389,-0.00228602,32373.3,-0.00479009,0.223259,10.4539,10.2661,121.823,88.5289,3.02061,13.1338,11.9536,119.843,137.528,1.98005,-48.9987 
45,44.85,0.13,45,30936.3,-0.0364195,63.4067,11.907,120.429,-0.0360845,-20.7352,499.731,-1.61822,-2.05294,-6.14534,-3.83157,3.20889,122.747,2188.05,-42.8348,30984.4,24601.6,-2.39112,-2.82585,-7.69115,-4.60448,2.43599,0.489862,2015.89,-49.2113,30812.2,0.0706971,1.04463,-0.00295077,28514.4,-0.00430019,0.280769,10.3686,10.2581,121.901,88.4018,2.82292,12.6034,11.4947,119.799,137.481,2.10225,-49.0795 
46,44.765,0.13,46,33044.5,0.121842,66.1572,12.177,120.528,-0.265664,12.5638,2.01996e-12,-3.85107,2.31039,0.644828,-4.18871,-4.82701,118.345,1181.59,-64.7824,34314.1,26333.4,-4.59625,1.5652,-0.845543,-4.9339,-5.5722,0.941211,1015.6,-70.9301,34148.1,0.0334265,1.13924,-0.00384099,30383,-0.00479397,0.197224,9.44251,10.0109,122.496,89.1132,2.9545,12.97,11.8183,119.966,138.233,2.52922,-49.1199 
47,44.855,0.13,47,34370.7,-0.0340243,66.9018,12.4095,120.531,-0.00631118,-7.73647,2.1683e-11,-2.83763,-2.55751,-5.34917,-5.21626,-1.91891,134.169,2386.5,-34.5491,34335.9,27028,-3.68245,-3.40234,-7.03882,-6.06109,-2.76374,0.693277,2198.32,-41.519,34147.7,0.0696433,1.03418,-0.00224477,31565.4,-0.00431263,0.264986,10.7403,10.8185,121.64,88.5298,2.87544,13.077,11.9754,119.935,137.866,1.7047,-49.3362 
48,44.815,0.13,48,31294.1,-0.415468,63.7865,12.0309,120.309,0.15852,-251.85,5.34821,-0.296054,-0.149514,0.199015,-3.6723,1.24838,174.33,3704.68,-27.9626,29716,26281.2,-1.39377,-1.24723,-1.99641,-4.77001,0.150669,0.784329,3460.16,-37.0187,29471.4,0.120121,1.01908,-0.00231921,28805.6,-0.00381827,0.431155,10.75,10.2952,121.308,87.8638,2.65946,12.6118,11.5921,119.652,137.335,1.65611,-49.4713 
49,44.795,0.13,49,35291.4,0.0394266,67.1644,12.5255,120.392,-0.231702,182.525,4.52974,-1.2353,0.0220503,-0.12567,-3.28056,-3.18178,112.609,3402.46,-17.6813,34004.8,28762.7,-1.94437,-0.687021,-1.54381,-3.98963,-3.89085,0.871943,3244.51,-23.5312,33846.8,0.100285,1.01286,-0.00128232,32352.8,-0.00393065,0.365769,11.1252,10.8829,121.787,88.0285,2.75046,13.214,12.183,119.719,137.564,2.0685,-49.5352 
50,44.83,0.13,50,34281.6,-0.928755,68.9894,12.3203,120.362,0.769401,-131.75,123.474,-0.184619,1.24261,1.71572,-4.29384,-0.88265,158.263,3509.33,-24.005,32934.1,30969.3,-1.18116,0.246065,-0.277369,-5.29039,-1.87919,0.966909,3287.35,-32.2265,32712.1,0.104627,1.01746,-0.00181806,31419.8,-0.00416012,0.429885,10.6545,10.2094,121.475,87.9622,2.81512,12.8396,11.9275,119.689,137.39,1.78655,-49.428 
51,44.81,0.13,51,30919,-0.858492,63.1839,12.1702,120.369,0.690042,-317.088,460.649,0.552989,-1.09304,-2.23042,-1.15186,-1.85844,131.025,3351.11,-48.5764,29615.2,32155,-0.27204,-1.91807,-3.88048,-1.97689,-2.68347,0.638384,3167.33,-55.3829,29431.4,0.111219,1.03157,-0.00347846,28478.4,-0.00386973,0.421708,10.4611,10.0925,121.366,88.5543,2.63942,12.6581,11.6167,119.71,138.057,1.6569,-49.5022 
52,44.775,0.13,52,28902.3,-0.0142255,59.0398,11.9832,120.285,-0.0575001,21.1734,500,0.823376,-0.345004,-2.84559,-2.62404,1.32236,145.915,1807.65,-41.7636,29425.8,23070.7,-0.0954114,-1.26379,-4.68317,-3.54283,0.403575,0.489941,1602.99,-49.3436,29221.1,0.0599625,1.05694,-0.00312034,26733.1,-0.0040157,0.208857,10.514,10.6034,122.195,88.8887,2.6573,12.593,11.5549,119.667,137.562,2.5283,-48.6728 
53,44.86,0.13,53,34651.5,-0.45453,68.4341,12.4366,120.117,1.1646,-1056.92,498.747,-2.03137,-0.247143,5.15127,-0.375075,2.33919,145.409,1667.86,-36.9533,35069.3,67775.2,-2.94697,-1.16275,3.32006,-1.29068,1.42358,6.05529,1463.91,-44.507,34865.4,0.04655,1.05619,-0.00235706,31448.1,-0.00424895,0.205291,10.5758,10.6169,121.88,89.1482,2.98025,12.9493,11.935,119.555,138.14,2.32476,-48.9914 
54,44.76,0.13,54,31770.8,-0.0764047,63.9993,12.0356,120.143,0.170813,-163.126,7.20816e-12,-0.521057,1.49171,-5.03806,-5.6526,-4.28339,50.6496,1021.02,-37.7575,32917.7,25982,-0.839985,1.17278,-5.67591,-5.97153,-4.60232,0.643405,949.977,-40.3887,32846.7,0.0325355,1.08038,-0.00227022,29198.1,-0.00430395,0.143854,9.90311,10.8606,122.1,89.9683,2.96449,12.6899,11.527,119.651,138.275,2.4486,-48.3062 
55,44.785,0.13,55,31351.5,-0.191941,63.7366,12.0473,120.266,0.110873,18.5579,495.861,-0.502684,1.7547,1.03765,-2.3876,-4.08715,182.071,2393.05,-36.3497,31195.7,25063.1,-1.64914,0.608248,-1.25525,-3.53405,-5.2336,0.886544,2137.68,-45.8079,30940.3,0.0743635,1.03896,-0.00273474,28746.3,-0.00400237,0.301803,10.2448,10.3392,121.521,88.9363,2.70858,12.765,11.795,119.666,138.235,1.85545,-49.2989 
56,44.835,0.13,56,30901.7,-0.119273,62.9802,12.0296,120.422,0.141488,-157.663,499.999,-0.102797,3.29596,-3.96115,-2.54654,-3.93331,161.324,2917.72,-38.3873,30181.6,25389.5,-1.11861,2.28015,-5.99277,-3.56235,-4.94913,0.550858,2691.45,-46.7678,29955.3,0.0945929,1.03136,-0.00288429,28453,-0.00406445,0.376328,10.4458,10.072,121.318,88.7423,2.73285,12.5836,11.5018,119.872,138.422,1.44601,-49.6796 
57,44.8,0.13,57,31011,-0.105304,63.5741,11.9367,120.447,0.282254,-220.793,500,-5.50087,-1.37559,-4.39694,-4.52822,-7.9706,142.638,3430.66,-39.1059,29912.8,26732.3,-6.39902,-2.27375,-6.19325,-5.42637,-8.86875,0.78762,3230.6,-46.5156,29712.7,0.112238,1.02585,-0.00289218,28783.5,-0.0040218,0.417374,10.4393,10.0972,121.407,88.5403,2.71515,12.5825,11.4709,119.875,138.009,1.53226,-49.4685 
58,44.82,0.13,58,32443.8,0.00324628,63.2886,12.2334,120.417,-0.0531924,18.6923,3.10919,-2.41956,0.480087,-5.56489,4.36561,1.05389,202.068,3683.54,-22.3654,30731.8,25236.2,-3.69193,-0.79228,-8.10963,3.09324,-0.218473,0.165596,3400.12,-32.8625,30448.4,0.114924,1.0172,-0.00199211,29585.7,-0.00377517,0.422851,10.9286,10.4959,121.442,88.1096,2.60895,12.9164,11.9149,119.734,137.663,1.70727,-49.553 
59,44.825,0.13,59,33275.8,0.0141627,64.8735,12.295,120.23,-0.0559711,6.0958,500,-2.28672,-5.85063,2.38802,-1.97485,-3.89544,169.907,3783.69,-29.5665,31614.9,25976.3,-3.35657,-6.92049,0.248308,-3.04471,-4.9653,1.01377,3545.37,-38.3928,31376.6,0.11613,1.01932,-0.00225911,30529.3,-0.00379154,0.422159,11.1209,10.5103,121.437,87.927,2.63875,12.982,12.0005,119.558,137.411,1.87901,-49.4841 
60,44.805,0.13,60,31224.7,-0.808608,63.3716,12.1497,120.271,3.06338,-4064.87,277.695,2.09359,-3.20034,6.6689,2.2734,-5.61902,109.078,3642.02,-24.9925,29618.5,430425,1.40676,-3.88718,5.29522,1.58656,-6.30585,3.78039,3489.03,-30.6589,29465.5,0.121023,1.01562,-0.00192039,28829.4,-0.00360862,0.412182,10.9722,10.1872,121.058,88.3599,2.65324,12.5672,11.5971,119.655,137.867,1.4029,-49.5076 
61,44.78,0.13,61,30305.8,-0.070634,62.2124,11.9232,120.408,-0.0631694,37.2326,500,-2.66783,-0.490359,-1.36998,-0.365892,-0.869197,133.078,2180.33,-48.7424,30456.5,24223.6,-3.50578,-1.32831,-3.04589,-1.20385,-1.70715,0.717737,1993.67,-55.6555,30269.9,0.0711372,1.05136,-0.00339848,28025.8,-0.00413271,0.295993,10.0806,9.578,121.575,88.1034,2.76557,12.6173,11.469,119.838,137.751,1.73625,-49.6479 
62,44.845,0.13,62,32497.3,-0.171658,64.9802,12.1519,120.171,0.097336,25.3578,1.28094e-12,-1.88905,0.46531,7.07056,-6.09285,2.20127,81.9376,2637.27,-48.8005,32101.8,25785.6,-2.40499,-0.0506294,6.03868,-6.60879,1.68533,5.50513,2522.34,-53.057,31986.9,0.0839911,1.03822,-0.00306488,30031.1,-0.00413938,0.324441,10.6975,10.1269,121.196,89.1042,2.77181,12.8061,11.8486,119.565,138.635,1.63122,-49.5305 
