cyc,time,buffer,VVA,cyc,ROIsum,fBg,fA1,fWidth1,fCtr1,fA2,fWidth2,fCtr2,box1,box2,box3,box4,box5,box6,box7,box8,box9,Nfit,BZ-2,BZ-1,BZ0,BZ1,BZ2,Excited,c5,c7,c9,fraction95,fraction75,fraction97,sum95,ODmean,refmean,two2D_bg,two2D_a1,two2D_sh1,two2D_sv1,two2D_ch1,two2D_cv1,two2D_a2,two2D_sh2,two2D_sv2,two2D_ch2,two2D_cv2,two2D_chd,two2D_cvd
0,3,4,0,0,25559.6,-0.617412,47.6931,13.3488,85.3092,0.194369,-948.635,500,0.395889,3.18897,0.700906,1.06688,-1.9393,128.689,13266,37.1923,15116.5,26727.2,-0.414434,2.37865,-0.919741,0.256552,-2.74962,0.365083,13102.2,33.8497,14952.7,0.490552,0.995499,0.00415281,26709.2,0.0261807,1052.33,-0.00696421,0.56445,13.7174,-52.093,85.196,102.267,-1.16446e+07,17.5354,14.2206,89.3804,248.895,-4.18437,-146.628 
1,3,4,10,1,26903.1,-0.465513,49.1473,13.5483,84.4118,-0.0999472,450.47,2.24692e-09,0.285744,0.769033,-1.77013,-0.813098,1.07447,114.358,13268.2,34.3685,16737.3,23141.7,-0.434336,0.0489534,-3.21029,-1.53318,0.354396,0.327611,13122.6,31.3982,16591.7,0.464993,0.99583,0.00347389,28221.1,0.0275568,1032.97,-0.00724499,0.595981,-13.8436,-51.2346,84.3266,104.043,-8.70599e+06,12.1985,13.0691,92.7081,243.514,-8.38147,-139.47 
2,20,21,2.2,2,25633.5,-0.0360983,48.0361,13.0424,84.8035,0.0692313,-84.7327,500,0.163445,-3.73693,0.961912,0.967438,-1.65293,133.772,12569.8,17.8879,16217,20585.8,-0.678883,-4.57925,-0.722745,0.12511,-2.49526,0.913454,12399.5,14.4133,16046.8,0.459206,0.99797,0.00165186,27002.1,0.0262564,1076.17,0.0261662,0.032113,-1.24856,-27.4234,104.401,93.6179,-296208,5.10796,10.5382,100.011,231.955,4.39017,-138.337 
3,3,4,0,3,27041.1,-0.485479,50.2416,13.3265,84.8891,0.413789,-116.744,500,1.3994,-3.65158,-0.317638,1.37356,-1.42001,143.814,13187.1,39.3349,16766.7,23368.5,0.493837,-4.55714,-2.12876,0.467997,-2.32557,0.735546,13004.1,35.5994,16583.7,0.462857,0.995232,0.00393878,28095.3,0.0276982,1061.17,0.0274817,0.0370072,-1.18074,-29.7369,104.144,97.0105,-279401,5.14921,11.0375,99.9964,231.384,4.14779,-134.373 
4,3,4,10,4,27293.5,-0.0154163,49.6836,13.399,85.0776,-0.0174525,4.11346,3.30891,-0.708842,1.16895,-0.0968228,1.58596,0.990787,179.212,13155.2,27.7966,17336.4,21673.5,-1.83729,0.0405,-2.35373,0.457506,-0.137665,0.385559,12927.1,23.1417,17108.3,0.453652,0.996877,0.00248554,28495.7,0.0279567,983.094,-0.0075207,0.606393,-13.9436,-50.9103,84.9332,104.919,-6.21864e+06,8.63119,12.8642,98.158,242.452,-13.2248,-137.534 
5,20,21,2.2,5,26515,-0.201083,48.1706,13.3523,85.0889,0.131438,-96.4147,500,0.572071,4.7128,6.24405,-1.32727,7.53507,64.5244,13025.8,35.6925,16256.1,21350.4,0.165778,4.3065,5.43147,-1.73356,7.12878,0.644978,12943.7,34.0165,16174,0.467922,0.995422,0.00385929,27662,0.0271593,1065.45,-0.00679683,0.582579,13.8268,-51.0537,84.9589,103.468,232658,5.15768,11.6009,100.047,238.719,-15.088,-135.251 
6,3,4,0,6,27719.8,-0.810248,51.4028,13.5012,84.9443,0.399076,-129.468,337.749,1.61315,-0.869851,1.78428,0.324826,3.36105,170.21,13623,26.1282,17158.4,24273.9,0.54139,-1.94162,-0.359245,-0.746939,2.28928,-0.65453,13406.3,21.7072,16941.7,0.465121,0.997174,0.0023547,28823.3,0.0283933,965.511,0.0283562,0.038878,-0.700521,-28.7346,103.879,94.8422,-179127,5.18573,11.1323,100.032,230.66,3.84736,-135.818 
7,3,4,10,7,26357.6,-0.000212658,48.5336,13.2029,85.1656,-0.0260404,-0.146719,500,-0.449863,3.23766,-1.37655,-0.521651,1.18783,179.664,12587,25.0502,16696.9,20859.8,-1.58116,2.10636,-3.63915,-1.65295,0.0565362,0.227417,12358.4,20.3836,16468.2,0.451952,0.997122,0.00227489,27344.4,0.0269981,1066.52,-0.00686281,0.592245,-13.6966,-50.7716,85.0379,104.902,-2.37519e+07,16.3237,15.0404,86.5885,253.493,-1.55057,-148.59 
8,20,21,2.2,8,25351.5,-0.0431125,47.9082,12.8677,84.8086,0.0316124,2.43853,500,-2.85651,2.34666,1.9261,2.33865,5.67676,117.098,12435.8,26.2732,15949.6,20070.6,-3.59385,1.60933,0.451426,1.60131,4.93942,0.909852,12286.7,23.2317,15800.5,0.460778,0.996702,0.00270115,26665.2,0.0259675,1006.43,0.0257895,0.0323207,-1.64818,-29.8456,103.239,93.5348,-264835,5.62621,10.8197,100.208,231.416,3.03067,-137.881 
9,3,4,0,9,26994.2,0.0294061,49.0307,13.2292,84.6052,-0.00348495,167.949,5.00018e-12,1.44408,2.99297,5.63191,0.0785852,2.96726,132.705,13112.9,39.6126,16789.2,21134.4,0.608466,2.15736,3.96069,-0.757024,2.13165,0.511095,12944,36.1657,16620.3,0.461158,0.995134,0.00399241,28068.4,0.0276501,1003.51,0.0275264,0.12836,-0.43505,-26.8357,103.244,98.2513,-175255,5.21181,10.8475,100.01,230.138,3.23355,-131.887 
10,3,4,10,10,26125.5,-0.839069,49.4638,13.3964,85.0456,0.426581,-233.845,485.14,-0.878338,1.72663,1.39151,-1.29058,2.37887,187.413,13104.3,34.2404,16264.6,24818.4,-2.05843,0.546534,-0.968672,-2.47067,1.19878,0.741856,12865.7,29.3725,16026.1,0.468706,0.996021,0.00336483,27449.5,0.0267604,918.341,0.0267277,0.0290188,-1.471,-29.2758,104.078,94.9199,-276718,5.19429,11.5455,100.022,232.06,4.05661,-137.14 
11,20,21,2.2,11,26486.9,-0.622482,49.092,13.4934,85,0.635108,528.209,500,-2.65267,0.842257,1.33611,-1.94737,3.91296,166.542,12868.7,28.7528,16608,32484.6,-3.70134,-0.206416,-0.761232,-2.99605,2.86429,0.841435,12656.7,24.4271,16396,0.458958,0.996634,0.00273689,27577.1,0.0271305,1016.88,-0.00694463,0.589537,-13.8046,-51.0409,84.9072,104.376,-4.56889e+07,25.5794,16.8651,81.0508,262.975,3.85642,-158.599 
12,3,4,0,12,28078.2,-0.161358,51.3801,13.3213,84.5458,0.0777904,-50.7647,491.492,0.0249617,1.1665,1.66545,1.60357,1.016,142.689,14044.1,30.0417,17150.7,22409.6,-0.87351,0.268028,-0.131497,0.705096,0.117533,2.53528,13862.5,26.3355,16969.1,0.473052,0.996686,0.00285074,29304.3,0.0287605,926.978,0.0287621,0.0279073,-0.446444,-27.8667,103.637,96.4032,-177213,5.17581,10.2883,100.047,230.73,3.59001,-134.327 
13,3,4,10,13,25788.9,-0.00646695,48.0674,12.8884,84.5801,-0.00688227,23.8859,1.35464,-2.37524,-3.10874,-4.03964,-0.843251,-0.420021,128.149,12717.4,24.6554,15785.1,20172.6,-3.18216,-3.91566,-5.65348,-1.65017,-1.22694,0.638256,12554.3,21.3268,15622,0.468963,0.997036,0.0025085,26770.3,0.0264155,1039.5,0.0263777,0.0334668,-0.752716,-25.2739,103.917,94.3193,-286785,5.17618,11.0591,100.024,232.315,3.89321,-137.996 
14,20,21,2.2,14,25327.5,-0.750005,47.5159,13.3682,84.8931,1.9625,-475.309,185.475,0.400791,-3.52171,-5.85001,0.0119769,-2.0857,168.559,12599.1,18.7513,15445.4,51043.5,-0.660577,-4.58308,-7.97275,-1.04939,-3.14706,0.542134,12384.6,14.3731,15230.8,0.47189,0.997973,0.00173535,26244.7,0.0259429,1080.15,0.0257747,0.0324136,-1.21922,-28.5116,104.452,94.6897,-183229,5.12106,10.3523,100.009,230.61,4.44269,-135.921 
15,3,4,0,15,27145.6,-0.10239,50.5491,13.0349,85.0929,0.0579334,9.5529,6.23811e-12,0.716018,2.80696,2.74927,1.31837,2.73551,137.8,13536.6,29.5446,16530,21467.4,-0.151673,1.93927,1.01388,0.450676,1.86782,0.801975,13361.2,25.9654,16354.7,0.473065,0.996611,0.00291608,28243.9,0.0278053,1057.22,-0.00715761,0.60933,-13.5252,-51.5338,84.984,103.158,-8.53812e+06,11.3018,13.1236,95.103,243.747,-10.119,-140.589 
16,3,4,10,16,25772.4,-0.750232,47.9317,13.4544,84.5697,0.395779,-9.62379,136.418,-1.05259,1.13078,1.17921,2.09278,3.40761,110.183,12831.5,29.4051,15749.7,21117.4,-1.74639,0.436984,-0.208375,1.39898,2.71382,1.0803,12691.3,26.5432,15609.5,0.471867,0.996353,0.00312264,26895.9,0.0263986,1095.27,0.0262576,0.0344334,-1.11154,-28.055,104.38,97.6052,-296925,5.14252,10.4993,100.006,231.903,4.37456,-134.298 
17,20,21,2.2,17,26068,-0.814481,49.2352,13.3766,84.883,0.212709,414.401,92.9948,-0.974052,1.53657,0.129706,-0.363038,0.414609,120.864,12850.9,30.4992,16290.8,24309.1,-1.7351,0.775522,-1.39239,-1.12409,-0.346441,0.635738,12697.1,27.3598,16136.9,0.463707,0.996243,0.00311353,27381.7,0.0267014,947.557,0.0349376,0.0372813,-0.0467838,-27.1953,103.614,95.5984,-176260,411.28,151.516,66.5593,765.992,37.0542,-670.393 
18,3,4,0,18,26175,0.281391,48.8853,12.8828,84.9297,-0.203385,-82.547,500,1.80129,-0.630317,-0.0312396,2.68087,1.55299,136.082,13019.7,27.8689,16217.3,21047.9,0.944416,-1.48719,-1.74498,1.824,0.696117,8.50965,12846.5,24.3343,16044.1,0.468054,0.996696,0.00278616,27446.5,0.026811,980.005,-0.00712887,0.59793,-13.474,-51.345,84.7861,104.174,-3.42931e+07,20.1844,16.6666,80.009,261.259,4.7771,-157.085 
19,3,4,10,19,25105,-0.35255,47.8702,13.0414,84.6645,0.836915,-174.826,500,-4.90396,-0.60168,-3.78157,-2.1264,-1.4734,147.995,12480.1,14.3364,15735.9,25085.9,-5.83584,-1.53356,-5.64534,-3.05828,-2.40528,0.694488,12291.7,10.4924,15547.6,0.464891,0.998508,0.00124161,26440,0.0257151,1028.36,0.0336637,0.0328602,-0.173261,-31.4885,103.833,109.02,-171494,524.099,152.021,87.3797,768.356,16.4532,-659.336 
20,20,21,2.2,20,25635.6,-0.754761,48.625,13.212,84.8934,2.11868,280.276,52.2194,2.17563,2.17968,0.760349,-1.25146,-3.19432,91.3226,12781.3,34.3099,15673,40244,1.6006,1.60465,-0.38972,-1.82649,-3.76936,0.859829,12665.1,31.9379,15556.8,0.472195,0.995606,0.00376757,26821.8,0.0262586,987.997,0.0260291,0.040053,-1.42814,-28.0973,104.365,101.583,-298114,5.14516,10.7367,100.018,231.998,4.34669,-130.415 
21,3,4,0,21,27588.7,-0.839641,51.3398,13.5272,84.7286,0.574824,-84.6156,223.864,-0.40117,0.482825,0.92069,-2.96315,-0.467697,133.92,13694.2,28.3828,16972.5,24191.2,-1.24443,-0.360436,-0.765831,-3.80641,-1.31096,0.897726,13523.8,24.9044,16802.1,0.469353,0.996788,0.00272296,28813.7,0.0282591,1022.8,0.0282403,0.0420472,-0.280513,-28.3131,103.806,96.4107,-132314,5.1589,10.776,100.016,229.564,3.78963,-133.153 
22,3,4,10,22,26063.7,-0.786599,48.5106,13.5093,84.4301,0.867498,-7.8608,248.618,0.917637,2.34542,-1.16956,-1.34229,0.389269,68.247,12235,27.8479,16869,21555.6,0.487904,1.91568,-2.02903,-1.77202,-0.0404642,-0.411077,12148.2,26.0753,16782.1,0.443042,0.996258,0.00285401,27419.9,0.026697,993.413,0.0266491,0.0323781,-0.681253,-26.5965,104.122,94.1072,-297956,5.12375,10.6528,100.012,232.389,4.10959,-138.282 
23,20,21,2.2,23,26344.6,-0.316356,47.8974,13.5682,84.8151,0.277559,-91.3541,500,-3.58476,-2.16234,1.36573,-0.361568,-2.29301,147.829,12705.8,25.2842,16539.9,21981.3,-4.5156,-3.09319,-0.495956,-1.29241,-3.22385,0.960704,12517.6,21.4445,16351.8,0.456886,0.997011,0.00241001,27397.7,0.0269847,1043.6,0.026937,0.0342846,-1.59033,-28.8112,104.167,95.1803,-273640,5.17757,11.5691,100.024,231.555,4.14265,-136.374 
24,3,4,0,24,27073.6,-0.165879,49.958,13.2786,84.8216,0.123567,1.30968,499.999,-2.76392,0.88614,-5.29912,-1.65145,3.95361,130.31,13487.3,36.8603,16612.6,21600.3,-3.58445,0.0656137,-6.94017,-2.47198,3.13308,0.291668,13321.4,33.4756,16446.8,0.470922,0.995622,0.0037354,28288,0.0277315,1051.78,0.027542,0.0493232,-1.03458,-29.0836,104.13,98.2112,-281757,5.1038,10.5446,100.027,232.058,4.10313,-133.846 
25,3,4,10,25,26151.5,-0.796971,49.1311,13.4014,84.5596,1.76181,-2217.53,77.2774,-2.00609,0.940902,-1.96846,-0.387295,3.13779,60.5528,12556.9,32.0852,16532.2,148615,-2.38737,0.559617,-2.73103,-0.76858,2.7565,-0.0623015,12479.9,30.5124,16455.2,0.454573,0.99574,0.00340415,27454.1,0.0267869,1047.3,0.0267476,0.0266175,-0.81314,-26.2711,104.017,95.3005,-268490,5.17123,11.1074,100.035,232.363,3.98193,-137.062 
26,20,21,2.2,26,26640.7,-0.583397,49.1369,13.5496,84.5933,-1.4079,-1397.94,8.09842,0.407978,0.495385,-1.70048,1.30076,2.67739,85.4709,12989.2,36.4282,16625.1,85743.3,-0.13021,-0.0428022,-2.77686,0.762572,2.13921,-56.7434,12880.4,34.2082,16516.3,0.461494,0.995374,0.00380082,27910.3,0.027288,989.203,0.0271535,0.039586,-1.54676,-27.0663,104.363,97.3294,-176198,5.17124,10.6454,99.9909,230.744,4.37218,-133.415 
27,3,4,0,27,27273.4,-0.838897,50.8087,13.5322,84.4774,0.909888,86.4049,445.145,1.02303,0.0561123,0.421579,3.8688,0.16719,119.375,12889.7,35.8962,17312.9,24941.4,0.271355,-0.695562,-1.08177,3.11712,-0.584485,2.05368,12737.8,32.7955,17161,0.449236,0.995515,0.00350801,28354.3,0.0279362,997.226,0.0359822,0.13761,-0.197816,7.6221,103.944,75.4133,-179642,335.212,146.197,113.26,745.62,-9.31578,-670.207 
28,3,4,10,28,26524.9,-0.0950555,48.9303,13.3423,84.3885,0.215116,-332.37,0.0868891,1.49006,0.29668,-0.939955,0.0291987,1.9146,55.2013,12446.9,34.0648,17298.5,23579.6,1.14247,-0.050908,-1.63513,-0.318389,1.56702,3.31915,12376.6,32.631,17228.3,0.441166,0.995407,0.00347688,28054.4,0.0271695,983.323,0.0352966,0.0334247,0.00570903,-27.5201,103.563,95.8622,-176542,415.18,145.406,97.3527,742.309,6.21075,-646.447 
29,20,21,2.2,29,26471.3,-0.572993,49.1285,13.5049,84.1819,-0.166517,352.506,3.52694e-11,0.29101,-1.49534,-1.23233,-0.919842,0.35899,139.261,13005.9,26.447,16528.6,23509.1,-0.58588,-2.37223,-2.98611,-1.79673,-0.517899,0.638435,12828.6,22.8298,16351.3,0.462988,0.996895,0.00256536,27708.3,0.0271145,981.007,0.0269959,0.0233829,-1.06415,-31.9643,103.769,95.9007,-267212,5.92246,10.9318,100.371,231.831,3.39746,-135.93 
30,3,4,0,30,26728.3,-0.862585,49.763,13.6326,84.467,0.410745,116.325,3.90137,-1.31742,-2.24015,1.40263,2.29591,1.96926,113.578,12751.5,31.1805,17050.5,23639.5,-2.03259,-2.95532,-0.0277103,1.58074,1.25409,0.987293,12607,28.2304,16906,0.450387,0.996097,0.0030666,27991.4,0.0273778,1046.24,0.027303,0.031378,-1.11613,-28.3206,104.113,96.3398,-393276,5.16329,10.9458,100.012,232.327,4.10035,-135.987 
31,3,4,10,31,25924,-0.074223,47.9723,13.1214,84.5044,0.0123551,110.104,0.00864666,-0.546347,-0.403485,-0.752812,-2.52813,-2.52821,69.0385,12112.1,30.6611,16507.3,20535.4,-0.981064,-0.838202,-1.62225,-2.96285,-2.96292,0.826818,12024.3,28.8679,16419.4,0.445905,0.995816,0.00322825,26966,0.026554,1045.16,0.0266173,0.0419002,0.138804,-26.9785,103.523,100.789,-175019,9.08384,11.5783,101.264,231.36,2.25827,-130.571 
32,20,21,2.2,32,26895.3,-0.76164,49.5721,13.5668,84.3264,0.0868542,926.67,2.05888e-09,-1.88451,1.4978,1.41541,-1.65399,-2.75347,125.498,13005.5,35.1336,16718.2,24513.3,-2.67474,0.707571,-0.165047,-2.44422,-3.5437,0.979674,12845.8,31.8739,16558.5,0.460191,0.995677,0.00353339,27914,0.0275488,990.149,0.0275505,0.0291525,-0.699723,-32.7501,103.723,98.9331,-271588,5.61378,10.9959,100.173,232.046,3.55016,-133.113 
33,3,4,0,33,27477.4,-0.316693,50.2968,13.2936,84.1765,0.244252,-39.3772,0.369936,1.97121,0.696718,3.89538,-0.423846,-1.71057,87.8283,13589.3,41.5082,16740.3,22079,1.41818,0.143686,2.78931,-0.976878,-2.2636,-1.51133,13477.5,39.2269,16628.5,0.471085,0.994932,0.00432675,28609.5,0.0281451,1031.34,0.0281098,0.040681,-0.506921,-26.8316,103.664,101.75,-267329,5.16225,10.8797,100.023,231.515,3.64107,-129.766 
34,3,4,10,34,25613.8,-0.04858,47.5472,13.1015,84.4111,0.0877443,-24.6163,7.71987e-07,-0.493242,-0.52417,0.293757,-3.62317,-4.81981,85.3442,12333.5,39.9197,16162.7,20349,-1.03063,-1.06156,-0.781022,-4.16056,-5.35719,0.936968,12224.9,37.7029,16054.1,0.455573,0.994632,0.00430754,26834.1,0.0262362,997.519,0.0262077,0.0317167,-0.556545,-26.4735,103.599,100.103,-265804,5.14293,11.0178,100.027,232.068,3.57204,-131.965 
35,20,21,2.2,35,26876.7,-0.344555,48.9059,13.5464,84.5929,0.160301,-74.9406,500,0.750026,1.31909,1.27479,-2.08904,-0.255315,156.276,12777,37.1268,17021,21957.7,-0.234006,0.335054,-0.693276,-3.07308,-1.23935,0.858649,12578.1,33.0676,16822.1,0.451051,0.99542,0.00360802,27886.2,0.0275298,1055.35,0.0274616,0.108924,-0.381323,-27.2845,103.678,96.5984,-176165,5.14226,10.7692,100.003,230.33,3.67538,-133.731 
36,3,4,0,36,26505.3,0.114349,49.9888,12.8096,84.6298,-0.042257,1.69062,6.02175e-12,-0.385647,-0.55769,0.408705,-0.142036,-0.750226,140.563,12673.5,33.5604,16802,20847.4,-1.27073,-1.44278,-1.36147,-1.02712,-1.63531,0.797924,12494.6,29.9094,16623.1,0.452348,0.995828,0.00330349,27621.6,0.0271494,989.48,0.0351648,0.768215,0.0267265,-27.9136,103.502,96.9321,-176879,426.145,145.509,73.2209,742.947,30.2814,-646.015 
37,3,4,10,37,27261.5,-0.793187,50.0643,13.6247,84.7526,0.480238,-90.8063,11.8384,1.59759,3.54201,3.89601,1.19041,1.5959,123.351,12875.7,40.3913,17281,23624.6,0.820882,2.7653,2.3426,0.413702,0.819191,0.672898,12718.7,37.1874,17124,0.4494,0.994909,0.00398447,28301.6,0.027924,981.549,0.0277982,0.0487905,-0.791441,-31.8791,103.606,94.7764,-178897,5.31001,10.886,100.023,230.535,3.58351,-135.758 
38,20,21,2.2,38,25875.2,-0.033534,48.613,12.9353,84.6402,0.0340116,222.464,470.022,0.47335,-0.306374,-0.0834826,-3.63648,0.751157,80.8714,12574.6,38.9859,16077,20716.5,-0.0358759,-0.8156,-1.10193,-4.1457,0.241931,0.811866,12471.6,36.8853,15974.1,0.461775,0.994851,0.00423554,27008.1,0.0265039,994.987,0.0267908,0.0402092,-0.282759,-37.7076,103.818,96.568,-176022,56.538,18.5982,98.205,259.468,5.61269,-162.9 
39,3,4,0,39,28257.4,-0.0199571,51.8739,-13.3091,85.1611,-0.0387305,-4.66562,500,3.13587,4.26206,3.13332,0.910624,3.21229,112.558,14066.1,35.1404,17278.8,22480.5,2.42712,3.55331,1.71582,0.201874,2.50354,0.835043,13922.9,32.2168,17135.6,0.471702,0.995967,0.00345141,29516.2,0.028944,1033.52,0.0286951,0.0399208,-2.56989,-29.9445,105.369,96.3156,-144925,5.13564,10.344,100.012,230.181,5.3574,-133.865 
40,3,4,10,40,26283.9,-0.889191,49.2765,13.6325,84.3891,-5.65555,4716.09,23.2617,-0.798283,-2.65017,-0.333597,1.10469,0.53434,117.525,12844.4,32.4951,16630.5,890133,-1.53831,-3.3902,-1.81364,0.364663,-0.205683,0.724503,12694.8,29.4425,16480.9,0.458421,0.995958,0.00328005,27692.5,0.0269226,1036.33,0.0270042,0.0171541,-1.22793,-27.5929,104.216,96.1066,-365683,5.15699,10.995,100.013,232.513,4.20373,-136.406 
41,20,21,2.2,41,26450.4,-0.847682,48.9142,13.7112,84.3911,0.101845,57.4306,414.764,-0.181207,-0.640585,0.543076,1.76172,-0.433714,113.676,12388.2,43.6794,16954.8,22023,-0.896993,-1.35637,-0.888497,1.04593,-1.1495,0.726232,12243.5,40.7267,16810.1,0.44456,0.994212,0.00444313,27540.7,0.0270931,932.531,0.0268347,0.0324901,-2.01308,-28.6022,104.73,97.0719,-300524,5.17368,10.759,100.006,232.274,4.72315,-135.202 
42,3,4,0,42,28319.8,-0.0185678,51.8862,-13.2515,84.5952,-0.0485545,1.20516,499.999,0.808723,-2.88793,-0.543976,-0.673868,-0.950253,160.72,13818.7,37.5671,17408.1,22384.5,-0.203285,-3.89994,-2.56799,-1.68588,-1.96226,0.751148,13614.2,33.3925,17203.6,0.465133,0.995726,0.00356283,29269.4,0.029008,922.627,0.0287779,0.0418991,-2.33495,-28.938,104.802,96.9306,-255237,5.13668,10.5728,100.036,231.495,4.76618,-134.564 
43,3,4,10,43,26447.6,-0.856242,49.54,13.5564,84.2949,0.00355098,89.834,448.011,0.373067,-2.11878,-3.23335,1.25212,-1.06351,119.765,13170.8,43.4039,16311.4,21872.6,-0.381063,-2.87291,-4.74161,0.497989,-1.81764,0.490983,13018.4,40.2932,16159,0.469587,0.994613,0.00457237,27723.1,0.0270903,969.999,0.0270152,0.0261395,-0.389058,-27.359,104.033,100.849,-293206,5.12137,10.5368,100.005,232.028,4.02752,-131.179 
44,20,21,2.2,44,26709,-0.818215,49.88,13.4913,84.3632,0.127947,-183.413,123.06,-2.77487,-0.913068,-4.11,1.54866,-2.25584,76.1535,12955.8,28.3928,16638.6,22670.5,-3.25439,-1.39259,-5.06903,1.06914,-2.73535,0.554653,12858.9,26.4148,16541.7,0.460698,0.996418,0.00293296,27911.9,0.027358,996.969,0.0355287,0.0328398,-0.178456,-36.2436,103.844,94.2825,-173474,495.964,149.379,118.096,757.572,-14.2519,-663.289 
45,3,4,0,45,26978.5,-0.844415,50.5315,13.492,84.3253,0.576702,765.136,499.927,4.01786,-2.57562,-0.230349,3.17663,-0.2283,132.442,13445.4,36.3264,16639.4,36558.3,3.18391,-3.40957,-1.89825,2.34268,-1.06225,-1.25049,13276.8,32.8864,16470.8,0.469722,0.995684,0.00366456,28265.2,0.0276341,971.41,0.0361727,0.0326568,0.082196,-26.8745,103.547,98.8186,-128374,445.057,146.793,115.707,740.912,-12.1606,-642.093 
46,3,4,10,46,26550.3,-0.0519336,48.908,13.1298,84.4071,0.0058834,13.2553,500,1.14121,-3.18731,-2.8563,-1.65937,-2.53894,92.7339,12833.4,40.7886,16406.2,20906.7,0.55729,-3.77123,-4.02414,-2.24329,-3.12286,0.680731,12715.4,38.3799,16288.2,0.461746,0.994746,0.0043218,27537.6,0.0271955,928.246,0.0274305,0.0252767,-0.267378,-36.028,103.887,98.5255,-173399,27.0915,15.7915,104.265,247.238,-0.377752,-148.713 
47,20,21,2.2,47,26701.7,-0.178403,50.3037,13.1531,84.5941,-0.0186829,108.318,5.93047e-13,-0.976368,0.566417,-0.014807,1.09343,-3.23036,135.781,13137.7,42.2792,16662.6,21604.7,-1.83134,-0.288557,-1.72476,0.238452,-4.08533,0.775759,12964.9,38.7524,16489.8,0.463519,0.994796,0.00431045,27970.6,0.0273506,916.876,0.03554,0.0335677,0.029975,-27.6073,103.643,101.373,-176429,428.412,143.764,60.2156,735.548,43.4273,-634.175 
48,3,4,0,48,27069.9,-0.85821,50.6016,13.5435,84.0429,0.13596,558.296,40.3493,-2.23758,-1.29708,0.704047,1.23123,-1.12521,122.164,12767.2,38.6806,17270.7,24780.5,-3.00681,-2.06631,-0.834417,0.461995,-1.89444,0.886319,12611.7,35.5075,17115.2,0.447438,0.995097,0.00380712,28186.5,0.0277277,980.575,0.035775,0.021298,-0.111077,-36.4655,103.897,95.2699,-174317,436.983,143.737,106.335,735.677,-2.43775,-640.407 
49,3,4,10,49,25464.6,-0.77787,47.3664,13.54,84.2169,0.715145,-12.206,430.812,-0.891539,-1.87814,-2.24846,-2.45464,1.33101,93.295,12289,32.6373,16080.8,21162,-1.47899,-2.4656,-3.42337,-3.0421,0.743561,0.645852,12170.2,30.2141,15962,0.455888,0.995674,0.00347475,26695.7,0.0260834,997.305,0.0260012,0.0291391,-0.571645,-26.6168,103.858,100.506,-289430,5.12547,10.6137,99.999,232.232,3.85891,-131.726 
50,20,21,2.2,50,26233.6,-0.841575,49.0577,13.561,84.598,-0.622299,964.792,321.435,2.09005,2.31906,-2.12642,-0.773088,1.1847,107.93,12230.8,39.7952,16908.2,41201.4,1.41044,1.63945,-3.48563,-1.45269,0.505093,-1.51972,12093.4,36.9919,16770.9,0.442093,0.994676,0.00404673,27354.9,0.0268711,998.492,0.0268022,0.0358315,-0.885893,-28.9716,103.952,97.3535,-277623,5.18267,10.9534,100.019,231.787,3.93321,-134.434 
51,3,4,0,51,27669.9,-0.815861,50.974,13.606,84.5454,0.304175,87.1831,177.973,-1.68732,-0.491537,-0.528272,-0.824623,-2.83648,123.662,13262.7,45.8068,17070.9,23440.7,-2.46599,-1.27021,-2.08561,-1.60329,-3.61515,0.81109,13105.3,42.5948,16913.5,0.45989,0.994344,0.00461772,28496.5,0.0283423,1041.01,0.0282803,0.0327326,-0.865649,-30.3475,104.01,100.321,-281778,5.1692,11.1071,100.024,232.226,3.98577,-131.904 
52,3,4,10,52,25583.9,-0.0605489,47.9876,13.024,84.3177,0.183359,-58.8185,0.00170206,-0.555221,-1.32562,-1.04368,-1.85894,1.71218,93.23,12199.6,27.0623,16326.3,20696.7,-1.14227,-1.91267,-2.21777,-2.44599,1.12513,0.663646,12080.9,24.6408,16207.6,0.450279,0.996443,0.00279277,26829.8,0.0262056,1034.91,0.0340508,0.0238345,-0.026926,-26.5561,103.842,99.3843,-173748,515.958,143.817,56.1197,736.39,47.7219,-637.006 
53,20,21,2.2,53,25561,-0.195682,46.9279,13.3662,84.3767,0.31272,-164.928,1.07602e-09,-1.93195,0.111057,-3.15616,-1.4698,1.49087,141.012,12536,39.1979,15775.1,22097.9,-2.81986,-0.776854,-4.93198,-2.35772,0.602959,0.520396,12356.6,35.5353,15595.6,0.465432,0.994993,0.00417976,26548.6,0.0261822,994.746,0.0262168,0.0302781,-0.305293,-28.0044,103.744,100.505,-177787,5.1295,10.314,100.016,230.733,3.72791,-130.227 
54,3,4,0,54,26779.8,-0.85341,50.2496,13.5021,84.4372,0.837259,-676.654,384.723,-0.900729,-1.14598,-1.35775,-1.52217,-2.07006,164.01,12686.1,38.9225,17039.4,40529.3,-1.93346,-2.17871,-3.4232,-2.55489,-3.10279,0.74053,12477.3,34.6625,16830.7,0.448934,0.995162,0.00377945,27793.3,0.0274306,970.615,0.0273969,0.0267139,-0.282514,-28.823,103.973,99.5068,-196899,5.16184,10.332,100.029,230.763,3.94457,-131.256 
55,3,4,10,55,26540.3,0.0171375,48.8939,13.1279,84.1594,0.0576247,11.9442,500,-3.76496,0.0339797,1.06086,-1.65821,-2.74295,105.47,12424.2,25.9149,16889.8,20917.5,-4.42907,-0.630136,-0.267366,-2.32233,-3.40706,0.975817,12289.9,23.1754,16755.5,0.446299,0.996711,0.00254144,27537.5,0.0271852,976.042,0.0272719,0.0464476,0.494957,-26.4533,103.402,99.4988,-264935,5.15726,10.7169,100.026,231.75,3.37565,-132.251 
56,20,21,2.2,56,27041.7,-0.847692,51.0122,13.3991,84.3937,0.399018,48.1956,370.165,-1.62072,-0.323795,2.00502,0.0480917,-3.0968,103.138,12906.9,48.7517,17005.8,22876.7,-2.27014,-0.973224,0.706162,-0.601338,-3.74623,1.10257,12775.7,46.0728,16874.5,0.454141,0.993729,0.00500436,28131.5,0.0276988,939.057,0.0277628,0.0147085,-0.285186,-27.9239,103.946,102.953,-188747,5.1347,10.1843,100.005,230.497,3.94147,-127.544 
57,3,4,0,57,26863.4,0.130221,50.0104,13.0449,84.2616,-0.0488112,75.2336,0.140606,-3.36453,1.8054,-1.92797,-0.563774,-4.86622,130.762,13171.1,34.9005,16564.9,21356.6,-4.18791,0.982027,-3.57472,-1.38715,-5.68959,0.742034,13004.7,31.5041,16398.5,0.465662,0.995778,0.0035265,27927.3,0.0275162,983.86,0.02747,0.0218516,-0.25904,-27.1645,103.97,100.88,-176796,5.11235,10.317,99.9994,230.696,3.97086,-129.816 
58,3,4,10,58,26284.4,-0.837227,49.5397,13.4413,84.4641,-0.305118,1324.56,57.4848,-2.01667,-4.07592,-1.60481,1.17206,-0.844278,116.949,12706.6,29.7902,16707.4,34832.9,-2.75307,-4.81232,-3.0776,0.435664,-1.58067,0.738921,12557.8,26.7526,16558.5,0.454563,0.996286,0.00296734,27626.1,0.0269231,945.782,0.0268667,0.0267992,-1.01011,-27.8398,104.46,94.6733,-272496,5.14956,10.9159,100.036,231.671,4.42404,-136.998 
59,20,21,2.2,59,25822.9,-0.770158,48.2187,13.4438,84.2151,0.0946275,133.617,499.56,0.0763433,0.420101,-1.08328,-2.94898,-1.91208,69.4797,11915.7,44.5825,16635.5,21514.1,-0.361152,-0.0173943,-1.95827,-3.38648,-2.34957,0.757425,11827.3,42.7778,16547,0.43992,0.99371,0.00473968,26885.1,0.0264504,951.804,0.0263704,0.0251566,-0.341725,-26.6022,103.994,102.185,-289842,5.15203,10.5306,100.005,231.964,3.98887,-129.78 
60,3,4,0,60,26815.2,-0.877848,50.6142,13.4748,84.3983,1.51558,-831.755,98.2782,0.131576,0.454687,0.00866188,-2.81666,0.505795,161.038,12925.1,30.2753,16963.3,63238.3,-0.882436,-0.559325,-2.01936,-3.83067,-0.508217,0.741108,12720.1,26.0925,16758.3,0.454774,0.996423,0.00285993,27970.2,0.0274668,955.739,0.0356015,0.123106,-0.290046,10.0346,103.849,75.3833,-176893,394.419,144.74,106.598,739.559,-2.74855,-664.176 
61,3,4,10,61,27509.5,0.00196856,50.5817,13.2354,84.1162,-0.0055467,-2.78079,496.408,-0.769272,-1.96866,-5.299,-0.328322,-2.47611,116.151,13741.2,41.8585,16655.1,21793.9,-1.50064,-2.70003,-6.76175,-1.05969,-3.20748,0.556013,13593.3,38.8416,16507.3,0.475043,0.995024,0.00431576,28615,0.028178,1005.16,0.0280823,0.0243792,-0.823736,-26.8338,104.168,103.493,-293494,5.12591,10.6134,100.028,232.073,4.14016,-128.58 
62,20,21,2.2,62,25666.8,-0.782193,47.8321,13.5097,83.8982,0.683698,123.116,291.637,-0.901252,-1.04854,2.55452,-0.914037,0.405631,71.7584,12685.5,46.8375,15863,23776,-1.3531,-1.50039,1.65084,-1.36588,-0.0462127,1.63136,12594.2,44.9737,15771.7,0.46738,0.99379,0.00522541,26946.4,0.0262905,1006.64,0.0262641,0.0194065,-0.667158,-26.0653,104.213,103.071,-271591,5.08722,10.479,99.9997,231.475,4.21311,-128.404 
63,3,4,0,63,27691.4,-0.619213,51.3584,13.4605,84.5548,0.330375,65.0507,500,-2.07727,-0.808673,-1.75543,-1.35749,-3.39868,120.642,13429.4,35.78,17158.6,23204,-2.83692,-1.56832,-3.27473,-2.11714,-4.15833,0.765344,13275.9,32.6464,17005,0.461762,0.995715,0.00352403,28750.4,0.0283643,974.398,0.0283539,0.0497426,-0.394278,-29.0591,103.656,99.0741,-178249,5.2143,10.2996,100.045,230.406,3.6113,-131.332 
64,3,4,10,64,26360.6,-0.830489,48.8666,13.6447,84.2887,0.559165,-503.434,7.07613,-1.40784,0.931249,-5.67216,-1.89278,1.45742,64.0744,13067.4,34.8918,16207.5,30869.5,-1.8113,0.527789,-6.47908,-2.29624,1.05396,0.280491,12985.8,33.2275,16125.9,0.469473,0.995542,0.00378131,27660.4,0.0270012,1013.72,-0.00723415,0.581577,-13.9059,-51.4374,84.2257,104.419,-8.50718e+06,11.2527,13.1193,96.7573,243.706,-12.5317,-139.287 
65,20,21,2.2,65,26626.5,-0.795979,50.1546,13.3315,84.2534,-0.314295,942.935,69.7347,-1.2612,-1.05493,-2.59284,-3.09694,-4.0451,134.183,12842.2,34.4762,16607.3,31413.8,-2.10612,-1.89985,-4.28267,-3.94185,-4.89001,0.749851,12671.4,30.9909,16436.6,0.458633,0.995738,0.00346124,27628.7,0.0272735,1023.85,0.0354372,0.0893884,-0.102491,-8.7058,104.021,76.8826,-268244,414.459,149.638,111.624,766.709,-7.60332,-689.827 
66,3,4,0,66,28284.9,-0.144498,51.8485,13.2802,84.1093,-0.114643,74.1169,500,2.44733,0.575699,-4.02515,1.93706,1.85641,118.681,13791.4,38.7803,17328.1,22691.4,1.70003,-0.171602,-5.51976,1.18976,1.10911,-2.26138,13640.4,35.6977,17177,0.465996,0.995441,0.00381371,29271.5,0.0289722,962.18,0.0288869,0.0278617,-1.52474,-25.9496,104.312,103.699,-173884,5.16034,10.7098,100.027,230.198,4.28507,-126.499 
67,3,4,10,67,26505.8,-0.890992,49.9314,13.5543,83.9731,0.680779,-43.9834,486.871,-1.01206,-3.10546,-0.403083,-1.48825,1.40251,86.7253,12384.6,33.413,17205.9,23006.4,-1.55814,-3.65154,-1.49526,-2.03433,0.856425,0.810315,12274.2,31.1604,17095.5,0.441024,0.995577,0.00334642,27831.1,0.0271499,982.253,0.0351188,0.0709227,0.143535,-9.64719,103.989,76.3461,-174085,459.181,142.868,76.5512,732.347,27.4383,-656.001 
68,20,21,2.2,68,25262.7,-0.737148,47.6324,13.2754,84.0701,2.03774,-1021.48,292.836,0.678278,0.399853,-1.94033,-0.573248,-0.320498,76.1136,12429.1,39.4171,15518.7,88344.5,0.199011,-0.0794141,-2.89886,-1.05252,-0.799765,0.374105,12332.2,37.4401,15421.8,0.46773,0.994715,0.00445223,26366.1,0.0258766,1004.36,0.0258201,0.0118583,-0.775509,-26.8916,103.883,105.234,-452215,5.23835,11.0263,100.045,233.42,3.83772,-128.186 
69,3,4,0,69,27554.3,-0.83239,50.5615,13.6643,84.1262,0.566407,29.2853,34.8265,-4.32693,-3.61285,-5.31229,0.232443,-3.54978,106.51,13067.4,38.4483,17200.6,23030.6,-4.9976,-4.28352,-6.65362,-0.438223,-4.22044,0.676905,12931.9,35.6818,17065,0.454371,0.995195,0.00383693,28461.1,0.0282239,968.58,0.028141,0.040475,-0.642298,-27.7952,103.887,103.734,-290423,5.15023,10.5531,100.027,231.972,3.85952,-128.238 
70,3,4,10,70,26283.6,-0.822546,48.8641,13.5927,84.0262,0.291126,327.5,20.7359,-1.95279,1.33597,-1.13697,0.00373079,1.0281,81.9952,13028.3,44.396,16088.7,24725.6,-2.4691,0.819664,-2.16957,-0.512571,0.511798,0.432016,12923.9,42.2663,15984.4,0.47048,0.994309,0.00484733,27469.7,0.0269223,1005.08,0.0268491,0.0985877,-0.464882,-26.7419,103.549,104.295,-271900,8.15313,11.5852,100.594,231.912,2.95476,-127.617 
71,20,21,2.2,71,26856.3,-0.821311,49.2682,13.7309,83.9837,0.370722,18.2627,321.387,1.38699,1.29398,2.97054,2.90404,3.04964,97.1182,13218.5,43.1638,16386,22242.7,0.775462,0.682453,1.74748,2.29251,2.43812,0.779804,13094.9,40.6412,16262.4,0.469458,0.994598,0.0045825,27893.7,0.027509,932.647,0.0273956,0.0316845,-1.70007,-27.6471,104.919,105.36,-200761,5.13663,10.5952,100.008,230.638,4.91036,-125.278 
72,3,4,0,72,26660.6,-0.918542,50.4265,13.5499,84.2343,0.192636,491.887,244.866,2.03285,-0.0960104,2.74887,2.72808,3.06072,148.505,12180.1,32.4574,17557,25327.4,1.09775,-1.03111,0.878673,1.79299,2.12562,0.819349,11991.1,28.6002,17368,0.431396,0.995843,0.00302425,27795.9,0.0273085,984.316,0.0352884,0.0128846,-0.203803,-51.0361,103.969,97.7998,-178170,507.276,142.695,74.1239,732.118,29.8446,-634.319 
73,3,4,10,73,26961.2,-0.869007,50.2571,13.6174,84.5743,-1.59088,5501.93,30.2217,-1.03972,-0.838616,-2.49621,-0.398334,-1.75191,134.586,12674.2,49.8415,17138.5,307214,-1.88717,-1.68607,-4.19111,-1.24578,-2.59936,0.638993,12502.9,46.3458,16967.2,0.447442,0.993555,0.0050065,27943.1,0.0276163,1015.68,0.0275667,0.0337933,-1.11175,-29.6285,104.2,100.057,-378989,5.17223,11.1792,100.03,233.054,4.17006,-132.997 
74,20,21,2.2,74,26161.8,-0.802722,49.0377,13.4449,84.1961,1.55263,-812.615,31.3341,-0.299244,-0.55621,4.52984,-2.2997,-2.68456,106.516,12891.4,38.7909,16143.1,62534.9,-0.969948,-1.22691,3.18843,-2.97041,-3.35526,1.59774,12755.9,36.0242,16007.5,0.46686,0.995082,0.00412846,27322.7,0.0267975,996.906,0.0349176,0.0548698,-0.141457,-37.5056,103.849,94.5635,-183205,435.232,149.03,92.0211,757.272,11.8281,-662.709 
75,3,4,0,75,26749.3,-0.174281,49.4604,13.2616,83.9056,0.651181,-153.34,0.000898585,0.10313,-1.34938,0.0318771,0.364577,-3.66988,91.536,12811.3,39.661,16899.4,24602.9,-0.473248,-1.92576,-1.12088,-0.211801,-4.24626,0.859503,12694.8,37.2834,16782.9,0.453918,0.994887,0.00407558,27967.3,0.0273993,966.869,0.0274009,0.0218637,0.496247,-25.8465,103.616,100.114,-239486,5.13912,10.753,100.013,230.766,3.60216,-130.651 
76,3,4,10,76,26766.8,-0.181938,49.5816,13.2394,84.3601,-0.0423721,-285.53,500,0.493123,-1.41435,0.837956,-2.38093,-3.98223,106.36,12595.9,44.0247,16985.1,21762.9,-0.1766,-2.08407,-0.50149,-3.05065,-4.65195,0.952078,12460.6,41.262,16849.7,0.448321,0.994238,0.00449073,27793.8,0.0274172,984.984,0.0273879,0.0214864,-0.775642,-28.7811,103.83,100.334,-274634,5.14188,10.8947,100.013,231.605,3.81662,-131.271 
77,20,21,0,77,27718.6,-0.105743,51.1571,13.2577,84.0768,0.00914584,168.902,3.54906e-10,-2.49024,0.0295249,-0.684382,-0.616057,-3.19942,90.9212,13408,45.4289,17307.6,22128.7,-3.06275,-0.542982,-1.8294,-1.18856,-3.77193,0.824022,13292.3,43.0673,17191.8,0.459354,0.994362,0.00459346,28936.8,0.0283921,920.038,0.0283609,0.0169559,-1.01029,-27.7091,104.182,104.341,-508929,5.16991,11.1524,100.039,233.483,4.14248,-129.142 
78,20,21,0,78,26807.2,-0.826084,49.8198,13.5684,84.0299,0.0436152,102.629,490.249,1.08256,0.828955,-2.68495,-0.36614,-4.32692,99.3828,12545.8,43.3654,17069.3,22150.9,0.456774,0.203168,-3.93652,-0.991927,-4.95271,0.573101,12419.3,40.7841,16942.8,0.446139,0.994286,0.00441467,27837.2,0.0274586,958.586,0.0275181,0.0304091,0.332366,-29.0336,103.74,102.003,-174927,12.105,11.7038,99.972,232.073,3.76788,-130.07 
79,20,21,0,79,27060.7,-0.0349428,49.512,13.2951,83.5897,-0.100331,-13.0676,3.1264e-11,-1.47632,-0.686905,-0.837611,-3.29358,-1.69055,103.582,12746.8,48.8989,17174.9,21471.4,-2.12855,-1.33913,-2.14206,-3.94581,-2.34278,0.819969,12615,46.2084,17043.1,0.448546,0.993631,0.00496963,28124.2,0.0277183,956.58,0.035713,0.0177409,0.0559554,-25.336,103.681,101.108,-193983,544.689,143.797,51.3481,737.985,52.3332,-636.876 
80,20,21,0,80,25982,0.064938,47.9626,13.0831,84.0156,0.101437,-140.483,9.2234e-12,1.13014,1.6307,1.1029,0.00382969,-2.01872,92.4947,12593.8,35.9573,16198.9,20891.1,0.547723,1.04829,-0.0619256,-0.578585,-2.60114,0.96237,12476.1,33.5548,16081.2,0.460203,0.995315,0.00382899,27110,0.0266133,974.508,-0.00655223,0.585478,-13.6202,-50.8427,83.9121,105.779,-1.96948e+07,26.3475,19.0978,78.1178,270.852,5.79433,-165.074 
81,20,21,0,81,27426,-0.152671,49.6297,13.6139,84.0881,0.148387,-76.2653,0.640715,1.23386,-2.15757,-0.62128,-2.87468,-0.597474,107.497,12868.6,44.6719,17265.4,22363.1,0.55698,-2.83446,-1.97504,-3.55156,-1.27436,0.782447,12731.7,41.8798,17128.6,0.449586,0.994276,0.00448378,28318.8,0.0280925,928.104,0.0280708,0.03012,-0.649391,-27.4555,103.345,103.848,-453341,5.24794,11.2586,100.066,233.765,3.27971,-129.917 
82,20,21,0,82,27787,-0.87614,51.8417,13.5592,84.01,0.405369,168.34,2.12411,-1.44152,-2.01656,0.0169723,-1.53285,-0.660325,125.551,13565.3,41.845,17268.8,25104.2,-2.23208,-2.80711,-1.56414,-2.32341,-1.45088,0.849277,13405.5,38.5839,17109,0.462664,0.994988,0.0041371,28974.7,0.0284622,953.224,-0.00755751,0.622295,-13.7642,-51.1327,83.9557,104.822,-1.03524e+07,16.152,13.9716,91.9028,247.668,-7.94711,-142.846 
83,20,21,0,83,26696.9,-0.773594,49.9645,13.362,83.9276,1.09078,-1548.66,58.3648,0.666377,0.856997,1.46897,5.20043,2.25001,105.58,12909.7,33.3371,16482.2,76723.8,0.0015696,0.192189,0.139355,4.53563,1.58521,0.978408,12775.4,30.5948,16347.9,0.462007,0.995827,0.00343563,27651.9,0.0273456,979.104,0.0353118,0.022974,0.0551143,-38.1771,103.953,115.614,-172796,604.427,145.566,107.181,743.055,-3.22768,-627.442 
84,20,21,0,84,24688.9,-0.358255,46.4627,13.331,83.934,0.581425,45.4519,494.14,-0.543634,0.44689,1.35157,-0.101042,-0.70315,28.8733,11894.5,47.9465,15466.7,21023.5,-0.725442,0.265082,0.987955,-0.28285,-0.884957,2.54317,11857.8,47.1966,15429.9,0.457847,0.993083,0.00560301,25899,0.0252888,953.414,0.0252588,0.0284981,-0.370898,-25.4653,104.091,104.81,-305534,5.16317,10.6523,100.028,232.191,4.0626,-127.381 
85,20,21,0,85,26541.3,-0.585161,50.1038,13.279,83.9823,-0.11626,499.932,500,0.417124,-0.0179673,-0.369249,1.25909,1.41242,89.8204,12797.3,34.068,16681.3,23550.7,-0.148451,-0.583542,-1.5004,0.693518,0.846847,-1.16812,12683,31.7351,16567,0.456897,0.99564,0.00351626,27758.9,0.0271862,970.845,0.0351178,0.08685,0.183955,-9.68081,103.897,77.2011,-173185,436.834,143.392,93.5214,734.429,10.3751,-657.228 
86,20,21,0,86,27292.6,-0.854343,50.5945,13.633,84.233,1.08504,-495.624,364.796,1.73771,-0.985751,5.54007,-0.935034,-3.11957,93.5049,12884.3,52.2078,17186,39959.9,1.14894,-1.57453,4.36252,-1.52381,-3.70835,4.36813,12765.3,49.7791,17067,0.451131,0.993222,0.00534413,28296.3,0.0279558,954.413,0.028065,0.0172801,-0.885221,-28.882,103.673,103.902,-468662,5.19385,11.5499,99.997,233.422,3.67557,-129.52 
87,20,21,0,87,27684.9,-0.836624,52.1427,13.3525,84.0285,-0.0768549,761.801,256.986,2.05285,0.196561,-1.16705,2.2719,-3.62718,81.6089,13157.7,36.8502,17423.6,24570.6,1.53898,-0.317308,-2.19479,1.75803,-4.14105,0.346036,13053.8,34.7305,17319.7,0.453025,0.995366,0.0036803,28814.7,0.0283577,928.099,0.0282823,0.0279576,-1.38116,-26.9113,104.646,103.633,-269566,5.15278,10.9656,100.017,231.401,4.62896,-127.768 
88,20,21,0,88,27738.6,-0.291002,50.5904,13.4251,84.0076,0.206161,-586.304,500,1.17042,0.0188778,0.710443,-0.0666135,-1.85999,101.487,12763.6,45.5013,17674,26044.4,0.531384,-0.620158,-0.567629,-0.705649,-2.49902,0.852987,12634.4,42.8653,17544.8,0.441759,0.994098,0.00448044,28600.2,0.0284127,954.277,0.0283254,0.0299467,-2.08294,-26.1503,104.973,103.203,-250011,5.17998,11.2679,100.033,231.31,4.93997,-128.108 
89,20,21,0,89,27825.9,-0.815229,51.8159,13.4489,84.1869,0.266875,20.5518,370.688,2.77265,2.6744,1.14795,1.03757,-1.12858,137.432,13207.6,40.3895,17376.7,22863.9,1.90728,1.80902,-0.582801,0.172192,-1.99395,1.4443,13032.6,36.8198,17201.8,0.454317,0.99508,0.00392748,28686.3,0.028502,968.326,0.0284981,0.0268707,0.290463,-27.4387,103.729,100.303,-175642,5.1912,10.7677,100.037,230.262,3.69171,-129.959 
90,20,21,0,90,27099.8,-0.8215,50.9908,13.3673,84.0341,-8.04479,8107.2,232.349,0.80325,0.457655,0.387839,1.04307,-1.30647,89.6829,12799.7,45.9615,16901.9,2.14534e+06,0.238541,-0.107054,-0.741579,0.47836,-1.87118,0.62975,12685.6,43.6321,16787.7,0.453666,0.994017,0.00476491,27962.4,0.0277584,987.09,0.027686,0.0221676,-0.62059,-27.0199,104.336,107.112,-199422,5.12822,10.4223,100.014,230.46,4.32162,-123.347 
91,20,21,0,91,27333.8,-0.8183,50.9149,13.4838,84.0282,-0.687282,888.016,352.428,0.0655572,2.98236,4.36533,-2.66782,-0.208153,68.8913,12774.2,43.9857,17259.7,42216.6,-0.368233,2.54857,3.49775,-3.10161,-0.641943,-0.808067,12686.5,42.1964,17172,0.44808,0.994213,0.00450617,28313,0.027998,990.179,0.0280756,0.03246,-0.292768,-27.4432,103.747,103.376,-172924,18.1197,14.1649,101.818,241.971,1.92848,-138.596 
92,20,21,0,92,25645.8,0.0307171,47.5081,13.0125,84.3491,0.0153023,-32.4132,0.294421,0.309734,1.5376,2.1333,0.187387,1.85153,92.1896,12419,39.1799,15855,20140.6,-0.270759,0.957109,0.972311,-0.393106,1.27104,0.616687,12301.7,36.7854,15737.7,0.46207,0.994794,0.00428729,26623,0.026269,984.406,0.0340238,0.120867,-0.193833,7.50172,103.928,76.1993,-173974,447.983,143.878,97.9195,736.838,6.00815,-660.638 
93,3,4,0,93,27039,-0.388012,50.4729,13.3423,84.2068,0.0415927,430.228,500,4.02103,3.18568,5.13249,2.40479,-0.718489,107.385,12496.7,50.2879,17364.2,22504.8,3.34486,2.5095,3.78014,1.72862,-1.39467,0.62079,12360,47.4987,17227.5,0.440846,0.99332,0.00505329,28037,0.0276961,909.7,0.0352921,0.0980166,-0.0773756,-8.61828,104.002,76.5536,-176493,440.566,136.42,67.0411,707.932,36.9604,-631.378 
94,3,4,10,94,25645.1,-0.112321,48.6522,12.9429,83.918,0.23368,-179.347,302.75,1.9345,1.20139,3.0095,2.37262,0.869008,76.9638,11799.3,47.9234,16472.9,21863.1,1.44988,0.716772,2.04026,1.888,0.384387,0.685111,11701.4,45.9244,16374.9,0.439859,0.993179,0.00513973,26602.5,0.0262683,975.091,0.0338737,-0.0838031,0.181611,10.6996,104.142,104.653,-269579,402.632,142.329,48.3334,738.709,55.8089,-634.056 
95,20,21,2.2,95,25904,-0.787229,49.2763,13.2305,84.0613,0.687313,8.4713,383.287,3.04602,4.30728,2.20574,2.21276,-0.508179,126.122,12256.2,43.0384,16430.5,21412.6,2.25187,3.51313,0.617432,1.41861,-1.30233,0.904992,12095.7,39.7626,16270,0.449631,0.99428,0.00448179,26901.3,0.0265335,944.179,0.0265151,0.0352361,0.31412,-25.4009,103.723,104.858,-194023,5.12237,10.305,99.9952,230.745,3.72727,-125.887 
96,20,21,0,96,27364,-0.12303,49.9556,13.3414,83.8285,0.0367888,101.718,9.37604e-13,0.393559,0.821843,-0.235866,0.80041,-2.85138,105.439,12584.5,47.9184,17378.7,21817.8,-0.270361,0.157922,-1.56371,0.13649,-3.5153,0.690659,12450.3,45.1797,17244.5,0.442397,0.99369,0.00480303,28142.9,0.0280289,957.689,0.0356424,0.105327,-0.241827,7.20768,104.069,79.7183,-266453,410.47,138.39,76.6157,722.858,27.4535,-643.14 
97,3,4,0,97,25642.7,-0.162217,48.6798,12.8819,84.3153,-0.260374,172.187,0.00142909,-1.57688,3.59554,0.02905,-3.00966,-3.6548,57.0114,11861.4,55.4669,16289.6,21873.4,-1.93586,3.23655,-0.688921,-3.36865,-4.01379,0.898249,11788.8,53.9861,16217.1,0.444085,0.99205,0.00609493,26546.4,0.0262658,1013.21,0.0333728,-0.0445685,0.0578346,-25.0079,103.595,109.616,-327664,385.249,133.811,76.8641,709.207,26.7305,-599.591 
98,3,4,10,98,28291.4,-0.867413,52.0599,13.6938,83.8056,0.0589975,713.227,492.067,-0.210821,1.82127,-0.773712,0.246955,-1.84032,113.648,13228.3,52.7422,17745.4,24577,-0.926434,1.10566,-2.20494,-0.468658,-2.55593,0.563405,13083.6,49.7903,17600.7,0.449604,0.993384,0.00518407,29100.3,0.0289788,1002.5,0.0369607,-0.00904973,0.0216722,-26.9025,103.87,103.328,-267289,429.934,140.844,48.0857,731.79,55.7841,-628.462 
99,20,21,2.2,99,25982.4,-0.767155,48.8244,13.3409,84.0739,2.79194,-643.69,499.46,-2.10466,-2.52805,-1.76179,-1.34638,-2.50348,90.9673,12153.2,46.3673,16320.5,79706.9,-2.67745,-3.10085,-2.90738,-1.91917,-3.07628,0.78749,12037.4,44.0045,16204.7,0.449431,0.993643,0.00497741,26783.7,0.0266138,993.437,0.0265801,0.0118778,-1.86511,-26.9506,105.036,107.093,-555566,5.18312,11.5154,100.041,234.195,4.99595,-127.102 
100,20,21,0,100,28052.4,-0.813531,52.3743,13.3958,84.0007,0.788272,-527.751,441.207,3.95676,0.621804,-1.9853,2.42347,1.14781,59.3767,13390,54.4598,17252.8,36381.8,3.58288,0.247924,-2.73306,2.04959,0.773931,1.69698,13314.4,52.9175,17177.2,0.45998,0.993093,0.00564292,28945.7,0.0287341,1047.67,0.0286681,0.044187,0.681508,-26.5104,103.467,105.72,-163825,5.13556,10.215,100.008,230.644,3.45883,-124.924 
101,3,4,0,101,27940.4,-0.299803,51.0722,13.3605,84.0559,-0.220269,41.7679,5.57121e-07,1.46268,-2.27072,2.20885,-1.40974,-2.5741,146.216,13130.2,46.2872,17225.9,22512.3,0.541998,-3.1914,0.367492,-2.33042,-3.49478,1.04533,12944.1,42.4894,17039.8,0.454972,0.994288,0.00457235,28450.3,0.0286193,1018.1,0.036304,0.118023,-0.379516,-9.36849,103.813,77.2833,-175869,430.679,138.42,56.4826,715.459,47.3304,-638.176 
102,3,4,10,102,27170.8,-0.886962,50.3881,13.709,84.0526,0.307783,285.121,498.525,0.335575,-1.97181,-2.387,-2.57905,-0.537922,140.195,12385.3,39.6437,17524.2,25343.7,-0.547196,-2.85458,-4.15255,-3.46182,-1.42069,0.666109,12206.8,36.0023,17345.8,0.43609,0.994865,0.00380884,27991.5,0.027831,975.217,0.0278473,0.00740105,-0.853311,-28.9105,103.21,100.985,-462281,5.41348,10.8959,100.11,233.614,3.10005,-132.628 
103,20,21,2.2,103,26335.5,-0.809402,49.8924,13.3053,83.5983,0.186564,514.884,183.68,-1.68225,0.424673,-2.0236,-1.4898,-7.22776,87.4636,12442.4,36.5226,16770.8,24737.1,-2.23298,-0.126062,-3.12507,-2.04054,-7.7785,0.795789,12331.1,34.2508,16659.4,0.448547,0.995163,0.00377296,27491.2,0.0269755,999.484,0.026971,0.0117511,0.351605,-25.453,102.82,101.931,-257299,5.41933,10.7138,100.102,231.225,2.71832,-129.294 
104,20,21,0,104,25893.6,0.240752,48.1188,12.9272,84.1449,0.116017,-151.496,0.00994945,-0.359433,0.034448,0.746364,-2.22725,-1.63411,25.8794,12402.5,52.6827,16086.1,20821.6,-0.522389,-0.128508,0.420452,-2.39021,-1.79706,1.09517,12369.6,52.0105,16053.2,0.458506,0.992696,0.0059328,26978,0.0265228,1031.24,0.0266142,0.0258772,0.438821,-26.9838,103.636,108.794,-171953,6.27396,11.5681,100.443,230.856,3.19295,-122.061 
105,3,4,0,105,26728.4,-0.710204,50.0521,13.3295,83.6403,-4.88102,3678.84,499.884,0.0457712,0.534683,-1.91098,0.57802,-2.47225,48.626,12127.7,47.9166,17125.4,606262,-0.260414,0.228498,-2.52336,0.271835,-2.77844,0.501498,12065.8,46.6536,17063.5,0.437268,0.993279,0.00501128,27593.6,0.0273779,1058.27,0.0272614,0.0159459,-0.436048,-25.1693,104.4,106.29,-272750,5.14333,10.6163,100.008,231.657,4.39239,-125.368 
106,3,4,10,106,26634.1,0.214852,49.3358,12.9816,83.9085,-0.043593,-136.79,1.84524e-12,-0.370851,1.06649,-1.65631,-0.366048,-1.31328,52.2386,12241.6,52.6795,17008,21043.1,-0.699784,0.737558,-2.31418,-0.694981,-1.64221,0.498401,12175.1,51.3226,16941.5,0.441255,0.992677,0.0055495,27591.9,0.0272813,970.274,0.0272664,0.00926371,-1.06059,-25.6458,104.577,107.603,-538227,5.1742,11.1573,100.006,233.722,4.57153,-126.119 
107,20,21,2.2,107,26166.7,-0.151233,47.9742,13.2643,83.8654,-0.0231166,-69.7825,3.6557e-05,-0.333341,-1.34563,-2.83341,-1.98033,-0.0244905,46.3287,12115.3,47.7187,16351.1,20767.6,-0.62506,-1.63735,-3.41685,-2.27205,-0.31621,0.586714,12056.4,46.5153,16292.1,0.448489,0.993294,0.00523185,26882.2,0.0268025,1005.26,0.026799,0.00529517,-1.22923,-24.7375,104.783,109.537,-578523,5.1427,11.2274,100.01,233.596,4.77246,-124.059 
108,20,21,0,108,28431.9,-0.0622767,52.6304,13.1643,83.7714,-0.0672577,111.859,1.67254e-12,0.676814,-0.506168,2.41982,-1.18464,-1.59685,69.9823,13384.7,44.7442,17815.8,22799.2,0.236154,-0.946828,1.5385,-1.6253,-2.03751,1.54269,13295.7,42.9265,17726.7,0.451818,0.994382,0.00444097,29427,0.0291228,925.063,0.0370968,0.0109227,-0.151187,-38.6555,104.018,104.938,-174403,456.024,136.356,55.0354,706.627,48.9827,-601.689 
109,3,4,0,109,27533.6,-0.599272,51.6484,13.2882,84.017,-0.0491677,450.982,500,1.29951,2.97778,-1.02827,0.278865,-1.36943,65.2792,12728.8,61.9385,17401,23063.6,0.888462,2.56673,-1.85036,-0.13218,-1.78047,-5.01117,12645.7,60.2429,17317.9,0.445193,0.991732,0.00636722,28405.1,0.0282026,931.223,0.0282139,0.0166569,0.656797,-25.9973,103.643,111.308,-163825,5.17197,10.9675,100.017,230.662,3.6265,-119.354 
110,3,4,10,110,26933.1,0.0719849,50.1531,13.1362,83.9889,-0.0581828,0.393293,4.8222e-11,0.533255,0.155587,-2.47324,-0.215873,1.41279,84.3875,12332.9,49.4939,17496.7,21447.5,0.00188959,-0.375779,-3.53597,-0.747238,0.881424,0.0634863,12225.4,47.302,17389.3,0.435849,0.993275,0.00498586,28049.7,0.0275875,870.915,0.0276443,0.015803,-1.2374,-27.2446,103.727,102.911,-499762,5.1925,11.9194,100.016,232.921,3.71087,-130.01 
111,20,21,2.2,111,26178.7,0.116989,47.9313,13.2448,83.872,-0.114636,35.1134,4.26924e-12,-0.11636,-0.745765,-4.40469,-0.155512,3.93281,83.6511,12550.3,48.6599,16157.3,20797.2,-0.643088,-1.27249,-5.45814,-0.682241,3.40608,-0.173822,12443.9,46.4872,16050.9,0.46003,0.993505,0.00530687,27050.1,0.0268148,936.119,0.0268706,0.0162988,0.330526,-27.0156,104.595,109.014,-163828,7.05644,11.3933,100.576,230.615,4.01908,-121.601 
112,20,21,0,112,26840.4,-0.0313561,50.3928,13.0325,83.4746,-0.0521465,31.7128,500,1.80739,-0.524205,-1.57537,0.129835,-1.34377,13.8267,12282.3,56.8104,17244.7,21433,1.72032,-0.611269,-1.74949,0.0427724,-1.43084,0.137545,12264.7,56.4513,17227.1,0.438945,0.99201,0.00600015,27941.4,0.0274926,898.756,0.0275372,-0.0108213,0.499853,-24.2827,103.674,111.748,-327665,5.19976,11.3517,99.9869,233.282,3.68756,-121.533 
113,3,4,0,113,28028.9,-0.208379,52.5107,13.1624,83.9179,-0.0548784,121.074,0.000618281,0.284967,-0.70804,0.740765,0.847148,2.29804,120.384,13517.2,44.9612,17527.1,22716.1,-0.473058,-1.46606,-0.775284,0.0891233,1.54002,0.285628,13364,41.8343,17373.9,0.458074,0.994552,0.00441598,29174.2,0.02871,874.856,0.0370176,0.0198375,-0.129452,-33.7708,104.112,91.2049,-262197,394.619,142.846,88.2755,738.873,15.8361,-647.668 
114,3,4,10,114,27116.6,-0.132027,50.5134,13.2125,83.7253,0.156673,-343.295,40.8225,-0.844566,-0.923012,-2.83416,-0.587302,4.83482,71.1315,12778.1,52.1802,17068.6,23477.2,-1.29246,-1.37091,-3.72995,-1.0352,4.38693,-0.226314,12687.5,50.3326,16978.1,0.450911,0.993105,0.00543138,28137.6,0.0277755,869.2,0.0277565,0.0207364,0.549078,-25.4338,103.608,110.129,-330193,5.15193,10.9751,100.041,233.445,3.56695,-123.316 
115,20,21,2.2,115,26646.2,-0.878683,50.3099,13.4694,83.9916,-0.129893,804.147,0.393162,1.65078,1.36876,-1.03417,-1.9898,-1.7997,69.7502,12033.5,60.2243,17312,25459.9,1.21158,0.929566,-1.91257,-2.42899,-2.2389,0.569175,11944.7,58.4126,17223.2,0.4325,0.991515,0.00620872,27617.8,0.0272937,887.546,0.0272889,0.00969324,0.482416,-26.2556,104.265,107.838,-327838,5.16397,11.1092,100.04,233.101,4.2244,-125.263 
116,20,21,0,116,26995.7,-0.853608,51.6032,13.2393,83.7301,0.216997,134.956,405.198,0.28653,-0.53199,-1.00993,-0.193819,-1.25104,56.8686,12865.4,45.0965,16970.5,23193.4,-0.0715566,-0.890077,-1.7261,-0.551906,-1.60912,0.644012,12793,43.6194,16898.1,0.454132,0.994069,0.00473255,28170.3,0.0276517,915.929,0.0276166,0.0214699,1.06194,-25.3993,103.439,106.748,-1.53237e+06,5.16477,11.7864,100.024,236.73,3.41504,-129.982 
117,3,4,0,117,27899.8,-0.87791,52.3634,13.4747,83.7769,0.337625,-378.761,195.512,-0.915523,1.27587,-2.07149,-2.6542,-2.16634,91.4274,13100.9,59.3081,17604.6,27131.9,-1.49122,0.70018,-3.22288,-3.22989,-2.74203,0.677255,12984.6,56.9334,17488.3,0.449311,0.992385,0.00596126,28898.9,0.0285777,947.202,0.0285691,0.0126458,-0.491771,-26.9737,104.511,106.217,-345647,5.15361,10.7616,100.022,232.416,4.48905,-126.198 
118,3,4,10,118,27161,0.0223267,50.5001,13.123,83.5598,0.00692992,-9.18242,0.351707,0.77031,-0.86285,-2.91658,-2.91402,0.468215,42.7955,12765.9,55.9828,17162.2,21575.5,0.500838,-1.13232,-3.45552,-3.18349,0.198743,0.511363,12711.4,54.8712,17107.8,0.449493,0.992502,0.00587364,28279.5,0.027821,881.001,0.0278407,-0.000491804,0.478121,-25.8624,104.089,108.816,-327709,5.16959,11.1731,100.02,233.05,4.06912,-124.235 
119,20,21,2.2,119,24256,-0.765623,46.398,13.2268,83.5259,-0.311395,987.428,10.5702,-1.29884,-2.1409,-1.68586,-0.273809,-2.40514,-1.4092,11771,62.2831,15242.3,29987.4,-1.28997,-2.13202,-1.66811,-0.264935,-2.39627,0.784796,11772.8,62.3197,15244.1,0.459069,0.990821,0.00747446,25644.9,0.0248454,858.675,0.0248637,-0.0349996,0.411107,-21.2237,103.57,113.818,-204784,5.13619,10.3679,100.028,231.478,3.54225,-117.66 
120,20,21,0,120,27781.3,-0.396747,51.293,13.4744,83.5647,-0.195901,633.03,6.91194e-05,1.5914,0.152979,-1.28453,-1.25633,-2.1779,71.2116,13298.9,49.6051,17423.9,26535.9,1.143,-0.295421,-2.18133,-1.70473,-2.62631,0.614932,13208.2,47.7554,17333.2,0.455747,0.993713,0.00504962,28981.5,0.0284564,824.453,0.0284355,0.0185314,-0.606612,-26.32,104.624,107.975,-384036,5.16372,10.7975,100.016,232.939,4.60749,-124.964 
121,3,4,0,121,27968.8,0.0423046,51.8768,13.0803,83.6354,0.0509104,-107.245,500,-3.08148,-0.60186,1.09792,1.36313,-0.218884,104.43,13403.6,48.5989,17387.7,22267.2,-3.73905,-1.25943,-0.217209,0.705561,-0.876449,0.959676,13270.7,45.8864,17254.8,0.458042,0.993985,0.0048749,28972.6,0.0286484,934.015,0.0368309,0.0290019,0.143204,-36.3392,104.176,97.8437,-261614,438.959,142.047,101.52,736.018,2.6566,-638.175 
122,3,4,10,122,27270.2,-0.0733546,50.5633,13.231,84.0425,-0.165712,0.996801,498.527,-0.222271,1.39248,-0.895277,-0.127643,-2.34001,72.8775,12378.7,62.6878,17479.7,21783.7,-0.681162,0.933587,-1.81306,-0.586534,-2.7989,0.633434,12286,60.7948,17386.9,0.437098,0.991415,0.00639986,28108.1,0.0279328,933.809,0.0353101,0.106714,0.0169981,-27.6685,104.177,109.66,-163824,454.346,130.782,85.9345,685.148,18.2423,-575.488 
123,20,21,2.2,123,26302.3,-0.168865,49.3713,13.0611,83.6642,0.253526,-68.7692,5.76801e-09,0.904165,0.135236,1.39283,-2.06523,-1.79039,43.9342,12748.5,50.5847,16286.9,21559.3,0.627523,-0.141406,0.839549,-2.34187,-2.06703,1.2723,12692.6,49.4435,16230.9,0.462174,0.993229,0.0055802,27462.7,0.0269414,910.804,0.0269716,-0.00368222,0.546915,-19.4347,104.1,109.053,-962899,5.31159,11.9915,100.065,236.025,4.03416,-126.972 
124,20,21,0,124,26773.6,-0.200653,50.1341,12.9506,83.6774,-0.295891,-240.026,10.162,-2.15476,-2.11218,-2.25388,-0.774895,-1.7033,57.395,12034.7,52.0655,17361,23447.7,-2.51616,-2.47358,-2.97669,-1.1363,-2.0647,0.733449,11961.6,50.5747,17287.9,0.431926,0.992655,0.00536007,27693.6,0.0274242,950.664,0.027287,0.0189791,0.911927,-24.7754,103.372,108.509,-292139,5.17689,11.1342,100.012,231.884,3.35984,-123.376 
125,3,4,0,125,27973.3,-0.216081,51.8583,13.2434,83.5633,0.962487,-1957.2,500,1.19602,1.72499,-1.38628,-0.019723,-1.61223,67.1075,13106.8,50.1466,17683.2,83680.3,0.773467,1.30243,-2.23139,-0.442281,-2.03479,0.152386,13021.4,48.4036,17597.8,0.448466,0.993537,0.00504126,29035.3,0.0286531,892.005,0.0286417,0.0128277,-0.541003,-25.3877,104.121,108.208,-309194,5.22631,10.909,100.016,232.345,4.1052,-124.137 
126,3,4,10,126,26597.9,-0.100507,49.1382,13.209,83.5751,0.0664395,32.5593,500,0.481917,0.257466,-1.24149,0.809967,1.18531,56.8528,12226.3,52.9176,17018.2,21199.8,0.12393,-0.100521,-1.95747,0.45198,0.827328,-1.98964,12153.9,51.4409,16945.9,0.440764,0.992648,0.00556079,27574.7,0.0272442,856.878,0.0272099,0.0154732,-1.48468,-25.3438,104.742,109.022,-264165,5.20356,11.1377,100.047,231.744,4.6948,-122.722 
127,20,21,2.2,127,26311.3,-0.773701,48.799,13.5097,83.7,1.04694,-503.986,77.3258,-0.824876,3.08723,3.36051,-3.01695,-1.64014,57.8319,12350.5,48.8104,16448.7,38637.6,-1.18903,2.72307,2.63221,-3.3811,-2.00429,3.15908,12276.9,47.3083,16375.1,0.451717,0.993302,0.00529374,27178.2,0.0269507,860.951,0.0269509,0.00214438,0.656578,-23.8103,103.447,109.66,-204836,5.18545,10.4487,100.022,231.945,3.42531,-122.285 
128,20,21,0,128,28049.5,-0.124061,51.848,13.1917,83.8861,-0.0149071,65.9851,500,3.49692,1.20853,-2.06631,-3.10017,-0.753603,61.1731,13227,44.9565,17489.3,22297.4,3.11173,0.823342,-2.8367,-3.48536,-1.13879,0.195443,13149.2,43.3676,17411.5,0.453519,0.994261,0.00456726,28993.6,0.0287311,926.504,0.0287093,0.0207658,-0.512805,-26.5962,104.256,106.577,-279965,5.14731,10.5714,100.017,231.992,4.23911,-125.415 
129,3,4,0,129,26178.2,-0.128565,49.1529,13.0485,83.9693,0.159813,-55.2182,500,-2.19424,2.65813,-1.22983,-1.80888,2.57431,91.0699,12128.9,46.0421,16678.2,21166.1,-2.76768,2.08469,-2.37672,-2.38232,2.00087,0.309326,12013,43.6766,16562.3,0.443533,0.993678,0.00483434,27084.7,0.0268143,988.562,0.0268156,0.00416585,-0.45155,-25.3062,104.444,106.132,-275513,5.2058,10.9462,100.007,232.239,4.43671,-126.106 
130,3,4,10,130,27222.3,-0.161394,50.799,13.1963,83.7497,-0.0383909,262.266,2.46671e-12,1.74543,1.80911,5.93407,0.0474766,-1.10137,84.4772,12724.2,55.6972,17304.5,22150.1,1.2135,1.27718,4.87021,-0.484454,-1.6333,0.0711266,12616.7,53.5029,17197,0.446356,0.992634,0.00569846,28265.9,0.0278838,904.268,0.0355586,0.00690953,-0.146743,-49.1842,103.991,109.238,-173104,488.935,135.879,143.948,705.364,-39.9565,-596.126 
131,20,21,2.2,131,27386.3,-0.867387,51.0114,13.5898,83.7933,0.465901,101.474,492.941,1.11039,2.53969,1.38176,0.738468,0.0058077,81.4652,12825.1,47.3742,17227.2,24106.1,0.597429,2.02673,0.355836,0.225504,-0.507157,0.868128,12721.4,45.2582,17123.6,0.449458,0.993813,0.00484516,28303.8,0.0280518,925.796,0.0279708,0.0159364,-1.56249,-26.9756,104.687,107.408,-322847,5.16024,10.9539,100.011,232.379,4.67659,-124.971 
132,20,21,0,132,26803.8,1.06365,48.2191,12.8307,83.7648,3.39848,-4009.7,499.192,1.30896,0.443901,3.1531,1.80372,0.614881,60.6793,12059.4,46.9448,17294.6,463741,0.926874,0.0618197,2.38894,1.42164,0.232799,0.525257,11982.2,45.3687,17217.3,0.433353,0.993418,0.00483061,27650,0.0274552,978.319,0.0274451,0.0137949,0.371892,-24.7717,103.776,104.972,-170127,5.14054,10.2734,99.9923,230.384,3.78335,-125.412 
133,3,4,0,133,28334.2,-0.869501,52.8906,13.5008,83.6985,-0.753947,1130.69,496.511,3.66547,4.20184,2.733,0.347243,-0.464815,47.5825,12907.7,67.55,18054.3,50996.3,3.36586,3.90222,2.13377,0.0476284,-0.76443,0.754317,12847.1,66.3141,17993.7,0.439648,0.991048,0.00674312,29221.4,0.0290227,918.9,0.0290623,0.00766882,0.402265,-24.8846,103.991,109.166,-163827,5.10277,10.2382,100.011,230.507,3.98003,-121.341 
134,3,4,10,134,28033.5,-0.153778,51.7036,13.2467,83.5649,-0.164332,212.096,499.776,-0.465349,0.933571,3.59947,-1.92368,-2.59545,64.2899,12843.1,59.5637,17736.8,23430.5,-0.870165,0.528754,2.78983,-2.32849,-3.00026,1.96858,12761.2,57.8939,17655,0.44268,0.992123,0.00600433,28827.3,0.0287147,843.91,0.0286267,0.0040023,0.548711,-25.312,103.652,107.853,-163824,5.13349,10.2544,100.024,230.677,3.62805,-122.824 
135,20,21,2.2,135,27167.4,0.132879,49.7251,13.1849,83.3953,-0.0775118,-6.48284,5.74029e-12,2.21026,2.00393,-0.4567,-0.243559,-0.0221057,66.9146,12297,52.5037,17476.3,21359,1.78892,1.58258,-1.29939,-0.664903,-0.443449,2.34825,12211.9,50.7657,17391.1,0.435551,0.992778,0.00534846,28037.8,0.0278276,871.22,0.0353624,0.00979825,-0.180074,-37.8288,104.107,104.85,-258419,321.074,136.432,58.1526,714.299,45.9542,-609.449 
136,20,21,0,136,27636,-0.660782,51.8922,13.2713,83.8848,0.597776,-485.568,4.31602,-0.265824,0.133442,-2.67568,2.21461,-0.78419,67.2398,12658.2,64.0994,17588,31867.7,-0.689215,-0.289949,-3.52246,1.79121,-1.20758,0.100953,12572.6,62.3529,17502.4,0.441148,0.991396,0.00651978,28499.8,0.0283075,886.955,0.0283001,0.0322036,0.373741,-26.16,104.12,109.708,-174064,5.09592,10.2363,100.004,230.682,4.11592,-120.974 
137,3,4,0,137,27584.9,-0.665699,51.6456,13.396,83.777,0.345263,97.6811,0.00608745,0.946886,1.38377,0.84806,-4.47118,-0.920763,94.3932,12670.6,51.6815,17580,23619.7,0.352518,0.789398,-0.340677,-5.06555,-1.51513,0.941054,12550.4,49.2297,17459.9,0.441312,0.993182,0.00516715,28438.9,0.0282552,901.681,0.0282283,0.000499814,-1.48533,-25.8766,104.853,107.434,-770654,5.17039,11.5668,100.004,234.696,4.84874,-127.262 
138,3,4,10,138,24980.2,-0.305664,45.7006,13.2809,83.5434,0.617681,545.914,497.562,1.53226,2.56058,0.611278,0.236394,-0.277233,41.9189,11735.4,46.8085,15834.9,30735,1.26831,2.29663,0.0833732,-0.0275586,-0.541185,0.972927,11682,45.7197,15781.5,0.448562,0.993198,0.00530831,26043.2,0.0255873,920.672,0.032725,0.0101102,0.0435931,-22.2577,104.203,109.714,-252465,491.618,136.655,13.5172,715.819,90.6858,-606.106 
139,20,21,2.2,139,27642.7,0.0701734,49.9277,13.3508,83.2453,-0.0618039,58.4877,3.78958,2.12504,-1.88146,4.84722,-2.31151,-1.23224,70.5144,13028.7,58.8944,17434.3,21816.9,1.68103,-2.32547,3.9592,-2.75552,-1.67625,4.54445,12939,57.0628,17344.5,0.450482,0.992341,0.00602395,28722.5,0.0283144,854.717,0.0305778,-0.0967187,-0.330738,-8.83867,104.797,109.487,-265031,122.088,40.7048,84.3294,343.967,20.4674,-234.48 
140,20,21,0,140,27428.6,-0.817766,50.9098,13.5244,83.8155,0.455285,418.714,492.054,1.48507,1.11762,1.09746,-2.33703,-1.5181,34.8476,12708.1,61.8061,17207.4,28619.6,1.26564,0.898198,0.658607,-2.55646,-1.73753,1.44756,12663.7,60.901,17163,0.447766,0.991654,0.00649405,28282.1,0.0280951,965.927,0.0281594,0.00100955,-0.824551,-26.7893,104.364,108.729,-363359,5.14942,10.8984,100.009,232.395,4.3558,-123.666 
141,3,4,0,141,26699.7,-0.860567,50.0278,13.5434,83.5724,-0.587496,1361.58,0.238233,0.529208,0.434504,5.55837,-1.10799,-2.18764,49.9438,11971.6,44.9304,17491.9,48096.5,0.214725,0.120021,4.92941,-1.42247,-2.50212,-2.67987,11908.1,43.6331,17428.4,0.428843,0.993629,0.00459067,27767.9,0.0273485,900.879,0.0273464,0.00151334,0.350711,-25.7721,104.18,105.544,-265651,5.12808,10.4955,100.011,231.688,4.16973,-126.144 
142,3,4,10,142,26971.6,-0.852348,50.3473,13.5563,83.6656,0.362218,275.973,181.148,2.72449,0.904851,1.37967,-1.24981,-1.96167,54.769,12640.7,58.6573,16920.2,25472.5,2.37963,0.559986,0.689943,-1.59468,-2.30654,3.53971,12571,57.2348,16850.5,0.450493,0.992095,0.00621802,27905,0.027627,882.834,0.0276887,0.0244038,0.657587,-25.3236,103.658,109.615,-301559,5.18106,10.8729,100.009,231.744,3.64873,-122.129 
143,20,21,2.2,143,25916.4,-0.379651,48.6595,13.1719,83.6556,-0.0449763,418.388,2.53436e-09,-0.876912,0.856746,-1.29766,-2.29673,-2.70486,2.07838,12209.3,60.3144,16325.1,21477.2,-0.889999,0.843659,-1.32383,-2.30981,-2.71794,0.793084,12206.6,60.2605,16322.5,0.451093,0.991435,0.00675487,27060.1,0.0265462,886.734,0.0266607,0.00581414,1.17204,-24.5674,103.359,109.029,-163826,5.19648,11.0179,100.033,230.558,3.3264,-121.529 
144,20,21,0,144,26928.9,-0.480735,51.1512,13.0302,83.3931,0.270733,33.3166,1.82282e-05,0.102882,2.68479,-1.00363,-3.09118,-2.96065,34.8245,12707.3,58.5823,16818.8,21990.7,-0.116398,2.46551,-1.44219,-3.31047,-3.17993,0.741704,12663,57.6778,16774.4,0.453419,0.992092,0.00629409,27927.7,0.0275833,902.321,0.0276002,-0.00811305,0.980762,-18.027,103.317,110.458,-509383,5.15939,11.0808,100.002,233.759,3.31472,-123.301 
145,3,4,0,145,26982.5,-0.39599,50.4186,13.1213,83.3597,0.180898,63.2921,500,-1.06222,-1.80309,-3.65414,-3.05507,-1.67245,9.27257,12305.4,49.2751,17180.2,21908.6,-1.1206,-1.86148,-3.77091,-3.11346,-1.73083,0.674845,12293.6,49.0342,17168.4,0.440365,0.993068,0.00523365,27916.9,0.0276381,941.673,0.0277395,-0.0355257,1.77211,-12.2162,103.497,105.654,-1.57535e+06,5.93805,12.4636,100.2,238.369,3.29773,-132.715 
146,3,4,10,146,27327.8,-0.083218,50.8659,13.1261,83.7875,-0.0218952,96.5866,500,2.90925,2.17393,0.00330512,2.7397,0.299947,40.3883,12560.3,47.0445,17556.7,21803.7,2.65494,1.91961,-0.505324,2.48539,0.0456326,1.07656,12508.9,45.9955,17505.3,0.439854,0.993606,0.00481684,28438.7,0.0279918,865.265,0.0279976,0.0100386,-0.367129,-27.5203,104.325,106.516,-316739,5.1609,10.7215,100.013,232.015,4.31224,-125.499 
147,20,21,2.2,147,26781.7,-0.885819,50.2836,13.5669,83.6204,-0.473912,1156.46,9.91351,0.647745,3.35427,-0.408287,-1.40335,-3.72921,61.5988,12454.4,66.4484,17056.9,40048.7,0.259874,2.9664,-1.18403,-1.79122,-4.11708,0.693738,12376,64.8484,16978.5,0.444756,0.990914,0.00698664,27826.4,0.0274325,921.199,0.0275052,0.00177577,0.958718,-25.2894,103.452,109.084,-163825,5.17928,10.8244,100.005,230.344,3.44646,-121.26 
148,20,21,0,148,26681.2,-0.617839,50.1118,13.3588,83.7675,-2.72725,1571.06,2.67755e-08,2.12142,0.799576,3.85085,-0.57304,-3.03165,47.5743,12114.7,69.3396,17108.9,161272,1.82185,0.500013,3.25172,-0.872602,-3.33121,-1.37391,12054.1,68.1039,17048.4,0.437248,0.99021,0.00730498,27568.2,0.0273296,887.23,0.0273774,0.00599285,0.790254,-25.0335,103.548,113.071,-163825,5.15816,10.9657,99.9979,231.026,3.54984,-117.955 
149,3,4,0,149,26609.3,-0.834764,50.0876,13.4297,83.6977,-0.123781,628.887,238.257,0.776714,-0.976596,-1.31577,-2.88897,-1.50363,41.7495,12525.3,56.6832,16817.3,24431.4,0.513828,-1.23948,-1.84154,-3.15185,-1.76652,0.753987,12472.2,55.5987,16764.2,0.449811,0.992259,0.00607229,27727.5,0.027256,897.584,0.0273106,0.00262623,0.859927,-24.5911,103.327,110.242,-327666,5.18173,11.6037,100.034,233.494,3.29275,-123.252 
150,3,4,10,150,26250.2,0.155981,48.6742,13.1249,83.8044,0.189274,-265.208,3.55646e-07,0.577856,3.02778,1.75088,0.947027,0.482168,61.5461,12219.8,51.786,16851.6,22430.6,0.190316,2.64024,0.975801,0.559487,0.0946284,0.781234,12141.4,50.1874,16773.2,0.443036,0.992818,0.00548158,27405.1,0.0268881,896.798,0.0268219,-0.0107161,0.492162,-20.0354,104.547,107.949,-924254,5.31613,12.1261,99.9508,236.286,4.59613,-128.337 
151,20,21,2.2,151,26902.8,-0.159025,50.2367,13.2717,83.4524,0.0819984,-84.608,9.51131e-13,0.0746832,-1.16501,0.236915,-0.362145,-0.230028,65.7135,12945.7,52.305,16953.3,21930,-0.339097,-1.57879,-0.590647,-0.775926,-0.643808,0.849642,12862.1,50.5981,16869.7,0.455884,0.993163,0.00549477,28213.5,0.0275566,885.731,0.0275932,0.00175998,0.994403,-24.5343,103.361,108.238,-327666,5.22387,11.6705,100.041,233.777,3.31978,-125.539 
152,20,21,0,152,26996.9,-0.109761,50.0517,13.215,83.3973,-0.531249,229.196,500,-1.78567,2.43097,2.87382,-1.45176,-0.593615,38.1415,11741.1,60.8614,17806.6,25495.6,-2.02584,2.1908,2.39348,-1.69193,-0.833782,-72.1212,11692.5,59.8707,17758,0.419804,0.991119,0.00617227,27852.3,0.027653,897.284,0.0276891,-0.0136597,-0.307588,-19.3148,103.932,107.925,-1.38573e+06,5.63296,12.2167,100.134,237.868,3.79781,-129.943 
153,3,4,0,153,27437,-0.865707,52.3455,13.2608,83.7164,3.51433,-1091.38,498.191,1.32489,0.474344,2.79413,-1.60826,0.762194,57.6336,12804.6,65.4593,17287.4,147454,0.961992,0.111441,2.06833,-1.97116,0.399291,-0.317501,12731.3,63.9623,17214,0.448347,0.991285,0.00679819,28396,0.0281037,888.009,0.0280591,0.0382389,0.374895,-24.4392,104.256,110.111,-353765,5.14126,10.8175,100.011,232.915,4.24482,-122.804 
154,3,4,10,154,26680.5,-0.0217014,49.7233,13.1637,83.6048,-0.0254188,20.4789,0.0769109,1.38256,2.88683,-3.20499,-0.886799,-1.96117,30.8599,12034,64.376,17240.6,21324.4,1.18824,2.69251,-3.59362,-1.08112,-2.15549,-0.218394,11994.7,63.5744,17201.4,0.433837,0.99081,0.00676219,27647.9,0.0273288,914.854,0.0273118,0.0200138,0.751982,-24.5149,103.698,113.066,-327666,5.19206,11.4915,100.001,233.34,3.69691,-120.275 
155,20,21,2.2,155,26373.8,-0.768023,49.7703,13.2926,83.3254,-0.805473,1577.04,226.503,4.153,-1.24001,1.79392,-1.64451,-5.75699,27.7709,11757.8,59.9981,17069.2,62887.9,3.97813,-1.41487,1.44419,-1.81938,-5.93186,1.38576,11722.5,59.2768,17033.8,0.430605,0.991228,0.00636959,27223.2,0.0270147,895.83,0.034117,-0.0629212,-0.0848688,-11.0989,104.973,106.071,-259937,357.258,131.855,97.4622,697.61,7.51051,-591.539 
156,20,21,0,156,26386.6,-0.778987,49.2476,13.432,83.6348,0.210448,221.581,71.2441,-2.26104,1.17065,-1.79995,-1.59776,-0.477891,50.9416,12321.5,52.081,16693,23051.9,-2.5818,0.849885,-2.44148,-1.91852,-0.798656,0.645678,12256.6,50.7578,16628.1,0.447514,0.992805,0.00559163,27388.2,0.0270278,927.189,0.0270962,0.00718938,0.762539,-25.1272,103.453,108.168,-327666,5.19282,11.5511,100.032,233.584,3.42148,-125.416 
157,3,4,0,157,26628.2,-0.77719,50.5278,13.1915,83.4059,0.197236,223.524,2.25646,2.07485,5.09808,3.11292,0.731426,-0.258362,43.4962,12700.2,59.5449,16465.2,23133.3,1.80097,4.8242,2.56516,0.457542,-0.532246,0.718598,12644.8,58.4151,16409.9,0.458514,0.99198,0.00651472,27577.8,0.0272753,918.702,0.0273028,-0.0120997,1.07236,-19.4036,103.499,111.318,-964166,5.18346,11.4706,100.006,235.964,3.49366,-124.646 
158,3,4,10,158,26883.7,-0.101292,50.1464,13.1122,83.2852,0.0559604,64.695,499.999,0.635622,-0.230129,-1.9309,-1.11665,1.07441,-2.3064,12234.6,60.4199,17174.5,21522.6,0.650145,-0.215606,-1.90185,-1.10212,1.08894,-0.284601,12237.5,60.4798,17177.4,0.439109,0.991425,0.00644405,27869,0.027537,950.407,0.0277188,-0.0416454,1.02411,-9.90858,103.512,105.734,-1.14336e+06,5.28546,13.2932,100.004,238.617,3.50768,-132.883 
159,20,21,2.2,159,26476,-0.797142,49.6922,13.4334,83.5394,-0.290626,631.635,500,0.129673,1.88518,2.25952,-0.211168,-5.5246,20.3371,12417.4,60.3813,16631.6,27706.2,0.00161533,1.75712,2.0034,-0.339225,-5.65266,1.89849,12391.5,59.853,16605.8,0.450555,0.991618,0.0065958,27502.7,0.0271194,909.899,0.0270755,0.0249945,0.956237,-25.0231,103.161,110.797,-442522,5.16426,11.3275,100.006,233.959,3.15492,-123.162 
160,20,21,0,160,28427.2,-0.202597,52.1448,13.3711,83.8057,-0.12281,-57.7722,500,0.130417,0.331985,0.337538,-3.08212,-3.09675,41.87,13083.3,58.6525,17937,22928.3,-0.133227,0.0683412,-0.18975,-3.34576,-3.36039,0.97274,13030,57.565,17883.7,0.444646,0.992328,0.00589451,29304.1,0.0291179,878.507,0.0291131,0.00304277,-1.24345,-26.7181,104.804,108.649,-323800,5.15568,10.7712,100.015,232.155,4.78863,-123.506 
161,3,4,0,161,27243,-0.819882,51.7058,13.2429,83.666,-0.236226,729.281,24.8467,4.21933,1.89551,-1.50237,-0.379866,-0.619008,0.816635,12345.9,64.0702,17399.4,27898.5,4.21418,1.89037,-1.51266,-0.385008,-0.62415,1.42221,12344.8,64.049,17398.4,0.438112,0.991002,0.00673571,28177.3,0.027905,907.331,0.0279252,-0.00641863,0.430309,-23.427,103.882,112.263,-327703,5.17497,11.3433,99.9937,233.316,3.88819,-121.053 
162,3,4,10,162,26992.4,-0.852709,50.6229,13.4922,83.6609,0.502004,580.896,389.251,2.4036,1.26145,0.869349,-0.282553,-2.73048,31.8787,12299.7,54.955,17313.6,31727.3,2.20287,1.06072,0.467886,-0.483285,-2.93121,-0.476104,12259.1,54.127,17273,0.438176,0.992333,0.00573933,27977.5,0.0276483,917.766,0.035126,0.113983,0.194056,9.44183,104.136,77.2172,-261770,655.049,137.369,148.029,718.966,-43.8924,-641.749 
163,20,21,2.2,163,26122.8,0.175266,48.3915,13.1487,83.5492,-0.00789663,-88.4522,4.38543e-12,3.07249,1.68523,3.1479,-0.579866,-3.874,51.4654,11968.9,55.4267,16853.9,20736,2.74843,1.36117,2.49977,-0.90393,-4.19807,-0.658369,11903.4,54.0899,16788.4,0.437934,0.992111,0.0059,27180.8,0.0267576,895.111,0.0341037,0.0865338,-0.00239539,-28.9363,104.195,108.397,-258484,408.546,134.502,113.964,707.537,-9.76846,-599.14 
164,20,21,0,164,28078.7,-0.915792,51.8466,13.7669,83.4059,-0.58779,946.097,489.508,-0.31459,-0.210788,2.70495,-2.1077,-2.06866,34.2137,12919.8,62.1202,17745.7,41338.5,-0.530025,-0.426223,2.27408,-2.32313,-2.2841,1.69134,12876.3,61.2315,17702.1,0.444236,0.991747,0.00633149,28985.2,0.028761,900.907,0.0287511,0.0175312,0.760857,-25.321,103.671,110.931,-327666,5.2246,11.5722,100.005,233.348,3.66563,-122.417 
165,3,4,0,165,27097.1,-0.886174,51.184,13.4629,83.6761,-0.155602,638.171,118.304,0.306326,3.363,-0.845176,-0.903439,1.17813,25.7187,12632.9,50.6617,17233.5,25664.5,0.144383,3.20105,-1.16906,-1.06538,1.01618,1.54958,12600.1,49.9937,17200.8,0.445978,0.993104,0.00532552,28252.8,0.0277555,869.579,0.0354583,0.00367923,-0.0746142,-25.6009,104.382,107.114,-263464,729.878,140,-7.36346,728.876,111.745,-621.763 
166,3,4,10,166,27517.6,-0.911771,51.4393,13.63,83.3818,-0.239068,971.041,219.569,1.23693,-1.20156,-2.06819,-1.05056,-0.449707,64.5127,12363.3,59.6721,17678.6,30380.8,0.830706,-1.60778,-2.88063,-1.45678,-0.855926,0.517515,12281.2,57.9965,17596.5,0.434058,0.991804,0.00603479,28294,0.0281862,840.247,0.0281821,0.0171774,0.628731,-23.3159,103.591,110.116,-327666,5.2014,11.6176,100.032,233.724,3.55894,-123.609 
167,20,21,2.2,167,24660.2,-0.385841,46.8758,13.1744,83.3737,0.498488,145.753,0.40534,1.9224,2.14563,-0.264721,-0.397362,0.745414,-28.6377,10943.2,88.126,15795.6,22468.8,2.10273,2.32595,0.0959268,-0.217038,0.925738,0.98167,10979.7,88.8698,15832.1,0.432494,0.986033,0.0102344,25386.8,0.0252594,920.252,0.0254431,-0.0457761,-0.648906,-18.5863,104.878,121.651,-439657,5.15372,11.425,100.015,234.213,4.86305,-112.562 
168,20,21,0,168,27365.6,-0.0849551,51.2427,13.1411,83.2241,0.141966,-154.903,496.585,2.7797,4.59465,1.74356,0.903324,0.242951,74.1272,12536.3,62.0059,17483.8,22636.8,2.31294,4.12789,0.810041,0.436565,-0.223808,0.891468,12442,60.0806,17389.4,0.440169,0.99162,0.00632424,28266.3,0.0280306,877.415,0.0280429,0.000181968,0.87768,-22.2838,103.704,111.978,-327665,5.17658,11.3194,100.005,232.953,3.69905,-120.976 
169,3,4,0,169,27998.7,0.00825728,52.4984,12.8889,83.7116,-0.0281799,-93.0618,402.204,3.1709,0.991158,4.89739,-1.05448,-1.09189,25.1313,12914,57.9275,17571.1,22112.6,3.01265,0.832912,4.5809,-1.21273,-1.25014,0.231857,12882,57.2748,17539.1,0.446631,0.992279,0.00597951,28842.6,0.0286791,853.715,0.0286818,0.0107545,0.697231,-23.963,103.528,112.679,-163825,5.15505,10.9044,99.9822,230.563,3.54533,-117.884 
170,3,4,10,170,26171.3,-0.221108,48.9566,13.144,83.7287,0.161676,6.73135,0.916205,-0.897246,1.77244,1.41868,-0.411115,-2.34746,62.7884,11832.5,55.301,16875.1,20983,-1.29261,1.37708,0.627959,-0.806477,-2.74282,1.22136,11752.6,53.6701,16795.2,0.434698,0.992072,0.00585211,27036.3,0.0268072,901.477,0.0269176,-0.0479749,0.348389,-24.9887,104.592,108.276,-264182,17.1108,11.7194,100.856,232.893,3.73584,-124.617 
171,20,21,2.2,171,26233.4,0.0448993,49.2354,12.9728,83.6248,-0.0226877,13.6859,4.47031e-09,-0.562329,-0.726954,-2.28209,-0.624459,-0.799345,43.3854,11666.7,49.6628,17159.5,20802.5,-0.835516,-1.00014,-2.82846,-0.897646,-1.07253,0.573661,11611.5,48.5359,17104.3,0.427265,0.992738,0.00520007,27176.4,0.0268708,914.82,0.0268405,0.0139808,-1.16803,-25.4542,103.892,108.377,-399295,5.15832,11.0397,100.011,233.209,3.88191,-124.832 
172,20,21,0,172,27683.5,-0.267541,51.5758,13.1953,83.6458,-2.12909,3322.17,1.3679e-09,2.18039,0.0672401,0.981191,1.45596,-1.02338,19.6817,12310.9,69.732,17823,252410,2.05646,-0.0566905,0.733329,1.33203,-1.14731,0.748672,12285.9,69.2207,17798,0.431355,0.990236,0.00711345,28482,0.0283562,876.762,0.0283441,0.0160133,0.763015,-24.6367,103.697,112.823,-163853,5.17135,11.0043,99.9982,230.972,3.69843,-118.149 
173,3,4,0,173,25862.3,0.00498688,48.613,12.8768,83.5603,-0.564812,31.8794,3.5648e-10,2.00053,0.265092,0.88517,-2.37971,-2.19591,16.5294,11437.7,60.7041,16753.3,20963.9,1.89645,0.161011,0.677008,-2.48379,-2.29999,1.33036,11416.7,60.2747,16732.3,0.428506,0.990845,0.00659209,26643.1,0.0264907,913.272,0.0333769,0.0532599,-0.0180154,-22.1165,104.219,112.321,-327664,476.823,128.117,15.9427,686.509,88.276,-574.188 
174,3,4,10,174,26885.2,-0.533349,50.6445,13.1443,83.5579,0.184705,480.145,2.24326,-0.106778,0.277825,-1.56416,-4.76101,-3.05205,-1.66876,12095.9,63.0359,17178.3,24557.3,-0.0962702,0.288333,-1.54314,-4.7505,-3.04154,0.831224,12098,63.0792,17180.4,0.436245,0.990958,0.00671801,27732.2,0.0275385,902.413,0.0348244,-0.0487605,0.086167,-22.6626,103.581,111.26,-327664,415.952,134.009,39.6286,709.358,63.9526,-598.097 
175,20,21,2.2,175,25416.7,-0.780371,48.1022,13.3172,83.3403,0.839838,-1037.43,40.7759,1.67703,3.04462,-1.20766,-4.19084,-0.673445,22.8181,11533.3,53.7641,16388.5,49215.8,1.53335,2.90094,-1.49501,-4.33452,-0.817125,0.324246,11504.3,53.1714,16359.5,0.43591,0.991977,0.00595156,26391.4,0.0260343,868.268,0.0260433,0.0219897,1.80938,-8.58008,103.155,105.089,-9.98101e+06,9.44978,13.6132,100.77,245.51,2.38518,-140.421 
176,20,21,0,176,26760.3,-0.0893395,51.055,12.8685,83.227,0.145959,-2.83926,500,1.04277,-1.99522,3.11503,2.37576,-0.0865249,-10.5518,12599.6,63.616,16897,21401,1.10921,-1.92878,3.24791,2.4422,-0.0200834,0.330391,12613.1,63.8901,16910.4,0.450442,0.991213,0.00691166,28001.5,0.0274106,870.932,0.0274133,0.0123434,0.928488,-21.5907,104.182,114.732,-330385,5.14521,11.2402,100.03,233.352,4.15197,-118.62 
177,3,4,0,177,27246.7,-0.869802,51.8356,13.3205,83.569,0.18323,547.364,318.759,3.27777,-0.117229,0.317162,-0.667236,-1.19102,47.0588,12858.7,59.5745,17125.6,25742.2,2.98145,-0.413545,-0.275472,-0.963553,-1.48734,-0.738451,12798.9,58.3522,17065.7,0.451799,0.992085,0.00625923,28328.6,0.0279088,893.195,0.0279156,0.00649671,0.726462,-23.1987,103.512,110.747,-327666,5.16523,11.4534,100.021,233.154,3.49112,-122.407 
178,3,4,10,178,26957.6,-0.04061,50.4935,13.0375,83.4308,-0.018724,45.4628,1.81074e-09,1.45239,1.85172,5.86114,-0.28036,2.06726,65.1897,12021.2,59.3832,17471.5,21457.8,1.04191,1.44124,5.04017,-0.690842,1.65677,0.406288,11938.2,57.6899,17388.5,0.430023,0.991614,0.00607444,27761.8,0.0276127,889.215,0.0304905,-0.077395,16.94,-22.6413,128.272,103.815,-2.35987e+07,38.5721,16.1107,97.6587,257.856,30.613,-154.041 
179,20,21,2.2,179,25690.4,-0.815399,48.8377,13.3197,83.6894,9.347,-3912.84,417.065,-0.216649,1.48658,-0.31527,-1.35027,-0.116555,38.3032,11751.8,69.1409,16381,1.21176e+06,-0.457834,1.2454,-0.79764,-1.59145,-0.35774,0.592889,11703,68.146,16332.2,0.440537,0.989913,0.00762754,26565.3,0.0263147,872.896,0.0263059,0.0159052,0.736777,-22.3123,103.677,115.656,-327665,5.22034,11.5695,100.045,233.804,3.63254,-118.148 
180,20,21,0,180,27419.6,-0.736426,51.4044,13.409,83.6386,-0.175347,-6.69844,113.322,2.10081,-2.08148,2.19974,-1.78702,1.45996,13.0744,12444.7,79.4818,17208,22476.5,2.01849,-2.1638,2.03509,-1.86934,1.37763,-0.455649,12428,79.1422,17191.4,0.442716,0.988979,0.00840899,28072.2,0.0280858,942.024,0.027948,0.0128622,1.31785,-28.2536,103.55,119.058,-327675,6.7311,11.3723,100.108,233.318,3.44181,-114.26 
181,3,4,0,181,28172.9,-0.8749,52.5572,13.5314,83.5989,-0.444465,75.0776,498.951,0.966247,2.64757,-0.715465,-1.40119,0.74165,59.7727,12675,75.0871,18010.6,24237.3,0.589874,2.2712,-1.46821,-1.77756,0.365277,-74.6051,12598.9,73.5346,17934.5,0.435658,0.989889,0.00749634,28919.3,0.0288575,884.821,0.0288243,0.0424599,0.77003,-25.636,104.035,112.612,-331179,5.19472,11.5001,100.019,233.251,4.0151,-120.64 
182,3,4,10,182,25961,-0.0372318,49.1205,12.94,83.5437,0.16035,-125.048,500,0.206904,1.2207,6.37742,-1.61154,1.02044,36.037,11910.1,58.1561,16731.1,21344.2,-0.0200114,0.993789,5.92359,-1.83846,0.793527,-0.0121581,11864.2,57.2201,16685.2,0.43864,0.991631,0.00627765,27047.7,0.0265918,871.823,0.0266085,-0.00278186,0.852532,-23.3657,104.057,111.205,-327666,5.22033,11.459,100.027,233.467,4.03039,-122.262 
183,20,21,2.2,183,25324.6,-0.778087,48.3492,13.2024,83.3239,1.3113,-875.041,329.121,1.05405,2.74143,4.08348,0.681315,-2.83243,30.8094,12141.8,46.0901,15792.7,58132.7,0.860048,2.54743,3.69548,0.487316,-3.02643,0.190269,12102.6,45.2899,15753.5,0.457767,0.993494,0.00526798,26438.3,0.02594,870.836,0.0260182,0.00317314,1.36354,-23.2147,103.042,110.027,-327666,5.22153,11.6231,99.9933,234.069,3.04897,-124.042 
184,20,21,0,184,26562.5,-0.0574035,49.8007,13.0415,83.5179,0.00674334,-2.24816,500,2.23764,3.50769,1.17283,1.09632,-4.33919,29.9104,12410.5,65.1237,16866.8,21143.1,2.0493,3.31935,0.796156,0.90798,-4.52753,0.6872,12372.4,64.3468,16828.7,0.446875,0.990981,0.00699427,27686.5,0.027208,850.505,0.0272508,-0.0131953,0.611104,-22.9996,103.609,111.513,-327666,5.18036,11.4532,100.027,233.256,3.58225,-121.743 
185,3,4,0,185,26710,-0.0955555,50.6088,12.947,83.2759,-0.0159439,-63.6155,500,0.208912,3.12823,3.47228,-0.410579,-2.05029,51.6272,11959.8,57.1386,17328.2,21363,-0.116171,2.80315,2.82211,-0.735662,-2.37537,-0.176832,11894.1,55.7976,17262.5,0.430899,0.991857,0.005919,27602.9,0.027359,890.4,0.0273516,0.0105809,0.820223,-23.3832,103.64,111.998,-327665,5.18631,11.4508,100.009,233.761,3.63111,-121.763 
186,3,4,10,186,26713.4,0.0261055,50.2682,12.998,83.5571,0.0314835,-49.5924,1.03895e-10,-1.11084,1.70602,3.88253,-0.754316,1.74383,71.8389,12131.5,55.4519,17124.1,21320.7,-1.56319,1.25367,2.97783,-1.20667,1.29148,-0.0816202,12040.1,53.5859,17032.7,0.437189,0.992272,0.005762,27539.8,0.0273626,851.51,0.0273496,0.0142507,0.917085,-23.962,103.825,112.25,-327666,5.17311,11.4296,100.026,233.294,3.79857,-121.044 
187,20,21,2.2,187,25021.6,-0.763865,47.3977,13.2946,83.0487,0.361072,-16.9012,81.2424,-0.586583,-1.2816,-0.942776,1.01604,0.955729,8.92112,11722.4,60.0066,15659.5,20711.5,-0.642757,-1.33777,-1.05512,0.959862,0.899555,0.102965,11711,59.7749,15648.2,0.451277,0.991147,0.00698754,25950.9,0.0256297,911.684,0.025691,-0.00825814,0.838373,-20.3709,103.822,114.684,-1.86574e+06,5.17525,12.03,100.043,238.432,3.77938,-123.748 
188,20,21,0,188,28368.7,-0.443232,52.9992,13.1951,83.2156,-0.277441,-78.3154,499.944,2.63995,1.51395,0.271958,0.321988,0.773326,31.3387,12992.2,58.2036,17885.5,23472.9,2.44262,1.31662,-0.122705,0.124657,0.575995,1.02829,12952.3,57.3896,17845.6,0.443697,0.992306,0.00588913,29191.8,0.0290581,888.587,0.0290605,0.0173061,0.979846,-21.8718,103.842,113.304,-327665,5.17991,11.3674,100.014,233.086,3.82836,-119.782 
189,3,4,0,189,27763.6,-0.412176,51.1732,13.3902,83.6014,0.028092,271.162,500,-0.141813,-0.0393861,-2.16373,-3.10452,-0.722111,53.9795,12611.5,63.5332,17466,22554.1,-0.481708,-0.37928,-2.84351,-3.44442,-1.06201,0.653691,12542.8,62.1312,17397.3,0.442046,0.991406,0.00653573,28374.3,0.0284383,945.164,0.0284789,-0.0121686,0.492041,-23.7993,103.679,111.401,-327666,5.1641,11.3919,100.015,232.96,3.66377,-121.56 
190,3,4,10,190,27133,0.253544,50.0655,13.0808,83.1858,-0.200139,-55.7137,14.7836,2.57422,-1.04951,2.73679,0.842885,0.714742,-5.62108,12393.3,68.4989,17223.5,21682.1,2.60961,-1.01412,2.80758,0.87828,0.750137,0.534513,12400.4,68.6449,17230.7,0.441605,0.990405,0.00728527,28080.3,0.0277923,898.995,0.0277857,0.00732257,0.355263,-21.6239,103.993,115.033,-367079,5.16896,11.1291,100.011,233.062,3.98225,-118.029 
191,20,21,2.2,191,27431.6,0.0801632,50.6536,13.1692,83.6174,-0.0658934,18.5683,1.60661e-11,3.39071,-1.30877,-0.975106,1.27152,-0.604725,-5.51532,12516.1,79.4487,17193.9,21755.1,3.42544,-1.27404,-0.905649,1.30625,-0.569997,1.45694,12523.2,79.5919,17201,0.444461,0.989,0.00845171,28176,0.0280982,942.14,0.0280009,0.0348279,0.639922,-24.5085,102.741,117.05,-327668,5.33169,11.3819,100.058,233.161,2.68276,-116.111 
192,20,21,0,192,26865.1,-0.776396,50.5335,13.2901,83.4373,-0.16994,854.662,74.0026,1.52277,1.03698,-0.782063,-1.30603,-1.45764,-1.18254,12481.4,54.723,16784.9,26590.7,1.53021,1.04443,-0.767171,-1.29859,-1.4502,0.184999,12482.9,54.7537,16786.4,0.449695,0.992382,0.00597267,27758.5,0.0275179,958.542,0.0275617,-0.00972709,0.536106,-23.9041,103.711,110.518,-327709,5.21283,11.4627,100.027,233.577,3.68381,-123.059 
193,3,4,0,193,27889.3,-0.908297,52.5985,13.4757,83.3424,-0.82189,1197.94,368.988,-1.44482,0.648348,1.03319,-3.52642,0.750919,29.5883,12698.5,70.4089,17705.7,55124.9,-1.63113,0.462038,0.660567,-3.71273,0.564609,1.18065,12660.8,69.6404,17668,0.440549,0.990466,0.00720851,28738.7,0.028567,886.2,0.0286735,-0.0603555,0.76175,-21.2209,103.967,113.62,-327665,5.15108,11.0626,100.018,233.167,3.94918,-119.547 
194,3,4,10,194,25709.7,-0.852499,48.8728,13.4047,83.2416,-0.162664,692.256,368.461,-0.585419,-2.00381,0.812145,-0.156655,-2.28975,15.6036,11822.8,59.7044,16534,24992.2,-0.683671,-2.10206,0.615642,-0.254907,-2.388,1.12791,11802.9,59.2991,16514.1,0.439902,0.991284,0.00657118,26830.8,0.0263344,869.574,0.0263266,0.0236991,0.999389,-21.5742,103.89,114.629,-327665,5.17475,11.3691,99.9919,233.624,3.8981,-118.995 
