cyc,wiggle time,cyc,ROIsum,fBg,fA1,fWidth1,fCtr1,fA2,fWidth2,fCtr2,box1,box2,box3,box4,box5,box6,box7,box8,box9,Nfit,BZ-2,BZ-1,BZ0,BZ1,BZ2,Excited,c5,c7,c9,fraction95,fraction75,fraction97,sum95,Tx,Ty,LiToTF,LiNfit,TFcalc,ToTFcalc,G_ctr_x,G_ctr_y,G_sigma_x,G_sigma_y,G_ar,G_Tx,G_Ty,G_ToTFcalc
0,9,0,9258.1,0,5,101,125,0,5,135,-7.41438,-7.09029,-10.1859,-7.85066,-12.3667,219.276,32.4533,18104.4,34.5534,16439.4,-8.26162,-7.93754,-11.8804,-8.6979,-13.214,0.762352,19.6388,17143.4,21.7389,0.429494,0.000654181,0.999312,45.7255,1077.63,1197.56,0.291763,31831,1.13109e-06,1.00435,115.546,83.8672,43.024,45.1701,0.952489,1694.75,1892.66,1.5834 
1,15,1,8495.09,0,5,101,125,0,5,135,-5.33098,-7.80896,-16.741,-7.63945,-11.736,209.311,24.4083,17058.9,45.6215,16439.4,-6.13972,-8.6177,-18.3585,-8.44818,-12.5447,0.660712,12.1761,16141.5,33.3893,0.233066,0.000430865,0.998878,52.2433,1301.9,1424.76,0.360798,32003.3,1.13313e-06,1.20193,114.739,85.2452,44.3714,46.1564,0.961329,1802.57,1976.22,1.66565 
2,21,2,6549.44,0,5,101,125,0,5,135,-3.95249,-6.95604,-13.6244,-7.65455,-9.30078,179.119,19.1255,15777,41.6574,16439.4,-4.64457,-7.64812,-15.0085,-8.34663,-9.99286,0.671159,8.65774,14991.9,31.1897,0.187863,0.000329888,0.998872,46.0854,1106.66,1242.75,0.275018,29522.9,1.10306e-06,1.06316,116.282,85.5936,44.9494,47.4603,0.947094,1849.83,2089.46,1.7823 
3,6,3,9064.21,0,5,101,125,0,5,135,-1.81323,-6.93196,-14.0887,-8.71809,-8.16019,224.999,20.3009,17731.3,37.1227,16439.4,-2.68258,-7.80131,-15.8274,-9.58744,-9.02954,0.647719,7.15194,16745.1,23.9738,0.199104,0.000244001,0.999223,35.9205,1155.73,1259.79,0.312302,31981.8,1.13288e-06,1.06511,115.048,84.8012,43.6621,45.3549,0.962677,1745.39,1908.18,1.61092 
4,12,4,9452.25,0,5,101,125,0,5,135,-11.314,-9.40942,-19.6556,-9.93631,-7.56364,192.777,29.4378,18156.2,58.3348,16439.4,-12.0588,-10.1543,-21.1453,-10.6812,-8.30849,0.66085,18.1719,17311.3,47.0689,0.243413,0.000599475,0.998526,74.6546,1338.58,1529.58,0.440599,33309.8,1.14834e-06,1.24605,114.962,84.4048,42.5312,45.2466,0.939986,1656.15,1899.08,1.54436 
5,0.01,5,7970.08,0,5,101,125,0,5,135,-7.5222,-9.39475,-24.0719,-9.95867,-10.2221,222.524,34.5514,17560.9,51.8121,16439.4,-8.38199,-10.2545,-25.7915,-10.8185,-11.0819,0.611155,21.5471,16585.5,38.8079,0.316327,0.000741822,0.998731,68.1166,1170.79,1319.79,0.383222,31059.7,1.12188e-06,1.10802,114.296,84.8209,41.0487,43.3253,0.947452,1542.71,1741.23,1.46091 
6,3,6,8483.24,0,5,101,125,0,5,135,-9.52649,-5.99031,-13.5302,-7.56636,-5.45319,203.266,17.9891,17684.1,34.7354,16439.4,-10.3119,-6.77569,-15.101,-8.35174,-6.23857,0.677184,6.11019,16793.2,22.8565,0.182187,0.00020787,0.999262,33.538,1187.99,1355.89,0.391213,31235.3,1.12399e-06,1.12916,114.492,84.2026,41.0781,43.5898,0.942377,1544.91,1762.55,1.46811 
7,18,7,8265.29,0,5,101,125,0,5,135,-6.77027,-8.8182,-15.0913,-14.499,-11.4853,196.547,21.282,17424.2,36.0929,16439.4,-7.52969,-9.57762,-16.6101,-15.2584,-12.2447,0.728684,9.79579,16562.7,24.6067,0.249106,0.00033785,0.999194,39.3238,991.75,1097.82,0.244191,30388.7,1.11374e-06,0.936873,114.603,84.6547,44.4242,46.5044,0.955269,1806.86,2006.13,1.70945 
8,9,8,7774.8,0,5,101,125,0,5,135,-4.8626,-6.19272,-26.9418,-7.35072,-7.41283,222.154,12.0787,17261.6,40.7247,16439.4,-5.72096,-7.05108,-28.6585,-8.20908,-8.27119,0.505127,-0.904032,16287.9,27.742,-0.0279139,-3.17173e-05,0.999076,32.3864,1168.04,1331.97,0.33308,31685.7,1.12937e-06,1.10444,114.47,84.8423,42.9946,45.6568,0.941692,1692.44,1933.67,1.60181 
9,15,9,6778.54,0,5,101,125,0,5,135,-5.37182,-1.16434,-15.7927,-8.47314,-10.314,226.009,29.5899,16378.9,29.5835,16439.4,-6.24507,-2.0376,-17.5392,-9.3464,-11.1873,0.621637,16.382,15388.3,16.3755,0.454644,0.000607955,0.999423,36.0325,1370.28,1584.5,0.450125,31592,1.12825e-06,1.306,115.603,83.7765,42.8751,45.845,0.935218,1683.04,1949.65,1.60553 
10,21,10,7643.24,0,5,101,125,0,5,135,-5.4917,-4.85899,-9.88972,-9.95881,-6.96962,204.716,52.3442,16888.8,49.4606,16439.4,-6.28269,-5.64997,-11.4717,-10.7498,-7.7606,0.726309,40.3806,15991.6,37.497,0.472968,0.00144084,0.998729,85.3769,1036.38,1149.3,0.26548,29940.5,1.10824e-06,0.984784,114.298,84.8248,43.7899,45.8701,0.954649,1755.63,1951.78,1.67031 
11,6,11,8139.05,0,5,101,125,0,5,135,-5.62072,-7.90097,-19.9035,-7.30553,-8.25961,211.353,18.8064,17628,24.904,16439.4,-6.43735,-8.7176,-21.5368,-8.12216,-9.07624,0.600358,6.45495,16701.7,12.5525,0.299979,0.0002208,0.999592,21.518,964.854,1096.11,0.261807,30272.7,1.11233e-06,0.924541,114.4,84.3676,42.3527,44.9138,0.942978,1642.28,1871.24,1.576 
12,12,12,7329.56,0,5,101,125,0,5,135,-8.12885,-7.01991,-13.2376,-12.8004,-13.1893,242.318,24.6712,16747.1,45.4342,16439.4,-9.06512,-7.95618,-15.1101,-13.7367,-14.1256,0.748138,10.5102,15685,31.2731,0.218789,0.000382755,0.998919,48.0379,1330.21,1575.86,0.413516,32234.1,1.13585e-06,1.27468,115.358,84.0544,43.1395,46.7498,0.922773,1703.86,2027.36,1.6363 
13,0.01,13,8049.13,0,5,101,125,0,5,135,-8.88548,-6.95522,-12.4419,-6.41244,-6.94693,229.554,25.1891,17244.3,35.5488,16439.4,-9.77243,-7.84217,-14.2158,-7.29939,-7.83389,0.697302,11.7739,16238.1,22.1337,0.307138,0.000414159,0.999261,38.3343,1128.2,1312.63,0.36207,30619.6,1.11656e-06,1.08989,114.088,84.9184,40.9511,43.9078,0.932662,1535.38,1788.36,1.48407 
14,3,14,9340.74,0,5,101,125,0,5,135,-14.3668,-9.55114,-22.3788,-7.35924,-11.4691,214.023,38.7294,18360.5,47.0232,16439.4,-15.1938,-10.3781,-24.0327,-8.18619,-12.296,0.657101,26.2219,17422.4,34.5156,0.387665,0.000859299,0.998926,67.6406,1383.99,1583.45,0.537608,34229.4,1.15882e-06,1.27748,114.347,84.6352,41.5456,44.1723,0.940537,1580.28,1809.97,1.45945 
15,18,15,6762.56,0,5,101,125,0,5,135,-4.1022,-10.4183,-19.7308,-7.32425,-14.7674,186.701,38.8109,16524.2,30.0609,16439.4,-4.82358,-11.1396,-21.1736,-8.04563,-15.4888,0.651011,27.9001,15705.9,19.1501,0.548348,0.00101406,0.999339,50.8802,1087.94,1222.1,0.279432,29974.4,1.10866e-06,1.04005,114.866,84.5677,44.1254,46.5529,0.947856,1782.64,2010.32,1.70752 
16,9,16,7910.83,0,5,101,125,0,5,135,-5.92511,-7.84907,-16.2252,-8.45338,-10.5833,190.369,33.7401,17207,24.6952,16439.4,-6.66066,-8.58462,-17.6963,-9.18893,-11.3189,0.668914,22.615,16372.6,13.5701,0.581376,0.000788675,0.99955,38.899,1283.64,1470.73,0.378983,32528.1,1.13929e-06,1.20602,114.993,85.8643,43.3285,46.1859,0.938132,1718.83,1978.75,1.61874 
17,15,17,5310.88,0,5,101,125,0,5,135,-2.75404,-6.41259,-13.7574,-8.61368,-14.7122,243.818,13.5026,15553.3,45.8872,16439.4,-3.6961,-7.35465,-15.6416,-9.55574,-15.6542,0.698635,-0.746119,14484.6,31.6385,-0.0200461,-2.94358e-05,0.998816,37.2201,1336.13,1583.81,0.407899,31428.1,1.1263e-06,1.29158,115.57,86.1113,43.3598,46.9774,0.922994,1721.31,2047.15,1.66667 
18,21,18,6158.5,0,5,101,125,0,5,135,-12.5928,-9.48655,-19.0473,-11.0255,-12.5452,207.125,12.3013,15285.9,60.6302,16439.4,-13.3931,-10.2868,-20.6479,-11.8258,-13.3455,0.702904,0.196911,14378.1,48.5258,0.00337016,7.82577e-06,0.998171,58.4278,1027.55,1152.41,0.232385,29195.5,1.09897e-06,0.990188,115.691,86.6178,46.5603,49.1833,0.946669,1984.8,2243.92,1.92033 
19,6,19,5992.31,0,5,101,125,0,5,135,-11.2028,-4.92995,-14.8741,-9.59667,-9.94966,277.643,23.9617,16388.6,25.1082,16439.4,-12.2755,-6.00271,-17.0197,-10.6694,-11.0224,0.701356,7.73628,15171.7,8.88277,0.42055,0.000291296,0.999682,18.3956,1234.12,1386.4,0.39227,29919.8,1.10799e-06,1.18056,114.631,84.209,41.9167,44.1898,0.94856,1608.64,1811.41,1.54065 
20,12,20,7943.07,0,5,101,125,0,5,135,-9.90381,-6.86329,-20.8927,-5.90085,-14.5127,182.281,18.2756,17364.4,42.3113,16439.4,-10.6081,-7.56759,-22.3013,-6.60515,-15.217,0.642029,7.62307,16565.5,31.6588,0.167123,0.00026289,0.998964,45.6136,1270.61,1425.2,0.358187,32512.7,1.13911e-06,1.18135,115.1,85.6586,43.8757,46.2347,0.948979,1762.51,1982.93,1.64117 
21,0.01,21,9673.53,0,5,101,125,0,5,135,-6.31963,-7.14135,-11.5087,-11.6706,-16.1624,202.742,20.4007,18817,47.9524,16439.4,-7.10299,-7.92471,-13.0754,-12.454,-16.9458,0.772613,8.55243,17928.4,36.1041,0.164859,0.000272516,0.998908,51.8774,993.488,1247.6,879.91,25972.5,1.05695e-06,1.05334,115.173,85.4232,40.8591,42.7686,0.955353,1528.49,1696.76,1.52366 
22,3,22,7829.68,0,5,101,125,0,5,135,-12.1958,-7.78329,-20.9783,-13.2774,-5.37804,255.108,5.54561,17490.9,35.2074,16439.4,-13.1814,-8.76897,-22.9497,-14.2631,-6.36372,0.649767,-9.3629,16372.7,20.2988,-0.624372,-0.000326884,0.999327,14.9957,1202.03,1330.24,0.359157,31537.3,1.1276e-06,1.12142,115.175,84.6286,42.4786,44.4529,0.955588,1652.06,1833.04,1.54327 
23,18,23,6822.92,0,5,101,125,0,5,135,-10.9465,-0.794834,-19.9532,-10.4521,-12.2524,227.798,32.9125,16435.5,43.5017,16439.4,-11.8266,-1.675,-21.7135,-11.3323,-13.1326,0.636168,19.6,15437.1,30.1892,0.351085,0.000724999,0.99894,55.827,1236.3,1358.27,0.322357,31034.8,1.12158e-06,1.15538,115.067,84.7568,44.7604,46.7335,0.957779,1834.31,2025.95,1.71878 
24,9,24,8588.71,0,5,101,125,0,5,135,-9.65803,-3.05076,-19.5041,-7.18135,-8.58914,204.707,22.9157,17694.5,58.1658,16439.4,-10.449,-3.84171,-21.086,-7.97229,-9.38008,0.600107,10.9527,16797.2,46.2027,0.16496,0.000372462,0.998509,66.396,1437.23,1651.83,0.574108,33475.6,1.15025e-06,1.33954,114.243,84.5377,41.9571,44.7112,0.938403,1611.74,1854.4,1.503 
25,15,25,6895.84,0,5,101,125,0,5,135,-6.11879,-6.81465,-22.4485,-10.8439,-13.3716,248.132,35.7479,16128.5,56.9271,16439.4,-7.07752,-7.77338,-24.3659,-11.8027,-14.3304,0.627146,21.247,15040.9,42.4263,0.294449,0.000806558,0.998471,72.1586,1052.86,1171.09,0.27437,28747.9,1.09333e-06,1.01562,114.775,85.2815,43.7073,45.8523,0.953218,1749.01,1950.27,1.68925 
26,21,26,7351.91,0,5,101,125,0,5,135,-8.94927,-11.3387,-19.1578,-6.23482,-9.06682,268.861,27.9891,16302,60.6037,16439.4,-9.9881,-12.3775,-21.2355,-7.27364,-10.1056,0.651765,12.2768,15123.6,44.8914,0.1856,0.00046365,0.998391,66.1465,1366.39,1518.12,0.397989,31422.6,1.12623e-06,1.27883,115.474,84.7377,44.187,46.3447,0.953443,1787.62,1992.38,1.67569 
27,6,27,8309.96,0,5,101,125,0,5,135,-9.31505,-11.0291,-22.3951,-4.20906,-13.2977,272.126,21.2779,17566.9,38.8132,16439.4,-10.3665,-12.0805,-24.498,-5.2605,-14.3491,0.631912,5.37489,16374.2,22.9102,0.163534,0.000187538,0.999241,32.8671,1439.36,1596.17,0.489228,33550.9,1.15111e-06,1.31677,115.522,84.2601,43.1156,45.1535,0.954868,1701.98,1891.27,1.55861 
28,12,28,6223.36,0,5,101,125,0,5,135,-9.07552,-8.89168,-27.1077,-11.821,-10.5016,228.128,25.167,16043.2,51.4451,16439.4,-9.95696,-9.77312,-28.8706,-12.7025,-11.383,0.602805,11.8352,15043.4,38.1133,0.205576,0.000449365,0.998627,57.5712,1253.55,1446.49,0.361738,30518,1.11532e-06,1.20734,115.173,84.979,43.3208,46.3597,0.93445,1718.21,1993.67,1.65945 
29,0.01,29,8309.99,0,5,101,125,0,5,135,-7.71058,-8.04967,-21.0795,-3.82475,-13.4934,236.424,48.9169,17942.8,31.6829,16439.4,-8.62407,-8.96317,-22.9065,-4.73824,-14.4069,0.615914,35.1003,16906.6,17.8663,0.620806,0.00118495,0.999427,56.5399,1336.46,1456.3,0.492084,32804,1.1425e-06,1.22109,114.578,84.1863,41.4452,42.9985,0.963875,1572.66,1715.06,1.43747 
30,3,30,9562.32,0,5,101,125,0,5,135,-2.13892,-11.2222,-22.9297,-12.6087,-9.98299,245.112,30.2268,19009.7,61.8877,16439.4,-3.08598,-12.1693,-24.8238,-13.5558,-10.9301,0.615521,15.9024,17935.4,47.5633,0.217906,0.000506402,0.998562,72.9784,990.777,1117.79,0.260982,32542.2,1.13945e-06,0.923574,114.495,84.8522,42.906,45.3857,0.945364,1685.47,1910.78,1.57496 
31,18,31,7770.68,0,5,101,125,0,5,135,-9.9352,-9.32016,-18.826,-11.4493,-13.43,223.181,16.8394,17268.4,67.556,16439.4,-10.7975,-10.1825,-20.5506,-12.3116,-14.2923,0.698382,3.79669,16290.2,54.5133,0.0548554,0.000133163,0.998187,69.2126,1271.57,1422.24,0.34944,32323.1,1.13689e-06,1.18288,115.509,84.5888,44.2739,46.591,0.950268,1794.65,2013.61,1.67209 
32,18,32,8665.52,0,5,101,125,0,5,135,-5.05451,-6.82871,-22.2276,-14.1742,-12.8578,219.171,46.2326,17341.3,57.4359,16439.4,-5.90134,-7.67554,-23.9213,-15.021,-13.7047,0.638782,33.4242,16380.7,44.6276,0.384287,0.00116462,0.998523,86.9773,1367.5,1585.77,0.440924,32293.7,1.13655e-06,1.29568,114.422,83.8375,42.9544,46.0429,0.932922,1689.27,1966.51,1.60365 
33,18,33,7836,0,5,101,125,0,5,135,-14.5796,-11.0993,-20.2971,-12.6401,-10.09,242.154,18.5766,16774.9,57.3065,16439.4,-15.5153,-12.035,-22.1684,-13.5758,-11.0256,0.701717,4.42519,15713.6,43.155,0.0787244,0.000160897,0.998511,56.2112,1098.7,1218.26,0.283121,30035.9,1.10942e-06,1.04283,115.194,84.9123,44.045,46.2211,0.95292,1776.14,1981.76,1.6911 
