cyc,freq,amplitude,time,wait time,cyc2,T,TF,EF,EFkHz,ToTF,wx,wy,wz,bx,by,bz,q,mu0,offs,N,Npix,ENoEF,EkHz,ENoEF2,EkHz2,SNkB,tof,AR,beta_visc
0,20,1.8,0.01,10,0,6.60575e-07,7.58405e-07,1.04709e-29,15.8026,0.871006,1062.49,2846.28,2770.88,5.18941,21.1472,20.3169,-1.45284,-1.32502e-29,1.96397e-13,38939,61497.2,2.52208,39.8554,2.22058,35.0909,-0.165908,0.0066,1.19235,6.683e-06 
1,20,1.8,10,0.01,1,7.65803e-07,7.05685e-07,9.74305e-30,14.7041,1.08519,1062.49,2846.28,2770.88,5.18941,21.1472,20.3169,-2.0803,-2.19951e-29,-2.25891e-13,31370,50726.5,3.18798,46.8765,2.86197,42.0827,-0.774647,0.0066,1.11762,6.683e-06 
2,20,1.8,10,0.01,2,7.62292e-07,7.60092e-07,1.04942e-29,15.8378,1.00289,1062.49,2846.28,2770.88,5.18941,21.1472,20.3169,-1.85362,-1.95086e-29,-4.80932e-13,39199.5,61715.3,2.93272,46.4477,2.60611,41.275,-0.553956,0.0066,1.15922,6.683e-06 
3,20,1.8,10,0.01,3,7.47313e-07,7.71042e-07,1.06454e-29,16.0659,0.969224,1062.49,2846.28,2770.88,5.18941,21.1472,20.3169,-1.75603,-1.81183e-29,-3.7879e-13,40918.2,63950.2,2.82797,45.434,2.50477,40.2414,-0.459243,0.0066,1.16568,6.683e-06 
4,20,1.8,10,0.01,4,7.53702e-07,7.67336e-07,1.05942e-29,15.9887,0.982232,1062.49,2846.28,2770.88,5.18941,21.1472,20.3169,-1.79409,-1.86692e-29,-7.23188e-13,40330.9,62956.8,2.86846,45.8629,2.54369,40.6702,-0.496154,0.0066,1.1145,6.683e-06 
5,20,1.8,0.01,10,5,6.92737e-07,6.99376e-07,9.65594e-30,14.5727,0.990506,1062.49,2846.28,2770.88,5.18941,21.1472,20.3169,-1.81806,-1.73884e-29,6.79232e-13,30536.2,51004.6,2.8942,42.1761,2.56859,37.4312,-0.519422,0.0066,1.12014,6.683e-06 
6,20,1.8,0.01,10,6,6.8567e-07,7.43766e-07,1.02688e-29,15.4976,0.92189,1062.49,2846.28,2770.88,5.18941,21.1472,20.3169,-1.61358,-1.52753e-29,2.53577e-13,36727.5,59134,2.68046,41.5407,2.36565,36.662,-0.321331,0.0066,1.17554,6.683e-06 
7,20,1.8,10,0.01,7,7.60267e-07,7.3675e-07,1.01719e-29,15.3514,1.03192,1062.49,2846.28,2770.88,5.18941,21.1472,20.3169,-1.93542,-2.03154e-29,-4.79362e-13,35697.9,56287.7,3.02287,46.4053,2.69504,41.3726,-0.63348,0.0066,1.1189,6.683e-06 
8,20,1.8,10,0.01,8,7.90572e-07,7.26297e-07,1.00276e-29,15.1336,1.0885,1062.49,2846.28,2770.88,5.18941,21.1472,20.3169,-2.08908,-2.28024e-29,-5.16812e-13,34199.9,54154.9,3.19822,48.4006,2.87249,43.471,-0.783213,0.0066,1.13421,6.683e-06 
9,20,1.8,0.01,10,9,7.1158e-07,7.58479e-07,1.04719e-29,15.8042,0.938166,1062.49,2846.28,2770.88,5.18941,21.1472,20.3169,-1.66329,-1.63408e-29,-3.89917e-13,38950.5,60678.5,2.73122,43.1646,2.41304,38.1361,-0.369407,0.0066,1.17379,6.683e-06 
10,20,1.8,0.01,10,10,7.10199e-07,7.31082e-07,1.00937e-29,15.2333,0.971436,1062.49,2846.28,2770.88,5.18941,21.1472,20.3169,-1.76253,-1.72823e-29,-8.09612e-13,34880.2,52557,2.83486,43.1842,2.51136,38.2563,-0.465549,0.0066,1.19054,6.683e-06 
11,20,1.8,10,0.01,11,7.46209e-07,7.04687e-07,9.72926e-30,14.6833,1.05892,1062.49,2846.28,2770.88,5.18941,21.1472,20.3169,-2.00968,-2.07048e-29,1.70617e-13,31237.1,51088.5,3.10663,45.6156,2.77906,40.8058,-0.705785,0.0066,1.11794,6.683e-06 
12,20,1.8,0.01,10,12,6.79505e-07,7.71997e-07,1.06586e-29,16.0858,0.880192,1062.49,2846.28,2770.88,5.18941,21.1472,20.3169,-1.48249,-1.39082e-29,-3.38606e-13,41070.3,62452.8,2.55061,41.0287,2.24642,36.1355,-0.194587,0.0066,1.2559,6.683e-06 
13,20,1.8,0.01,10,13,6.71835e-07,7.57913e-07,1.04641e-29,15.7924,0.886428,1062.49,2846.28,2770.88,5.18941,21.1472,20.3169,-1.50246,-1.39364e-29,-3.79113e-13,38863.3,59424.4,2.57,40.5863,2.26405,35.7547,-0.213898,0.0066,1.20974,6.683e-06 
14,20,1.8,0.01,10,14,6.95529e-07,7.21066e-07,9.9554e-30,15.0246,0.964585,1062.49,2846.28,2770.88,5.18941,21.1472,20.3169,-1.74234,-1.67314e-29,-4.24289e-13,33466.2,51021.8,2.81353,42.2721,2.49096,37.4256,-0.445977,0.0066,1.19962,6.683e-06 
15,20,1.8,10,0.01,15,7.39405e-07,7.45865e-07,1.02978e-29,15.5413,0.991338,1062.49,2846.28,2770.88,5.18941,21.1472,20.3169,-1.82046,-1.85843e-29,-9.49033e-13,37039.3,55199.9,2.89678,45.0198,2.57111,39.9584,-0.521753,0.0066,1.18171,6.683e-06 
16,20,1.8,10,0.01,16,7.5583e-07,7.18341e-07,9.91778e-30,14.9678,1.05219,1062.49,2846.28,2770.88,5.18941,21.1472,20.3169,-1.99132,-2.07802e-29,-4.25865e-13,33088.2,52267.2,3.08575,46.1869,2.75799,41.281,-0.6879,0.0066,1.11475,6.683e-06 
17,20,1.8,0.01,10,17,6.75594e-07,7.68755e-07,1.06138e-29,16.0183,0.878816,1062.49,2846.28,2770.88,5.18941,21.1472,20.3169,-1.47807,-1.37868e-29,-2.9091e-13,40555.1,63429.9,2.54635,40.7881,2.24254,35.9216,-0.190299,0.0066,1.14976,6.683e-06 
18,20,1.8,10,0.01,18,8.0061e-07,7.55074e-07,1.04249e-29,15.7332,1.06031,1062.49,2846.28,2770.88,5.18941,21.1472,20.3169,-2.01344,-2.22558e-29,-9.25766e-13,38428.2,60372.6,3.11092,48.9447,2.7834,43.7918,-0.709449,0.0066,1.1089,6.683e-06 
19,20,1.8,0.01,10,19,6.79174e-07,7.53043e-07,1.03969e-29,15.6909,0.901906,1062.49,2846.28,2770.88,5.18941,21.1472,20.3169,-1.55147,-1.45482e-29,-2.64578e-13,38118.9,58797.2,2.61814,41.0809,2.30812,36.2164,-0.2613,0.0066,1.24102,6.683e-06 
20,30,1.8,0.01,10,20,7.12146e-07,7.62502e-07,1.05275e-29,15.888,0.933959,1062.49,2846.28,2770.88,5.18941,21.1472,20.3169,-1.65051,-1.62282e-29,-4.63405e-13,39573.5,60936.5,2.7181,43.1851,2.40075,38.1431,-0.357046,0.0066,1.2056,6.683e-06 
21,30,1.8,10,0.01,21,7.53358e-07,7.53895e-07,1.04087e-29,15.7086,0.999287,1062.49,2846.28,2770.88,5.18941,21.1472,20.3169,-1.84331,-1.91727e-29,2.99268e-13,38248.5,62544.4,2.9215,45.8928,2.59516,40.7664,-0.543937,0.0066,1.15648,6.683e-06 
22,30,1.8,10,0.01,22,7.92021e-07,7.46709e-07,1.03094e-29,15.5589,1.06068,1062.49,2846.28,2770.88,5.18941,21.1472,20.3169,-2.01446,-2.20282e-29,-5.57403e-13,37165.2,57735.1,3.11208,48.4206,2.78458,43.325,-0.710442,0.0066,1.17562,6.683e-06 
24,30,1.8,10,0.01,24,7.77822e-07,7.59271e-07,1.04829e-29,15.8207,1.02443,1062.49,2846.28,2770.88,5.18941,21.1472,20.3169,-1.91452,-2.056e-29,-6.30084e-13,39072.6,60390,2.99963,47.4561,2.67196,42.2722,-0.61315,0.0066,1.16218,6.683e-06 
25,30,1.8,0.01,10,25,6.86631e-07,7.49509e-07,1.03481e-29,15.6172,0.916109,1062.49,2846.28,2770.88,5.18941,21.1472,20.3169,-1.59574,-1.51276e-29,1.07807e-14,37584.7,58749,2.66243,41.5798,2.34894,36.6839,-0.304082,0.0066,1.21697,6.683e-06 
26,30,1.8,0.01,10,26,6.88319e-07,7.48688e-07,1.03368e-29,15.6002,0.919366,1062.49,2846.28,2770.88,5.18941,21.1472,20.3169,-1.60581,-1.52604e-29,-2.53508e-13,37461.5,58575.9,2.67259,41.6929,2.35835,36.7906,-0.31381,0.0066,1.15884,6.683e-06 
27,30,1.8,10,0.01,27,7.95678e-07,7.09607e-07,9.7972e-30,14.7858,1.12129,1062.49,2846.28,2770.88,5.18941,21.1472,20.3169,-2.17486,-2.3892e-29,2.67615e-14,31896,52390.1,3.29965,48.788,2.97779,44.0291,-0.866984,0.0066,1.12361,6.683e-06 
28,30,1.8,10,0.01,28,8.0319e-07,7.18765e-07,9.92363e-30,14.9766,1.11746,1062.49,2846.28,2770.88,5.18941,21.1472,20.3169,-2.16495,-2.40076e-29,-8.17151e-13,33146.9,52040.9,3.28779,49.2401,2.96538,44.4115,-0.857298,0.0066,1.08682,6.683e-06 
29,30,1.8,0.01,10,29,6.89432e-07,7.2397e-07,9.99549e-30,15.0851,0.952294,1062.49,2846.28,2770.88,5.18941,21.1472,20.3169,-1.70581,-1.6237e-29,-3.51515e-13,33872.1,52831.5,2.77524,41.8648,2.45456,37.0272,-0.410573,0.0066,1.1374,6.683e-06 
30,30,1.8,0.01,10,30,7.40915e-07,7.15704e-07,9.88137e-30,14.9129,1.03522,1062.49,2846.28,2770.88,5.18941,21.1472,20.3169,-1.9446,-1.98922e-29,-4.60045e-13,32725.2,52597,3.03313,45.2326,2.70525,40.3431,-0.642414,0.0066,1.10217,6.683e-06 
31,30,1.8,10,0.01,31,7.81778e-07,7.06461e-07,9.75375e-30,14.7203,1.10661,1062.49,2846.28,2770.88,5.18941,21.1472,20.3169,-2.13675,-2.30633e-29,-1.74904e-13,31473.6,52103.8,3.25426,47.9037,2.93043,43.1368,-0.82975,0.0066,1.04581,6.683e-06 
32,30,1.8,0.01,10,32,7.0465e-07,7.09334e-07,9.79342e-30,14.7801,0.993396,1062.49,2846.28,2770.88,5.18941,21.1472,20.3169,-1.82639,-1.77685e-29,-4.34505e-13,31859.1,49053.7,2.90318,42.9095,2.57732,38.0932,-0.52751,0.0066,1.15261,6.683e-06 
33,30,1.8,0.01,10,33,6.69608e-07,7.28996e-07,1.00649e-29,15.1898,0.918534,1062.49,2846.28,2770.88,5.18941,21.1472,20.3169,-1.60324,-1.48219e-29,-2.5002e-13,34582.6,53922.1,2.67,40.5568,2.35595,35.7864,-0.311329,0.0066,1.14439,6.683e-06 
34,30,1.8,0.01,10,34,7.03149e-07,7.48514e-07,1.03344e-29,15.5965,0.939392,1062.49,2846.28,2770.88,5.18941,21.1472,20.3169,-1.667,-1.61833e-29,-5.72777e-13,37435.4,56779.3,2.73504,42.6571,2.41663,37.6911,-0.372999,0.0066,1.23555,6.683e-06 
35,30,1.8,10,0.01,35,7.93025e-07,7.40652e-07,1.02258e-29,15.4327,1.07071,1062.49,2846.28,2770.88,5.18941,21.1472,20.3169,-2.04157,-2.23529e-29,-1.18729e-12,36268.1,55770,3.14316,48.5075,2.81613,43.4605,-0.736865,0.0066,1.08628,6.683e-06 
36,30,1.8,10,0.01,36,8.17428e-07,7.28151e-07,1.00532e-29,15.1722,1.12261,1062.49,2846.28,2770.88,5.18941,21.1472,20.3169,-2.17825,-2.45833e-29,-1.42685e-12,34462.5,50427.6,3.30371,50.1246,2.98205,45.2443,-0.870299,0.0066,1.17511,6.683e-06 
37,30,1.8,0.01,10,37,6.8181e-07,7.60143e-07,1.04949e-29,15.8388,0.896949,1062.49,2846.28,2770.88,5.18941,21.1472,20.3169,-1.53587,-1.44577e-29,-4.84062e-13,39207.3,60476.2,2.60271,41.2239,2.29396,36.3336,-0.246204,0.0066,1.15179,6.683e-06 
38,30,1.8,10,0.01,38,7.8133e-07,7.35445e-07,1.01539e-29,15.3242,1.06239,1062.49,2846.28,2770.88,5.18941,21.1472,20.3169,-2.01909,-2.17808e-29,-2.76055e-13,35508.6,56494.3,3.11738,47.7713,2.78994,42.7536,-0.714957,0.0066,1.12108,6.683e-06 
39,30,1.8,0.01,10,39,7.03302e-07,7.50349e-07,1.03597e-29,15.6348,0.937299,1062.49,2846.28,2770.88,5.18941,21.1472,20.3169,-1.66066,-1.61252e-29,-1.82055e-13,37711.3,58441.3,2.72851,42.6596,2.41051,37.6877,-0.366863,0.0066,1.19874,6.683e-06 
40,40,1.35,0.01,10,40,6.72722e-07,7.40491e-07,1.02236e-29,15.4293,0.908482,1062.49,2846.28,2770.88,5.18941,21.1472,20.3169,-1.57205,-1.46011e-29,1.35955e-13,36244.4,57168.6,2.63863,40.7124,2.32697,35.9037,-0.28119,0.0066,1.18419,6.683e-06 
41,40,1.35,10,0.01,41,7.85259e-07,7.30276e-07,1.00826e-29,15.2165,1.07529,1062.49,2846.28,2770.88,5.18941,21.1472,20.3169,-2.05386,-2.22674e-29,-8.00332e-13,34765.1,52682.1,3.15734,48.0437,2.83059,43.0716,-0.748856,0.0066,1.19445,6.683e-06 
42,40,1.35,10,0.01,42,7.82768e-07,7.06701e-07,9.75707e-30,14.7253,1.10764,1062.49,2846.28,2770.88,5.18941,21.1472,20.3169,-2.13942,-2.31214e-29,-1.31952e-12,31505.6,47547.7,3.25743,47.9666,2.93373,43.1999,-0.832363,0.0066,1.09995,6.683e-06 
43,40,1.35,10,0.01,43,7.69533e-07,7.11036e-07,9.81693e-30,14.8156,1.08227,1062.49,2846.28,2770.88,5.18941,21.1472,20.3169,-2.07252,-2.20196e-29,-4.56944e-13,32089.1,49228.2,3.17894,47.0979,2.85269,42.2643,-0.767061,0.0066,1.17841,6.683e-06 
44,40,1.35,10,0.01,44,7.55707e-07,7.34349e-07,1.01388e-29,15.3014,1.02909,1062.49,2846.28,2770.88,5.18941,21.1472,20.3169,-1.92752,-2.01112e-29,-1.20265e-12,35349.9,52579.7,3.01407,46.1194,2.68629,41.1039,-0.625798,0.0066,1.15336,6.683e-06 
45,40,1.35,0.01,10,45,6.94187e-07,7.40496e-07,1.02237e-29,15.4295,0.937462,1062.49,2846.28,2770.88,5.18941,21.1472,20.3169,-1.66115,-1.5921e-29,-4.08268e-13,36245.2,55395.9,2.72902,42.1073,2.41098,37.2002,-0.367341,0.0066,1.21142,6.683e-06 
46,40,1.35,0.01,10,46,7.02414e-07,7.077e-07,9.77086e-30,14.7461,0.992532,1062.49,2846.28,2770.88,5.18941,21.1472,20.3169,-1.8239,-1.7688e-29,-1.26814e-13,31639.4,49527.1,2.90049,42.7709,2.57471,37.9669,-0.525092,0.0066,1.17848,6.683e-06 
47,40,1.35,10,0.01,47,7.63294e-07,7.18855e-07,9.92488e-30,14.9785,1.06182,1062.49,2846.28,2770.88,5.18941,21.1472,20.3169,-2.01754,-2.12617e-29,-6.75589e-13,33159.4,52173.1,3.11561,46.6672,2.78814,41.7623,-0.713447,0.0066,1.1014,6.683e-06 
48,40,1.35,10,0.01,48,8.10064e-07,7.18919e-07,9.92575e-30,14.9799,1.12678,1062.49,2846.28,2770.88,5.18941,21.1472,20.3169,-2.18899,-2.4482e-29,-6.67087e-13,33168.1,52776.2,3.3166,49.6822,2.99558,44.8734,-0.880796,0.0066,1.10791,6.683e-06 
49,40,1.35,0.01,10,49,7.06407e-07,6.98301e-07,9.6411e-30,14.5503,1.01161,1062.49,2846.28,2770.88,5.18941,21.1472,20.3169,-1.8784,-1.832e-29,4.17924e-13,30395.6,49820.1,2.95979,43.0657,2.63265,38.3058,-0.57803,0.0066,1.15879,6.683e-06 
50,40,1.35,0.01,10,50,7.09597e-07,7.11231e-07,9.81962e-30,14.8197,0.997703,1062.49,2846.28,2770.88,5.18941,21.1472,20.3169,-1.83877,-1.80145e-29,-3.93333e-13,32115.5,49802,2.91657,43.2227,2.59035,38.3882,-0.539526,0.0066,1.15422,6.683e-06 
51,40,1.35,10,0.01,51,7.75909e-07,7.47435e-07,1.03195e-29,15.574,1.0381,1062.49,2846.28,2770.88,5.18941,21.1472,20.3169,-1.95256,-2.0917e-29,-9.48533e-13,37273.6,56637.8,3.04204,47.3768,2.71415,42.2702,-0.650159,0.0066,1.14877,6.683e-06 
52,40,1.35,0.01,10,52,7.18575e-07,7.18353e-07,9.91795e-30,14.9681,1.00031,1062.49,2846.28,2770.88,5.18941,21.1472,20.3169,-1.84623,-1.83164e-29,2.25769e-13,33090,53351.8,2.92467,43.7767,2.59825,38.8909,-0.546774,0.0066,1.17001,6.683e-06 
53,40,1.35,0.01,10,53,7.01924e-07,7.2499e-07,1.00096e-29,15.1064,0.968185,1062.49,2846.28,2770.88,5.18941,21.1472,20.3169,-1.75297,-1.69882e-29,-7.20713e-13,34015.6,50576.8,2.82474,42.6715,2.50167,37.7911,-0.456275,0.0066,1.19395,6.683e-06 
54,40,1.35,0.01,10,54,7.25831e-07,7.29328e-07,1.00695e-29,15.1967,0.995206,1062.49,2846.28,2770.88,5.18941,21.1472,20.3169,-1.8316,-1.83548e-29,-7.28392e-13,34629.8,52550.9,2.90881,44.2044,2.58279,39.2501,-0.532564,0.0066,1.19669,6.683e-06 
55,40,1.35,10,0.01,55,8.02718e-07,7.31354e-07,1.00974e-29,15.239,1.09758,1062.49,2846.28,2770.88,5.18941,21.1472,20.3169,-2.11307,-2.34185e-29,-5.08895e-13,34919.2,55497.1,3.22632,49.1658,2.90147,44.2153,-0.806625,0.0066,1.14556,6.683e-06 
56,40,1.35,10,0.01,56,8.07934e-07,7.31552e-07,1.01002e-29,15.2431,1.10441,1062.49,2846.28,2770.88,5.18941,21.1472,20.3169,-2.13099,-2.37706e-29,-7.26202e-13,34947.6,54953.9,3.24745,49.5012,2.92336,44.561,-0.824126,0.0066,1.12839,6.683e-06 
57,40,1.35,0.01,10,57,7.31266e-07,7.49784e-07,1.03519e-29,15.623,0.975302,1062.49,2846.28,2770.88,5.18941,21.1472,20.3169,-1.77387,-1.79093e-29,-9.7115e-13,37626.2,56633,2.84689,44.4769,2.52291,39.4154,-0.476539,0.0066,1.22143,6.683e-06 
58,40,1.35,10,0.01,58,7.8565e-07,7.32355e-07,1.01113e-29,15.2598,1.07277,1062.49,2846.28,2770.88,5.18941,21.1472,20.3169,-2.0471,-2.22051e-29,-5.58408e-13,35062.8,54274.1,3.14954,48.0614,2.82262,43.0728,-0.742262,0.0066,1.18976,6.683e-06 
59,40,1.35,0.01,10,59,6.89316e-07,7.20865e-07,9.95263e-30,15.0204,0.956234,1062.49,2846.28,2770.88,5.18941,21.1472,20.3169,-1.71757,-1.63462e-29,-1.17315e-13,33438.3,52030.6,2.78752,41.8697,2.4662,37.0433,-0.421965,0.0066,1.18665,6.683e-06 
60,60,1.15,0.01,10,60,6.88073e-07,7.33685e-07,1.01296e-29,15.2875,0.937831,1062.49,2846.28,2770.88,5.18941,21.1472,20.3169,-1.66227,-1.57914e-29,4.36267e-14,35254.2,56465.1,2.73017,41.7376,2.41206,36.8745,-0.368423,0.0066,1.1502,6.683e-06 
61,60,1.15,10,0.01,61,7.90719e-07,6.8587e-07,9.46946e-30,14.2912,1.15287,1062.49,2846.28,2770.88,5.18941,21.1472,20.3169,-2.25532,-2.46214e-29,-4.82779e-13,28800.9,46333.9,3.39716,48.5495,3.08085,44.0291,-0.945675,0.0066,1.06884,6.683e-06 
62,60,1.15,10,0.01,62,8.18053e-07,7.33179e-07,1.01226e-29,15.277,1.11576,1062.49,2846.28,2770.88,5.18941,21.1472,20.3169,-2.16055,-2.44023e-29,-9.63915e-13,35181.2,55036.4,3.28255,50.1475,2.95991,45.2184,-0.853005,0.0066,1.11157,6.683e-06 
63,60,1.15,10,0.01,63,8.0889e-07,7.19748e-07,9.93721e-30,14.9971,1.12385,1062.49,2846.28,2770.88,5.18941,21.1472,20.3169,-2.18145,-2.43623e-29,-8.63945e-13,33283.1,51615.7,3.30755,49.6038,2.98608,44.7826,-0.87343,0.0066,1.13418,6.683e-06 
64,60,1.15,10,0.01,64,8.06122e-07,7.20817e-07,9.95196e-30,15.0194,1.11835,1062.49,2846.28,2770.88,5.18941,21.1472,20.3169,-2.16724,-2.41208e-29,-6.90796e-13,33431.5,53996.3,3.29054,49.4219,2.96825,44.5814,-0.859543,0.0066,1.06131,6.683e-06 
65,60,1.15,0.01,10,65,6.99987e-07,7.55862e-07,1.04358e-29,15.7496,0.926078,1062.49,2846.28,2770.88,5.18941,21.1472,20.3169,-1.62645,-1.57186e-29,-4.21525e-13,38548.6,59951.4,2.69352,42.422,2.3778,37.4495,-0.333768,0.0066,1.1894,6.683e-06 
66,60,1.15,0.01,10,66,7.17702e-07,7.0396e-07,9.71922e-30,14.6682,1.01952,1062.49,2846.28,2770.88,5.18941,21.1472,20.3169,-1.90073,-1.88343e-29,-4.44097e-13,31140.5,48181,2.98437,43.7753,2.65687,38.9715,-0.599743,0.0066,1.18487,6.683e-06 
67,60,1.15,10,0.01,67,7.95015e-07,7.18943e-07,9.92609e-30,14.9804,1.10581,1062.49,2846.28,2770.88,5.18941,21.1472,20.3169,-2.13465,-2.34307e-29,-1.07261e-12,33171.5,50831.7,3.25178,48.7129,2.92786,43.8603,-0.827703,0.0066,1.12876,6.683e-06 
68,60,1.15,10,0.01,68,7.71073e-07,7.55229e-07,1.04271e-29,15.7364,1.02098,1062.49,2846.28,2770.88,5.18941,21.1472,20.3169,-1.90483,-2.02785e-29,-5.07385e-13,38451.9,61229.7,2.9889,47.0346,2.66135,41.8801,-0.603727,0.0066,1.09915,6.683e-06 
69,60,1.15,0.01,10,69,7.10435e-07,7.2598e-07,1.00232e-29,15.127,0.978587,1062.49,2846.28,2770.88,5.18941,21.1472,20.3169,-1.78347,-1.74933e-29,-2.11309e-13,34155.1,54839.5,2.85711,43.2195,2.53275,38.3129,-0.485852,0.0066,1.11539,6.683e-06 
70,60,1.15,0.01,10,70,6.85306e-07,7.39662e-07,1.02122e-29,15.4121,0.926512,1062.49,2846.28,2770.88,5.18941,21.1472,20.3169,-1.62778,-1.54015e-29,-5.55211e-13,36122.9,55814,2.69488,41.5337,2.37906,36.6663,-0.335055,0.0066,1.16038,6.683e-06 
71,60,1.15,10,0.01,71,7.78643e-07,7.27864e-07,1.00493e-29,15.1663,1.06976,1062.49,2846.28,2770.88,5.18941,21.1472,20.3169,-2.03901,-2.19201e-29,-1.30207e-12,34421.8,52131.5,3.14022,47.6254,2.81313,42.6647,-0.734374,0.0066,1.10905,6.683e-06 
72,60,1.15,0.01,10,72,7.20691e-07,7.33941e-07,1.01332e-29,15.2929,0.981946,1062.49,2846.28,2770.88,5.18941,21.1472,20.3169,-1.79325,-1.78433e-29,-9.25069e-13,35291.2,53296.2,2.86757,43.8533,2.54283,38.8871,-0.495347,0.0066,1.21736,6.683e-06 
73,60,1.15,0.01,10,73,7.0627e-07,7.38021e-07,1.01895e-29,15.3779,0.956978,1062.49,2846.28,2770.88,5.18941,21.1472,20.3169,-1.71978,-1.67698e-29,-2.20323e-13,35883,55257.7,2.78984,42.9018,2.4684,37.9587,-0.42411,0.0066,1.21608,6.683e-06 
74,60,1.15,0.01,10,74,7.02407e-07,6.94454e-07,9.58798e-30,14.4701,1.01145,1062.49,2846.28,2770.88,5.18941,21.1472,20.3169,-1.87796,-1.8212e-29,-3.6818e-13,29895.9,47051.4,2.95931,42.8215,2.63218,38.0879,-0.577603,0.0066,1.11981,6.683e-06 
75,60,1.15,10,0.01,75,8.01552e-07,7.22116e-07,9.9699e-30,15.0465,1.11,1062.49,2846.28,2770.88,5.18941,21.1472,20.3169,-2.14559,-2.37445e-29,-9.28375e-13,33612.7,51334.1,3.26475,49.123,2.94134,44.2568,-0.83839,0.0066,1.18866,6.683e-06 
76,60,1.15,10,0.01,76,8.43958e-07,7.2497e-07,1.00093e-29,15.1059,1.16413,1062.49,2846.28,2770.88,5.18941,21.1472,20.3169,-2.28351,-2.66078e-29,-8.34053e-13,34012.8,53744.8,3.43188,51.8419,3.11798,47.1001,-0.973278,0.0066,1.10228,6.683e-06 
77,60,1.15,0.01,10,77,7.33077e-07,7.13851e-07,9.85578e-30,14.8743,1.02693,1062.49,2846.28,2770.88,5.18941,21.1472,20.3169,-1.92151,-1.94481e-29,-6.09439e-13,32471.6,49455.8,3.00739,44.7327,2.67966,39.8579,-0.619951,0.0066,1.22161,6.683e-06 
78,60,1.15,10,0.01,78,7.78332e-07,7.45767e-07,1.02964e-29,15.5393,1.04367,1062.49,2846.28,2770.88,5.18941,21.1472,20.3169,-1.96794,-2.11475e-29,-9.11685e-13,37024.6,56330.5,3.05932,47.5396,2.73144,42.4446,-0.665129,0.0066,1.18837,6.683e-06 
79,60,1.15,0.01,10,79,7.01945e-07,7.27509e-07,1.00444e-29,15.1588,0.964861,1062.49,2846.28,2770.88,5.18941,21.1472,20.3169,-1.74316,-1.68937e-29,1.53478e-13,34371.3,55888.5,2.81439,42.6628,2.49178,37.7725,-0.446767,0.0066,1.14629,6.683e-06 
80,80,0.95,0.01,10,80,7.2094e-07,7.11578e-07,9.8244e-30,14.8269,1.01316,1062.49,2846.28,2770.88,5.18941,21.1472,20.3169,-1.88278,-1.87406e-29,-4.59266e-13,32162.4,49304.1,2.9646,43.9558,2.63739,39.1042,-0.58229,0.0066,1.21353,6.683e-06 
81,80,0.95,10,0.01,81,7.61741e-07,7.51916e-07,1.03813e-29,15.6674,1.01307,1062.49,2846.28,2770.88,5.18941,21.1472,20.3169,-1.88253,-1.97985e-29,-1.11103e-13,37948,59924.6,2.96432,46.4432,2.63711,41.3167,-0.582043,0.0066,1.17427,6.683e-06 
82,80,0.95,10,0.01,82,7.96566e-07,7.30857e-07,1.00906e-29,15.2286,1.08991,1062.49,2846.28,2770.88,5.18941,21.1472,20.3169,-2.09281,-2.30163e-29,-5.01778e-13,34848,55214.8,3.20258,48.7708,2.87697,43.8123,-0.786857,0.0066,1.1425,6.683e-06 
83,80,0.95,10,0.01,83,7.90544e-07,7.21965e-07,9.96782e-30,15.0433,1.09499,1062.49,2846.28,2770.88,5.18941,21.1472,20.3169,-2.10624,-2.29889e-29,-6.34427e-13,33591.6,52630.8,3.21831,48.4141,2.89319,43.5232,-0.799964,0.0066,1.12376,6.683e-06 
84,80,0.95,10,0.01,84,7.98979e-07,7.33179e-07,1.01226e-29,15.277,1.08975,1062.49,2846.28,2770.88,5.18941,21.1472,20.3169,-2.09239,-2.30814e-29,-1.50119e-12,35181.3,54213.3,3.20209,48.9182,2.87646,43.9437,-0.786443,0.0066,1.06472,6.683e-06 
85,80,0.95,0.01,10,85,6.71665e-07,7.43037e-07,1.02587e-29,15.4824,0.903946,1062.49,2846.28,2770.88,5.18941,21.1472,20.3169,-1.55788,-1.44468e-29,7.98461e-14,36619.5,58077.4,2.62446,40.633,2.31396,35.8256,-0.26751,0.0066,1.16876,6.683e-06 
86,80,0.95,0.01,10,86,7.10373e-07,7.22159e-07,9.97049e-30,15.0474,0.983679,1062.49,2846.28,2770.88,5.18941,21.1472,20.3169,-1.79829,-1.76372e-29,-3.74872e-13,33618.6,51744.9,2.87296,43.2305,2.54803,38.3412,-0.500237,0.0066,1.1604,6.683e-06 
87,80,0.95,10,0.01,87,7.88749e-07,7.10717e-07,9.81252e-30,14.809,1.10979,1062.49,2846.28,2770.88,5.18941,21.1472,20.3169,-2.14504,-2.33592e-29,-9.07393e-13,32045.9,49342.7,3.2641,48.3379,2.94066,43.5482,-0.837853,0.0066,1.11293,6.683e-06 
88,80,0.95,10,0.01,88,7.74468e-07,7.35052e-07,1.01485e-29,15.316,1.05362,1062.49,2846.28,2770.88,5.18941,21.1472,20.3169,-1.99524,-2.13345e-29,-3.64628e-13,35451.5,56348.6,3.0902,47.3295,2.76247,42.3101,-0.691721,0.0066,1.1049,6.683e-06 
89,80,0.95,0.01,10,89,7.43386e-07,7.11375e-07,9.8216e-30,14.8227,1.045,1062.49,2846.28,2770.88,5.18941,21.1472,20.3169,-1.97161,-2.02357e-29,-1.06032e-12,32134.9,48194.7,3.06345,45.4086,2.73558,40.5486,-0.668701,0.0066,1.20552,6.683e-06 
90,80,0.95,0.01,10,90,7.26967e-07,7.01475e-07,9.68492e-30,14.6164,1.03634,1062.49,2846.28,2770.88,5.18941,21.1472,20.3169,-1.9477,-1.95488e-29,-1.07062e-12,30811.9,46477.5,3.03659,44.3839,2.70871,39.5915,-0.645425,0.0066,1.13331,6.683e-06 
91,80,0.95,10,0.01,91,7.61423e-07,7.30179e-07,1.00812e-29,15.2145,1.04279,1062.49,2846.28,2770.88,5.18941,21.1472,20.3169,-1.96552,-2.06628e-29,-5.71924e-13,34751.2,53778.2,3.0566,46.5046,2.72871,41.516,-0.662779,0.0066,1.13124,6.683e-06 
92,80,0.95,0.01,10,92,6.81559e-07,7.02887e-07,9.70442e-30,14.6458,0.969655,1062.49,2846.28,2770.88,5.18941,21.1472,20.3169,-1.7573,-1.65361e-29,4.17035e-13,30998.4,51091,2.82931,41.4376,2.50605,36.7032,-0.460472,0.0066,1.12447,6.683e-06 
93,80,0.95,0.01,10,93,6.98471e-07,7.6745e-07,1.05958e-29,15.9911,0.910119,1062.49,2846.28,2770.88,5.18941,21.1472,20.3169,-1.57715,-1.52092e-29,-1.44364e-12,40348.9,58140.6,2.64374,42.2763,2.33168,37.2861,-0.286117,0.0066,1.2241,6.683e-06 
94,80,0.95,0.01,10,94,6.93604e-07,7.12165e-07,9.83251e-30,14.8391,0.973937,1062.49,2846.28,2770.88,5.18941,21.1472,20.3169,-1.76987,-1.69487e-29,-2.18471e-13,32242.1,51296.4,2.84264,42.1824,2.51883,37.3773,-0.472664,0.0066,1.10231,6.683e-06 
95,80,0.95,10,0.01,95,7.80658e-07,7.28631e-07,1.00598e-29,15.1822,1.0714,1062.49,2846.28,2770.88,5.18941,21.1472,20.3169,-2.04343,-2.20244e-29,-3.0889e-13,34530.6,55301.9,3.14531,47.7527,2.81831,42.7882,-0.738679,0.0066,1.1307,6.683e-06 
96,80,0.95,10,0.01,96,7.85079e-07,7.44299e-07,1.02762e-29,15.5087,1.05479,1062.49,2846.28,2770.88,5.18941,21.1472,20.3169,-1.99843,-2.16614e-29,-1.36642e-12,36806.5,54882.3,3.09382,47.9811,2.76612,42.8989,-0.694823,0.0066,1.16988,6.683e-06 
97,80,0.95,0.01,10,97,6.99329e-07,7.51767e-07,1.03793e-29,15.6643,0.930247,1062.49,2846.28,2770.88,5.18941,21.1472,20.3169,-1.6392,-1.58269e-29,-7.04714e-13,37925.6,57261.4,2.70652,42.3958,2.38993,37.4366,-0.346102,0.0066,1.17866,6.683e-06 
98,80,0.95,10,0.01,98,7.20016e-07,7.49601e-07,1.03494e-29,15.6192,0.960532,1062.49,2846.28,2770.88,5.18941,21.1472,20.3169,-1.73034,-1.72012e-29,-1.54611e-13,37598.7,59067.6,2.80091,43.7479,2.47893,38.7188,-0.434346,0.0066,1.16038,6.683e-06 
99,80,0.95,0.01,10,99,7.37092e-07,7.08107e-07,9.77648e-30,14.7546,1.04093,1062.49,2846.28,2770.88,5.18941,21.1472,20.3169,-1.9604,-1.99503e-29,-6.64686e-13,31694.1,48820.7,3.05084,45.0138,2.72295,40.1759,-0.657791,0.0066,1.17024,6.683e-06 
100,100,0.85,0.01,10,100,6.8765e-07,7.42908e-07,1.0257e-29,15.4797,0.925619,1062.49,2846.28,2770.88,5.18941,21.1472,20.3169,-1.62504,-1.54282e-29,-1.66561e-13,36600.5,57167.6,2.69209,41.6728,2.37647,36.7871,-0.332409,0.0066,1.17894,6.683e-06 
101,100,0.85,10,0.01,101,7.57534e-07,7.00974e-07,9.678e-30,14.6059,1.08069,1062.49,2846.28,2770.88,5.18941,21.1472,20.3169,-2.0683,-2.16322e-29,-5.43157e-13,30745.9,47926.7,3.17404,46.3599,2.84767,41.593,-0.762945,0.0066,1.13278,6.683e-06 
102,100,0.85,10,0.01,102,7.6958e-07,7.23138e-07,9.984e-30,15.0678,1.06422,1062.49,2846.28,2770.88,5.18941,21.1472,20.3169,-2.02406,-2.1506e-29,-1.95878e-13,33755.5,54142.8,3.12306,47.0575,2.7957,42.1249,-0.719796,0.0066,1.14702,6.683e-06 
103,100,0.85,10,0.01,103,7.34075e-07,7.36374e-07,1.01667e-29,15.3436,0.996878,1062.49,2846.28,2770.88,5.18941,21.1472,20.3169,-1.8364,-1.86119e-29,5.93465e-14,35643.2,56586.3,2.91401,44.7113,2.58786,39.7069,-0.537229,0.0066,1.16998,6.683e-06 
104,100,0.85,10,0.01,104,8.02366e-07,6.95959e-07,9.60876e-30,14.5014,1.15289,1062.49,2846.28,2770.88,5.18941,21.1472,20.3169,-2.25537,-2.49847e-29,-6.65379e-13,30090.7,46381.9,3.39722,49.2647,3.08092,44.6778,-0.945728,0.0066,1.15789,6.683e-06 
105,100,0.85,0.01,10,105,7.32373e-07,6.87056e-07,9.48585e-30,14.3159,1.06596,1062.49,2846.28,2770.88,5.18941,21.1472,20.3169,-2.02875,-2.05137e-29,-6.09735e-13,28950.7,44130.5,3.12843,44.7865,2.80115,40.1011,-0.724368,0.0066,1.17124,6.683e-06 
106,100,0.85,0.01,10,106,6.93151e-07,7.09181e-07,9.79131e-30,14.777,0.977396,1062.49,2846.28,2770.88,5.18941,21.1472,20.3169,-1.77999,-1.70345e-29,-1.53601e-13,31838.6,50132.6,2.85341,42.1647,2.52918,37.3736,-0.482481,0.0066,1.14726,6.683e-06 
107,100,0.85,10,0.01,107,7.54039e-07,7.08205e-07,9.77784e-30,14.7566,1.06472,1062.49,2846.28,2770.88,5.18941,21.1472,20.3169,-2.02539,-2.10856e-29,-5.93299e-13,31707.3,49836.5,3.12459,46.1084,2.79725,41.2779,-0.721099,0.0066,1.12217,6.683e-06 
108,100,0.85,10,0.01,108,7.62561e-07,7.08611e-07,9.78343e-30,14.7651,1.07613,1062.49,2846.28,2770.88,5.18941,21.1472,20.3169,-2.05613,-2.16476e-29,7.77958e-14,31761.8,51192,3.15994,46.6568,2.83326,41.8332,-0.751074,0.0066,1.13607,6.683e-06 
109,100,0.85,0.01,10,109,7.13769e-07,7.28417e-07,1.00569e-29,15.1778,0.979891,1062.49,2846.28,2770.88,5.18941,21.1472,20.3169,-1.78727,-1.76129e-29,-7.07283e-13,34500.2,53473.9,2.86117,43.4262,2.53666,38.5008,-0.48954,0.0066,1.1491,6.683e-06 
110,100,0.85,0.01,10,110,7.18825e-07,6.87712e-07,9.4949e-30,14.3296,1.04524,1062.49,2846.28,2770.88,5.18941,21.1472,20.3169,-1.97227,-1.95737e-29,-6.49054e-13,29033.7,44988.6,3.0642,43.9088,2.73633,39.2106,-0.669347,0.0066,1.13126,6.683e-06 
111,100,0.85,10,0.01,111,8.01527e-07,7.12465e-07,9.83665e-30,14.8454,1.12501,1062.49,2846.28,2770.88,5.18941,21.1472,20.3169,-2.18443,-2.41735e-29,-1.01222e-12,32282.9,50772.8,3.31112,49.1548,2.98982,44.385,-0.876336,0.0066,1.089,6.683e-06 
112,100,0.85,0.01,10,112,7.03412e-07,7.2418e-07,9.9984e-30,15.0895,0.971321,1062.49,2846.28,2770.88,5.18941,21.1472,20.3169,-1.76219,-1.71138e-29,-5.3059e-13,33901.7,53077.3,2.8345,42.7711,2.51102,37.89,-0.46522,0.0066,1.13191,6.683e-06 
113,100,0.85,0.01,10,113,6.77947e-07,7.20421e-07,9.94649e-30,15.0112,0.941043,1062.49,2846.28,2770.88,5.18941,21.1472,20.3169,-1.67199,-1.565e-29,2.18568e-13,33376.5,53421.8,2.74018,41.1333,2.42147,36.349,-0.377832,0.0066,1.14907,6.683e-06 
114,100,0.85,0.01,10,114,6.8566e-07,7.19338e-07,9.93155e-30,14.9886,0.953182,1062.49,2846.28,2770.88,5.18941,21.1472,20.3169,-1.70846,-1.61733e-29,4.17083e-14,33226.2,52495.4,2.77801,41.6385,2.45718,36.8296,-0.413145,0.0066,1.17838,6.683e-06 
115,100,0.85,10,0.01,115,7.66859e-07,7.23987e-07,9.99573e-30,15.0855,1.05922,1062.49,2846.28,2770.88,5.18941,21.1472,20.3169,-2.01048,-2.12862e-29,-6.49471e-13,33874.6,51772.8,3.10754,46.8786,2.77998,41.9372,-0.706563,0.0066,1.18872,6.683e-06 
116,100,0.85,10,0.01,116,7.43536e-07,7.24192e-07,9.99856e-30,15.0897,1.02671,1062.49,2846.28,2770.88,5.18941,21.1472,20.3169,-1.92089,-1.97192e-29,-3.273e-13,33903.4,53401.8,3.0067,45.3703,2.67897,40.425,-0.619348,0.0066,1.12559,6.683e-06 
117,100,0.85,0.01,10,117,6.62936e-07,7.27073e-07,1.00383e-29,15.1498,0.911787,1062.49,2846.28,2770.88,5.18941,21.1472,20.3169,-1.58234,-1.44829e-29,1.16417e-13,34309.6,54733.2,2.64895,40.1309,2.33648,35.3971,-0.29113,0.0066,1.16026,6.683e-06 
118,100,0.85,10,0.01,118,7.66259e-07,7.47381e-07,1.03187e-29,15.5729,1.02526,1062.49,2846.28,2770.88,5.18941,21.1472,20.3169,-1.91683,-2.02788e-29,-9.03127e-13,37265.6,56280.5,3.00219,46.7528,2.6745,41.6498,-0.615397,0.0066,1.23578,6.683e-06 
119,100,0.85,0.01,10,119,6.90116e-07,7.10522e-07,9.80982e-30,14.8049,0.971281,1062.49,2846.28,2770.88,5.18941,21.1472,20.3169,-1.76208,-1.67892e-29,3.7639e-13,32019.4,51639,2.83438,41.9626,2.5109,37.1736,-0.465107,0.0066,1.21435,6.683e-06 
120,120,0.85,0.01,10,120,6.81688e-07,7.27455e-07,1.00436e-29,15.1577,0.937086,1062.49,2846.28,2770.88,5.18941,21.1472,20.3169,-1.66001,-1.56236e-29,2.90111e-13,34363.7,55411.6,2.72785,41.348,2.40988,36.5283,-0.366237,0.0066,1.19238,6.683e-06 
121,120,0.85,10,0.01,121,7.32775e-07,7.04913e-07,9.73238e-30,14.688,1.03953,1062.49,2846.28,2770.88,5.18941,21.1472,20.3169,-1.95651,-1.97942e-29,-1.22689e-13,31267.2,49479.6,3.04647,44.7467,2.71858,39.9305,-0.654006,0.0066,1.14764,6.683e-06 
122,120,0.85,10,0.01,122,7.49995e-07,7.27695e-07,1.00469e-29,15.1627,1.03064,1062.49,2846.28,2770.88,5.18941,21.1472,20.3169,-1.93187,-2.00041e-29,-5.52214e-13,34397.8,53539.6,3.01891,45.7749,2.6911,40.8044,-0.630025,0.0066,1.1428,6.683e-06 
123,120,0.85,10,0.01,123,7.52825e-07,7.224e-07,9.97382e-30,15.0524,1.04212,1062.49,2846.28,2770.88,5.18941,21.1472,20.3169,-1.96366,-2.04101e-29,-2.49872e-13,33652.3,53577.7,3.05451,45.9777,2.72662,41.0421,-0.660968,0.0066,1.1165,6.683e-06 
124,120,0.85,10,0.01,124,7.47084e-07,7.33116e-07,1.01218e-29,15.2757,1.01905,1062.49,2846.28,2770.88,5.18941,21.1472,20.3169,-1.89942,-1.95917e-29,-2.40426e-13,35172.2,55658.5,2.98292,45.5661,2.65544,40.5636,-0.59846,0.0066,1.13178,6.683e-06 
125,120,0.85,0.01,10,125,7.06904e-07,7.17114e-07,9.90083e-30,14.9422,0.985762,1062.49,2846.28,2770.88,5.18941,21.1472,20.3169,-1.80434,-1.76101e-29,-6.15693e-13,32918.9,49756.5,2.87944,43.0253,2.5543,38.167,-0.506102,0.0066,1.19372,6.683e-06 
126,120,0.85,0.01,10,126,6.99302e-07,7.16277e-07,9.88928e-30,14.9248,0.976301,1062.49,2846.28,2770.88,5.18941,21.1472,20.3169,-1.77679,-1.71547e-29,-1.19331e-13,32803.8,51877.2,2.85,42.5357,2.5259,37.6986,-0.479375,0.0066,1.14397,6.683e-06 
127,120,0.85,10,0.01,127,7.56785e-07,7.16629e-07,9.89414e-30,14.9321,1.05604,1062.49,2846.28,2770.88,5.18941,21.1472,20.3169,-2.00182,-2.09162e-29,-6.22379e-13,32852.2,49876.9,3.09768,46.255,2.77002,41.3623,-0.698129,0.0066,1.13405,6.683e-06 
128,120,0.85,10,0.01,128,7.63118e-07,7.30266e-07,1.00824e-29,15.2163,1.04499,1062.49,2846.28,2770.88,5.18941,21.1472,20.3169,-1.97157,-2.07724e-29,-6.91491e-13,34763.7,53080.5,3.06341,46.6138,2.73554,41.6248,-0.668664,0.0066,1.20466,6.683e-06 
129,120,0.85,0.01,10,129,7.22089e-07,7.13748e-07,9.85436e-30,14.8721,1.01169,1062.49,2846.28,2770.88,5.18941,21.1472,20.3169,-1.87862,-1.8729e-29,-1.85143e-13,32457.6,52122,2.96004,44.022,2.6329,39.1567,-0.578247,0.0066,1.10281,6.683e-06 
130,120,0.85,0.01,10,130,6.83182e-07,7.2989e-07,1.00772e-29,15.2085,0.936007,1062.49,2846.28,2770.88,5.18941,21.1472,20.3169,-1.65674,-1.56269e-29,-5.87867e-13,34710,52275.4,2.72449,41.4352,2.40673,36.6027,-0.363069,0.0066,1.20443,6.683e-06 
131,120,0.85,10,0.01,131,7.58476e-07,7.4219e-07,1.02471e-29,15.4648,1.02194,1062.49,2846.28,2770.88,5.18941,21.1472,20.3169,-1.90754,-1.99756e-29,-9.53494e-14,36494.5,58563.1,2.9919,46.2689,2.66431,41.2029,-0.60636,0.0066,1.14583,6.683e-06 
132,120,0.85,0.01,10,132,6.72342e-07,7.47502e-07,1.03204e-29,15.5754,0.899453,1062.49,2846.28,2770.88,5.18941,21.1472,20.3169,-1.54376,-1.43302e-29,2.54209e-13,37283.6,59058.7,2.61051,40.6599,2.30111,35.8407,-0.25383,0.0066,1.18976,6.683e-06 
133,120,0.85,0.01,10,133,6.90705e-07,7.12089e-07,9.83146e-30,14.8375,0.969971,1062.49,2846.28,2770.88,5.18941,21.1472,20.3169,-1.75823,-1.67668e-29,-4.03567e-13,32231.8,49790.2,2.8303,41.9946,2.50699,37.1976,-0.461373,0.0066,1.1384,6.683e-06 
134,120,0.85,0.01,10,134,7.40761e-07,7.47304e-07,1.03177e-29,15.5713,0.991244,1062.49,2846.28,2770.88,5.18941,21.1472,20.3169,-1.82019,-1.86156e-29,-1.26802e-12,37254,54742.5,2.89649,45.1021,2.57082,40.031,-0.521489,0.0066,1.23632,6.683e-06 
135,120,0.85,10,0.01,135,7.44921e-07,7.28749e-07,1.00615e-29,15.1847,1.02219,1062.49,2846.28,2770.88,5.18941,21.1472,20.3169,-1.90824,-1.96257e-29,-7.49611e-14,34547.4,54767.7,2.99267,45.4427,2.66507,40.4683,-0.607039,0.0066,1.17213,6.683e-06 
136,120,0.85,10,0.01,136,7.77842e-07,6.75861e-07,9.33127e-30,14.0827,1.15089,1062.49,2846.28,2770.88,5.18941,21.1472,20.3169,-2.25033,-2.4167e-29,-7.34309e-13,27558.3,42673.6,3.39105,47.755,3.07434,43.2949,-0.940798,0.0066,1.11082,6.683e-06 
137,120,0.85,0.01,10,137,7.1181e-07,6.85318e-07,9.46184e-30,14.2797,1.03866,1062.49,2846.28,2770.88,5.18941,21.1472,20.3169,-1.95411,-1.92042e-29,-8.41503e-13,28731.5,42939.9,3.04378,43.4643,2.71588,38.7821,-0.651667,0.0066,1.14829,6.683e-06 
138,120,0.85,10,0.01,138,7.62251e-07,7.18478e-07,9.91967e-30,14.9707,1.06092,1062.49,2846.28,2770.88,5.18941,21.1472,20.3169,-2.01512,-2.12072e-29,-1.96379e-13,33107.1,52614.8,3.11283,46.6012,2.78534,41.6984,-0.711085,0.0066,1.15899,6.683e-06 
139,120,0.85,0.01,10,139,7.0955e-07,7.15881e-07,9.88382e-30,14.9166,0.991155,1062.49,2846.28,2770.88,5.18941,21.1472,20.3169,-1.81993,-1.78288e-29,-1.38625e-13,32749.5,51410.3,2.89621,43.2016,2.57055,38.3438,-0.521239,0.0066,1.19295,6.683e-06 
140,140,0.75,0.01,10,140,7.16288e-07,7.16066e-07,9.88636e-30,14.9204,1.00031,1062.49,2846.28,2770.88,5.18941,21.1472,20.3169,-1.84623,-1.82582e-29,-1.38342e-13,32774.8,51604.9,2.92468,43.6374,2.59826,38.7671,-0.54678,0.0066,1.16193,6.683e-06 
141,140,0.75,10,0.01,141,7.8544e-07,7.36038e-07,1.01621e-29,15.3366,1.06712,1062.49,2846.28,2770.88,5.18941,21.1472,20.3169,-2.03188,-2.20341e-29,-5.57704e-13,35594.5,56168.9,3.13203,48.0345,2.8048,43.016,-0.727422,0.0066,1.13422,6.683e-06 
142,140,0.75,10,0.01,142,7.40559e-07,7.22506e-07,9.97528e-30,15.0546,1.02499,1062.49,2846.28,2770.88,5.18941,21.1472,20.3169,-1.91607,-1.95909e-29,-9.4188e-13,33667.1,50740.5,3.00135,45.1841,2.67367,40.251,-0.614658,0.0066,1.14136,6.683e-06 
143,140,0.75,10,0.01,143,7.97305e-07,7.21032e-07,9.95493e-30,15.0239,1.10578,1062.49,2846.28,2770.88,5.18941,21.1472,20.3169,-2.13458,-2.34974e-29,-1.01423e-12,33461.4,50862.1,3.2517,48.8532,2.92777,43.9864,-0.827634,0.0066,1.16955,6.683e-06 
144,140,0.75,10,0.01,144,7.40139e-07,7.42805e-07,1.02555e-29,15.4776,0.99641,1062.49,2846.28,2770.88,5.18941,21.1472,20.3169,-1.83506,-1.8752e-29,-6.1047e-13,36585.3,56921.5,2.91256,45.0793,2.58644,40.0318,-0.535925,0.0066,1.10031,6.683e-06 
145,140,0.75,0.01,10,145,7.16728e-07,7.39531e-07,1.02103e-29,15.4093,0.969166,1062.49,2846.28,2770.88,5.18941,21.1472,20.3169,-1.75586,-1.73751e-29,-3.67422e-13,36103.6,56306.3,2.82779,43.5744,2.50459,38.5941,-0.459075,0.0066,1.1645,6.683e-06 
146,140,0.75,0.01,10,146,7.10368e-07,7.46394e-07,1.03051e-29,15.5523,0.951733,1062.49,2846.28,2770.88,5.18941,21.1472,20.3169,-1.70413,-1.67136e-29,-1.27951e-12,37118.1,54796,2.7735,43.1344,2.4529,38.1484,-0.408948,0.0066,1.18639,6.683e-06 
147,140,0.75,10,0.01,147,7.73206e-07,7.38313e-07,1.01935e-29,15.384,1.04726,1062.49,2846.28,2770.88,5.18941,21.1472,20.3169,-1.97782,-2.11138e-29,-3.10163e-13,35925.5,56436.7,3.07047,47.236,2.74262,42.1924,-0.674751,0.0066,1.2012,6.683e-06 
148,140,0.75,10,0.01,148,7.30181e-07,7.4805e-07,1.03279e-29,15.5868,0.976113,1062.49,2846.28,2770.88,5.18941,21.1472,20.3169,-1.77624,-1.79067e-29,-4.22531e-13,37365.7,57945.6,2.84941,44.4134,2.52534,39.3621,-0.478841,0.0066,1.13649,6.683e-06 
149,140,0.75,0.01,10,149,6.97532e-07,7.21726e-07,9.96452e-30,15.0384,0.966478,1062.49,2846.28,2770.88,5.18941,21.1472,20.3169,-1.74793,-1.68335e-29,1.95961e-13,33558.2,54519.6,2.81942,42.3994,2.49659,37.5446,-0.451396,0.0066,1.15639,6.683e-06 
150,140,0.75,0.01,10,150,7.05182e-07,7.24258e-07,9.99947e-30,15.0911,0.973662,1062.49,2846.28,2770.88,5.18941,21.1472,20.3169,-1.76906,-1.72238e-29,-6.64887e-14,33912.6,53851.4,2.84179,42.8857,2.51801,37.9996,-0.471882,0.0066,1.16406,6.683e-06 
151,140,0.75,10,0.01,151,7.73786e-07,7.18224e-07,9.91616e-30,14.9654,1.07736,1062.49,2846.28,2770.88,5.18941,21.1472,20.3169,-2.05941,-2.20012e-29,-1.04309e-12,33072.1,49828.9,3.16374,47.3465,2.83713,42.4587,-0.754271,0.0066,1.14722,6.683e-06 
152,140,0.75,0.01,10,152,6.85813e-07,7.20569e-07,9.94854e-30,15.0142,0.951766,1062.49,2846.28,2770.88,5.18941,21.1472,20.3169,-1.70423,-1.61368e-29,3.9224e-13,33397.1,53829.3,2.7736,41.6435,2.453,36.8299,-0.409045,0.0066,1.18877,6.683e-06 
153,140,0.75,0.01,10,153,6.53512e-07,7.64727e-07,1.05582e-29,15.9343,0.854569,1062.49,2846.28,2770.88,5.18941,21.1472,20.3169,-1.39908,-1.26235e-29,1.53115e-13,39920.9,62330.1,2.47096,39.3732,2.17472,34.6527,-0.11398,0.0066,1.22472,6.683e-06 
154,140,0.75,0.01,10,154,7.17939e-07,7.43784e-07,1.02691e-29,15.498,0.965252,1062.49,2846.28,2770.88,5.18941,21.1472,20.3169,-1.74432,-1.72901e-29,-3.97239e-13,36730.2,57143.4,2.81561,43.6362,2.49294,38.6355,-0.447889,0.0066,1.16219,6.683e-06 
155,140,0.75,10,0.01,155,7.17498e-07,7.39341e-07,1.02077e-29,15.4054,0.970456,1062.49,2846.28,2770.88,5.18941,21.1472,20.3169,-1.75965,-1.74314e-29,3.05019e-13,36075.9,57746.1,2.83181,43.6251,2.50844,38.6435,-0.462756,0.0066,1.17504,6.683e-06 
156,140,0.75,10,0.01,156,7.42193e-07,7.20678e-07,9.95004e-30,15.0165,1.02985,1062.49,2846.28,2770.88,5.18941,21.1472,20.3169,-1.92967,-1.97735e-29,-5.30107e-13,33412.2,51671.6,3.01646,45.2967,2.68866,40.3743,-0.627884,0.0066,1.16986,6.683e-06 
157,140,0.75,0.01,10,157,6.97932e-07,7.23145e-07,9.9841e-30,15.0679,0.965134,1062.49,2846.28,2770.88,5.18941,21.1472,20.3169,-1.74397,-1.68049e-29,-2.44841e-13,33756.5,52833,2.81524,42.4198,2.49259,37.5581,-0.447551,0.0066,1.18325,6.683e-06 
158,140,0.75,10,0.01,158,7.5686e-07,6.95255e-07,9.59904e-30,14.4868,1.08861,1062.49,2846.28,2770.88,5.18941,21.1472,20.3169,-2.08937,-2.18331e-29,-8.8794e-13,29999.5,46010.4,3.19856,46.3368,2.87284,41.6182,-0.783499,0.0066,1.11209,6.683e-06 
159,140,0.75,0.01,10,159,6.75412e-07,7.37868e-07,1.01874e-29,15.3747,0.915355,1062.49,2846.28,2770.88,5.18941,21.1472,20.3169,-1.59341,-1.48587e-29,-4.4398e-13,35860.6,54883.7,2.66008,40.8979,2.34676,36.0808,-0.301828,0.0066,1.18086,6.683e-06 
