cyc,freq,delay,cyc,ROIsum,fBg,fA1,fWidth1,fCtr1,fA2,fWidth2,fCtr2,box1,box2,box3,box4,box5,box6,box7,box8,box9,Nfit,BZ-2,BZ-1,BZ0,BZ1,BZ2,Excited,c5,c7,c9,fraction95,fraction75,fraction97,sum95,Tx,Ty,LiToTF,LiNfit,TFcalc,ToTFcalc,G_ctr_x,G_ctr_y,G_sigma_x,G_sigma_y,G_ar,G_Tx,G_Ty,G_ToTFcalc
435,43.248,0.61,435,11141,0,5,101,125,0,5,135,-5.57722,-10.0617,-23.2776,-16.9037,-16.3204,298.314,-14.5313,23724.4,-43.658,16439.4,-6.72985,-11.2144,-25.5829,-18.0563,-17.473,0.676397,-31.9648,22416.9,-61.0915,0.303633,-0.000815478,1.00148,-105.275,562.611,630.918,0.904185,32423.6,8.47036e-07,0.703377,111.859,87.2923,25.202,26.442,0.953106,577.345,647.44,0.721798 
436,43.288,0.61,436,14098,0,5,101,125,0,5,135,-2.36214,-8.89952,-15.09,-8.90764,-9.23814,358.756,-32.3491,26726.5,-58.7726,16439.4,-3.7483,-10.2857,-17.8623,-10.2938,-10.6243,0.661791,-53.3148,25154.1,-79.7384,0.357816,-0.00121263,1.00172,-149.001,522.56,553.415,0.63756,35707,8.74714e-07,0.614791,111.327,86.7939,24.7931,25.2832,0.980616,558.762,591.937,0.657484 
437,43.268,0.61,437,12858.8,0,5,101,125,0,5,135,-5.74079,-8.53149,-19.1274,-4.91061,-14.0929,336.377,-22.0038,24876,-47.4094,16439.4,-7.04048,-9.83118,-21.7268,-6.2103,-15.3926,0.639098,-41.6617,23401.7,-67.0673,0.341091,-0.00101834,1.00156,-122.142,521.769,563.64,0.679133,33528,8.56547e-07,0.633124,111.104,87.751,24.6441,25.3823,0.970915,552.065,596.589,0.67001 
438,43.158,0.61,438,15897.1,0,5,101,125,0,5,135,-6.07959,-13.8281,-15.9757,-14.5639,-10.5613,346.48,-20.2635,27486.4,-53.458,16439.4,-7.41832,-15.1669,-18.6532,-15.9026,-11.9,0.729825,-40.5118,25967.8,-73.7063,0.314144,-0.00089227,1.00154,-128.959,542.029,575.093,0.652435,36751.5,8.83162e-07,0.632179,111.645,87.1858,25.2011,25.7273,0.979549,577.306,612.916,0.67354 
439,43.258,0.61,439,12359.9,0,5,101,125,0,5,135,-9.16505,-5.03744,-12.6615,-8.34395,-13.6857,316.678,-20.0187,24687,-29.3242,16439.4,-10.3886,-6.26102,-15.1086,-9.56753,-14.9092,0.731331,-38.5254,23299,-47.8309,0.401631,-0.000945762,1.00112,-95.9224,579.26,631.055,1.16252,33959.5,8.60205e-07,0.702859,111.188,87.0716,25.403,26.2684,0.967054,586.59,638.97,0.711714 
440,43.238,0.61,440,9820.13,0,5,101,125,0,5,135,-9.39996,-8.55514,-17.3309,-9.80981,-7.64225,333.285,-35.6517,22044,-41.1233,16439.4,-10.6877,-9.84289,-19.9064,-11.0976,-8.93,0.670775,-55.1288,20583.2,-60.6005,0.431201,-0.00153283,1.0016,-127.849,560.673,614.145,0.696476,30590.2,8.3076e-07,0.706341,111.846,86.9048,25.5057,26.4461,0.96444,591.344,647.644,0.744925 
441,43.193,0.61,441,14080.5,0,5,101,125,0,5,135,-4.56123,-5.79436,-20.3101,-8.49501,-10.1703,353.041,-25.5679,26578.2,-43.3796,16439.4,-5.92531,-7.15844,-23.0382,-9.85909,-11.5344,0.599443,-46.1996,25030.8,-64.0113,0.375566,-0.0010558,1.00139,-123.013,554.123,611.885,0.77821,35635.9,8.74133e-07,0.666132,111.414,87.5066,25.1801,26.2178,0.96042,576.344,636.511,0.692893 
442,43.148,0.61,442,14449.4,0,5,101,125,0,5,135,-9.31471,-7.81892,-11.2301,-4.74856,-10.4607,293.388,-17.7676,26314.6,-47.2065,16439.4,-10.4483,-8.95252,-13.4973,-5.88216,-11.5943,0.732062,-34.9132,25028.7,-64.3521,0.311347,-0.000797736,1.0014,-112.136,517.014,578.727,0.844094,35128.4,8.69964e-07,0.628762,111.339,87.3173,24.2219,25.3934,0.953864,533.311,597.111,0.648659 
443,43.178,0.61,443,15699.4,0,5,101,125,0,5,135,-7.98696,-6.52744,-9.49861,-2.8203,-15.0716,303.203,-42.9776,27750.1,-37.2212,16439.4,-9.15847,-7.69896,-11.8416,-3.99182,-16.2431,0.758008,-60.6968,26421.2,-54.9403,0.479342,-0.00131446,1.00113,-126.625,514.76,566.304,0.576935,37023.2,8.85333e-07,0.609847,111.315,87.1083,24.8577,25.833,0.962246,561.68,617.964,0.665456 
444,43.228,0.61,444,10642.8,0,5,101,125,0,5,135,-9.50672,-9.9455,-16.2623,-9.46361,-12.8148,298.47,-35.9861,23208.2,-32.9598,16439.4,-10.6599,-11.0987,-18.5688,-10.6168,-13.968,0.713941,-53.4287,21900,-50.4024,0.469037,-0.00139604,1.00125,-113.912,562.422,610.835,0.670204,32275.9,8.45749e-07,0.69303,111.337,86.7427,25.6225,26.4588,0.968393,596.772,648.264,0.735426 
445,43.118,0.61,445,14952.2,0,5,101,125,0,5,135,-8.60685,-9.68285,-9.79793,-9.42052,-15.4286,273.714,-19.2521,27557.9,-36.0964,16439.4,-9.66443,-10.7404,-11.9131,-10.4781,-16.4861,0.799044,-35.2479,26358.2,-52.0923,0.36056,-0.000764736,1.00107,-97.7586,577.603,642.869,2.67188,37687.6,8.90597e-07,0.684218,111.125,86.5181,25.221,26.3623,0.956707,578.214,643.543,0.684938 
446,43.218,0.61,446,11757.1,0,5,101,125,0,5,135,-6.12664,-3.42046,-22.9989,-9.93541,-13.3403,354.284,-14.1812,23881.4,-40.0821,16439.4,-7.49552,-4.78935,-25.7367,-11.3043,-14.7092,0.598084,-34.8856,22328.6,-60.7864,0.323526,-0.000893582,1.00148,-107.829,556.499,589.924,0.552536,32731.6,8.4971e-07,0.67431,111.708,87.1911,25.9816,26.5003,0.980427,613.619,650.302,0.743423 
447,43.203,0.61,447,15109.8,0,5,101,125,0,5,135,-11.3679,-6.68947,-21.8669,-9.32726,-20.0547,328.314,-26.5266,27297.9,-39.2005,16439.4,-12.6365,-7.95801,-24.404,-10.5958,-21.3233,0.682725,-45.7133,25858.9,-58.3872,0.394836,-0.00101119,1.00123,-115.778,562.203,594.216,0.65638,36682.9,8.82612e-07,0.654861,111.536,87.4508,25.6618,26.1336,0.981944,598.602,632.429,0.697116 
448,43.138,0.61,448,15759.8,0,5,101,125,0,5,135,-6.4887,-6.45879,-20.5489,-10.2605,-14.4177,324.684,-27.6266,28187.4,-48.5767,16439.4,-7.74321,-7.7133,-23.0579,-11.515,-15.6723,0.649051,-46.6011,26764.3,-67.5512,0.365034,-0.000995942,1.00137,-127.663,550.027,581.638,0.940114,37699.7,8.90692e-07,0.635024,111.697,87.2916,24.8823,25.3516,0.98149,562.792,595.145,0.649767 
449,43.168,0.61,449,14327.5,0,5,101,125,0,5,135,-9.44828,-8.85434,-19.2102,-6.06886,-15.4638,310.926,-39.2561,26947,-32.438,16439.4,-10.6496,-10.0557,-21.6129,-7.27022,-16.6652,0.673786,-57.4266,25584.2,-50.6085,0.48602,-0.00128428,1.00107,-118.157,527.851,581.857,0.832952,36373.2,8.80121e-07,0.629683,111.475,87.4553,24.4877,25.4784,0.961117,545.081,601.112,0.650378 
450,43.278,0.61,450,16343.5,0,5,101,125,0,5,135,-11.2839,-7.25844,-10.0555,-12.7926,-15.2558,328.082,-35.1832,28787.9,-64.7851,16439.4,-12.5515,-8.52608,-12.5908,-14.0603,-16.5234,0.804041,-54.3563,27349.9,-83.9581,0.350446,-0.00113697,1.00167,-155.106,596.516,637.906,126.3,39138.8,9.01885e-07,0.683972,111.559,87.3398,25.6259,26.2525,0.976133,596.932,638.196,0.684366 
451,43.253,0.61,451,11301.5,0,5,101,125,0,5,135,-8.79543,-5.81629,-13.8411,-11.7962,-9.89284,371.399,-32.5284,23313.1,-34.871,16439.4,-10.2304,-7.2513,-16.7111,-13.2313,-11.3279,0.715565,-54.233,21685.3,-56.5756,0.444082,-0.00143114,1.00142,-122.124,542.033,593.344,0.862445,31773,8.41333e-07,0.67406,111.92,87.2884,24.781,25.687,0.96473,558.216,610.996,0.694149 
452,43.188,0.61,452,14626.1,0,5,101,125,0,5,135,-15.7374,-2.81151,-19.5716,-7.40267,-9.86515,315.876,-25.3288,26919.2,-38.3612,16439.4,-16.9579,-4.032,-22.0126,-8.62315,-11.0856,0.648985,-43.7886,25534.7,-56.821,0.391061,-0.000980884,1.00121,-111.974,527.096,560.393,0.570345,36255.8,8.79173e-07,0.618183,111.436,87.3512,25.1878,25.729,0.978966,576.695,612.995,0.676281 
453,43.233,0.61,453,10565.2,0,5,101,125,0,5,135,-3.63031,-6.24897,-15.5628,-10.9631,-8.85966,355.984,-5.76763,22440.6,-56.7758,16439.4,-5.00576,-7.62442,-18.3137,-12.3385,-10.2351,0.6578,-26.5713,20880.3,-77.5795,0.222044,-0.000727704,1.00202,-119.667,562.704,595.679,0.576503,30664.3,8.31431e-07,0.696338,111.057,87.2968,25.9993,26.5068,0.980853,614.455,650.622,0.760471 
454,43.308,0.61,454,16658.3,0,5,101,125,0,5,135,-5.3651,-1.7586,-11.624,-6.02107,-15.767,342.408,-22.8767,28888.7,-23.93,16439.4,-6.68809,-3.0816,-14.27,-7.34406,-17.09,0.705614,-42.8871,27388,-43.9404,0.448537,-0.000895607,1.00087,-95.6155,551.864,617.792,525.472,37577.9,8.89733e-07,0.656263,111.324,87.1367,25.3046,25.9473,0.975232,582.058,623.444,0.677052 
455,43.128,0.61,455,15705.7,0,5,101,125,0,5,135,-9.98294,-11.8914,-21.356,-10.1815,-11.5034,368.642,-19.7025,28143.2,-36.2796,16439.4,-11.4073,-13.3158,-24.2047,-11.6059,-12.9278,0.670512,-41.246,26527.5,-57.8231,0.372816,-0.000889269,1.00118,-110.634,551.193,601.181,0.661367,37546.4,8.89484e-07,0.647167,111.118,86.5822,25.3891,26.2736,0.966335,585.951,639.224,0.688049 
456,43.223,0.61,456,11777.4,0,5,101,125,0,5,135,-11.087,-7.7593,-16.0472,-7.38206,-10.4452,324.601,-51.736,24025.4,-67.2065,16439.4,-12.3412,-9.01349,-18.5555,-8.63626,-11.6994,0.692003,-70.7057,22602.7,-86.1762,0.406081,-0.00179074,1.00207,-174.117,589.176,634.121,1.25508,32945.1,8.51553e-07,0.717789,111.291,87.2717,25.5871,26.2994,0.972914,595.123,640.479,0.72501 
457,43.198,0.61,457,14113.3,0,5,101,125,0,5,135,-8.38151,-10.9011,-23.1064,-14.9198,-11.6586,365.745,-31.0244,26712.3,-44.2867,16439.4,-9.79467,-12.3143,-25.9328,-16.3329,-13.0718,0.665152,-52.3985,25109.2,-65.6608,0.399405,-0.0011939,1.00142,-131.191,535.647,568.685,0.535945,36076.4,8.7772e-07,0.62881,111.043,87.2219,25.5618,26.1232,0.978511,593.948,631.923,0.697992 
458,43.243,0.61,458,9398.55,0,5,101,125,0,5,135,-8.75607,-3.32215,-21.7411,-8.80666,-12.7575,357.382,-21.246,21742,-11.7119,16439.4,-10.1369,-4.703,-24.5028,-10.1875,-14.1383,0.61515,-42.1314,20175.6,-32.5973,0.518552,-0.0011947,1.00088,-81.2481,555.269,599.73,0.697819,30497.9,8.29924e-07,0.695331,111.336,87.4584,25.3723,26.1343,0.970842,585.172,632.461,0.733027 
459,43.298,0.61,459,17107,0,5,101,125,0,5,135,-6.16619,-2.72981,-16.4294,-7.15475,-11.7273,337.106,-30.4651,29350.2,-31.8176,16439.4,-7.4687,-4.03232,-19.0344,-8.45726,-13.0298,0.634112,-50.1656,27872.7,-51.518,0.447958,-0.00102952,1.001,-111.987,572.526,612.864,1.55159e+08,39212.4,9.0245e-07,0.656382,111.006,86.996,25.0966,25.7262,0.975526,572.525,612.864,0.656381 
460,43.213,0.61,460,13514.8,0,5,101,125,0,5,135,-9.92684,-4.36242,-24.6322,-7.65326,-7.21486,364.2,-26.1418,25687.3,-23.5065,16439.4,-11.334,-5.76961,-27.4465,-9.06045,-8.62206,0.558969,-47.4256,24091,-44.7903,0.468753,-0.00112618,1.00101,-101.174,580.545,622.544,0.679861,34905.8,8.68123e-07,0.692503,111.554,87.099,26.0018,26.6852,0.97439,614.569,659.404,0.733297 
461,43.208,0.61,461,12105.7,0,5,101,125,0,5,135,-7.44855,-9.89444,-13.9154,-8.15012,-11.7883,337.027,-13.9322,24252.3,-38.9249,16439.4,-8.75076,-11.1966,-16.5198,-9.45232,-13.0905,0.720051,-33.6281,22775.1,-58.6207,0.323431,-0.000844443,1.0014,-103.973,569.516,596.169,0.845204,32983.8,8.51887e-07,0.684,111.152,87.3966,25.4259,25.7723,0.986558,587.648,615.062,0.705726 
462,43.318,0.61,462,14752.7,0,5,101,125,0,5,135,-11.0995,-7.2373,-15.2536,-6.59703,-10.4927,336.572,-46.6483,27148.7,-28.5494,16439.4,-12.4,-8.53775,-17.8545,-7.89748,-11.7932,0.694705,-66.3176,25673.6,-48.2187,0.534044,-0.00147825,1.00102,-124.18,556.732,623.01,0.910033,36627.9,8.8217e-07,0.667603,111.473,87.0833,25.0621,26.2703,0.95401,570.952,639.059,0.684728 
463,43.183,0.61,463,14732.3,0,5,101,125,0,5,135,-9.13603,-9.06798,-18.0485,-11.5378,-11.2576,344.36,-35.906,26920.4,-33.6891,16439.4,-10.4666,-10.3985,-20.7096,-12.8683,-12.5882,0.691045,-56.0304,25411,-53.8135,0.464572,-0.00126157,1.00115,-120.607,589.825,627.297,1.8621e+10,36564.6,8.81662e-07,0.689916,111.52,87.1515,25.473,26.0275,0.978692,589.826,627.305,0.689921 
