cyc,freq,VVA,cyc,ROIsum,fBg,fA1,fWidth1,fCtr1,fA2,fWidth2,fCtr2,box1,box2,box3,box4,box5,box6,box7,box8,box9,Nfit,BZ-2,BZ-1,BZ0,BZ1,BZ2,Excited,c5,c7,c9,fraction95,fraction75,fraction97,sum95,two2D_bg,two2D_a1,two2D_sh1,two2D_sv1,two2D_ch1,two2D_cv1,two2D_a2,two2D_sh2,two2D_sv2,two2D_ch2,two2D_cv2,two2D_chd,two2D_cvd
0,46.5069,10,0,19808.9,0.0596857,38.1283,11.1075,118.257,-0.00613264,-46.0927,114.154,-2.84709,-1.50706,-8.22827,-2.26586,0.470056,-177.502,156.562,6.31292,18787.2,13795.8,-1.72941,-0.389376,-5.99291,-1.14818,1.58774,0.218874,405.525,15.5338,19036.2,0.0208585,0.937177,0.00150093,19441.7,0.00104805,-0.0369185,9.95531,-22.857,93.892,108,1.85594,11.3612,11.2215,117.763,136.893,-23.8712,-28.8935 
1,48,10,1,18968.4,-0.0386786,36.4785,11.4152,117.802,0.011865,9.65219,178.05,-2.68345,-0.23197,-2.6294,0.822729,-5.3186,-86.2321,118.025,1.58327,18245.6,13559.2,-2.14047,0.31101,-1.54343,1.36571,-4.77562,0.772449,238.974,6.06286,18366.6,0.0128442,0.957489,0.000607715,18605.5,0.000199608,-0.0102624,8.37317,17.8651,114.667,67.0984,1.76215,11.5989,11.3129,117.418,136.451,-2.75032,-69.3523 
2,47.3469,10,2,18088.9,-0.0259989,35.2391,11.207,117.946,-0.00757455,10.6723,500,-2.51287,-0.238401,3.97154,1.19621,-1.10688,-66.9267,-13.4917,-23.4819,17428.5,12858.8,-2.09145,0.183019,4.81438,1.61763,-0.685457,-0.254358,80.3795,-20.0052,17522.4,0.0045663,1.77163,-0.00210755,17602.8,0.000226708,-0.0127637,10.0093,21.2867,114.646,62.1687,1.74627,11.4068,11.1074,117.57,135.897,-2.92354,-73.7284 
3,47.0319,10,3,19190.4,-0.0109121,37.9472,11.0512,117.956,-0.0133176,-2.35238,500,1.75958,-0.127168,3.53733,-3.83196,-3.48382,-69.083,196.214,-2.17683,18472.4,13652.7,2.19457,0.307829,4.40732,-3.39696,-3.04882,-8.49959,293.11,1.4119,18569.3,0.0155394,0.991641,0.000140043,18862.4,3.11459e-05,0.0485152,33.4365,0.0796477,113.129,78.6525,1.83363,11.3297,11.2997,117.576,135.456,-4.4466,-56.8033 
4,47.1069,10,4,18407,0.0376678,35.6329,-11.241,117.993,0.0731075,71.811,500,-1.69395,0.786138,-1.19592,1.3469,-0.336557,-7.88313,139.541,-3.66099,17555.3,13210.1,-1.64431,0.835776,-1.09665,1.39654,-0.286919,-0.378457,150.598,-3.25147,17566.3,0.00850021,1.03927,-0.000341084,17716.9,0.000274183,-0.0140422,8.06785,8.73,114.039,75.3968,1.75109,11.4582,11.1023,117.579,136.027,-3.54066,-60.6301 
5,46.8069,1.5,5,19824.4,0.0305954,41.2951,10.4838,119.079,-0.043783,-23.0417,500,1.671,-2.01547,-3.9138,-1.07023,1.77507,28.6735,10788.9,26.1532,8694.56,14126.1,1.49045,-2.19602,-4.2749,-1.25078,1.59452,0.0780343,10748.7,24.6637,8654.34,0.55397,0.996001,0.00522233,19403,6.06193e-05,1.30425,10.5697,9.71302,119.369,86.1863,0.883465,10.776,11.3662,118.032,135.541,1.33663,-49.3547 
6,47.0169,10,6,18162.9,-0.0177783,36.2216,11.0916,118.186,0.0185416,7.3498,500,-0.760379,0.952405,0.490961,0.0691383,-0.586476,-30.5591,108.993,-5.99357,17465,13082.9,-0.567957,1.14483,0.875805,0.261561,-0.394053,0.336603,151.855,-4.40608,17507.9,0.00859897,1.05349,-0.000463805,17659.7,0.000171302,-0.0123862,5.2785,14.6832,110.205,71.7418,1.74196,11.3221,11.214,117.789,135.839,-7.58488,-64.0975 
7,46.9869,10,7,18925.4,-0.0566129,39.5884,10.6821,118.261,0.0289829,-25.2467,500,-1.26885,-5.25733,-1.81737,-1.12516,-2.398,44.9913,83.1973,-15.4857,18360.8,13790.3,-1.55215,-5.54063,-2.38396,-1.40846,-2.6813,0.824276,20.0926,-17.8229,18297.7,0.00109689,-1.81058,-0.00179752,18317.8,-8.36234e-05,1.22594,8.47184,-0.0728539,108.677,79.3856,1.92551,10.9024,11.1034,117.863,136.086,-9.18516,-56.7002 
8,46.9269,10,8,16899.3,-0.0105983,33.7996,10.896,118.412,-0.0266475,16.3976,6.79488,0.699978,1.53467,0.915897,0.622541,0.431444,-68.6416,297.298,-14.2499,15838.5,12003,1.1322,1.96689,1.78033,1.05476,0.863661,0.738103,393.574,-10.6841,15934.8,0.0241037,1.04988,-0.00123664,16328.4,-0.000151816,0.024711,5.24924,91.7354,126.03,108,1.63775,11.1009,10.9147,117.801,136.328,8.22823,-28.3283 
9,47.3669,10,9,19762,-0.0289235,39.5753,10.9295,118.172,0.0170174,2.96765,79.0797,4.99776,-0.066879,-3.21526,-1.7896,-2.56234,-129.729,30.9886,-9.01675,19006.4,14082.2,5.81463,0.749991,-1.58152,-0.972735,-1.74547,1.69827,212.946,-2.27757,19188.3,0.0109759,1.01907,-0.000218698,19401.3,0.0716754,-0.0743468,394.28,-568.513,105.875,80.1119,1.94283,11.1577,11.1885,117.77,136.695,-11.8952,-56.5833 
10,47.0469,10,10,17101.4,-0.0421677,35.6866,10.6384,118.163,-0.0106171,8.80217,500,-2.22825,-0.540693,0.317116,-3.20105,-1.15121,-18.832,71.4371,-11.0708,16475.3,12361.8,-2.10967,-0.422113,0.554276,-3.08247,-1.03263,1.09098,97.8508,-10.0925,16501.8,0.00589476,1.22025,-0.00112791,16599.6,0.000703193,-0.0459316,10.3529,-17.2946,94.2189,108,1.71367,10.8589,11.1798,117.767,136.624,-23.5482,-28.6239 
11,46.8219,2,11,20125.8,-0.0600976,40.3815,-10.9936,118.109,0.0814953,-12.5122,9.13317e-09,-0.673145,-1.73077,-7.65391,0.244852,0.368998,27.1741,78.1894,-8.50963,19467.3,14484.8,-0.844253,-1.90188,-7.99613,0.0737446,0.19789,0.236328,40.0751,-9.92127,19429.2,0.00205838,1.76442,-0.000941532,19469.3,2.41256e-05,-0.0151152,8.49498,9.45607,114.223,71.3569,1.92938,11.2494,11.4043,117.673,135.527,-3.44993,-64.1702 
12,46.8519,3.5,12,18942.1,-0.0296652,40.4575,-10.2902,118.08,-0.00855427,-40.5347,1.17962e-10,4.9526,-0.47012,-4.10143,-1.4685,-2.23137,37.3305,154.02,-20.6451,18109.7,13563.8,4.71754,-0.70518,-4.57155,-1.70356,-2.46643,0.0333311,101.66,-22.5843,18057.4,0.00559833,1.63605,-0.00230924,18159,0.000882591,-0.0519646,-10.4933,16.9778,93.5783,108,1.94317,10.4768,11.2554,117.723,136.38,-24.1448,-28.3803 
13,47.1669,10,13,18528,-0.076957,36.4542,11.2795,118.211,-0.00134846,-18.5851,245.99,-0.0542825,2.55451,0.722506,0.508804,-4.34321,-35.2056,129.185,-12.3366,17818.4,13386.2,0.167398,2.77619,1.16587,0.730485,-4.12153,-0.622859,178.564,-10.5077,17867.7,0.00989478,1.1148,-0.00108448,18046.3,6.1884e-05,-0.0140105,6.58998,14.609,113.342,70.4927,1.7749,11.4612,11.186,117.76,135.768,-4.41836,-65.2753 
14,47.1469,10,14,16663.3,-0.0220646,35.1974,-10.4759,118.084,-0.00196586,15.2159,500,-1.06355,-0.692448,-1.01131,0.606328,-3.74574,27.7106,26.5458,-14.3569,16177.2,12004.2,-1.23804,-0.866935,-1.36028,0.431841,-3.92022,0.804378,-12.321,-15.7965,16138.4,-0.000764044,0.308297,-0.00180633,16126.1,-1.56775e-05,-0.0130634,9.53119,9.39856,113.222,76.1741,1.72575,10.7271,11.106,117.735,136.193,-4.51345,-60.019 
15,46.9119,10,15,17050.9,-0.0109795,33.9351,11.1394,118.232,0.00637418,-22.3695,500,-1.03805,-0.944734,-2.49428,1.67556,-0.901455,58.0991,294.159,-15.4674,16321,12310.4,-1.40389,-1.31057,-3.22595,1.30972,-1.26729,0.453041,212.67,-18.4855,16239.5,0.0129265,1.1794,-0.00210128,16452.2,-0.000245152,0.0325359,9.84488,16.4909,124.059,95.6787,1.59809,11.455,11.3117,117.762,135.918,6.29738,-40.2393 
16,46,10,16,18919.7,-0.104471,38.6797,10.9311,118.25,0.0276397,122.842,499.39,0.659277,-1.60983,3.89649,-2.27161,1.60432,51.2613,4.50462,-14.778,18367.5,13874.4,0.336498,-1.93261,3.25093,-2.59439,1.28154,-8.50658,-67.3944,-17.4409,18295.6,-0.00369725,0.688288,-0.00175914,18228.2,-0.000114132,-0.0147473,-9.26737,12.8759,113.121,76.3622,1.90622,11.1926,11.0241,117.82,135.221,-4.69921,-58.8583 
17,47.1869,10,17,17763.4,-0.0703088,36.0364,10.9323,118.163,-0.341169,403.358,15.3909,2.65112,-1.35445,-1.45894,-1.44131,1.3476,37.3109,63.4547,-10.0836,17192.5,17304.5,2.41619,-1.58939,-1.92881,-1.67625,1.11266,-0.158027,11.1226,-12.0218,17140.2,0.000648497,-1.12173,-0.00129369,17151.3,6.20088e-07,-0.0122692,8.82422,12.0573,114.987,76.411,1.78004,11.0736,11.1098,117.796,135.718,-2.80911,-59.3067 
18,47.0019,10,18,17756.1,-0.0711665,35.8535,10.9825,117.999,0.0972197,-150.95,497.878,0.109516,0.198724,0.926465,1.75003,2.74427,-24.0802,56.4806,-24.1223,17155.8,13295.9,0.261143,0.350351,1.22972,1.90166,2.8959,0.814767,90.2554,-22.8714,17189.5,0.00522317,1.79683,-0.00245702,17279.8,-3.3677e-05,-0.0147257,-9.59387,6.00724,109.731,74.6809,1.76515,11.2414,11.0327,117.612,135.768,-7.88127,-61.0874 
19,47.2869,10,19,17068,-0.113685,35.0176,10.9555,118.018,0.102763,108.959,436.321,5.4764,2.36593,0.505508,-1.31803,1.76728,4.39003,-2.53711,-12.4508,16560.4,12853.1,5.44876,2.33829,0.450222,-1.34567,1.73964,0.947838,-8.69455,-12.6788,16554.3,-0.000525492,0.281537,-0.00141285,16545.6,0.000486782,-0.0505632,10.3007,19.0346,93.1898,108,1.72217,11.1834,11.0243,117.59,134.56,-24.3999,-26.56 
20,47.0669,10,20,17963.6,-0.0129857,36.4611,10.8925,118.095,0.0161222,-32.7818,500,-2.01316,2.09122,5.96904,-2.78386,1.26768,38.8437,9.68337,-20.0572,17443.1,12945.8,-2.25775,1.84663,5.47986,-3.02845,1.02309,-0.788823,-44.7987,-22.0751,17388.6,-0.00258298,0.536961,-0.00234406,17343.8,1.26696e-05,-0.0171536,10.6001,8.92137,110.662,77.1883,1.7597,11.152,11.2918,117.709,135.881,-7.04645,-58.6922 
21,46.9419,10,21,16708.9,-0.115371,33.3317,11.2813,117.964,-0.252389,128.045,18.3538,3.21337,6.14672,0.545519,0.562846,2.65714,42.1031,95.8292,-10.7341,16017.6,13292.9,2.94826,5.88161,0.0152952,0.297734,2.39203,0.998674,36.7754,-12.9213,15958.5,0.00229914,2.59655,-0.00149374,15995.3,4.13069e-05,-0.00953468,7.05433,10.007,111.994,71.7086,1.59518,11.4091,11.2568,117.532,136.012,-5.53812,-64.3039 
22,47.2069,10,22,18289.5,-0.0645844,38.1085,10.617,118.166,0.0716349,-35.7154,328.388,-1.18347,-1.53706,0.704865,0.437256,-5.96527,14.2214,2.70274,-7.42266,17659.4,13254.3,-1.27302,-1.62661,0.525768,0.347707,-6.05482,1.06506,-17.2442,-8.16144,17639.5,-0.000978549,0.546971,-0.000853033,17622.2,0.000694229,-0.0518242,-10.6974,15.3142,93.088,108,1.82432,10.8471,11.2686,117.802,135.002,-24.7137,-27.0016 
23,47.1269,10,23,16871.5,-0.0785495,33.683,11.1446,118.166,-0.0244351,57.0072,203.29,-1.41802,1.97591,4.20686,-0.476171,0.640837,97.9679,38.721,-4.39352,16352.7,12265.3,-2.0349,1.35904,2.9731,-1.09305,0.0239597,-1.4208,-98.6885,-9.48276,16215.3,-0.00612341,0.856052,-0.00107843,16116.6,0.000487187,-0.0451461,10.5676,19.023,93.7404,108,1.63384,11.419,11.2062,117.787,135.274,-24.0461,-27.274 
24,47.2269,10,24,18551.5,-0.0124963,37.7686,10.9269,118.029,-0.0234988,10.0788,1.05684e-11,2.28607,-1.12491,0.479893,1.5748,1.31165,3.21228,101.16,-2.54943,17862.8,13442.3,2.26584,-1.14514,0.43944,1.55457,1.29143,0.900267,96.6541,-2.7163,17858.3,0.00538316,1.05172,-0.000280269,17954.9,5.64888e-05,-0.0154343,-7.12167,9.59156,107.8,80.9431,1.85308,11.1571,11.0095,117.639,135.803,-9.83857,-54.8599 
25,47.3069,10,25,16813,-0.116573,34.9319,10.8331,118.344,0.0665407,39.1082,328.942,-1.53737,0.720615,0.81741,-0.902332,-0.684715,-6.48334,-5.76985,-15.5516,16367.2,12403.6,-1.49654,0.761438,0.899057,-0.861508,-0.643891,1.67021,3.32366,-15.2148,16376.3,0.000202915,-0.142632,-0.0017144,16379.6,0.000518577,-0.0477028,10.3733,19.013,93.919,108,1.68842,11.0228,11.1897,117.91,135.636,-23.991,-27.6362 
26,47.2469,10,26,17553.5,-0.00406458,37.8345,-10.3379,118.094,-0.00934821,-0.809323,500,4.69505,3.00887,11.0675,-2.03123,2.7555,25.8938,70.5955,-5.1991,17005.9,12732.8,4.53201,2.84582,10.7414,-2.19427,2.59245,0.419929,34.277,-6.54423,16969.6,0.00201584,1.50176,-0.000710905,17003.8,-1.87671e-05,-0.013708,0.222525,12.4486,107.848,86.7366,1.8734,10.5883,10.8595,117.746,135.516,-9.89797,-48.779 
27,47.3269,10,27,18793.4,-0.0635078,37.8433,11.0315,118.333,-0.00106034,65.2248,0.410903,3.51433,-0.0651402,-1.43394,-6.12528,-0.632141,37.0086,67.0689,-9.99147,18156.9,13592.2,3.2813,-0.298173,-1.9,-6.35832,-0.865174,0.690572,15.1607,-11.914,18105,0.000836678,-2.66504,-0.00121367,18120.2,0.000170288,-0.00959799,9.24357,12.3911,110.194,77.5559,1.84204,11.2287,11.0739,118.01,135.869,-7.81619,-58.3127 
28,47.3869,10,28,18830.6,-0.0408383,38.7367,10.6788,118.185,0.0717859,5.48884,136.638,1.4479,2.54673,5.31436,-1.77589,2.80502,53.5453,59.4544,-9.83106,18147.2,13478.8,1.11074,2.20957,4.64004,-2.11305,2.46786,0.441978,-15.648,-12.6126,18072.1,-0.000866616,0.414846,-0.00128727,18056.5,0.000223654,-0.0191254,9.90912,7.19357,107.865,80.0365,1.87782,10.8977,11.1917,117.819,136.26,-9.95411,-56.2237 
29,46.9719,10,29,15598.5,-0.0272238,31.7897,10.8932,118.151,0.0388074,6.74803,500,2.71035,3.21295,1.66019,0.788233,0.503798,-7.89447,98.4912,-22.9846,15007.3,11281.5,2.76006,3.26266,1.75961,0.837943,0.553507,0.808191,109.564,-22.5745,15018.4,0.00724249,1.56389,-0.0027766,15127.9,-0.000185983,0.00905983,13.9031,-15.5033,88.0002,71.2589,1.56493,11.1185,11.0225,117.808,135.595,-29.8075,-64.336 
30,46.8669,5,30,18789.4,-0.0240268,38.2653,10.9221,118.222,-0.0309655,49.232,0.602783,2.25182,3.00294,-1.79277,1.45012,-1.16071,24.9381,203.245,-22.068,18130.3,13654.9,2.09479,2.84591,-2.10682,1.2931,-1.31774,1.74996,168.266,-23.3635,18095.3,0.00921323,1.32098,-0.00238408,18263.6,-5.1929e-05,-0.0105411,7.45631,6.63904,106.597,81.0851,1.88586,11.1993,10.9613,117.826,134.828,-11.2292,-53.7429 
31,46.8969,10,31,16114.4,-0.0560466,32.3364,11.0663,117.935,0.0273989,-9.66868,3.52157e-11,-0.371282,0.867173,-1.14569,0.267305,-2.66622,-1.4313,251.139,8.58565,15064,11657.7,-0.362269,0.876186,-1.12767,0.276318,-2.6572,0.623437,253.146,8.66,15066,0.0165249,0.943515,0.00105773,15319.1,9.8032e-05,0.0356075,9.90675,17.6371,122.534,95.2539,1.5345,11.2242,11.0256,117.513,134.187,5.02027,-38.9327 
32,47.0869,10,32,16631.2,-0.051609,33.7888,10.8648,118.26,0.00327297,0.518608,267.864,-1.13668,-0.507024,2.77384,-0.53137,-0.513112,-34.8413,52.2907,-13.6127,15939.7,11950.6,-0.917293,-0.287638,3.21261,-0.311984,-0.293726,-1.29149,101.159,-11.8028,15988.6,0.00628718,1.25657,-0.00136169,16089.7,0.000675887,-0.0436551,-10.1114,19.247,94.7086,108,1.65424,11.1767,10.9757,117.844,135.708,-23.1352,-27.7077 
33,47.2669,10,33,19381.3,-0.0257166,38.7262,-11.0279,118.155,0.00614607,-11.194,9.14364e-10,2.37591,-2.66101,-5.83384,0.178602,-1.90313,18.3013,45.1323,-17.2248,18744.8,13904.7,2.26067,-2.77625,-6.06431,0.0633636,-2.01837,0.289469,19.4629,-18.1755,18719.2,0.00103865,-1.57669,-0.00179181,18738.6,-0.000184798,0.0126103,-11.5693,14.8664,88.0001,69.3663,1.89986,11.2427,11.1386,117.818,135.613,-29.8179,-66.2465 
34,46.8369,2.5,34,16803.4,0.0574148,34.9776,10.4967,118.281,-0.0640948,-1.64004,499.995,-0.584503,-0.212558,-0.45173,-1.41018,-0.553597,32.5701,116.361,-16.6722,16055.5,11955.3,-0.789589,-0.417643,-0.861901,-1.61527,-0.758683,0.806013,70.6782,-18.3642,16009.8,0.00439527,1.83385,-0.00211747,16080.5,0.000795907,-0.0458647,-9.99471,16.6743,94.4085,108,1.7199,10.7244,10.9798,117.874,135.296,-23.466,-27.2964 
35,46.8819,9,35,18124.9,-0.207878,36.0887,11.1795,118.264,0.124959,127.31,499.689,-2.05472,-2.6103,6.73447,5.81922,0.874707,8.36396,418.319,-3.32361,17153.3,13651.6,-2.10738,-2.66297,6.62914,5.76655,0.822041,0.215243,406.587,-3.7581,17141.6,0.0231698,1.01644,-0.000404024,17548.2,-0.000160758,0.0451291,-9.16929,16.3794,122.85,93.1059,1.69964,11.4544,11.1758,117.808,135.335,5.04205,-42.2293 
36,46.9569,10,36,18291,-0.0437356,36.2874,11.0856,118.091,0.0103196,28.4719,41.6484,0.304058,-0.0151888,-1.35254,-1.77375,-0.227062,42.7805,182.807,-11.5807,17463.3,13104.7,0.0346804,-0.284566,-1.89129,-2.04313,-0.496439,0.595942,122.803,-13.803,17403.3,0.00700687,1.24486,-0.00146316,17526.1,0.000135697,-0.0135528,5.35552,9.63557,109.746,76.2729,1.76853,11.3425,11.1155,117.601,135.462,-7.8547,-59.1888 
37,46.5069,10,37,16946,-0.0752697,34.4519,-10.932,118.333,-0.00915944,-9.05185,139.666,0.309382,-2.91961,-5.88398,-0.715185,-2.3467,-33.3029,166.235,-3.45188,16198.8,12263.2,0.519081,-2.70991,-5.46458,-0.505486,-2.137,0.46935,212.945,-1.72186,16245.5,0.0129383,1.01435,-0.000195282,16458.5,0.000213977,-0.0199647,-2.54887,6.5752,113.901,70.246,1.64534,11.1087,11.218,117.894,135.854,-3.99307,-65.6085 
38,48,10,38,18731.7,-0.0900623,37.9871,10.9965,118.411,0.164943,-135.073,1.91846e-10,2.1101,2.98008,-2.72928,1.31709,-0.0516044,4.59885,139.304,-5.36256,18051.9,14323.6,2.08114,2.95112,-2.78719,1.28813,-0.0805621,1.80726,132.854,-5.60147,18045.5,0.00730838,1.07966,-0.000572133,18178.3,0.000125452,-0.0129353,8.07725,11.3177,109.776,81.4945,1.8554,11.1421,11.0772,117.955,136.036,-8.17886,-54.5417 
39,47.3469,10,39,17026.4,-0.0839128,35.4754,10.6934,118.216,-0.00757682,39.0511,124.924,1.86379,-0.855204,3.03928,3.20067,-2.54917,-46.4982,138.157,-14.0221,16396.2,12358.9,2.15658,-0.562417,3.62485,3.49345,-2.25638,0.438537,203.376,-11.6066,16461.4,0.0122039,1.11095,-0.00130052,16664.8,0.000196523,-0.0206261,2.09275,-10.74,110.588,80.7124,1.71632,10.8165,11.1178,117.865,136.051,-7.27696,-55.3386 
40,47.0319,10,40,17810,-0.00477539,36.3787,10.7801,118.28,-0.00179617,-30.6473,500,1.27523,3.961,-1.94405,-1.46229,2.9051,-26.9147,143.543,-18.0982,17179.4,12768,1.44471,4.13047,-1.6051,-1.29281,3.07458,1.27906,181.294,-16.7,17217.2,0.0104201,1.19218,-0.00178997,17398.5,0.000670289,-0.0488338,9.97878,17.958,93.6859,108,1.79981,11.0785,10.9185,117.896,136.144,-24.2099,-28.1436 
41,47.1069,10,41,16975.1,-0.0324103,35.3513,10.54,118.259,0.0233315,-8.32107,500,3.19849,0.679179,-2.5923,3.9697,-0.740266,-26.934,96.6151,-3.8204,16240.4,12135.8,3.36809,0.848775,-2.25311,4.13929,-0.57067,1.40726,134.393,-2.42123,16278.2,0.00818838,1.03255,-0.000274071,16412.6,0.000178177,-0.0158289,7.10626,12.5627,115.484,71.8339,1.75496,10.7523,10.9683,117.886,135.969,-2.40218,-64.1354 
42,46.8069,1.5,42,19533.8,-0.0680648,40.2129,10.7434,118.874,0.0456452,-59.6966,186.633,-1.51777,-1.78529,4.45274,3.55107,2.09573,70.5163,6795.97,-0.569624,12256.8,14152.5,-1.96179,-2.22931,3.5647,3.10705,1.65171,0.137368,6697.06,-4.23281,12157.9,0.355188,1.00111,-0.000641745,18855,-2.95696e-05,0.838066,10.4109,9.74824,119.631,86.5658,1.26272,11.0885,11.0518,117.994,136.001,1.63765,-49.4354 
43,47.0169,10,43,18111.4,-0.0628801,36.402,11.0032,118.216,0.0164734,18.403,232.106,2.72685,-3.02848,3.21209,-0.500903,-0.127131,57.4659,92.0908,-16.6181,17427.6,13048.7,2.365,-3.39033,2.48839,-0.86275,-0.488978,-21.3515,11.4892,-19.6034,17347,0.000661879,-0.503544,-0.00208606,17358.5,8.00437e-05,-0.0116184,7.75394,10.2638,110.324,76.6019,1.79624,11.2662,10.9588,117.775,135.206,-7.45085,-58.6043 
44,46.9869,10,44,17022.4,-0.0077632,34.3275,10.8634,117.937,-0.000491792,-25.4465,500,2.45006,0.297674,-0.295035,-2.97601,-4.27428,-66.6334,89.8465,-28.2935,16344.8,12140,2.86963,0.717247,0.544111,-2.55643,-3.85471,1.23863,183.306,-24.832,16438.3,0.0110282,1.31073,-0.00279048,16621.6,0.000128514,-0.0139774,7.67559,11.6751,114.855,71.2914,1.69277,11.1027,11.0714,117.635,134.533,-2.78035,-63.2418 
45,46.9269,10,45,15801.2,-0.0266363,31.8468,10.9979,118.077,-0.0328083,-17.4054,500,1.51459,1.15608,4.53294,-5.46622,2.18995,-7.16503,213.172,-14.4192,15051.6,11420.3,1.5597,1.20119,4.62318,-5.4211,2.23506,-0.10127,223.222,-14.047,15061.7,0.0146041,1.12375,-0.00172096,15284.9,-0.000117473,0.0286839,-8.77474,14.9233,125.34,97.1604,1.53946,11.2184,11.0896,117.648,135.399,7.692,-38.2385 
46,47.3669,10,46,17862.4,-0.0291271,36.0491,10.9379,117.881,0.0225236,-7.23513,500,-2.68586,-4.97525,-2.07496,-3.85684,0.645533,23.5235,105.393,-15.2782,17202.2,12841.1,-2.83398,-5.12338,-2.3712,-4.00496,0.497412,0.828622,72.3989,-16.5002,17169.2,0.00419908,1.66345,-0.00177347,17241.6,0.000164459,-0.0126899,-7.44469,-11.4377,114.14,75.3805,1.74896,11.0986,11.2154,117.537,135.724,-3.39682,-60.3435 
47,47.0469,10,47,18286.1,-0.0651094,36.8667,10.9743,118.372,0.0473601,30.8934,212.529,3.05244,-0.0123076,5.22838,0.179464,-0.925339,-18.7103,165.969,-10.6916,17565,13218.2,3.17026,0.105506,5.46401,0.297278,-0.807525,0.336048,192.212,-9.71966,17591.3,0.0108085,1.09708,-0.00101885,17783.5,0.000712769,-0.0501336,10.2906,19.196,94.1644,108,1.80298,11.1802,11.1176,117.938,135.991,-23.7737,-27.9911 
48,46.8219,2,48,18054,-0.0632528,36.5052,-10.947,118.48,0.0155786,-9.48581,485.474,5.11727,-0.779895,-4.65371,0.0457636,-1.47956,25.8611,193.158,-25.0034,17427.2,13013.9,4.95443,-0.942736,-4.97939,-0.117077,-1.6424,-0.825842,156.885,-26.3469,17390.9,0.00894044,1.41621,-0.00279856,17547.8,0.000714521,-0.0449046,10.2365,19.4031,93.6184,108,1.78243,11.1262,11.106,118.029,136.371,-24.4106,-28.3713 
49,46.8519,3.5,49,18048.8,-0.0343516,36.2736,-11.036,118.256,0.0253445,6.25427,500,-0.141969,1.44801,-3.46854,-2.57295,-2.9819,-9.39604,177.699,-14.9104,17270.5,13036.8,-0.0828045,1.50717,-3.35021,-2.51378,-2.92273,0.544954,190.878,-14.4223,17283.6,0.0109232,1.15237,-0.00153951,17474.5,0.000206877,-0.0120941,6.61336,10.892,109.644,73.7176,1.79382,11.1632,10.9459,117.815,135.474,-8.17148,-61.756 
50,47.1669,10,50,18840.4,-0.0895454,37.6989,11.1249,118.701,-0.0452458,115.7,33.3518,3.17509,-1.42351,-2.94977,2.52365,2.04376,49.3666,149.47,-7.43457,18171.3,13823.1,2.86425,-1.73435,-3.57147,2.2128,1.73292,3.37443,80.2287,-9.99907,18102,0.00441248,1.27895,-0.00101857,18182.2,8.74077e-05,-0.0126505,7.49123,9.99991,110.384,78.834,1.83369,11.315,11.1153,118.269,135.935,-7.88529,-57.1006 
51,47.1469,10,51,17321.6,-0.0253334,34.4742,11.0654,117.951,0.00980564,-49.6518,500,1.99439,-1.20961,5.01038,2.14622,2.61962,14.9623,45.6533,-9.10087,16686.1,12434,1.90018,-1.30382,4.82195,2.05201,2.52541,0.517598,24.6672,-9.87814,16665.1,0.00147798,3.34223,-0.00109309,16689.8,0.000148937,-0.0111522,8.20235,-19.0925,114.587,67.0847,1.68922,11.2458,11.1576,117.542,136.059,-2.95503,-68.9739 
52,46.9119,10,52,15503.4,-0.0267487,31.6753,10.8105,118.337,-0.00547498,-0.798509,500,0.0596178,-2.53625,-8.62158,-1.88132,-4.00439,71.6723,276.568,-17.403,14709.9,11147.3,-0.391684,-2.98755,-9.52418,-2.33262,-4.45569,0.516336,176.041,-21.1262,14609.4,0.0119064,1.26584,-0.00267093,14785.4,-0.000156712,0.034333,9.9533,15.6583,124.592,95.8384,1.5109,11.1485,11.091,117.914,135.182,6.67809,-39.3435 
53,46,10,53,15935.3,-0.0133877,32.7673,-10.6676,117.921,-0.0472881,-1.84758,500,-4.92752,3.26561,-4.03974,1.50001,0.570339,44.7552,-5.68497,-20.8594,15397.3,11381.8,-5.20934,2.98379,-4.60336,1.2182,0.288528,0.13506,-68.4585,-23.1843,15334.5,-0.00448435,0.627881,-0.00279286,15266.1,0.000148934,-0.0144849,7.79695,12.5406,112.399,77.5973,1.64647,10.9514,10.7945,117.549,134.63,-5.15014,-57.0326 
54,47.1869,10,54,18922.1,-0.105469,39.4871,10.7118,118.092,-0.00423085,47.054,480.847,-0.0704492,-0.313136,-5.22833,1.25082,-0.242202,79.8325,123.919,-13.7277,18334.3,13775.8,-0.573133,-0.81582,-6.2337,0.74814,-0.744887,0.181865,11.9464,-17.8748,18222.3,0.00065516,-0.617875,-0.00181025,18234.3,0.000140938,-0.0183924,6.45611,10.6131,113.603,76.2493,1.9303,10.8229,11.0665,117.711,135.825,-4.10766,-59.5756 
55,47.0019,10,55,17978.6,0.00220889,37.3003,10.6411,118.157,0.00591155,-36.2518,500,1.19067,-1.52377,2.19897,2.2063,4.54354,34.6192,216.887,-6.56998,17151.8,12927.9,0.972684,-1.74176,1.76299,1.98831,4.32556,0.758752,168.331,-8.36839,17103.3,0.00974608,1.09529,-0.000902128,17271.6,0.00042405,-0.0167766,5.91656,7.28724,109.985,79.5497,1.78238,10.7503,11.2293,117.744,136.79,-7.75969,-57.24 
56,47.2869,10,56,17488.2,-0.0860136,35.3674,11.0165,118.25,0.0583067,1.06393,137.404,-1.14003,-1.40074,-0.585424,-1.27115,-2.50759,8.39453,148.328,-4.66031,16728.1,12685.5,-1.19289,-1.4536,-0.69114,-1.32401,-2.56045,0.904302,136.554,-5.09639,16716.3,0.00810269,1.06988,-0.000561928,16852.9,0.000813489,-0.0467123,9.97887,18.8888,93.6898,108,1.69379,11.1636,11.2027,117.821,136.29,-24.1315,-28.2896 
57,47.0669,10,57,17554.9,-0.0135899,35.5772,11.0034,118.124,-0.0242404,-7.45595,500,3.16661,-5.66784,0.311636,-1.52031,-0.636017,76.1296,182.61,-11.4622,16980.4,12749.5,2.68724,-6.1472,-0.647099,-1.99968,-1.11539,0.9104,75.831,-15.417,16873.7,0.00447394,1.55228,-0.00168592,16949.5,6.20056e-05,-0.0146815,5.14622,11.441,113.524,73.6378,1.71295,11.2273,11.1867,117.716,136.449,-4.19216,-62.8115 
58,46.9419,10,58,17236.8,-0.0814705,34.9582,10.9678,118.041,0.0940597,-31.7558,364.241,0.940669,1.09196,3.40039,1.84866,-0.372046,-1.21469,179.832,-22.201,16536,12578.7,0.948318,1.09961,3.41569,1.85631,-0.364397,0.508925,181.536,-22.1379,16537.7,0.0108579,1.27131,-0.002472,16719.2,0.000655368,-0.0485704,10.078,-17.2489,93.6207,108,1.6518,11.3117,11.2703,117.601,135.323,-23.9802,-27.3234 
59,47.2069,10,59,16106.7,-0.0435246,33.2274,10.7676,117.963,0.00577402,17.7289,500,0.192188,-2.0151,0.336167,-2.49389,3.53013,86.0458,98.4904,-8.74351,15534.8,11650.3,-0.34962,-2.55691,-0.747448,-3.0357,2.98832,0.798061,-22.1973,-13.2134,15414.1,-0.00144213,0.489781,-0.0015816,15391.9,1.83836e-05,-0.0176678,5.6484,10.5576,115.922,72.4649,1.63493,11.0754,10.945,117.582,135.008,-1.65982,-62.5427 
60,47.1269,10,60,18143.4,-0.019892,37.0702,10.8073,118.54,0.0331067,-9.72234,500,1.19511,0.875213,0.995949,-0.281107,2.20346,60.3401,151.864,-5.92545,17466.9,13052.2,0.815164,0.495268,0.236058,-0.661053,1.82352,0.91286,67.2309,-9.06,17382.3,0.00385288,1.30861,-0.000961065,17449.5,0.00010655,-0.016507,-5.2266,11.4394,111.265,79.1506,1.85623,11.084,10.7833,118.097,135.247,-6.83229,-56.0966 
61,47.2269,10,61,17757.9,0.0203571,35.9407,10.8259,118.292,0.0168962,-16.8994,1.04914e-10,3.00785,-1.85106,0.330523,-2.61134,-0.168401,61.8741,92.0442,-6.31387,17003,12675.5,2.61825,-2.24066,-0.448686,-3.00094,-0.558005,0.876397,5.2598,-9.52811,16916.2,0.000310836,-0.460805,-0.00103865,16921.5,0.000167169,-0.0191554,6.10766,11.635,114.941,74.2928,1.75841,11.0453,11.1556,117.907,135.97,-2.96668,-61.6774 
62,47.3069,10,62,17473.7,-0.00586414,35.5226,-10.7972,118.188,-0.000437445,-17.8927,8.47222e-11,3.2493,-0.686984,-1.28553,-1.74841,-0.359732,-16.0902,165.254,-4.41429,16748.1,12485.9,3.35061,-0.585669,-1.0829,-1.6471,-0.258417,-3.84582,187.822,-3.57844,16770.7,0.0110754,1.03449,-0.000393213,16958.5,0.000220664,-0.0140301,7.7668,7.61159,111.603,78.5599,1.7249,11.066,11.1018,117.771,135.519,-6.16786,-56.9595 
63,47.2469,10,63,17891.7,-0.0616072,35.9243,11.0127,118.255,-0.119717,136.178,103.355,2.41607,-1.65511,-0.176307,2.36911,2.59361,80.0915,113.567,-5.41493,17182.1,13409.5,1.91176,-2.15942,-1.18494,1.86479,2.08929,1.46994,1.23052,-9.57553,17069.8,7.20823e-05,-0.0792519,-0.00103442,17071,0.000176949,-0.00964808,8.33183,9.8839,112.607,73.2739,1.75475,11.2808,10.9928,117.907,134.775,-5.29943,-61.5012 
64,47.3269,10,64,19245.6,-0.0129419,39.039,10.912,118.225,-0.0566376,-6.22519,499.874,2.23286,0.29219,5.17531,0.216768,1.34019,59.6301,18.7049,-24.841,18588.5,13879.1,1.85739,-0.0832845,4.42436,-0.158707,0.964711,0.368352,-64.932,-27.9387,18504.9,-0.00352127,0.570456,-0.00278897,18440,8.67231e-05,-0.0163711,-9.01773,9.96289,111.216,80.1617,1.90796,11.1644,11.0849,117.864,136.318,-6.64803,-56.156 
65,47.3869,10,65,18111.8,-0.0129868,35.9691,10.9786,118.201,0.0328223,9.1323,65.881,0.105577,-1.38297,-0.460008,-1.01946,-3.73181,25.0332,85.8367,-7.17475,17333.1,12864.7,-0.0520506,-1.5406,-0.775262,-1.17708,-3.88944,0.89572,50.7253,-8.47517,17298,0.00292386,1.41321,-0.000903355,17348.8,0.000749141,-0.0492858,10.1481,18.2747,94.4208,108,1.76977,11.2067,11.1278,117.771,134.534,-23.3501,-26.5344 
66,46.9719,10,66,17912.6,0.00180152,36.7851,10.5549,118.336,0.0453489,-15.879,0.0877494,5.38365,0.630239,-2.5502,-2.19858,-4.00019,36.7195,279.668,-0.491812,16935.1,12662.6,5.15244,0.399026,-3.01263,-2.4298,-4.2314,0.269199,228.165,-2.39932,16883.6,0.0133338,1.01875,-0.000261849,17111.8,0.000518723,-0.21491,16.2049,0.00205086,103.212,75.5171,1.79502,10.7677,10.9849,117.921,135.749,-14.709,-60.2314 
67,46.8669,5,67,18473.7,-0.042472,37.0789,10.9521,118.226,0.0286066,-60.4308,417.673,2.61576,1.82011,1.92663,-2.3891,-1.8165,7.96956,231.596,-17.9827,17624.9,13276,2.56558,1.76993,1.82626,-2.43928,-1.86668,0.0159173,220.418,-18.3967,17613.7,0.0123594,1.17104,-0.0019277,17834.1,0.000875064,-0.0467902,-9.881,20.9766,94.3752,108,1.79303,11.2017,11.1499,117.827,135.807,-23.4518,-27.8073 
68,46.8969,10,68,16684.8,-0.0511027,33.6602,-10.9392,118.382,-0.0264647,-3.51351,478.485,1.92155,-1.68115,-1.11414,1.4063,-3.8524,97.1259,413.839,1.62914,15659.7,11989.6,1.30998,-2.29273,-2.33729,0.794724,-4.46398,0.66559,277.611,-3.41635,15523.4,0.0175691,1.02201,-0.00040557,15801,0.00041795,-2.81373,0.0951712,19.1124,124.533,90.3972,1.57222,11.1957,11.2867,117.904,135.934,6.62928,-45.5373 
69,47.0869,10,69,17475.7,0.0172945,34.6816,-11.0786,118.425,-0.00268846,-20.931,1.75336e-11,6.23371,-0.393193,-1.36002,2.26709,-2.98685,34.8868,67.7634,-12.802,16872.9,12509.5,6.01403,-0.612866,-1.79937,2.04742,-3.20652,1.73663,18.8313,-14.6143,16824,0.00111806,-2.79241,-0.00160272,16842.8,0.000189261,-0.0142882,10.0099,9.63355,109.158,79.6294,1.67931,11.3492,11.1716,118.019,136.345,-8.86095,-56.716 
70,47.2669,10,70,16302.3,-0.0480876,33.0856,10.8677,118.119,-0.0451812,7.42744,450.636,1.28165,-2.56925,1.30826,0.647174,-3.88875,39.8484,61.467,-15.8267,15735.5,11715.9,1.03074,-2.82017,0.806431,0.39626,-4.13966,1.17062,5.57576,-17.8967,15679.6,0.00035548,-0.216589,-0.00210701,15685.2,2.98026e-05,-0.0128393,8.69072,9.52932,111.097,78.5286,1.63885,11.168,10.9517,117.722,135.396,-6.62524,-56.8674 
71,46.8369,2.5,71,15487.9,-0.0418836,31.6515,-10.9195,118.52,0.0763699,-31.0832,500,5.81265,0.0603325,4.69189,-2.10839,-2.88841,71.3685,385.648,6.11728,14477.6,11328.3,5.36326,-0.389056,3.79312,-2.55777,-3.3378,-0.32084,285.547,2.40982,14377.5,0.0194739,0.985446,0.000308662,14663,0.00058347,0.019531,0.231499,0.197731,96.4603,74.3215,1.50658,11.1464,10.8203,117.963,135.358,-21.5022,-61.0366 
72,46.8819,9,72,17557.6,-0.0359686,34.9038,11.0434,118.321,-0.0199271,23.0118,495.464,-5.04382,-5.09162,-1.67592,-1.81885,-1.58835,74.7344,357.782,3.58712,16482.4,12562.8,-5.51441,-5.56221,-2.61708,-2.28943,-2.05893,0.854945,252.96,-0.295186,16377.6,0.0152105,1.00205,-3.32027e-05,16630.6,0.000465618,-0.0015057,0.0207318,52.8557,124.403,87.9985,1.65802,11.2936,11.1457,117.823,135.971,6.57994,-47.972 
73,46.9569,10,73,16264.5,0.0257334,32.7341,10.8525,118.065,-0.0393464,-1.09314,500,-2.888,-2.313,-1.10535,-0.554619,1.29284,40.8404,95.5809,-14.3726,15478.2,11565.9,-3.14516,-2.57016,-1.61967,-0.81178,1.03568,0.772233,38.2983,-16.4942,15420.9,0.00247737,4.05985,-0.0019742,15459.2,0.000752269,-0.0393349,9.70622,-19.9658,94.5004,108,1.58211,11.1408,11.1484,117.668,135.697,-23.1674,-27.6967 
74,46.5069,10,74,18967.8,-0.0218772,38.2304,10.9451,118.365,0.00678402,-25.7363,500,1.989,-0.454909,1.02499,-0.0410238,-0.722546,30.2094,255.009,5.91037,18116.6,13627.1,1.79878,-0.64513,0.644548,-0.231245,-0.912767,0.0147363,212.637,4.34105,18074.3,0.0116278,0.965506,0.000442238,18286.9,0.000316378,-0.0179939,-1.97404,11.3152,114.852,75.4658,1.86185,11.1391,11.0158,117.907,136.064,-3.05596,-60.5986 
75,48,10,75,17708.6,-0.0301808,36.3506,-10.676,118,0.00752819,-7.97449,171.724,7.38103,-1.38988,1.24314,-5.13229,-1.28689,13.5866,25.4852,-15.3706,17166.3,12635.2,7.29548,-1.47543,1.07204,-5.21784,-1.37244,-2.55215,6.42861,-16.0764,17147.3,0.000374766,-0.296181,-0.00173005,17153.7,0.000174743,-0.00979814,-10.7732,19.4057,116.647,63.2725,1.7717,10.8892,11.2293,117.639,136.106,-0.99223,-72.8337 
76,47.3469,10,76,17284.8,-0.038022,34.7056,10.9424,118.247,-0.0336457,2.28951,476.7,0.249218,3.06591,1.19993,1.69375,-2.25548,-6.69442,126.396,1.25199,16528.9,12365,0.291371,3.10806,1.28424,1.73591,-2.21333,0.694684,135.786,1.59976,16538.3,0.00814356,0.979799,0.000178156,16674,0.000190483,-0.0144954,8.31919,5.89834,109.56,77.88,1.66943,11.176,11.2497,117.882,135.874,-8.32201,-57.9941 
77,47.0319,10,77,18998.8,-0.0298425,38.2001,10.9461,118.508,0.0216686,-25.4393,500,1.96906,0.757984,2.9857,-6.89533,3.92276,37.3608,159.718,0.171975,18270.9,13629.9,1.73381,0.522733,2.51519,-7.13058,3.6875,-0.893024,107.316,-1.76885,18218.5,0.00585598,1.0297,-0.000178883,18325.8,0.000835263,-0.0406679,9.94242,21.0776,94.3513,108,1.83734,11.2207,11.1445,118.077,136.517,-23.7259,-28.5166 
78,47.1069,10,78,17844.8,0.0138043,35.9742,10.9081,118.376,0.000667979,-32.2142,500,-0.904082,-1.62901,-2.28131,-2.20482,-0.928388,13.3934,103.654,1.90485,17222.8,12774.9,-0.988416,-1.71334,-2.44998,-2.28916,-1.01272,0.710185,84.8683,1.20908,17204,0.00490884,0.975675,0.000129445,17288.9,0.000591575,-0.049295,9.99931,17.9488,94.5342,108,1.73042,11.2535,11.2628,117.948,134.867,-23.4134,-26.8672 
79,46.8069,1.5,79,18690.5,0.0142212,38.8484,10.3649,119.101,0.0257819,-70.9792,3.62435e-11,0.67876,0.400023,1.01454,-0.404228,-3.75269,157.565,7731.38,22.1205,10296.5,13167.5,-0.313386,-0.592123,-0.969754,-1.39637,-4.74484,0.87903,7510.38,13.9353,10075.5,0.427069,0.996763,0.00254132,17585.9,0.000393608,0.96136,10.2212,9.72624,119.741,85.5619,1.10363,10.7365,10.8039,118.081,134.874,1.65985,-49.3123 
80,47.0169,10,80,19661.8,-0.085995,39.2752,11.1191,118.289,-0.0107372,160.841,181.4,-2.24252,1.42626,1.56608,-0.599662,-2.84123,63.886,200.879,5.87129,18825.3,14272.4,-2.64479,1.02398,0.761535,-1.00193,-3.24351,1.14918,111.273,2.55254,18735.7,0.00590402,0.961405,0.000250904,18847,0.000834913,-0.046272,-9.71409,18.2616,93.088,108,1.87556,11.2336,11.2758,117.881,135.533,-24.7931,-27.5332 
81,46.9869,10,81,16107.6,-0.0366558,32.3764,11.0752,118.248,-0.0211688,23.3972,500,3.96597,-1.73846,6.77314,0.383236,0.045959,39.6596,161.15,-9.1718,15492.6,11688.9,3.71625,-1.98818,6.27369,0.13351,-0.203767,0.209016,105.523,-11.232,15436.9,0.00678935,1.22891,-0.00134213,15542.5,5.5471e-05,-0.0136605,9.32161,6.50893,108.022,78.5547,1.53911,11.3079,11.3455,117.769,135.257,-9.74716,-56.7024 
82,46.9269,10,82,13336.7,-0.000553669,26.5625,10.9986,118.246,-0.010728,-5.20196,1.25714e-10,7.00458,-1.11333,3.09082,-1.94804,-2.40729,56.6651,164.159,12.596,12548,9512.3,6.64778,-1.47013,2.37721,-2.30485,-2.7641,0.0437251,84.6807,9.65232,12468.5,0.00674574,0.833699,0.00142401,12553.2,0.000343425,-0.0761533,10.5757,-0.125291,96.2043,81.409,1.23844,11.2863,11.3522,117.701,135.721,-21.4971,-54.3122 
83,47.3669,10,83,14274.3,-2.29433e-05,28.7205,10.7958,118.29,-0.00912672,-20.489,212.783,1.96216,0.506961,5.34681,0.484753,-1.84324,20.7442,157.169,-1.99585,13614.5,10099.6,1.83154,0.376341,5.08557,0.354133,-1.97386,0.103663,128.073,-3.07348,13585.4,0.00933916,1.04384,-0.000416919,13713.5,0.000335293,-0.00984848,-8.34742,7.79349,107.551,84.6387,1.38191,11.0197,11.2236,117.795,135.847,-10.2437,-51.2081 
84,47.0469,10,84,16994.4,-0.0564049,34.2166,10.9754,118.164,0.0162056,24.8403,252.779,-0.270738,-4.07511,2.19058,-1.41193,2.14672,34.5062,118.166,-4.27869,16331.7,12238.2,-0.488014,-4.29239,1.75603,-1.62921,1.92944,1.64462,69.7678,-6.07122,16283.3,0.00426635,1.17964,-0.000687301,16353,9.2931e-05,-0.0160203,-8.83508,8.69729,111.424,79.5796,1.69346,11.2167,10.9612,117.763,135.936,-6.33888,-56.3564 
85,46.8219,2,85,15384.1,-0.0758114,30.6295,11.1906,118.501,-0.0392394,85.3771,367.937,0.523985,0.317408,1.93185,-1.92396,-1.03389,32.8682,140.365,-13.0689,14768.5,11267.1,0.317023,0.110445,1.51792,-2.13092,-1.24085,2.06418,94.264,-14.7763,14722.4,0.00636203,1.37802,-0.00185228,14816.6,0.000222397,-0.0143585,-6.27726,9.18371,106.157,82.2653,1.42264,11.4519,11.4335,118.019,135.782,-11.8618,-53.5169 
86,46.8519,3.5,86,14824.8,-0.0100695,29.5925,-10.9154,118.388,0.0199869,-32.9531,5.89927,3.19559,0.794364,1.19552,1.38755,-1.14264,26.8248,94.5821,-15.6604,14100.5,10536.6,3.02668,0.625455,0.8577,1.21864,-1.31155,0.805815,56.9576,-17.0539,14062.9,0.00403388,2.10073,-0.00223891,14119.8,0.00036417,-0.0118226,11.0923,7.19858,113.465,73.4405,1.40078,11.1101,11.4097,117.993,135.091,-4.52817,-61.6501 
87,47.1669,10,87,18140.4,-0.0316309,37.4349,10.7016,118.262,-0.009732,-5.37918,465.459,5.20847,0.416572,-1.32429,1.1932,-2.59549,3.10488,53.0861,-15.2054,17517.9,13043,5.18892,0.397022,-1.36339,1.17365,-2.61504,1.49023,48.7312,-15.3667,17513.6,0.00277476,2.23135,-0.00161892,17562.3,9.71058e-05,-0.014772,-6.69446,-10.5892,113.539,72.4034,1.82582,10.9498,11.1048,117.847,135.954,-4.30844,-63.551 
88,47.1469,10,88,15858.7,-0.0233232,33.2737,10.5705,118.595,0.00608167,0.155689,500,0.287398,3.0544,-4.48853,-2.48821,1.79206,13.345,157.223,12.1769,15086.5,11449.7,0.203368,2.97037,-4.65659,-2.57224,1.70803,-0.98401,138.506,11.4836,15067.8,0.00910845,0.873291,0.00140196,15206.3,0.000540693,-0.0132691,-6.48045,13.3699,110.147,78.7468,1.57082,10.6219,11.267,118.16,136.002,-8.01306,-57.2554 
89,46.9119,10,89,11886.5,-0.0219745,23.8636,10.8697,118.068,0.0070322,-19.1756,500,-0.508594,-2.08681,0.695561,1.55092,-3.0012,-18.9549,214.182,-13.0312,11072.2,8448.41,-0.389239,-1.96746,0.93427,1.67028,-2.88185,1.3547,240.768,-12.0466,11098.8,0.0212326,1.09596,-0.00200342,11339.5,0.000274771,0.0230115,8.75035,16.3747,125.896,97.826,1.05423,11.0406,11.9045,117.658,136.185,8.23764,-38.3588 
90,46,10,90,16006.4,0.00572167,32.6797,10.6711,117.873,-0.026961,-12.3431,4.72803e-11,0.725898,1.37886,8.25689,-0.158909,1.17134,5.87857,95.8045,-15.5552,15188.7,11363.1,0.688882,1.34184,8.18286,-0.195925,1.13432,0.266241,87.5592,-15.8606,15180.4,0.00573483,1.46412,-0.00192836,15268,0.000400263,-0.0161802,9.57853,7.4419,110.079,79.3005,1.57995,10.8797,11.1556,117.501,135.271,-7.4218,-55.9708 
91,47.1869,10,91,17145.2,0.0816421,33.6911,11.0196,118.379,0.04672,-174.075,6.51461e-11,1.53218,-1.61006,3.35508,0.0364867,-5.13739,10.0982,121.755,-2.77026,16270.7,12350.5,1.4686,-1.67365,3.2279,-0.0270991,-5.20097,2.46376,107.591,-3.29484,16256.5,0.00657485,1.05663,-0.000373494,16364.1,0.000219117,0.0118791,16.2611,6.98757,88,66.1515,1.5837,11.327,11.4682,117.895,135.125,-29.8949,-68.9739 
92,47.0019,10,92,17376.2,-0.012051,34.7832,10.8905,118.274,0.0154229,-39.2779,403.627,-1.94625,-0.751101,3.61475,0.88286,-3.44077,8.53025,122.361,-11.7789,16574.2,12351.1,-1.99996,-0.804814,3.50733,0.829147,-3.49448,2.78692,110.397,-12.2221,16562.2,0.00662146,1.2403,-0.00136123,16672.6,0.000689338,-0.0464605,9.68436,20.1868,95.5229,108,1.69773,11.2461,11.1277,117.832,135.449,-22.3095,-27.449 
93,47.2869,10,93,17325.6,-0.0520748,35.5514,10.643,118.39,0.0217364,5.49969,1.17116e-10,0.435307,-2.02576,-0.625571,-3.4477,1.89088,50.9528,149.067,4.33814,16536,12321.2,0.114471,-2.3466,-1.26724,-3.76854,1.57005,0.777593,77.6005,1.69124,16464.5,0.00469108,0.963261,0.000189186,16542.1,0.00080897,-0.0456108,-9.73819,15.9404,93.7488,108,1.74293,10.8668,10.9912,118.063,134.63,-24.3139,-26.6298 
94,47.0669,10,94,18077.7,-0.0417831,37.9095,10.485,118.376,0.0272967,-12.2199,1.5614e-09,2.08451,-0.51397,-1.80518,0.0390966,-0.436963,-5.83703,223.41,-15.9337,17178.8,12950.2,2.12126,-0.477216,-1.73167,0.0758509,-0.400209,-3.20329,231.597,-15.6305,17187,0.013296,1.13393,-0.00167809,17418.6,0.000454265,-0.01666,-7.03617,7.92121,114.349,74.2162,1.85583,10.6121,10.9761,118.008,136,-3.65835,-61.7843 
95,46.9419,10,95,17374.5,-0.00242154,34.7805,10.8664,118.239,-0.0444269,21.972,1.81892e-09,2.26371,0.714477,-0.771486,0.735904,-0.122972,-2.07592,170.351,-9.97995,16488.2,12334.9,2.27679,0.727548,-0.745343,0.748975,-0.1099,1.25719,173.263,-9.87211,16491.1,0.0103972,1.11075,-0.00110396,16664.3,0.000784028,-0.00382944,-169.676,16.0316,152.997,55.0001,1.68794,11.0989,11.0957,117.858,134.921,35.1392,-79.9205 
96,47.2069,10,96,17838.2,0.00375371,35.8628,-10.7749,118.057,0.00992362,-37.3752,9.15572e-10,-2.6898,-1.74707,-0.515653,0.0905116,-2.99597,-45.6671,139.836,-3.78246,17003.3,12591.3,-2.40224,-1.45952,0.0594548,0.378065,-2.70842,1.00969,203.889,-1.41014,17067.4,0.0118051,1.01225,-0.000152222,17271.3,0.00031066,-0.0103249,-0.0637455,3.91817,109.562,80.6911,1.74754,11.0466,11.1008,117.621,134.842,-8.05891,-54.1509 
97,47.1269,10,97,18529.1,-0.0221053,37.1494,10.9016,118.191,0.021143,-26.6605,20.1074,4.99398,-1.92626,2.18833,-0.271318,0.0146923,0.309789,102.973,8.22089,17777.6,13202,4.99202,-1.92821,2.18443,-0.273268,0.0127416,0.562039,102.538,8.2048,17777.1,0.00573491,0.87717,0.000849477,17879.7,0.000251312,-0.0157963,-5.76356,14.5972,108.311,79.3985,1.81094,11.2026,11.0865,117.801,135.214,-9.48984,-55.8157 
98,47.2269,10,98,17974.8,-0.014845,35.3126,11.1043,118.317,0.00975421,-5.04757,493.789,-6.84616,0.73045,-0.30051,0.240992,2.3939,55.0656,152.692,-14.1568,17102.6,12766.5,-7.1929,0.383717,-0.993976,-0.105741,2.04717,0.83043,75.4577,-17.0173,17025.4,0.00441251,1.65197,-0.00184463,17100.9,-0.000143604,0.0334254,-3.45931,63.8883,127.673,108,1.7455,11.2422,10.9569,117.772,135.536,9.90085,-27.536 
99,47.3069,10,99,17202.5,-0.0711582,35.4507,10.768,118.424,-0.0129635,45.9936,2.93827,0.209321,2.36222,-4.33213,-0.556372,-4.36835,83.0459,326.986,2.37983,16198.2,12446.1,-0.313597,1.8393,-5.37796,-1.07929,-4.89127,0.452503,210.506,-1.93424,16081.7,0.0129207,1.01634,-0.00022161,16292.2,0.00058723,-0.0141678,5.84059,-9.59323,105.501,81.9058,1.67973,10.9236,11.0889,117.988,135.563,-12.4868,-53.6573 
100,47.2469,10,100,18943,0.0134034,37.6368,10.9223,118.333,-0.0393194,37.7196,500,4.79239,1.18914,0.540737,4.54256,-2.30834,-32.4265,278.263,-3.26172,17952.5,13430.2,4.99657,1.39332,0.949099,4.74674,-2.10416,0.904915,323.745,-1.57723,17998,0.01767,1.0086,-0.000161457,18321.7,0.000450719,-0.0142683,-7.50308,-10.3357,108.481,75.443,1.82103,11.1546,11.1749,117.975,135.177,-9.49381,-59.7341 
101,47.3269,10,101,19115.2,-0.0662371,37.6987,11.0357,118.096,0.0245873,-6.20656,2.9728e-11,-2.73825,-2.86908,-0.223111,-0.565972,0.86677,10.1016,182.044,-3.84382,18076.8,13548.1,-2.80186,-2.93268,-0.350326,-0.62958,0.803163,0.940736,167.875,-4.36858,18062.6,0.00920848,1.04771,-0.000445725,18230.5,0.000604349,-0.0162921,6.58073,11.8865,105.684,80.1861,1.85098,11.2407,10.9169,117.613,135.026,-11.9289,-54.8399 
102,47.3869,10,102,17888.3,-0.0157037,37.5209,10.4033,118.309,-0.139559,541.949,2.27822,-2.1635,-4.28644,1.32785,1.18525,-1.04122,10.3771,100.321,-8.92611,17229.2,15169,-2.22884,-4.35178,1.19717,1.1199,-1.10656,1.22293,85.7666,-9.46517,17214.6,0.00495749,1.23936,-0.00101388,17300.4,0.000169846,0.00301834,-0.0314261,5.01301,107.108,79.2226,1.78565,10.6607,11.3921,117.932,135.208,-10.8242,-55.9854 
103,46.9719,10,103,12233.1,0.0601611,22.6137,11.4491,118.379,0.0543956,-24.3752,398.661,-3.48182,-3.42353,-2.01661,-1.26753,-2.29313,11.1895,224.616,3.66573,11372.9,8471.4,-3.55228,-3.49399,-2.15752,-1.33799,-2.36359,0.83282,208.922,3.08446,11357.2,0.0180633,0.974814,0.000500041,11566.1,0.000482597,0.00199694,-0.199632,2.16164,103.925,82.0092,1.05538,11.7712,11.5281,117.806,135.475,-13.8815,-53.4661 
104,46.8669,5,104,13448.5,0.0165223,27.6642,10.3254,118.19,-0.00900722,-28.1177,2.04288e-11,0.87489,-5.84567,4.6892,-1.76984,-0.177189,3.30804,61.1492,-15.0238,12744.4,9306.93,0.85406,-5.8665,4.64754,-1.79067,-0.198019,2.97467,56.5093,-15.1956,12739.8,0.00441607,1.88887,-0.00220204,12796.3,0.00066372,-0.040748,9.67139,14.2001,94.1102,108,1.43125,10.6872,10.5382,117.843,134.943,-23.7329,-26.9434 
105,46.8969,10,105,18047.9,-0.0541017,35.4004,-11.2474,118.375,-0.00267876,77.4108,6.39704,-2.03102,0.622105,3.07543,-0.339093,-1.69919,-22.8321,507.49,9.21948,16866.9,12968.2,-1.88725,0.765873,3.36296,-0.195325,-1.55542,-5.85151,539.514,10.4056,16898.9,0.0309383,0.96735,0.001133,17438.4,2.1304e-05,0.0411884,10.5562,17.8085,122.818,93.9682,1.63059,11.5952,11.2722,117.897,135.483,4.92101,-41.515 
106,47.0869,10,106,17749.2,0.00503767,37.3701,-10.5533,118.408,0.0422358,-20.5438,500,-2.19476,2.09966,10.2208,-0.197589,0.246825,8.99574,272.105,3.21418,16902.9,12866.5,-2.25141,2.04302,10.1075,-0.254232,0.190181,-0.0277006,259.487,2.74687,16890.3,0.0151306,0.981812,0.000299492,17149.8,5.78599e-05,0.036516,-10.1473,12.7137,124.853,103.192,1.80091,10.6855,11.0168,117.985,135.547,6.86856,-32.355 
107,47.2669,10,107,19972,0.00531367,41.649,10.5036,118.323,-0.0633631,3.1715,1.11925e-12,1.22662,-7.46768,-1.00313,-1.83433,-0.284069,27.123,200.377,-9.81473,19149.2,14247.5,1.05584,-7.63847,-1.3447,-2.00512,-0.454855,0.870544,162.335,-11.2237,19111.2,0.00842267,1.13765,-0.00108301,19273.5,-4.32745e-05,0.0362995,-10.1431,10.6869,125.729,101.955,1.98406,10.7133,11.358,117.971,134.934,7.75739,-32.979 
108,46.8369,2.5,108,19109,-0.018264,39.7361,10.4976,118.495,-0.013796,5.55579,0.000276139,0.200405,1.9284,5.14984,3.43122,0.887193,17.1407,133.341,-8.83654,18142.4,13581.6,0.0924749,1.82047,4.93398,3.32329,0.779263,0.549387,109.299,-9.72697,18118.3,0.00599634,1.18447,-0.000989927,18227.6,0.00040039,-0.125597,-3.29624,-0.204917,106.564,68.6764,1.91293,10.6921,11.1779,118.106,135.214,-11.5411,-66.5378 
109,46.8819,9,109,15819,-0.0397084,31.7838,10.9526,118.238,-0.0333921,49.5464,0.212251,1.76896,-0.288345,3.10122,-1.78216,-1.91389,23.6183,365.077,-16.0771,14839.6,11386.2,1.62024,-0.437063,2.80378,-1.93087,-2.0626,431.041,331.95,-17.304,14806.4,0.0219277,1.10038,-0.00215748,15138.4,-1.00194e-05,0.0340465,10.5196,16.9573,124.203,94.083,1.51139,11.1704,11.1314,117.723,135.75,6.47972,-41.6671 
110,46.9569,10,110,17753.2,-0.018285,35.7161,10.9522,118.011,0.0319231,-116.33,4.66802e-10,4.16028,-0.342447,7.09467,-0.281431,1.70076,33.855,98.0317,-20.5533,17088.1,12854.8,3.9471,-0.555623,6.66832,-0.494607,1.48758,0.396684,50.5468,-22.312,17040.6,0.00295748,4.3951,-0.00241778,17091.1,5.10625e-05,-0.0102268,-7.95138,-8.58927,113.175,71.7604,1.72433,11.194,11.2722,117.641,135.537,-4.4658,-63.7769 
