cyc,freq,VVA,cyc,ROIsum,fBg,fA1,fWidth1,fCtr1,fA2,fWidth2,fCtr2,box1,box2,box3,box4,box5,box6,box7,box8,box9,Nfit,BZ-2,BZ-1,BZ0,BZ1,BZ2,Excited,c5,c7,c9,fraction95,fraction75,fraction97,sum95,two2D_bg,two2D_a1,two2D_sh1,two2D_sv1,two2D_ch1,two2D_cv1,two2D_a2,two2D_sh2,two2D_sv2,two2D_ch2,two2D_cv2,two2D_chd,two2D_cvd
0,46.942,9.5,0,24839.9,-0.0171222,46.8271,11.5889,115.362,-0.0183204,16.2346,2.72982e-10,1.97173,-1.9249,2.52966,0.597708,0.986338,-48.0583,429.422,-2.83186,23588.4,17675.5,2.27434,-1.62229,3.13488,0.900319,1.28895,0.475439,496.828,-0.335324,23655.8,0.0194286,1.00118,-2.61128e-05,25572,0.000483276,0.0345474,-10.2595,16.1731,123.182,92.435,2.1676,11.7899,11.425,114.809,130.844,8.37303,-38.4093 
1,46.717,2.5,1,29955.4,-0.0197273,54.7613,11.9986,115.367,-0.0314612,14.1483,500,-1.14374,-0.992358,-2.79393,2.62319,-1.70045,-58.6668,870.433,-1.44096,28179,21404,-0.774326,-0.622948,-2.05511,2.99259,-1.33104,-0.147577,952.719,1.60667,28261.3,0.0308227,0.997057,0.000104714,30909.7,1.16074e-05,0.0831072,10.9339,12.702,119.166,85.0837,2.45803,12.3886,11.671,114.843,131.581,4.32302,-46.4968 
2,46.287,10,2,30834.4,-0.0479088,56.4102,11.9821,115.338,0.0262426,-25.0623,480.046,1.36165,-1.58231,-1.11004,1.08719,-2.46492,-77.8319,-68.1159,-4.36545,29731.8,22024.6,1.85174,-1.09223,-0.129871,1.57728,-1.97484,1.55959,41.0509,-0.322233,29841,0.00129611,1.01393,-1.98921e-05,31672.5,0.000281415,-0.0209267,0.220175,11.4768,107.004,74.2819,2.50748,12.3887,12.0429,114.82,131.014,-7.81546,-56.7319 
3,46.882,7.5,3,23537,-0.0126897,43.7516,11.79,115.464,-0.0265385,-3.36425,2.06932e-11,-3.6865,3.97863,0.0443858,-1.94028,2.73107,17.7184,756.029,8.85041,21848.4,16795,-3.79807,3.86706,-0.17875,-2.05185,2.6195,1.39038,731.177,7.92998,21823.6,0.0306392,0.981374,0.000668914,23864.1,0.000600384,0.0398187,12.1612,18.3987,122.342,88.9222,1.95437,11.9392,11.6228,114.909,130.963,7.43316,-42.0407 
4,46.587,10,4,30607.8,-0.0279499,56.3862,11.9397,115.372,0.00188192,-131.843,500,0.939905,2.80496,2.7802,0.309712,-0.128345,-78.3968,-55.2186,2.91863,29686.9,21924.1,1.43355,3.2986,3.76749,0.803355,0.365299,0.610325,54.7405,6.99119,29796.8,0.00173014,0.817326,0.000432024,31639.4,0.00119307,-0.0668872,9.71527,29.8776,93.728,108,2.5973,12.3977,11.7373,114.812,130.607,-21.0838,-22.6073 
5,46.792,4.5,5,29108.9,-0.101218,52.8812,12.1738,115.529,-0.0408488,114.652,421.158,-5.69397,2.24772,-3.53694,0.358922,3.45019,-2.6267,1175.6,8.73177,26752,21109.2,-5.67743,2.26426,-3.50386,0.375462,3.46673,-0.139529,1179.29,8.86822,26755.7,0.0399213,0.987011,0.000610197,29540.3,0.000711011,0.0754255,11.5656,17.0913,120.386,85.232,2.2394,12.3751,11.9782,114.823,131.054,5.56303,-45.8219 
6,46.852,6,6,23514.1,-0.0263894,43.7135,11.7527,115.116,-0.00284689,-12.2061,176.131,-0.736019,3.43162,5.53598,1.07205,3.1746,-43.1228,775.423,2.85851,21925.9,16725.5,-0.464486,3.70316,6.07904,1.34358,3.44613,0.569089,835.906,5.09865,21986.4,0.0346253,0.989439,0.000427002,24141.5,0.000493695,0.0397953,12.2745,19.2339,121.091,87.4761,1.97401,11.966,11.5116,114.583,131.186,6.5083,-43.7096 
7,46.927,9,7,23036.8,0.00775446,42.573,-11.7944,115.171,-0.0185491,-35.8243,500,-3.49078,2.25484,1.54305,-0.497882,-0.5044,15.2501,540.455,9.42833,21691,16367.4,-3.5868,2.15881,1.351,-0.593907,-0.600426,2.06266,519.066,8.63611,21669.7,0.0220983,0.971708,0.000733605,23488.9,0.000506459,0.0296053,11.6218,19.0877,122.645,92.7825,1.93017,12.0144,11.5878,114.655,131.334,7.98988,-38.5519 
8,46.087,10,8,30132.9,-0.0848161,55.8017,11.9034,115.226,-0.0855258,90.2592,500,2.89167,-1.1597,-0.0289621,3.65084,1.06213,-58.0957,-100.055,-7.62465,29291.2,21874.1,3.25748,-0.793882,0.702665,4.01665,1.42794,0.918398,-18.5705,-4.60669,29372.6,-0.000596808,0.697295,-0.000288992,31116.4,0.00114005,-0.0675063,-9.83953,30.939,94.198,108,2.52787,12.4511,11.8825,114.681,131.062,-20.4831,-23.0619 
9,46.807,4.8,9,29855.1,0.00519701,54.3332,11.9856,115.304,-0.0121211,-30.6133,2.54116e-10,0.761816,-0.0104091,0.869571,2.7142,0.136466,-86.5367,896.732,6.25873,27848.7,21211.3,1.30671,0.53449,1.95937,3.2591,0.681365,0.746886,1018.11,10.7541,27970.1,0.0331995,0.98185,0.000707765,30666.4,0.000518773,0.0676973,11.1618,15.6159,119.952,86.791,2.38642,12.29,11.8269,114.714,131.022,5.23741,-44.2312 
10,46.867,6.5,10,24870.7,-0.031737,46.3671,11.7287,115.549,-0.0466748,110.429,135.518,-1.02997,-0.338005,0.974431,-0.626877,0.0710154,29.9726,732.546,-0.36613,23216.8,17871.2,-1.21869,-0.526734,0.596973,-0.815606,-0.117714,1.28676,690.507,-1.92315,23174.8,0.0273406,1.0049,-0.000152889,25255.8,0.000573629,0.0378519,11.8013,20.5984,122.45,89.6612,2.10084,11.9385,11.468,114.978,131.284,7.47275,-41.623 
11,46.837,5.5,11,30080.4,-0.0101429,53.1423,12.4678,115.497,-0.00431081,10.1746,500,0.621924,-0.992766,-1.60053,1.86242,0.41162,-3.85163,846.438,3.01743,27980.4,21570.2,0.646177,-0.968513,-1.55203,1.88667,0.435872,4.46297,851.84,3.21752,27985.8,0.0279138,0.993433,0.000211741,30516.8,0.000718012,0.0536488,11.6875,16.4865,121.548,86.6972,2.24165,12.748,12.1893,114.848,130.799,6.69987,-44.1021 
12,46.972,10,12,27705.8,0.00367724,49.9797,12.0332,115.069,0.0178501,-41.6896,7.15209e-09,2.65111,2.07689,3.32231,2.53033,2.61496,-90.9649,357.874,-2.37658,26176.4,19602.3,3.22389,2.64967,4.46788,3.10311,3.18774,0.731373,485.461,2.34887,26304,0.0171132,0.991604,0.000164468,28367.7,0.000784411,0.0299583,10.9414,-12.9915,122.642,93.5425,2.18789,12.2956,12.0584,114.528,130.822,8.11373,-37.2796 
13,46.822,5.2,13,28757.8,-0.0446166,52.6757,11.9732,115.522,-0.0298407,38.7893,500,1.41786,1.69911,6.01547,-3.13328,-2.17046,-81.7655,972.618,1.46729,26766.6,20568.9,1.93272,2.21397,7.04518,-2.61843,-1.6556,-0.0184077,1087.3,5.71485,26881.2,0.0367563,0.990886,0.000391471,29581.4,0.000496362,0.0559413,11.8037,18.0004,120.964,88.6406,2.36868,12.1932,11.5522,114.968,131.638,5.99595,-42.9976 
14,46.897,8,14,27133,-0.0130522,49.3443,12.0084,115.421,0.0515544,-356.952,9.07389e-07,2.33797,1.30622,2.45706,3.44725,3.12942,-40.8585,761.938,8.68914,25375.8,19888.3,2.59524,1.56349,2.97161,3.70453,3.3867,0.791049,819.246,10.8117,25433.1,0.0294922,0.977426,0.000782469,27778.4,0.000683151,0.0432116,11.3289,18.8063,121.856,89.7263,2.19545,12.2061,11.7108,114.884,131.007,6.9723,-41.2812 
15,46.987,10,15,26059.3,-0.0419388,46.3664,12.3107,115.413,0.070916,-65.9525,92.7401,-0.170477,2.275,0.0771953,3.3594,2.7183,-91.624,390.297,2.42532,24552.8,18733.8,0.406455,2.85193,1.23106,3.93633,3.29523,0.89497,518.809,7.18502,24681.3,0.0194449,0.976338,0.000535971,26681,-0.000618337,0.0268163,10.6135,-147.003,120.886,108,1.97384,12.546,12.0544,114.719,132.195,6.16741,-24.1952 
16,46.487,10,16,28444.8,-0.0533535,52.8555,11.8042,115.31,0.0516101,-138.672,288.006,-0.463628,3.63814,5.05135,1.46956,-1.13932,-132.9,-52.5228,-13.4461,27595.8,20543.5,0.373208,4.47497,6.72503,2.30639,-0.302487,0.504679,133.882,-6.54219,27782.2,0.00452565,1.09351,-0.000433969,29583,0.000139331,-0.0245764,9.09543,9.32439,109.36,76.2954,2.50905,12.1668,11.4241,114.844,131.185,-5.48457,-54.8893 
17,46.777,4,17,29848.3,0.00502918,54.1792,12.0786,115.412,-0.0210284,5.38546,500,0.199003,0.813468,0.124239,0.729724,0.906929,-79.1852,1090.84,1.77488,27624.3,21306.8,0.697611,1.31208,1.12146,1.22833,1.40554,0.805472,1201.9,5.8884,27735.4,0.0392761,0.991499,0.000390938,30601.4,0.000497569,0.0743672,11.3729,16.1449,119.586,86.3707,2.32978,12.3946,11.9553,114.787,131.85,4.79908,-45.4795 
18,46.747,3,18,24608.9,0.0427268,46.8383,11.4761,115.094,-0.175544,111.052,5.02123e-12,-2.16502,1.17164,1.22226,2.12684,-1.24447,-64.5584,635.174,-13.6856,23222.2,18132.7,-1.75852,1.57815,2.03528,2.53334,-0.837964,0.426729,725.724,-10.3319,23312.8,0.0285299,1.02555,-0.000817064,25437.3,0.000109525,0.0599641,10.6034,12.9169,120.204,85.2866,2.15406,11.8267,11.4561,114.604,130.444,5.59988,-45.157 
19,46.687,1.5,19,33307.1,-0.00107545,64.6978,11.2535,116.721,-0.05226,23.5764,1.07176e-10,-7.55901,-3.39752,-0.565043,-5.24159,1.57703,220.947,25426.8,34.2398,7629.11,23741.5,-8.95026,-4.78876,-3.34753,-6.63283,0.185785,0.857755,25116.9,22.7621,7319.21,0.764006,0.998417,0.00569614,32875.2,-6.73955e-05,2.64479,11.5651,10.2821,116.858,82.4988,0.788534,10.771,11.1403,115.135,130.658,1.72258,-48.1593 
20,46.912,8.5,20,28927.5,-0.0487233,51.8134,12.3231,115.233,-0.0302928,85.5715,500,2.00472,0.43503,1.64138,-2.18336,-4.20599,-41.1225,699.351,7.44814,27156.6,20869.7,2.26365,0.693967,2.15926,-1.92443,-3.94706,3.86144,757.03,9.58437,27214.3,0.0255717,0.978324,0.000648335,29604.2,0.000664454,0.040721,11.0812,16.9198,122.62,92.3741,2.27629,12.4879,11.8781,114.641,132.309,7.97894,-39.935 
21,46.957,10,21,24796.9,-0.0427405,45.7773,11.8721,115.366,-0.030867,-8.72194,89.0245,-1.30956,-0.547681,0.381352,0.287946,0.521791,-19.5512,501.548,12.6698,23364.5,17700.6,-1.18645,-0.424572,0.62757,0.411055,0.6449,-7.65602,528.97,13.6855,23392,0.0208877,0.956685,0.00107656,25324.4,-0.00038883,0.0286351,9.13498,122.339,120.691,108,2.04686,12.0026,11.5598,114.734,131.322,5.95649,-23.3223 
22,46.732,2.7,22,28105.5,-0.0350211,52.4413,11.7172,115.301,0.0115265,-23.1888,93.4454,-0.362456,1.99411,-0.137195,1.74663,-0.479049,-87.3134,723.674,-10.328,26294.8,20011.6,0.187334,2.5439,0.962384,2.29642,0.0707408,0.841211,846.14,-5.79224,26417.3,0.0293305,1.01212,-0.000404062,28848.4,0.000320792,0.0671437,10.1791,14.6915,119.41,85.8745,2.36422,12.0771,11.5554,114.744,131.087,4.66567,-45.2121 
23,46.762,3.5,23,25046.4,-0.0370389,47.4289,11.5593,115.206,-0.036726,83.8711,362.99,3.60432,-0.825451,3.12887,1.15508,1.40091,-9.94658,801.62,5.56094,23283.4,17947.5,3.66695,-0.76282,3.25413,1.21771,1.46354,0.631865,815.571,6.07764,23297.4,0.0319697,0.987127,0.000480323,25510.8,0.000363804,0.0715129,10.1593,15.4477,119.463,85.2701,2.13796,11.8725,11.4515,114.664,130.751,4.79889,-45.4804 
24,46.702,2,24,32773,-0.0271061,58.6259,12.1934,115.313,-0.0471188,-14.4278,500,-4.01351,-2.24539,2.37412,-1.55826,-1.26259,-164.364,904.951,-1.23826,30649.1,23292.7,-2.97855,-1.21043,4.44403,-0.523303,-0.22763,9.96188,1135.49,7.30015,30879.7,0.0335269,0.988874,0.000435296,33867.9,0.000345222,0.0857896,10.3064,13.0529,119.558,85.3804,2.52139,12.6208,12.108,114.742,131.471,4.81565,-46.0907 
25,46.942,9.5,25,25498.5,-0.0211724,46.7442,-11.9003,115.274,-0.0251336,18.7453,389.076,-1.79358,-0.256144,-2.72686,1.20446,-1.37909,-71.9977,451.231,-8.60267,24154.6,18123.7,-1.34023,0.197207,-1.82015,1.65781,-0.92574,0.184193,552.215,-4.86253,24255.5,0.0210263,1.01565,-0.000369425,26263.1,-0.000434034,0.0268555,10.0049,113.576,120.669,108,2.09812,12.0886,11.5674,114.678,132.146,5.99122,-24.1456 
26,46.717,2.5,26,28316.4,-0.0440857,53.1869,11.7054,115.355,0.0493841,-42.1756,500,-0.699826,0.503371,2.83451,2.89315,6.00513,-92.9713,774.721,-3.59617,26637.8,20334.7,-0.114411,1.08879,4.00534,3.47856,6.59055,0.733844,905.122,1.23351,26768.2,0.0309133,0.997621,8.48789e-05,29279.4,4.03447e-06,0.0792628,10.1893,13.7621,119.743,85.9244,2.39691,12.1231,11.5579,114.8,131.777,4.94307,-45.8525 
27,46.287,10,27,26901,-0.123804,51.6114,11.354,115.399,0.111236,-30.4398,1.01971e-11,-2.68116,1.00141,0.824576,-0.998927,4.99011,-98.5455,-41.3599,-7.084,26086.2,19186.4,-2.06065,1.62193,2.06561,-0.378412,5.61062,0.698852,96.8597,-1.96475,26224.5,0.00347232,1.0368,-0.000138031,27894.8,0.00101859,-0.061726,-10.4063,21.0798,92.8488,108,2.51228,11.7256,11.1709,114.915,131.439,-22.0664,-23.4388 
28,46.882,7.5,28,27435.7,-0.0769606,48.7796,12.396,115.454,-0.0176325,85.2475,491.297,1.01384,2.21147,-5.59116,-0.91393,-1.8408,-99.4646,867.489,10.5807,25490.3,19733,1.64014,2.83777,-4.33855,-0.287628,-1.2145,-2.18363,1007,15.7477,25629.8,0.0357413,0.973362,0.00113056,28174.6,0.000679044,0.0457199,11.3629,18.2298,121.71,89.2786,2.18132,12.4869,11.6502,114.869,131.835,6.84085,-42.556 
29,46.587,10,29,29403.6,-0.070011,54.8973,11.7789,115.447,-0.0346644,92.1008,204.313,-1.39149,0.0932545,-3.48763,-0.489983,-2.36384,-111.148,-100.435,-10.6971,28705.1,21153.9,-0.691616,0.793126,-2.08789,0.209888,-1.66397,0.393137,55.4615,-4.92319,28861,0.00180962,1.18391,-0.00031433,30648.1,5.90123e-05,-0.0264938,9.58137,9.55108,109.827,76.8581,2.59212,12.1157,11.5251,115.017,130.617,-5.19018,-53.7592 
30,46.792,4.5,30,30380.7,0.0106287,55.3757,11.9923,115.283,-0.0207141,-54.4728,2.39746e-10,3.23773,1.7305,-5.73974,-2.45733,3.39576,-56.8465,978.447,9.10916,28358.7,21654.9,3.59567,2.08845,-5.02385,-2.09938,3.7537,3.1705,1058.18,12.0622,28438.4,0.0339129,0.980442,0.000780724,31202.9,0.000374019,0.0728755,11.0077,15.8766,119.565,86.6576,2.44248,12.3212,11.7759,114.76,131.587,4.80575,-44.9293 
31,46.852,6,31,26778.3,-0.0505398,49.2209,11.9339,115.481,-0.0207309,18.2543,477.157,0.490184,1.83547,1.49858,-0.268723,3.11222,-112.992,909.058,14.4783,24937.3,19134,1.20166,2.54696,2.92154,0.442757,3.8237,0.732866,1067.54,20.348,25095.8,0.0385824,0.967721,0.00149138,27669.1,0.000598128,0.052639,12.0217,17.7886,121.351,88.6897,2.16405,12.1487,11.7384,114.882,131.674,6.46918,-42.9841 
32,46.927,9,32,24991.7,-0.0508294,46.6506,11.7355,115.404,-0.0193374,41.2422,500,-1.87128,-0.229613,-0.841214,0.698889,0.0443281,-105.328,606.626,-0.338139,23461.4,17847.9,-1.20806,0.43361,0.485231,1.36211,0.707551,0.727467,754.359,5.13345,23609.1,0.0292614,0.988231,0.000400378,25780,0.000559009,0.0355669,11.2463,17.3889,123.134,91.1321,2.11489,11.9418,11.5443,114.86,131.153,8.27422,-40.0205 
33,46.087,10,33,31076.1,-0.0171563,56.69,11.9566,115.433,-0.0697216,62.4482,500,2.78745,-2.56552,-4.76386,-0.173246,1.7368,-124.476,-49.8943,-5.05834,30152.2,22207.1,3.57125,-1.78173,-3.19627,0.610549,2.52059,2.85356,124.696,1.40796,30326.7,0.00386402,0.980623,8.55152e-05,32271,0.000160869,-0.0255907,8.86817,10.474,109.552,77.3073,2.65677,12.3862,11.5775,114.955,132.035,-5.40288,-54.7275 
34,46.807,4.8,34,26467.4,-0.0448137,48.7672,11.8931,115.301,0.0942895,-57.8033,28.5191,-2.19607,0.779202,-4.32267,-4.30971,-1.09998,-117.432,1006.72,13.585,24465.1,19058.1,-1.45664,1.51864,-2.8438,-3.57027,-0.360545,0.57635,1171.43,19.6854,24629.8,0.0429427,0.971432,0.00147014,27279,0.000548827,0.0626347,11.5496,18.9527,120.189,87.9586,2.14354,12.1395,11.6453,114.681,131.622,5.50759,-43.663 
35,46.867,6.5,35,26770.4,0.0215506,49.1714,11.7762,115.269,-0.0647951,-6.13519,291.677,3.8297,1.92943,5.9009,-1.61442,1.26093,-79.453,772.402,12.5079,24809.2,18862.9,4.33,2.42973,6.90149,-1.11412,1.76123,0.517659,883.843,16.6353,24920.6,0.0323755,0.968112,0.00122816,27299.7,0.000750596,0.0426413,11.7742,21.2955,122.392,90.756,2.25027,11.9372,11.4273,114.715,131.329,7.67761,-40.5731 
36,46.837,5.5,36,30856.3,-0.0198641,55.4403,12.1941,115.543,-0.059132,68.5144,500,-0.0947158,3.07152,-3.33554,0.140685,2.50975,-96.915,919.62,15.8937,28681.8,22139.4,0.515532,3.68177,-2.11504,0.750933,3.12,1.35528,1055.55,20.9282,28817.7,0.0334011,0.966467,0.001336,31602.3,0.000642213,0.0528738,12.0854,17.9286,121.453,87.5917,2.43459,12.4123,11.8394,114.928,131.37,6.5243,-43.7783 
37,46.972,10,37,27730.5,0.0174573,49.1595,12.2127,115.369,0.0172635,-39.7494,103.128,1.49826,-0.290247,-1.1105,3.38248,-2.12145,-120.621,497.547,8.83054,25835.5,19566.3,2.25778,0.469273,0.408543,4.142,-1.36193,0.930939,666.73,15.0966,26004.6,0.0236164,0.961886,0.00106826,28231.6,0.000906868,0.0372595,11.284,-13.5989,123.508,94.3684,2.1452,12.5131,11.9782,114.767,130.841,8.74064,-36.4728 
38,46.822,5.2,38,28917.6,0.00165415,52.7733,11.9316,115.379,-0.0105443,3.9768,1.25874e-10,-0.772059,0.696729,-2.06282,0.339545,1.21012,-16.4004,1059.3,20.8026,26627.7,20499.3,-0.668791,0.799998,-1.85628,0.442814,1.31338,60.6472,1082.3,21.6546,26650.7,0.0368981,0.966171,0.00149453,29332.1,0.000857161,0.0584397,11.4577,19.3889,121.068,89.1105,2.30945,12.134,11.7583,114.738,132.115,6.32966,-43.0045 
39,46.897,8,39,27132.5,-0.0277294,49.9652,11.8583,115.407,-0.259251,1022.52,424.042,0.466172,2.39096,-3.41891,-0.592156,-2.39663,-106.538,729.401,-4.97726,25266.9,27917.5,1.13701,3.0618,-2.07723,0.0786827,-1.72579,5.37799,878.83,0.557158,25416.3,0.0315897,0.998892,4.03796e-05,27820.2,0.000717088,0.0449345,11.7939,16.1568,122.252,89.5134,2.22949,12.0269,11.7101,114.839,130.789,7.41249,-41.2758 
40,46.987,10,40,26067.8,-0.0230521,47.7467,11.8763,115.137,-0.00422729,-42.8347,500,2.85595,1.03572,-1.75274,1.85239,2.10761,-127.695,302.923,0.0370415,24597.8,18465.5,3.66001,1.83978,-0.144622,2.65645,2.91167,1.01324,482.028,6.67054,24776.9,0.0180227,0.976355,0.000495693,26745.6,-0.000312983,0.0248201,9.23716,-132.839,121.694,108,2.17447,11.9927,11.5389,114.51,131.87,7.18306,-23.8704 
41,46.487,10,41,30937.2,-0.0243181,57.1939,11.8229,115.516,-0.0763112,85.1002,500,1.86108,-0.282474,-1.69696,2.29867,-1.50749,-135.075,-45.9124,-5.69461,30057.3,22223.8,2.71161,0.568059,0.00411003,3.1492,-0.65696,0.999288,143.544,1.32229,30246.7,0.00445718,0.984135,8.05242e-05,32205.1,0.000193867,-0.024542,9.03617,10.8854,111.377,75.6357,2.71298,12.1485,11.4951,115.092,131.558,-3.71579,-55.9226 
42,46.777,4,42,28991.8,-0.049332,53.0474,12.0147,115.221,-0.0268095,37.0427,1.77418e-05,0.714048,-0.625907,3.71315,1.038,3.55894,-100.659,1019.36,11.5169,27069.7,20780.2,1.34787,0.0079136,4.98079,1.67182,4.19276,0.591777,1160.54,16.7459,27210.8,0.0386795,0.97537,0.00113237,30004,0.000266244,0.0717678,11.1853,16.6173,119.916,86.5714,2.34857,12.2943,11.7151,114.658,131.353,5.2571,-44.7812 
43,46.747,3,43,25081.2,-0.041304,47.5887,11.5465,115.391,0.044168,-67.6246,32.2172,1.94556,-0.341908,-4.10814,3.75023,0.574161,-136.679,702.927,5.06505,23569.4,17984.8,2.80619,0.518724,-2.38688,4.61086,1.43479,1.34178,894.633,12.1653,23761.1,0.0343015,0.976757,0.000942237,26081.4,7.61896e-05,0.0550102,11.1037,18.0274,120.409,89.9522,2.22323,11.8152,11.2419,114.896,132.089,5.51322,-42.1372 
44,46.687,1.5,44,32322.5,0.0189381,61.8778,11.2936,116.839,-0.0672486,23.4985,5.01755e-11,-3.23403,-3.439,-7.49365,-1.90847,0.573258,165.406,24654.8,37.6728,7155.09,22800.4,-4.27555,-4.48053,-9.57669,-2.94999,-0.468263,0.559713,24422.8,29.0803,6923.09,0.768949,0.997921,0.00767831,31761.3,0.00026387,2.60146,11.5281,10.1661,116.958,83.4008,0.713049,10.9145,11.252,115.213,131.784,1.74556,-48.383 
45,46.912,8.5,45,23623.7,0.034189,43.8334,11.6182,115.613,-0.101932,-31.6955,447.218,-1.42288,0.878695,2.21632,-0.189733,0.0195687,-87.7695,577.137,6.45791,22082.6,16683.5,-0.87022,1.43136,3.32165,0.362928,0.57223,0.310567,700.242,11.0174,22205.7,0.02889,0.973204,0.000913127,24238.2,0.000650392,0.0366859,11.1356,17.0886,123.568,93.4802,2.0604,11.7552,11.2921,115.079,132.589,8.48987,-39.1091 
46,46.957,10,46,25359.2,-0.0092687,46.6288,11.8359,115.219,-0.0138719,-28.6727,0.315097,-1.28577,3.30189,-4.05985,-0.732813,-0.767584,-30.0644,419.707,-1.25258,23920.3,17978.9,-1.09647,3.49119,-3.68123,-0.543505,-0.578277,-0.528569,461.876,0.309209,23962.5,0.0178592,0.99883,2.37698e-05,25862.1,0.000655759,0.0323266,9.52784,-16.9902,121.931,93.4714,2.12743,12.0678,11.5462,114.71,131.442,7.22149,-37.9711 
47,46.732,2.7,47,30135.3,-0.0357427,55.2832,11.9139,115.613,-0.0340024,12.6844,26.1932,1.824,-0.605208,1.04767,0.545034,-3.42138,-144.782,778.523,-2.40972,28363.4,21454.9,2.73565,0.306443,2.87097,1.45669,-2.50973,0.409267,981.594,5.11141,28566.5,0.0313989,0.99097,0.0003295,31262.1,0.000222324,0.0716482,10.6719,14.082,119.86,87.3214,2.50995,12.2166,11.5923,115.088,132.128,4.77194,-44.8068 
48,46.762,3.5,48,28253,-0.0118504,51.973,11.8337,115.35,-0.000443223,-18.3361,5.59812e-08,-0.365742,1.47652,3.61484,5.58121,2.34983,-102.015,811.148,4.82931,26343,20021.7,0.276622,2.11889,4.89957,6.22358,2.9922,0.703252,954.235,10.1288,26486.1,0.0328712,0.981763,0.000703962,29029.5,0.000462437,0.0704235,10.6117,14.6739,120.214,86.3809,2.3452,12.0777,11.6103,114.77,131.004,5.44432,-44.6228 
49,46.702,2,49,29544.8,0.179897,54.3601,11.6908,115.373,0.000461331,-180.524,0.560084,-0.212797,-2.35598,-3.44668,0.252426,4.72515,-80.419,756.971,7.98741,27625.3,20690.9,0.29358,-1.8496,-2.43392,0.758803,5.23153,2.21672,869.766,12.165,27738.1,0.0287315,0.976108,0.000807234,30272.2,0.000414073,0.0731444,9.77882,14.1726,119.241,85.9095,2.47286,12.1595,11.5132,114.847,131.476,4.39367,-45.567 
50,46.942,9.5,50,23353.2,0.018522,42.7502,11.8167,115.138,-0.0262599,-22.7575,96.1437,1.05293,1.81604,3.20451,-1.52546,-1.07552,-75.3899,489.774,3.01116,21699.9,16464.3,1.52764,2.29075,4.15394,-1.05075,-0.600811,0.342812,595.515,6.92752,21805.6,0.0251172,0.980049,0.000584885,23709.4,0.00136484,0.0185876,0.0123473,21.5832,125.4,90.186,1.94617,11.9162,11.5234,114.657,131.792,10.7422,-41.6061 
51,46.717,2.5,51,29920.1,0.0264318,55.5374,11.7568,115.303,0.0186712,-57.1968,6.66915e-11,-2.48257,1.06967,2.73896,1.81535,-2.36186,-109.508,947.826,1.98135,28103.6,21290.1,-1.79303,1.75921,4.11805,2.50489,-1.67232,0.162453,1101.42,7.67007,28257.2,0.0354679,0.98796,0.000499768,31054,7.47418e-05,0.0812018,10.6356,14.1173,119.433,87.1511,2.52536,12.1343,11.534,114.768,132.105,4.66571,-44.9538 
52,46.287,10,52,33375.6,-0.0334273,58.5956,12.4371,115.229,-0.0094353,19.3586,2.43289,1.91482,2.93114,0.0472131,-0.874349,2.49866,-166.024,-58.5551,-11.9363,32190.6,23729.5,2.96023,3.97654,2.13803,0.17106,3.54407,0.832835,174.31,-3.31173,32423.5,0.00504613,1.03439,-0.000188188,34543.2,0.000399888,-0.0254144,10.4212,8.71348,111.318,76.5349,2.63454,12.8027,12.0304,114.731,132.12,-3.41291,-55.5853 
53,46.882,7.5,53,27051.3,0.0157484,48.6108,12.0836,115.69,0.0229441,-23.3972,5.25294e-10,-0.414195,0.476208,4.08423,-1.67279,0.467378,-135.491,743.394,12.4237,25026.5,19139.1,0.438958,1.32936,5.79054,-0.81964,1.32053,0.281548,933.434,19.4622,25216.6,0.0337431,0.964797,0.00141972,27663,0.000798669,0.0430825,12.1253,18.4122,122.516,89.6492,2.18504,12.2663,11.5963,115.128,131.196,7.38827,-41.5465 
54,46.587,10,54,30211.6,-0.00988881,55.8823,11.7633,115.48,-0.0325808,25.8674,429.832,0.101138,1.90492,1.76394,-1.47441,-0.478112,-96.1356,-82.4199,-5.92705,29245.6,21426.8,0.706478,2.51026,2.97462,-0.869073,0.127228,0.45415,52.4196,-0.932996,29380.4,0.00168035,1.03215,-5.85007e-05,31195.7,0.000288533,-0.0246326,-9.87829,10.2,110.3,79.1462,2.68419,12.0807,11.3709,115.046,131.983,-4.74624,-52.8369 
55,46.792,4.5,55,25714.8,0.0102525,47.1141,11.8309,115.411,-0.0322273,-27.567,19.9902,0.335037,2.1539,4.55608,-1.37471,-2.62799,-71.1634,957.39,4.11682,23603.2,18174.2,0.783134,2.602,5.45227,-0.926613,-2.1799,0.0486173,1057.2,7.81362,23703,0.0403785,0.987231,0.000606876,26182.4,0.000611575,0.0582006,11.5432,18.0929,120.035,87.2693,2.16567,12.0217,11.3112,114.849,131.323,5.18655,-44.0532 
56,46.852,6,56,27958.8,-0.0354125,50.21,12.1753,115.471,0.139147,-229.658,229.982,-1.78919,0.430923,-1.86671,1.408,0.797126,-161.327,848.053,7.13561,25996.6,20940.9,-0.773352,1.44676,0.16496,2.42384,1.81296,0.967497,1074.33,15.5163,26222.9,0.0372119,0.975348,0.0010888,28870.6,0.000714175,0.0459917,11.8429,18.7724,121.584,90.0964,2.22899,12.3396,11.725,114.864,132.089,6.71957,-41.993 
57,46.927,9,57,26877.9,-0.0935416,48.7815,12.027,115.452,0.072379,-88.0292,4.31166,1.87726,-2.85763,-2.2442,-1.97766,-0.242265,-114.699,553.835,-2.39495,25085.6,19306.2,2.59949,-2.1354,-0.799737,-1.25543,0.479965,0.280236,714.711,3.56345,25246.4,0.0260123,0.99135,0.000259939,27475.9,0.000849055,0.0314002,11.5154,17.7535,122.98,92.7615,2.19786,12.2045,11.6012,114.945,131.148,8.03418,-38.3868 
58,46.087,10,58,26476.8,0.0460752,49.9216,11.5358,115.393,-0.126977,26.4541,4.18071e-11,-4.21977,-0.210382,4.03807,-2.3741,0.561472,-90.9815,-102.393,-16.3281,25668,18856.3,-3.64689,0.362505,5.18385,-1.80121,1.13436,-3.20559,25.2176,-11.6018,25795.6,0.000921408,5.13132,-0.00082919,27368.6,0.000131254,-0.0251959,9.44006,9.50308,109.746,78.4606,2.4095,11.934,11.2994,114.997,131.708,-5.25088,-53.2477 
59,46.807,4.8,59,26931.1,-0.0592401,49.3689,11.9177,115.465,0.0511188,-10.4174,7.40483e-11,1.32274,-0.177484,2.75577,1.55528,0.0229038,-71.148,877.937,10.8824,25011.2,19170.6,1.77074,0.270516,3.65177,2.00328,0.470904,0.552874,977.729,14.5784,25111,0.0354309,0.97457,0.00106831,27595.4,0.000462794,0.0610065,11.3666,15.7057,119.617,87.4212,2.22954,12.1814,11.5147,114.925,131.852,4.6924,-44.4311 
60,46.867,6.5,60,26058.1,0.0129077,47.2092,11.9532,115.504,0.0320423,-179.364,3.26792e-10,-0.0491585,0.476394,4.87863,4.08421,-0.578544,-85.0626,720.512,10.136,24178,18556.9,0.486458,1.01201,5.94986,4.61982,-0.0429275,0.505218,839.821,14.5548,24297.3,0.0315782,0.970564,0.00110226,26594.9,0.00069296,0.0428704,11.3954,18.2366,121.706,91.5937,2.15565,12.1157,11.5179,114.92,132.093,6.78571,-40.4997 
61,46.837,5.5,61,28914.8,0.00804844,52.8214,11.8732,115.617,-0.0274083,16.3786,14.6271,0.164971,2.6446,4.90617,2.38885,1.76483,-106.594,757.448,-1.34666,27025.6,20430.8,0.836165,3.3158,6.24856,3.06004,2.43602,0.606924,906.956,4.19069,27175.1,0.0305243,0.991979,0.000283991,29712.6,0.000614599,0.0466533,11.1364,18.6837,121.873,90.1203,2.41631,12.0875,11.5078,115.056,132.642,6.81713,-42.5218 
62,46.972,10,62,24424.5,0.0407151,44.6198,11.7867,115.329,-0.0222006,-2.77089,487.272,2.98331,2.65528,-1.0119,1.05768,1.31415,-129.372,343.109,-5.65345,22905.9,17122.4,3.79794,3.4699,0.617346,1.8723,2.12877,0.948062,524.566,1.06719,23087.3,0.0209851,0.996452,8.51424e-05,24997.1,0.00073304,0.031829,9.89768,-13.2645,122.903,94.004,2.02003,12.0525,11.7044,114.814,131.579,8.08921,-37.575 
63,46.822,5.2,63,28220.8,-0.0175982,49.7873,12.4026,115.77,-0.0289507,9.74692,499.958,-2.69049,5.17746,-2.07777,0.671449,2.90376,-127.937,1170.16,21.5177,25749.3,20110.6,-1.8849,5.98304,-0.466593,1.47703,3.70935,1.05291,1349.6,28.1638,25928.7,0.0468058,0.964767,0.0019969,28834,0.000937744,0.0657839,12.544,17.5131,120.737,88.09,2.10124,12.5502,12.0729,115.074,132.15,5.66324,-44.0596 
64,46.897,8,64,27142,-0.048623,48.311,12.3177,115.461,0.0531208,-55.7852,86.3947,-2.5982,1.54307,2.70391,-0.762997,-0.910177,-61.0318,778.063,7.10806,25258.1,19468.3,-2.2139,1.92737,3.47251,-0.378696,-0.525876,-0.522093,863.666,10.2785,25343.7,0.0311478,0.979598,0.000746538,27728,0.000783938,0.0392506,11.8246,19.2775,121.952,90.7586,2.13649,12.3752,11.8306,114.843,132.276,7.10902,-41.5174 
65,46.987,10,65,25317.3,-0.0179043,45.4201,12.1479,115.3,0.0352793,-66.6096,8.23055e-10,-4.55304,-2.48397,3.20935,-2.78887,1.81377,-88.7502,429.678,-2.1473,23846.4,18038,-3.9942,-1.92513,4.32702,-2.23003,2.37261,3.9847,554.159,2.4631,23970.9,0.021344,0.992282,0.000189248,25963.3,-0.000450597,0.019684,-9.40383,-10153.1,120.924,76.8721,2.04387,12.4286,11.5682,114.688,132.361,6.23544,-55.4887 
66,46.487,10,66,27434.1,0.0251487,50.6853,11.7117,115.118,0.00867182,-40.4117,500,2.58786,-0.468582,3.65402,-1.58034,-0.287738,-164.778,-107.509,-14.1639,26537.1,19335.4,3.62542,0.568978,5.72914,-0.542775,0.749822,0.434471,123.608,-5.60399,26768.2,0.00433742,1.08618,-0.000385798,28497.9,0.000272016,-0.0248607,10.1319,11.1548,110.677,77.582,2.48438,12.0425,11.2053,114.718,131.432,-4.04162,-53.8501 
67,46.777,4,67,25515.4,0.0320917,48.2206,11.4183,115.614,0.0116415,-88.7979,269.746,2.81097,3.21636,2.09301,-0.62618,-3.07317,-115.451,679.336,3.24099,23886.3,17957.4,3.53794,3.94332,3.54693,0.100783,-2.3462,0.596149,841.267,9.23844,24048.2,0.031948,0.981145,0.000707169,26332.4,0.000276187,0.054363,11.0944,17.4933,120.56,88.6997,2.30057,11.6788,11.1027,115.104,131.816,5.45594,-43.1163 
68,46.747,3,68,29237,-0.0391611,53.736,11.901,115.561,-0.0266635,56.9973,0.523659,2.97242,-0.15498,3.34876,-0.276102,-0.0281683,-99.5014,710.556,7.10847,27570.9,20867.7,3.59895,0.471554,4.60182,0.350432,0.598366,0.521696,850.117,12.2774,27710.5,0.0281279,0.97535,0.000815496,30223.2,0.0001742,0.0637722,10.3668,15.9973,120.019,88.8459,2.43363,12.2281,11.6036,115.022,132.548,4.99676,-43.7018 
69,46.687,1.5,69,30175.6,0.051746,58.1106,11.1786,116.574,-0.0515123,-11.3043,2.84671,0.155894,-1.98369,-5.46513,0.373082,-0.589891,147.149,18035.1,32.2073,11632.6,21165.3,-0.770663,-2.91024,-7.31824,-0.553474,-1.51645,0.440034,17828.8,24.5632,11426.2,0.595473,0.997595,0.00394442,29940.5,0.000343927,1.90456,11.3697,10.2136,117.032,83.4833,1.13082,11.2624,11.2958,115.004,132.152,2.02774,-48.6684 
70,46.912,8.5,70,22951.9,-0.0539192,43.0268,11.5993,115.444,0.00833304,-59.2858,1.26987e-11,0.784799,0.0601039,-0.345064,4.35664,2.4907,-49.6406,478.094,0.77777,21547.8,16262.9,1.09737,0.372678,0.280084,4.66921,2.80327,0.969631,547.72,3.3565,21617.4,0.0233448,0.98939,0.000285939,23462.2,0.000569692,0.031641,10.8613,17.813,123.424,93.3597,2.0598,11.681,11.1073,114.946,132.332,8.47806,-38.9724 
71,46.957,10,71,27154.7,-0.0108454,48.3704,12.2843,115.509,-0.00448929,-16.6297,500,-2.15384,-2.39317,1.05789,0.0171847,-5.03754,16.8736,594.006,9.46248,25268.1,19345.5,-2.26009,-2.49942,0.845388,-0.089064,-5.14379,1.09242,570.339,8.58592,25244.4,0.0208691,0.974332,0.00062613,27329.4,0.000918786,0.0352743,10.8439,17.4424,123.971,93.4204,2.07886,12.4315,12.1251,114.822,131.651,9.14834,-38.2311 
72,46.732,2.7,72,28247,-0.0416796,51.9719,11.8967,115.799,-0.260474,203.957,494.652,0.590884,1.16817,0.518515,-0.339414,-1.58714,-116.856,673.621,1.35164,26713.7,21856.9,1.3267,1.90399,1.99014,0.396398,-0.85133,0.58242,837.523,7.42209,26877.6,0.0285573,0.984728,0.000508428,29327.8,5.31531e-05,0.0667724,9.97976,15.0694,120.833,87.9056,2.38014,12.2438,11.5088,115.202,132.531,5.63127,-44.6258 
73,46.762,3.5,73,28828.8,0.0187667,53.175,11.7788,115.501,-0.020947,34.1082,5.24608e-12,-1.30783,-2.57155,-3.34027,2.06451,0.0787881,-100.193,865.9,-5.80349,26835.3,20412.6,-0.676941,-1.94066,-2.0785,2.69539,0.709674,-0.609949,1006.43,-0.598677,26975.8,0.0340001,1.00104,-4.08837e-05,29600.8,0.000352291,0.0741887,10.9453,14.724,120.186,87.1882,2.37939,12.0689,11.7162,114.946,131.791,5.23989,-44.6027 
74,46.702,2,74,27745.5,0.00864644,51.4777,11.6884,115.524,0.039213,-58.6975,37.6402,3.55304,4.18839,0.0298632,-1.54933,-0.395439,-143.412,635.767,-3.21476,26071.9,19662.1,4.45606,5.09142,1.83592,-0.646301,0.507588,0.83673,836.917,4.23522,26273.1,0.0291747,0.991222,0.000296859,28686.4,0.000181248,0.0637033,10.2435,14.9459,120.276,89.0246,2.39856,11.9929,11.3939,114.994,132.804,5.28291,-43.7798 
75,46.942,9.5,75,27178.6,-0.00398188,49.3243,12.1046,115.443,-0.00993634,-68.2793,500,-0.792877,2.43384,-5.88994,0.29594,-0.231484,-56.0271,522.115,-0.576089,25662.3,19458.1,-0.440089,2.78663,-5.18437,0.648728,0.121304,-1.50719,600.699,2.33441,25740.9,0.0215412,0.993245,0.00016703,27886.1,0.000546104,0.0407879,10.3489,15.671,123.17,95.2376,2.20036,12.3145,11.7683,114.838,132.53,8.33184,-37.2921 
76,46.717,2.5,76,27977,-0.01039,51.1597,11.9016,115.727,-0.0556232,50.9991,473.002,-1.53357,1.31788,0.581846,0.361954,-0.546841,-97.0846,904.153,1.0518,26005.5,19913.4,-0.922251,1.92919,1.80448,0.97327,0.0644747,0.531203,1040.32,6.09515,26141.6,0.0361846,0.989851,0.000429319,28750.5,0.000337758,0.0887907,10.7369,12.8723,119.55,86.1566,2.27018,12.271,11.6987,115.108,132.31,4.44225,-46.1537 
77,46.287,10,77,27494.6,0.00173583,52.2282,11.4311,115.35,-0.00861415,0.866698,259.333,-0.837236,-0.279083,2.72664,2.25881,6.23526,-144.974,-89.5707,-15.7349,26621.5,19435.5,0.0756283,0.633781,4.55237,3.17168,7.14812,0.707836,113.77,-8.20373,26824.8,0.0039852,1.14441,-0.000563681,28548.1,0.000222325,-0.0236424,9.47286,9.91817,110.786,77.8873,2.57839,11.7412,11.1016,114.938,131.955,-4.15109,-54.0675 
78,46.882,7.5,78,26870.3,-0.0551315,49.5357,11.8185,115.575,0.0412675,-38.253,1.67185e-10,-1.11309,1.89555,-1.9275,-3.11211,-0.960604,-82.3211,660.337,14.6129,25167,19109.4,-0.594735,2.41391,-0.890788,-2.59376,-0.44225,0.57735,775.801,18.8893,25282.5,0.028134,0.959132,0.0013744,27575.2,0.000769648,0.0443478,10.5359,17.5606,122.224,91.2599,2.26688,11.9081,11.4989,115.036,132.185,7.18741,-40.9253 
79,46.587,10,79,27233.7,-0.0596415,51.7873,11.5043,115.803,-0.0202859,78.5287,500,0.504395,-0.908953,1.03648,3.44386,0.587814,-120.718,-44.4698,-4.72165,26391.3,19446.3,1.26452,-0.148824,2.55673,4.20399,1.34794,0.722828,124.849,1.54941,26560.6,0.00441488,0.978744,0.000107448,28279.1,0.00107463,-0.0641216,10.3804,23.4144,92.8167,108,2.56511,11.8462,11.0053,115.319,132.012,-22.5019,-24.0123 
80,46.792,4.5,80,26288,-0.010525,47.646,12.0094,115.413,-0.0515387,-0.00517527,500,-1.71177,-1.18372,2.25148,-0.389658,0.579257,-38.2826,1062.53,11.3944,24159.7,18627,-1.47071,-0.942663,2.73359,-0.148603,0.820313,-1.75585,1116.23,13.3831,24213.4,0.0416777,0.979449,0.00101712,26782.4,0.000645439,0.0691812,11.3138,16.9166,120.269,88.2492,2.06649,12.2278,11.8709,114.802,132.49,5.46727,-44.2409 
81,46.852,6,81,29398.1,0.0113425,53.1338,12.0919,115.576,-0.061267,72.2311,2.68406e-10,0.479734,0.860827,3.01602,-0.179317,-1.20634,-80.6362,799.967,8.41971,27577,21059.3,0.987478,1.36857,4.03151,0.328427,-0.698598,0.330023,913.067,12.6086,27690.1,0.0301695,0.976404,0.000838093,30264.6,0.000502123,0.0517406,10.8103,18.029,120.797,89.9915,2.38437,12.3375,11.6673,115.007,131.648,5.79005,-41.657 
82,46.927,9,82,25126.1,0.00897791,45.4897,11.9754,115.265,-0.0445492,-8.05616,72.3501,-1.24342,1.28705,4.49876,0.0812946,1.13797,-37.1498,548.039,3.37441,23510.3,17745.3,-1.0095,1.52097,4.96661,0.315217,1.37189,0.306842,600.145,5.30427,23562.4,0.0234649,0.984769,0.000414515,25576.3,0.000723639,0.0377249,10.2526,16.1117,123.055,93.234,2.07132,12.1537,11.585,114.71,132.072,8.34469,-38.8381 
83,46.087,10,83,27422.4,-0.0316249,50.9302,11.7659,115.096,0.0177624,-103.795,18.7782,-0.642891,-0.173133,8.44023,0.09761,-0.577601,-97.4411,-99.8802,-9.11852,26630.7,19567.3,-0.0293305,0.440428,9.66735,0.71117,0.0359598,0.10699,36.7904,-4.05664,26767.4,0.00129497,1.2391,-0.000279252,28410.2,0.000188865,-0.0194836,8.81242,13.0941,110.262,77.1305,2.47427,12.0945,11.2176,114.646,131.882,-4.38394,-54.751 
84,46.807,4.8,84,27722.3,0.0304234,51.8747,11.666,115.571,0.0157519,-79.7309,6.18504e-11,-1.94258,2.45456,7.64655,0.588267,0.574835,-29.5381,836.801,-0.594621,25910.5,19741.2,-1.75659,2.64055,8.01854,0.774261,0.760829,0.231764,878.231,0.939826,25952,0.0309374,0.998131,6.67057e-05,28387.3,0.000283894,0.0623772,10.6452,17.3009,120.449,88.4584,2.37297,11.9977,11.3912,114.988,132.159,5.46085,-43.701 
85,46.867,6.5,85,29312.4,-0.0583076,52.6846,12.2108,115.405,-0.0318884,70.2801,467.735,-2.27336,1.95111,2.45166,-1.10008,-0.570218,-23.5994,863.032,4.97556,27334.6,21015.2,-2.12476,2.09971,2.74886,-0.951485,-0.421619,-1.03513,896.133,6.2015,27367.7,0.0299651,0.988034,0.000417247,29905.8,0.000628427,0.0473986,11.4086,17.9229,122.181,88.7226,2.32984,12.4233,11.7746,114.821,131.267,7.36008,-42.5441 
86,46.837,5.5,86,26742.4,0.033915,48.7947,11.9391,115.349,0.00316385,-77.2011,1.39424e-11,-1.57415,-0.756441,-1.19095,1.45722,2.68652,-59.9404,844.527,19.1515,24881.5,18972.4,-1.19673,-0.379013,-0.436094,1.83465,3.06394,1.15107,928.599,22.2653,24965.6,0.0339002,0.95973,0.00164017,27392.1,0.000466734,0.0547946,11.3027,17.3069,121.396,90.4519,2.20878,12.1367,11.5838,114.762,132.852,6.63364,-42.4006 
87,46.972,10,87,28145.9,-0.059418,49.4529,12.4498,115.618,0.0129004,12.8558,6.00255e-10,1.79083,-4.81106,1.43894,-1.76721,-1.82386,-95.9324,503.101,1.40668,26492.2,20047.8,2.39489,-4.207,2.64706,-1.16315,-1.21979,2.70999,637.656,6.39018,26626.8,0.0220932,0.982765,0.000441892,28862.1,-0.00031739,0.0326072,-8.0839,113.532,122.726,108,2.179,12.5993,11.8269,114.909,132.653,7.81742,-24.6529 
88,46.822,5.2,88,27419.3,0.0434418,50.022,11.9644,115.612,-0.0308108,-3.77723,4.2369e-10,0.270488,-3.01036,-3.00816,-1.51324,-1.50089,-39.6233,870.064,8.62313,25516.1,19486.5,0.519985,-2.76086,-2.50917,-1.26374,-1.25139,0.654631,925.64,10.6815,25571.6,0.0330213,0.980205,0.000768871,28031.6,0.000465738,0.055418,11.3554,18.3918,120.71,88.5609,2.28256,12.1435,11.472,115.087,131.749,5.62333,-43.1882 
89,46.897,8,89,24368.4,0.012652,43.8577,12.0363,115.239,-0.00640767,-93.0655,170.358,-2.54783,-1.40314,-3.36213,1.28856,1.86108,-68.4217,695.849,14.3002,22615.9,17203.8,-2.117,-0.972306,-2.50046,1.71939,2.29191,-0.584108,791.817,17.8546,22711.9,0.0318428,0.962038,0.00144605,24866.4,0.000664732,0.038352,11.1426,19.5468,121.741,92.9231,2.0007,12.2906,11.4297,114.686,132.305,7.05537,-39.3823 
90,46.987,10,90,24975.1,-0.0183818,45.5255,11.9621,115.534,-0.000612626,-7.01731,465.636,-0.494682,1.4665,-1.7881,0.669638,-5.03637,-61.3497,438.934,8.46281,23483.7,17728.1,-0.108379,1.8528,-1.01549,1.05594,-4.65006,0.645576,524.983,11.6498,23569.7,0.0205804,0.962618,0.000909668,25508.9,-0.000179167,0.030371,-7.05027,108.534,123.177,108,2.11043,12.0709,11.3437,114.853,132.517,8.32458,-24.5173 
91,46.487,10,91,29369.7,-0.0509371,54.5045,11.8106,115.49,-0.031644,64.3817,20.7673,4.76306,2.82637,-0.714782,-1.0808,0.380969,-68.1295,-3.28498,-1.45212,28544.7,21021.9,5.19205,3.25537,0.143204,-0.651808,0.809962,0.983632,92.2732,2.08708,28640.3,0.00303022,0.961925,0.00013422,30451,0.000221669,-0.0220085,-8.44978,11.0183,109.971,78.6518,2.63128,12.0981,11.2742,115.004,132.354,-5.03261,-53.7024 
92,46.777,4,92,25802.8,-0.889186,48.4102,12.0084,115.515,4.79229,-2358.04,5.48782e-10,0.196863,-1.75742,-3.18586,-4.09993,-1.4464,-104.694,728.005,1.04599,24190.5,386789,0.856095,-1.09819,-1.8674,-3.4407,-0.787164,0.705334,874.849,6.48465,24337.3,0.0327998,0.987195,0.000490586,26672.4,0.000215476,0.0556626,10.637,17.4977,121.32,89.5155,2.26075,11.8907,11.2664,114.983,132.581,6.33691,-43.0654 
93,46.747,3,93,27304.3,0.0189304,49.4826,11.9425,115.479,0.0288874,-104.915,54.2544,-0.81087,-0.0447359,3.44626,2.2565,-0.668614,-102.121,834.092,1.66126,25217.2,19335.8,-0.167843,0.598291,4.73232,2.89953,-0.0255874,0.411162,977.326,6.96623,25360.5,0.0350807,0.98768,0.00050575,27859.4,0.000529513,0.0692703,10.7783,13.9048,119.705,87.1743,2.20046,12.2473,11.7582,114.906,132.304,4.79869,-45.1294 
94,46.687,1.5,94,27840.8,0.0376961,54.4678,11.0243,116.535,-0.0188253,-19.7561,383.862,-3.26119,4.23804,0.980411,1.15328,2.50646,28.5825,12109.3,69.9218,14899.5,19559.4,-3.44117,4.05806,0.620459,0.973301,2.32648,0.863249,12069.2,68.437,14859.4,0.433829,0.990174,0.00841268,27820.2,0.000378077,1.36996,11.0056,10.0595,117.334,83.3526,1.4705,11.1745,11.2142,115.252,131.935,2.08242,-48.5824 
95,46.912,8.5,95,28583.9,-0.0269196,50.6419,12.3008,115.578,-0.0413445,63.2841,500,2.59178,4.66389,0.313322,1.39871,-0.941682,-107.676,717.921,7.98234,26594.4,20363.8,3.26979,5.3419,1.66934,2.07672,-0.263672,0.86197,868.948,13.5759,26745.4,0.029739,0.973387,0.000934175,29219.1,0.00085757,0.0442142,11.6355,16.2693,123.462,92.1753,2.24794,12.451,11.7911,115.005,132.183,8.4573,-40.0082 
96,46.957,10,96,20902.8,0.0151463,39.3091,11.3432,115.391,-0.0231543,-7.18812,500,4.1268,3.38316,-1.47461,-2.48244,2.19277,-108.33,394.647,-9.81196,19473.8,14520.7,4.80893,4.06529,-0.110358,-1.80031,2.87489,1.01122,546.591,-4.18442,19625.7,0.0256016,1.01358,-0.000392912,21349.8,0.000186455,0.0185856,8.89161,129.1,120.459,108,1.86238,11.5023,11.0751,114.908,132.652,5.55194,-24.6521 
97,46.732,2.7,97,24851.2,0.00478721,47.206,-11.4501,115.59,-0.105079,57.1879,500,0.778435,0.0312028,-0.864593,3.10766,2.26499,-122.981,662.561,8.21558,23357.7,17791.2,1.55282,0.805584,0.684169,3.88204,3.03937,0.931336,835.054,14.6042,23530.2,0.0323953,0.970303,0.00114201,25777,0.000131856,0.0514488,10.4617,18.1139,121.142,89.6434,2.22538,11.7799,11.1759,115.1,132.018,6.04222,-42.3746 
98,46.762,3.5,98,28477.2,-0.0103875,52.6252,11.7766,115.292,-0.00573218,-18.75,105.167,1.36812,-0.714701,-4.07759,3.58022,-0.871577,-91.6885,905.542,16.4835,26584.9,20178.3,1.94546,-0.137363,-2.92292,4.15756,-0.294239,2.06346,1034.14,21.2465,26713.5,0.0352343,0.965294,0.00146297,29350.5,0.000271024,0.0614138,11.4553,16.8164,119.934,88.6227,2.44918,12.0714,11.2767,114.786,132.486,5.14823,-43.8638 
99,46.702,2,99,25511.2,0.0135947,48.7029,11.3443,115.43,0.0240045,-153.141,491.894,-1.39772,0.985949,4.33106,0.0830288,2.72586,-96.7355,399.263,1.36921,24238.9,18105.4,-0.788599,1.59507,5.54929,0.692147,3.33497,0.465534,534.944,6.39443,24374.6,0.0202845,0.97951,0.000483024,26372,7.17917e-05,0.0478332,9.7911,15.3714,121.118,90.4792,2.38657,11.6152,10.9827,114.989,132.355,6.12833,-41.8758 
100,46.942,9.5,100,24783.4,0.00260177,45.0421,11.9452,115.663,-0.0322524,-6.0821,163.837,-1.26784,-0.944935,-1.75778,-0.585938,2.01367,-94.8493,520.821,16.0327,23351.2,17521.3,-0.670595,-0.347694,-0.563295,0.0113032,2.61091,1.5413,653.856,20.9599,23484.2,0.0255941,0.946882,0.0016414,25547.1,-0.000121816,0.0292846,-7.92367,100.293,122.139,108,2.06958,12.0769,11.4056,115.044,132.943,7.09473,-24.9432 
101,46.717,2.5,101,27052,0.0261187,50.2729,11.6295,115.677,0.0212304,-91.4226,114.056,0.681833,2.42527,2.53208,-2.07148,-1.43065,-81.1979,738.134,9.70178,25416.8,19095.4,1.19311,2.93655,3.55464,-1.5602,-0.919367,0.317038,852.021,13.9199,25530.7,0.0305225,0.972204,0.00100335,27914.5,0.000258521,0.070063,9.91094,14.1143,119.981,87.6407,2.36093,11.9426,11.2831,115.198,132.321,4.78273,-44.6805 
102,46.287,10,102,29430.9,-0.0458281,55.4931,11.6137,115.484,-0.0384142,231.572,414.648,-1.14345,-3.6956,4.87003,0.0199829,-2.79235,-69.8199,-92.2419,-8.10739,28671,21269.6,-0.703814,-3.25597,5.7493,0.45962,-2.35271,56.5115,5.68733,-4.48038,28768.9,0.000186465,-2.64117,-0.000286966,30500.8,0.000106653,-0.0235021,10.3284,9.99062,109.763,78.3063,2.70785,11.9487,11.1766,115.074,131.755,-5.31134,-53.4483 
103,46.882,7.5,103,24391.2,0.0200316,44.7309,11.7937,115.618,-0.0162119,-21.5156,358.244,3.30933,1.14741,0.342395,1.66754,-0.816753,-75.3592,742.436,9.10969,22713.2,17184.6,3.78384,1.62193,1.29143,2.14206,-0.342237,0.848014,848.134,13.0244,22818.9,0.0338764,0.973829,0.00105032,25036.1,-0.000170529,0.0334038,9.56813,87.4281,121.132,108,2.07085,11.9296,11.1542,114.951,132.655,6.18124,-24.6546 
104,46.587,10,104,29105.3,-0.0429844,53.9626,11.8061,115.407,-0.0345283,64.5458,395.722,-0.0569532,-0.835941,-3.78995,-0.81996,-3.76067,-100.758,-69.5195,-12.7095,28161.1,20811.8,0.577493,-0.201495,-2.52106,-0.185514,-3.12622,0.537996,71.8035,-7.47529,28302.4,0.00238769,1.22278,-0.000486778,30072.4,0.000360984,-0.0254523,10.2554,10.6894,111.12,75.8517,2.56508,12.1343,11.3883,114.982,132.564,-3.86211,-56.7127 
105,46.792,4.5,105,23981.8,-0.0120595,45.3791,11.5095,115.55,-0.0320298,11.7825,324.996,0.282075,-1.19438,-1.53705,-2.13972,0.508123,-56.8024,849.434,15.6165,22411,17014.5,0.639744,-0.836707,-0.821712,-1.78205,0.865792,0.575327,929.105,18.5673,22490.6,0.0375105,0.96621,0.00151845,24769.2,0.000280851,0.0556726,11.3195,17.8638,121.568,89.2094,2.10922,11.6937,11.3013,115.049,133.12,6.51827,-43.9109 
106,46.852,6,106,27825.6,-0.0684528,50.7481,12.063,115.439,0.0372511,0.102422,5.69554,-0.89477,-0.340161,-1.13467,2.27268,-1.44733,-80.4052,788.771,2.74213,26176.3,19928.5,-0.38848,0.166129,-0.122089,2.77897,-0.941039,1.08175,901.547,6.91903,26289.1,0.0313386,0.986747,0.000484589,28768,0.000340267,0.0450951,11.6143,18.1496,121.528,90.6258,2.33099,12.2551,11.439,114.92,133.066,6.60827,-42.4401 
107,46.927,9,107,22727.8,0.00258936,41.9444,11.8039,115.77,-0.0213792,-7.32747,500,-3.04628,2.40543,6.02428,-0.500744,4.40208,-82.438,533.821,9.44652,21373.2,16122.5,-2.52719,2.92452,7.06246,0.0183469,4.92117,0.430415,649.448,13.729,21488.8,0.0277215,0.964326,0.00117552,23427.6,0.000451027,0.0351635,11.5438,17.1041,122.996,94.7687,1.95649,11.9513,11.347,115.179,132.487,7.81728,-37.7185 
108,46.087,10,108,23746.8,-0.0170737,46.1087,11.2462,115.269,-0.0308276,-12.0283,4.7182e-10,2.00022,2.0454,-0.812348,0.459473,1.86205,-121.038,-29.3442,-16.4786,23189.7,16892.5,2.76237,2.80754,0.711941,1.22162,2.6242,0.929703,140.423,-10.1909,23359.5,0.00563917,1.14548,-0.000804293,24901.5,0.0001232,-0.0240448,-8.82869,10.8501,110.817,77.0352,2.2957,11.5773,10.9719,114.861,132.374,-4.04396,-55.3387 
109,46.807,4.8,109,28007.2,-0.0520342,50.4861,12.1711,115.428,0.000236265,6.1805,500,-0.135112,-0.329558,1.10106,-1.26779,-0.0088507,-70.7591,1076.31,-2.10585,25841.7,20003.2,0.310439,0.115993,1.99216,-0.822237,0.4367,0.0201149,1175.56,1.56995,25941,0.0409988,0.997668,0.000111472,28673,0.000589233,0.0641444,11.5297,17.6573,120.623,88.5181,2.22873,12.3642,11.6847,114.801,132.265,5.82203,-43.747 
110,46.867,6.5,110,27515.2,0.0171648,49.6025,12.1035,115.573,-0.0246906,-5.48168,2.16246e-10,-1.80757,1.89294,-0.0415712,-0.623497,-0.898345,-68.0369,766.445,12.1739,25660.2,19548.3,-1.37916,2.32135,0.815249,-0.195087,-0.469935,0.253723,861.873,15.7083,25755.6,0.0306032,0.969091,0.00112224,28162.8,0.000608641,0.0441493,12.0367,18.5568,122.456,92.1077,2.2315,12.2839,11.6333,115.016,133.445,7.44033,-41.3368 
111,46.837,5.5,111,25424,-0.0267891,47.063,11.7988,115.512,-0.0140101,-7.93752,383.992,0.230176,-1.9298,-4.1211,3.01966,2.26713,-115.509,665.115,5.85946,23843,18080,0.957506,-1.20247,-2.66645,3.74699,2.99446,1.69619,827.127,11.8599,24005,0.0314827,0.975522,0.000909282,26272.5,0.000391506,0.0461631,10.7547,16.8467,121.523,91.3371,2.1721,12.0035,11.4208,114.968,132.375,6.5553,-41.0382 
112,46.972,10,112,23408.6,0.0345195,43.7911,11.6174,115.494,-0.0767572,-33.3772,500,-0.594115,0.0289498,2.25874,-1.65243,-3.67561,-38.6308,319.301,0.319187,22159.6,16644.5,-0.350868,0.272197,2.74524,-1.40918,-3.43236,2.26219,373.484,2.32598,22213.8,0.0156138,0.989219,0.000192848,23920.1,0.000790604,0.00013718,58.1939,-0.0404214,95.7046,82.5574,2.06659,11.8062,11.3079,114.951,132.115,-19.2459,-49.558 
113,46.822,5.2,113,27229.1,-0.0658155,50.9934,11.7451,115.757,0.0845838,71.4589,468.617,1.06052,0.52471,4.21108,-1.54952,-1.12179,-36.0054,679.111,3.1305,25761.8,19693.6,1.28724,0.751427,4.66451,-1.32281,-0.895071,-0.0399553,729.612,5.00091,25812.3,0.0259735,0.988147,0.000356765,28090.6,9.92774e-05,0.0503085,10.3407,18.4491,122.287,90.7799,2.40456,11.9659,11.2161,115.234,132.893,7.05305,-42.1128 
114,46.897,8,114,23549.3,0.00557881,43.3482,11.7858,115.416,-0.0639259,-10.6158,490.813,-0.962759,-2.17374,3.20649,2.2912,2.18747,-23.8328,612.734,9.55511,21963.1,16653.3,-0.81269,-2.02367,3.50663,2.44127,2.33754,0.356472,646.162,10.7932,21996.6,0.0269655,0.971599,0.00090306,23962.5,0.000695228,0.0367364,10.4783,17.1866,122.569,96.8787,2.02055,11.9764,11.2538,114.927,133.764,7.6423,-36.8849 
115,46.987,10,115,23428.4,-0.00287316,44.2284,11.5135,115.731,-0.0254859,-7.80785,422.706,1.07785,-3.42786,-2.10039,-1.64416,-1.93644,-61.8627,284.802,-3.94481,22303.3,16583.5,1.46738,-3.03833,-1.32132,-1.25463,-1.54691,0.767937,371.57,-0.731161,22390.1,0.0154146,1.00346,-6.01586e-05,24105.1,0.000689128,-0.016348,-6.90114,6.79871,109.603,76.5545,2.13563,11.6744,11.1629,115.252,132.61,-5.6489,-56.0552 
116,46.487,10,116,32530.9,-0.0978348,59.0711,12.15,115.541,0.135714,-221.855,131.798,2.58537,0.339809,2.35832,-1.42566,-1.35216,-45.1456,-56.0755,-1.64524,31661.5,24344.1,2.86964,0.624079,2.92686,-1.14139,-1.06789,0.304999,7.24564,0.699986,31724.8,0.000215416,0.855385,4.06432e-05,33635.5,2.9846e-05,-0.0241669,9.40048,11.0397,110.586,77.4683,2.76241,12.5044,11.6021,115.03,133.273,-4.44358,-55.8052 
117,46.777,4,117,28061,-6.74313e-05,51.9457,11.8116,115.792,-0.000905958,-47.039,500,-1.81173,-0.573444,2.45463,0.267527,1.64413,-111.056,887.604,6.53915,26231.4,19974.8,-1.11244,0.125844,3.85321,0.966814,2.34342,0.376185,1043.37,12.3083,26387.2,0.0359612,0.979773,0.00085851,29013.8,0.00026678,0.0717522,11.2956,15.5241,119.997,87.0342,2.34138,12.1075,11.5563,115.232,132.4,4.76436,-45.366 
118,46.747,3,118,29395.3,-0.031355,53.2868,12.0161,115.622,-0.0257902,48.7147,1.15853e-10,-0.596165,0.0897505,4.33086,0.716393,-2.24795,-71.1303,781.908,-3.66959,27678.7,20884.8,-0.148277,0.537639,5.22664,1.16428,-1.80006,-0.0494796,881.675,0.025491,27778.5,0.0290724,0.999949,1.69041e-06,30326.9,0.000251231,0.0653883,10.6857,15.521,120.997,89.5394,2.44819,12.3227,11.4659,115.077,133.022,5.92015,-43.4828 
119,46.687,1.5,119,34701.6,-0.0210243,65.8066,11.557,116.88,-0.0339304,4.3103,500,-3.26267,-4.52493,-1.55831,1.40273,4.33704,196.864,25725.2,69.8141,8587.86,24762.3,-4.50227,-5.76453,-4.03751,0.163132,3.09744,0.634408,25449.1,59.5874,8311.74,0.742832,0.995919,0.013034,34259.5,2.32394e-05,2.57184,11.7989,10.4848,117.037,83.2897,0.804561,11.3162,11.7287,115.278,131.803,1.75855,-48.513 
120,46.912,8.5,120,26022.2,-0.0216249,47.1177,12.0484,115.668,0.0026052,-38.5672,357.547,1.19561,2.35933,2.16556,0.80357,1.77652,-42.8897,740.88,9.5182,24301,18483.6,1.46568,2.6294,2.70569,1.07364,2.04659,0.727276,801.037,11.7462,24361.2,0.0300872,0.97498,0.00088742,26623.9,0.000693686,0.041184,11.7555,16.0302,122.413,91.1724,2.14321,12.2169,11.5153,115.125,132.238,7.28749,-41.0654 
121,46.957,10,121,23308,0.00249066,43.5631,11.6154,115.5,0.00357803,-49.4081,157.492,0.534712,-3.21515,-1.92751,-1.49233,0.205305,-26.5358,357.309,-12.0253,22046.8,16477.8,0.7018,-3.04806,-1.59333,-1.32524,0.372393,0.674328,394.528,-10.6468,22084,0.0165743,1.04957,-0.000888876,23803.6,0.00049515,0.0351901,9.52781,-14.454,123.88,96.5905,2.0736,11.8258,11.1704,115,132.134,8.87927,-35.5432 
122,46.732,2.7,122,26437.1,-0.0372947,49.9067,11.5913,115.623,-0.026887,29.5306,466.068,-0.666701,0.260502,2.66653,2.27635,-2.57819,-58.9903,504.563,-7.13851,25203.2,18857.4,-0.295255,0.631948,3.40942,2.6478,-2.20675,0.185745,587.302,-4.07408,25286,0.0214419,1.01229,-0.000296888,27390.4,-0.000119028,0.0504874,10.4236,15.5265,120.952,90.5456,2.38773,11.9443,11.1315,115.169,133.533,5.78347,-42.9878 
123,46.762,3.5,123,26797.2,-0.0705391,51.4448,11.4701,115.511,0.20424,-152.858,89.508,-1.24596,2.35076,-0.198712,0.832044,-2.88581,-43.4442,590.78,1.5878,25556.4,20225.2,-0.9724,2.62432,0.348402,1.1056,-2.61225,0.294253,651.715,3.84464,25617.3,0.0234379,0.989782,0.000276386,27806.1,-0.000152297,0.0472932,11.035,17.9776,121.063,90.6784,2.46166,11.7504,11.1021,115.06,133.028,6.00264,-42.35 
124,46.702,2,124,31230.6,-0.0687179,56.6564,12.1084,115.666,-0.0827674,1184.65,161.885,-2.76126,-0.640533,-1.73238,-0.74886,-0.695664,-115.942,849.241,-2.26534,29425.4,25524,-2.0312,0.0895204,-0.272278,-0.0188069,0.0343894,0.876146,1011.86,3.7576,29588,0.0312542,0.993543,0.000233888,32375.1,1.04458e-05,0.0796622,10.4294,13.4301,119.354,87.9186,2.51234,12.5019,11.8256,115.126,133.029,4.2283,-45.1103 
125,46.942,9.5,125,25531.3,0.00339104,46.5122,11.9968,115.716,-0.0540792,-13.198,499.867,-0.398191,-0.518144,-0.593151,-0.967334,-1.03417,3.68723,525.769,7.60549,23945.5,18187.9,-0.421408,-0.541362,-0.639586,-0.990552,-1.05739,0.824785,520.597,7.41394,23940.3,0.0201024,0.975684,0.000570146,25897.3,-0.000483629,0.0284185,10.0964,127.995,121.459,108,2.09807,12.1324,11.4457,115.04,132.939,6.4193,-24.9394 
126,46.717,2.5,126,25032.9,-0.01799,48.1468,11.3752,115.587,-0.0224226,-8.59893,500,-1.65092,2.03986,-3.93486,0.914057,1.1015,-31.759,577.269,-11.0527,23813.8,17835,-1.45094,2.23983,-3.5349,1.11404,1.30148,-9.69557,621.814,-9.40286,23858.4,0.0239974,1.02718,-0.000726522,25911.7,0.000549815,0.178902,0.139633,12.5468,117.149,87.9306,2.32554,11.7218,10.9624,115.082,133.204,2.06724,-45.273 
127,46.287,10,127,25470.7,-0.0500073,48.9917,11.4087,115.443,0.0553901,-78.5052,0.134677,-0.691837,-0.318694,-0.0927032,-2.37963,-1.82661,-36.4095,0.185133,-18.271,24727,18336.7,-0.462576,-0.0894334,0.365819,-2.15037,-1.59735,1.09299,51.253,-16.3796,24778,0.0019476,2.26897,-0.00121922,26316,0.000177747,-0.0264748,8.3591,8.82717,111.685,77.3344,2.42918,11.6721,10.9909,115.056,132.498,-3.3703,-55.1635 
128,46.882,7.5,128,27546,-0.0632208,49.3312,12.3275,115.585,-0.0323943,62.3278,0.375707,-0.527591,2.43887,-0.344793,-0.541664,4.63144,-16.6253,731.942,6.3121,25815.7,19862.4,-0.422906,2.54355,-0.135424,-0.436979,4.73613,1.02155,755.26,7.17575,25839.1,0.0268349,0.983645,0.000511309,28144.7,0.000495615,0.0434164,11.0581,17.6665,123.628,92.0483,2.24207,12.4001,11.5897,114.984,133.472,8.64354,-41.4237 
129,46.587,10,129,26921.2,-0.0302028,51.3298,11.4591,115.546,0.0624497,-59.238,174.496,-0.0192851,-0.295989,3.8209,-2.62201,0.483971,-77.1401,-98.4907,-16.2616,26134.1,19268.1,0.466446,0.189742,4.79236,-2.13628,0.969702,-0.119196,9.70583,-12.2543,26242.3,0.000348798,-0.826791,-0.000860943,27826.5,0.000171286,-0.0264312,10.5221,9.31781,110.994,78.2164,2.54833,11.7432,11.0319,115.133,132.939,-4.1385,-54.7224 
130,46.792,4.5,130,29831.5,0.0102029,53.8016,12.2258,115.445,-0.00377499,-11.4915,500,0.861967,-1.13832,0.164956,4.8244,3.2633,-82.3032,932.282,-0.352888,27956.4,21413.9,1.38021,-0.620083,1.20144,5.34264,3.78155,0.891623,1047.72,3.9226,28071.8,0.0340126,0.993491,0.000257339,30803.9,9.75045e-05,0.0724531,11.0559,16.3468,119.966,87.8703,2.41308,12.517,11.6254,114.873,132.717,5.09292,-44.8468 
131,46.852,6,131,31414.6,-0.00430899,54.8269,12.6106,115.544,-0.0369345,14.6464,500,1.38473,2.19533,2.30783,-0.00589474,3.36537,-24.1814,868.285,1.2234,29378.2,22524.9,1.537,2.3476,2.61236,0.146369,3.51763,0.742902,902.202,2.47957,29412.1,0.0281243,0.995213,0.000155273,32079.1,0.000678161,0.0473637,11.933,17.4265,122.116,92.7255,2.38423,12.8446,11.9422,114.92,134.032,7.19585,-41.306 
132,46.927,9,132,27004.8,-0.0531332,48.5494,12.2063,115.778,0.0413216,-32.1884,89.4926,2.06656,0.350095,-3.79738,0.0550928,-1.20705,-68.3244,631.349,10.1685,25397.4,19334.7,2.49678,0.780315,-2.93694,0.485313,-0.776829,61.3799,727.181,13.7179,25493.2,0.0262047,0.968042,0.000990253,27750,0.000552031,0.0409887,11.4344,17.1567,123.664,95.6364,2.22723,12.2981,11.509,115.164,134.089,8.49959,-38.4521 
133,46.087,10,133,29163.8,-0.0805921,54.6783,11.7528,115.366,-0.0287354,72.1287,37.6387,-0.00829144,2.02857,7.74059,1.98892,-0.0963863,-9.00726,-89.242,-8.22328,28506.6,20986.9,0.0484249,2.08528,7.85402,2.04563,-0.03967,0.345154,-76.6084,-7.75537,28519.2,-0.00254059,0.849503,-0.000501184,30153.8,6.18867e-05,-0.0247239,9.96843,11.3919,111.351,75.6095,2.65394,12.056,11.2312,115.002,133.209,-3.65075,-57.5993 
134,46.807,4.8,134,28232.1,0.0402997,51.7468,11.8828,116.019,-0.00751474,-7.36923,1.13652e-10,1.53445,1.4493,0.547592,-0.297705,-1.56621,-84.6692,760.931,0.426337,26623.8,20018.7,2.06759,1.98243,1.61387,0.235435,-1.03307,0.668355,879.687,4.82474,26742.6,0.0300987,0.990493,0.000332232,29226.8,0.000255918,0.0567487,11.0922,17.2446,121.274,91.6109,2.40458,12.1209,11.3766,115.453,134.162,5.82069,-42.5514 
135,46.867,6.5,135,29363.2,-0.0675167,52.2754,12.3757,115.708,0.0382702,-247.3,2.23453e-10,-1.08282,0.115967,-3.88867,-1.8702,-1.34938,-49.7296,722.998,23.9925,27584.2,21368.3,-0.769682,0.429101,-3.2624,-1.55707,-1.03625,0.473492,792.749,26.5758,27653.9,0.026332,0.944585,0.00176716,30105.9,0.000487797,0.0470747,10.6971,18.9962,122.434,92.4696,2.30909,12.5804,11.8251,115.054,132.548,7.37946,-40.078 
136,46.837,5.5,136,27632.3,-0.0230558,50.7552,11.8772,115.658,-0.174522,261.642,116.497,-0.224706,-0.854591,4.22199,-2.38812,0.155852,-96.6163,670.931,-6.47733,25935.1,21110.6,0.383661,-0.246224,5.43872,-1.77975,0.764219,-0.192539,806.444,-1.4583,26070.6,0.0283547,1.00317,-0.000103052,28441.3,0.00043321,0.0484457,11.0171,17.0733,121.861,90.405,2.35103,12.0924,11.3792,115.121,132.931,6.74039,-42.5257 
137,46.972,10,137,24504.9,-0.0197548,45.3822,11.7783,115.457,0.00454144,-37.1685,77.7003,-1.28829,1.5366,1.03692,-0.464771,-1.54453,-12.4586,338.727,-1.43116,23332.1,17406,-1.20984,1.61504,1.19382,-0.386323,-1.46608,5.71146,356.202,-0.783962,23349.6,0.0141875,1.00387,-6.18525e-05,25106.8,0.000416132,0.0337957,-10.4818,-13.3489,123.48,98.4151,2.14564,12.0138,11.2425,115.015,132.971,8.46535,-34.5557 
138,46.822,5.2,138,26361,-0.0164181,48.8532,11.8377,115.689,-0.0591882,6.98777,3.01439e-08,-0.82161,2.96191,-5.21774,-3.18456,3.05142,-70.9796,706.147,5.35209,24857.9,18839.3,-0.37467,3.40885,-4.32386,-2.73762,3.49836,-7.1745,805.703,9.03934,24957.4,0.0295556,0.980744,0.000666748,27260.6,0.0002585,0.0513968,10.7299,17.776,121.92,90.056,2.27673,12.022,11.3136,115.178,132.097,6.74142,-42.0412 
139,46.897,8,139,24969.4,-0.00434715,45.6573,11.9562,115.586,-0.0289402,-12.1265,8.93794e-11,-1.66731,-1.49624,-2.50361,-1.83489,-1.13852,-34.5145,612.749,6.55979,23460.1,17781.9,-1.44998,-1.27891,-2.06895,-1.61756,-0.921195,0.717996,661.159,8.35275,23508.6,0.0258465,0.97837,0.000654085,25580.2,0.000486151,0.0387158,11.465,17.7449,122.719,93.4216,2.08274,12.1098,11.5526,115.045,133.368,7.67415,-39.9465 
140,46.987,10,140,25187.9,-0.0168247,44.15,12.4355,115.622,-0.00451537,-37.8394,459.392,-3.87252,1.45367,2.17461,-4.06319,-1.34304,-51.1518,390.672,14.2102,23805.5,17878.2,-3.55044,1.77576,2.81879,-3.7411,-1.02095,1.75816,462.417,16.8675,23877.2,0.0179424,0.939996,0.00129962,25772.3,0.000973714,0.00343082,-100.268,0.106522,152.682,68.9136,1.98004,12.5745,11.8516,115.039,133.027,37.6427,-64.1134 
141,46.487,10,141,28954.4,-0.0526554,53.4298,11.883,115.702,-0.0247869,27.5792,434.344,-0.320693,4.22352,-0.530652,-2.26897,0.687348,-100.646,-34.3638,-16.9832,28037.5,20690.5,0.313045,4.85725,0.736825,-1.63523,1.32109,0.868259,106.801,-11.7549,28178.6,0.00356288,1.23856,-0.000769037,29976.1,0.000203984,-0.0234823,9.09916,11.6067,111.169,77.164,2.55298,12.2181,11.3644,115.247,133.393,-4.07787,-56.2287 
142,46.777,4,142,29011.6,-0.0574138,52.8527,12.0465,115.409,-0.00193923,-25.7825,346.062,-2.25163,-0.597868,-3.67381,0.237851,0.498821,-54.2786,943.179,-8.62044,27080.9,20727.9,-1.90985,-0.25609,-2.99025,0.579629,0.8406,0.199604,1019.31,-5.80077,27157.1,0.0341984,1.01006,-0.00039363,29805.8,0.000283193,0.0633534,11.5093,16.0708,120.821,88.6401,2.42589,12.2431,11.444,114.856,133.45,5.96452,-44.8102 
143,46.747,3,143,23648.6,-0.0645788,44.5052,11.7066,115.546,-0.00848695,44.3752,310.429,0.417987,-0.659424,3.79985,0.750174,-1.77285,-52.6269,633.278,-6.74297,22425.8,16972.7,0.749364,-0.328047,4.4626,1.08155,-1.44147,0.0135722,707.093,-4.00911,22499.6,0.0287944,1.01002,-0.000328345,24556.6,-0.000219044,0.0531035,10.7652,17.6251,121.125,91.2665,2.10164,11.9872,11.2246,115.014,133.301,6.11136,-42.0348 
144,46.687,1.5,144,27662.6,-0.0148863,53.6831,11.2244,116.186,0.0631731,-17.691,242.167,2.28491,-3.78265,0.764967,-1.93428,2.17472,73.5869,7265.4,21.49,19685.4,19651.7,1.82155,-4.24601,-0.161747,-2.39764,1.71136,0.950573,7162.19,17.6673,19582.2,0.256532,0.995702,0.00165922,27919.3,0.0001456,0.827817,10.8917,10.098,117.349,84.3352,1.90191,11.5518,11.194,115.184,133.192,2.16479,-48.8568 
145,46.912,8.5,145,26878.2,-0.0806839,46.6764,12.7042,115.757,0.116056,-26.8183,433.454,0.957939,-1.5329,2.93945,1.15213,-3.22395,-36.1274,878.259,13.8529,24979.7,19404.9,1.18542,-1.30541,3.39442,1.37961,-2.99647,-1.04782,928.931,15.7296,25030.4,0.0338271,0.97122,0.00115628,27461.2,0.000575388,0.0442757,12.6633,17.5452,123.049,92.6388,2.03869,12.8192,11.9217,115.106,133.883,7.94246,-41.2443 
146,46.957,10,146,23982.6,0.00582214,44.8929,11.5927,115.775,-0.0557887,-12.888,1.95294e-09,-0.635644,-1.03178,1.21335,-3.10679,-4.76463,-25.7251,327.87,-2.50164,22805.8,16965.1,-0.47366,-0.869797,1.53732,-2.94481,-4.60264,1.20906,363.952,-1.16527,22841.9,0.0148091,1.00563,-9.39832e-05,24576.3,-0.000232282,0.0249707,7.88504,103.529,121.844,108,2.16762,11.7769,10.9516,115.213,133.023,6.63137,-25.0231 
147,46.732,2.7,147,25918.3,-0.0320456,48.5939,11.6603,115.538,0.0230291,-37.2032,269.94,-1.43116,4.58674,5.88825,-1.52642,0.728369,-61.6921,575.645,0.0449836,24587.1,18473.2,-1.0427,4.9752,6.66517,-1.13796,1.11683,0.369815,662.174,3.24977,24673.6,0.024693,0.991485,0.000242565,26816.2,-4.88648e-05,0.0636164,10.3299,13.0908,119.807,88.6005,2.27297,11.9962,11.3583,115,132.639,4.80706,-44.0386 
148,46.762,3.5,148,29623.2,-0.006253,54.09,11.9693,115.355,-0.0727065,78.4458,500,-1.53606,1.31792,0.0257324,-0.479422,0.36139,-60.0868,907.305,-8.05003,27729.2,21261.3,-1.15771,1.69627,0.782434,-0.101071,0.739741,0.60073,991.583,-4.92863,27813.5,0.0325388,1.00877,-0.000326533,30473.9,0.000160926,0.0741122,10.2302,15.0396,119.648,87.6811,2.44315,12.3151,11.6126,114.78,132.618,4.86811,-44.937 
149,46.702,2,149,27838.1,0.0309321,51.9661,11.6532,115.438,0.0143073,-80.1882,8.67679e-11,0.805898,-0.40803,0.817574,-1.77201,-1.38273,-54.0986,599.804,-4.68717,26261.4,19750.7,1.14654,-0.0673854,1.49886,-1.43137,-1.04209,-13.3348,675.682,-1.87685,26337.3,0.0236309,1.00488,-0.00013129,28593.2,8.66792e-05,0.062663,9.97515,14.3316,120.296,88.2909,2.47012,11.9445,11.2185,114.939,132.866,5.35704,-44.5755 
150,46.702,2,150,25973.4,-0.0601533,47.929,11.9135,115.348,0.031623,-69.8734,0.976691,-0.583175,7.06143,5.27822,-3.23605,0.356055,-87.1423,596.512,9.07224,24496.5,18659.9,-0.0344629,7.61014,6.37564,-2.68734,0.904767,0.476064,718.737,13.5991,24618.7,0.026804,0.96795,0.00101653,26814.5,-4.35381e-06,0.0534482,10.2411,18.8329,120.64,92.2491,2.20983,12.2272,11.401,114.806,133.062,5.83452,-40.8127 
151,46.702,2,151,30345.9,-0.0254799,55.5257,11.9233,115.297,-0.0427566,-7.98311,191.195,0.200968,5.03212,-6.62165,-2.75227,0.321182,-139.464,719.956,-11.8107,28401.8,21563,1.07914,5.91029,-4.86531,-1.8741,1.19935,4.35685,915.568,-4.56584,28597.4,0.0293181,1.0088,-0.000294195,31228.8,0.000259231,0.080885,10.0336,13.4329,119.399,86.8024,2.49014,12.3362,11.6342,114.735,132.077,4.66369,-45.2746 
