cyc,freq,VVA,cyc,ROIsum,fBg,fA1,fWidth1,fCtr1,fA2,fWidth2,fCtr2,box1,box2,box3,box4,box5,box6,box7,box8,box9,Nfit,BZ-2,BZ-1,BZ0,BZ1,BZ2,Excited,c5,c7,c9,fraction95,fraction75,fraction97,sum95,two2D_bg,two2D_a1,two2D_sh1,two2D_sv1,two2D_ch1,two2D_cv1,two2D_a2,two2D_sh2,two2D_sv2,two2D_ch2,two2D_cv2,two2D_chd,two2D_cvd
0,46.54,10,0,26190.9,-0.0950521,37.5365,15.6792,119.04,-0.0441633,41.2457,499.998,-0.468295,-0.0618586,0.658366,-0.444823,-2.86582,5.22948,118.691,-12.9034,25710.8,19218.3,-0.501223,-0.0947872,0.592508,-0.477752,-2.89874,1.1753,111.356,-13.175,25703.5,0.00431364,1.26111,-0.000945115,25814.8,-0.000547465,-0.0165305,9.02681,7.80237,112.106,78.7169,1.72916,16.0101,11.9113,118.321,135.339,-6.21528,-56.6217 
1,47.2461,10,1,22725,-0.144188,33.2262,-15.3857,118.836,-0.0203966,81.3223,499.915,0.724736,3.21766,1.8283,-3.0959,0.315834,-23.8562,80.2991,-21.0802,22094.5,16695.5,0.874952,3.36788,2.12873,-2.94569,0.466051,0.453039,113.76,-19.8409,22127.9,0.00511471,1.4393,-0.00165444,22241.7,0.000803998,-0.0728274,-6.04814,45.5116,96.0054,108,1.53336,15.9899,11.7204,117.945,135.379,-21.9393,-27.3786 
2,46.9461,10,2,23235.2,-0.09023,37.2791,13.813,119.129,0.0402379,80.4069,481.933,2.94803,0.181183,8.5094,-0.118342,0.179686,19.9798,559.696,2.6053,22214.5,16868.2,2.82222,0.0553758,8.25778,-0.24415,0.0538789,0.245528,531.673,1.56738,22186.4,0.023403,0.994867,0.00013012,22718.1,-0.00082863,0.0297484,10.7899,63.8478,127.548,108,1.65109,14.1183,11.8441,118.263,135.474,9.28559,-27.4739 
3,47.0211,10,3,26505.8,-0.0612714,37.7312,15.8497,119.136,0.0166621,11.548,500,-0.51612,1.95944,-0.673602,-3.26205,0.595669,-64.6756,255.683,-12.4594,26012,19474.1,-0.108875,2.36668,0.140888,-2.85481,1.00291,0.742341,346.396,-9.09966,26102.8,0.0130967,1.04819,-0.000642587,26449.1,-0.000609215,-0.0146529,-7.16359,5.43585,107.072,77.3541,1.713,16.2585,11.9874,118.381,135.694,-11.3098,-58.3396 
4,46.8861,3.5,4,27121.9,-0.252427,39.1665,15.7725,119.244,0.134758,120.895,36.9442,2.68851,-0.549039,2.90632,0.150827,0.408693,-4.0268,574.304,1.09932,26327.1,20640.3,2.71387,-0.523683,2.95703,0.176183,0.434048,0.486399,579.952,1.3085,26332.7,0.0215494,0.996067,9.15279e-05,26912.7,-0.00111885,0.054366,4.48826,67.5031,132.988,108,1.72634,15.8976,12.0905,118.289,136.007,14.6981,-28.0066 
5,46.9761,10,5,22694.2,0.00366936,33.0774,15.2548,119.208,0.0309815,-53.7933,499.957,-0.00239262,-1.8171,-2.39925,0.280085,-0.92532,-47.051,439.443,-3.92266,21866.8,16480.3,0.293875,-1.52084,-1.80672,0.576353,-0.629052,0.414616,505.437,-1.47846,21932.8,0.0225257,1.00515,-0.000124189,22438.3,-0.000554006,0.0360709,9.97014,16.9409,125.164,98.758,1.44702,15.8148,12.2231,118.491,137.031,6.67252,-38.2733 
6,47.1861,10,6,24914.9,-0.03832,35.9292,15.371,119.263,-0.0236172,-17.078,500,2.42502,1.91127,-1.86716,1.05721,-2.12235,27.8699,210.378,-2.67802,24191.5,17991.3,2.24953,1.73578,-2.21814,0.881718,-2.29784,7.31844,171.288,-4.1258,24152.5,0.00704201,1.04401,-0.000314774,24323.7,-0.00023814,-0.0101186,-10.2002,6.6069,110.889,76.1052,1.61557,15.8517,12.0784,118.557,135.615,-7.66804,-59.51 
7,46.9161,7,7,22821.9,0.0114275,35.601,14.2897,119.121,-0.00453881,-12.0603,3.98789e-11,0.210033,-1.58864,6.17365,0.435536,-2.7128,-18.204,583.978,-4.03028,21775.9,16562.5,0.324659,-1.47401,6.4029,0.550162,-2.59818,-0.997454,609.511,-3.08461,21801.4,0.027197,1.00894,-0.000260702,22410.9,-0.00121392,0.0273637,-11.7976,80.6701,127.155,108,1.58424,14.7614,11.6303,118.214,135.967,8.94099,-27.9673 
8,46.8411,1.5,8,22644.5,-0.0202375,37.935,-13.1924,120.094,-0.0149103,-0.0917508,500,-0.462433,-1.42633,2.91297,-3.45455,0.407703,63.7688,6117.23,33.9578,16004.9,16291.5,-0.863969,-1.82786,2.1099,-3.85609,0.00616744,1.47608,6027.79,30.6451,15915.5,0.274699,0.991182,0.00353442,21943.3,7.64876e-05,0.541628,12.5012,11.2755,121.244,85.539,1.20558,13.7197,12.0979,118.758,135.668,2.48649,-50.1291 
9,47.2761,10,9,25183.9,-0.103106,36.1148,15.6427,119.319,0.122439,-147.077,500,-0.798754,1.62087,-5.61664,1.41434,-0.0677385,12.9323,141.923,-1.40755,24570.3,18976.6,-0.880186,1.53944,-5.7795,1.33291,-0.14917,-0.468179,123.784,-2.07936,24552.1,0.00501639,1.03029,-0.000156035,24675.9,-0.000369901,-0.0135214,9.73796,7.47758,108.407,77.6997,1.63314,16.0269,12.0252,118.504,135.43,-10.0973,-57.7306 
10,47.2611,10,10,26020.7,0.00972408,37.1936,15.6052,119.035,-0.0623601,-23.0179,6.21071e-11,-2.75402,-2.13728,-0.82653,0.51,-0.972734,140.25,163.326,-2.05662,25367.4,18941.1,-3.63714,-3.0204,-2.59277,-0.373119,-1.85585,0.774135,-33.3888,-9.34234,25170.7,-0.00132826,0.671295,-0.000684183,25137.3,-0.000402841,-0.0168072,6.10364,-5.47643,111.797,72.9212,1.69001,16.0822,11.9592,118.308,134.565,-6.51095,-61.6433 
11,47.1411,10,11,25523.9,-0.21386,38.5414,15.0142,119.172,-0.0155321,422.151,71.9043,1.24007,0.160143,1.54461,1.56767,0.642245,10.5821,194.17,-11.6262,25078.7,19051.1,1.17343,0.0935107,1.41135,1.50104,0.575613,0.703183,179.328,-12.1759,25063.8,0.00710401,1.13484,-0.000895692,25243.1,0.000802253,-0.0637867,6.85188,45.241,95.9179,108,1.67732,15.6474,12.2465,118.333,135.41,-22.4152,-27.4099 
12,47.1561,10,12,27527.2,0.00979885,40.3184,15.2532,119,-0.0616997,-8.50975,500,0.888804,-0.22356,-1.05703,1.68445,2.73895,2.49659,251.124,-7.17371,26887.8,20036.9,0.873084,-0.239281,-1.08847,1.66873,2.72323,1.27645,247.622,-7.3034,26884.3,0.00912661,1.05442,-0.000500678,27131.9,-0.000366676,-0.0143368,-7.94607,6.78426,108.332,79.8884,1.83939,15.6864,11.895,118.26,135.832,-9.9285,-55.9438 
13,46.9311,8.5,13,21468.3,-0.0307996,33.6807,14.1302,119.214,-0.0902895,112.376,500,0.210039,-3.63051,-2.35493,-0.915286,-0.31342,49.4451,587.262,5.67257,20366.4,15822.9,-0.101303,-3.94185,-2.97762,-1.22663,-0.624763,0.664386,517.91,3.10399,20297.1,0.0248816,0.989621,0.00028163,20815,-0.000205685,0.0350104,11.1584,20.3916,125.293,95.1586,1.45938,14.5782,12.1262,118.464,135.832,6.8287,-40.6738 
14,47.2161,10,14,25308.3,-0.127522,37.7917,14.9291,118.905,0.127987,145.955,174.401,-1.20072,-0.748745,6.03519,-3.13883,0.307475,-1.99847,153.929,-13.7577,24555,18974.6,-1.18814,-0.736161,6.06036,-3.12625,0.320059,-3.5571,156.732,-13.6538,24557.8,0.00634172,1.17987,-0.00102524,24714.5,0.00097471,-0.070108,-6.54279,-43.1051,96.2841,108,1.73664,15.4255,11.8106,118.01,135.553,-21.7258,-27.5529 
15,47.0511,10,15,24224.9,-0.00108772,36.4022,14.8832,119.299,-0.0187002,-31.2621,500,-0.95287,1.7314,0.840002,-0.920252,-2.53282,0.642467,253.839,-0.787061,23526.4,17655.8,-0.956915,1.72736,0.831911,-0.924297,-2.53686,1.44755,252.938,-0.820436,23525.5,0.0106373,1.00571,-6.42464e-05,23778.4,-0.000823658,0.00708295,60.7975,-16.7369,125.259,80.5313,1.64904,15.2615,11.9759,118.606,135.69,6.65324,-55.1586 
16,47.0811,10,16,25186,-0.0264532,38.5166,14.4664,118.865,-0.0124832,9.5507,500,1.39702,-1.40415,4.1351,3.36352,-1.99314,64.2107,379.778,2.43801,24280.6,18142.5,0.992705,-1.80847,3.32647,2.9592,-2.39746,-0.0826783,289.716,-0.897615,24190.5,0.0118347,1.00545,-6.83579e-05,24480.2,-0.000597105,0.0084895,55.6261,17.8674,124.856,81.0361,1.75852,14.8555,11.8181,118.225,135.42,6.63068,-54.3843 
17,47.0361,10,17,28115.1,-0.143787,43.7878,14.3192,118.966,-0.00690749,8.78485,363.315,-0.838099,-0.172068,1.33911,-2.21362,-3.29282,5.29789,314.535,1.34727,27292.9,20413.1,-0.871458,-0.205428,1.27239,-2.24698,-3.32618,1.23661,307.104,1.07206,27285.5,0.01113,0.993928,7.23719e-05,27592.6,-0.000938503,0.0409367,5.2398,68.803,130.782,108,1.95869,14.6051,11.9973,118.168,135.405,12.6146,-27.4052 
18,46.9011,4,18,24275,0.0012996,36.8005,14.7405,118.933,-0.00891489,-30.2348,5.57114e-11,-0.354423,0.143725,-0.382273,0.504713,-0.467904,6.49349,437.376,-5.37351,23447.8,17667.6,-0.395311,0.102838,-0.464048,0.463826,-0.508792,0.421016,428.268,-5.71084,23438.7,0.017944,1.02389,-0.00044903,23867,-0.000553126,0.0347942,10.9284,19.9572,124.813,96.8513,1.62059,15.1904,12.088,118.193,135.419,6.6204,-38.5679 
19,46.8561,2.05,19,25946.2,-0.0235865,39.5362,14.5903,119.119,-0.0563556,-25.1821,500,-3.66421,4.3534,-3.40997,-2.24228,0.604324,-10.3482,767.053,1.92803,24665.7,18824.4,-3.59905,4.41856,-3.27965,-2.17712,0.669484,0.173429,781.567,2.4656,24680.3,0.0306956,0.99451,0.000183995,25461.8,-0.000599214,0.0462864,11.7433,22.2395,124.505,93.7307,1.76576,15.0514,11.8223,118.389,135.459,6.11604,-41.7286 
20,47.1711,10,20,26355.5,0.0119509,38.7439,15.1031,119.036,-0.0556858,11.6577,5.34452e-12,-4.23224,1.86371,-0.15876,-1.40013,1.95404,-84.8872,191.209,-14.9527,25640.6,19069.8,-3.69773,2.39823,0.910263,-0.865623,2.48856,0.262164,310.272,-10.543,25759.6,0.0119015,1.06322,-0.000754515,26069.9,-0.00027439,-0.0203891,-8.47261,4.96672,108.302,78.404,1.77121,15.5554,11.8923,118.305,136.082,-10.0026,-57.6778 
21,46.9911,10,21,24241.1,-0.0799089,36.6446,14.7249,119.2,0.00185625,18.4434,500,-1.83015,0.306174,-1.3562,-2.38161,-1.18629,-39.0988,319.36,-8.51901,23329.3,17566.5,-1.58396,0.552368,-0.863813,-2.13542,-0.940096,0.826227,374.2,-6.4879,23384.2,0.0157502,1.03129,-0.000511351,23758.4,3.28802,-3.29025,3418.25,3693.29,115.018,81.3315,1.62753,15.1433,12.1084,118.473,136.374,-3.45516,-55.0423 
22,47.3061,10,22,22266.5,-0.0784077,32.7556,15.0372,118.815,0.0647428,11.0811,15.4709,-4.15683,-2.79163,2.44009,3.05407,2.78235,-59.3339,249.448,-0.921145,21453.7,16057.6,-3.78322,-2.41802,3.18731,3.42768,3.15596,0.107123,332.67,2.16114,21536.9,0.0152115,0.988759,0.000184814,21869.5,-5.75136e-05,-0.0132835,8.50083,5.95248,113.437,77.4216,1.54992,15.3728,11.5144,118.058,135.739,-4.62071,-58.3177 
23,47.0961,10,23,22647,-0.0179856,34.5761,14.5458,119.124,-0.0143644,-13.9815,500,-2.67684,-3.47806,3.80182,1.10925,-0.452346,-107.673,325.483,8.13472,21815.6,16378.9,-1.99885,-2.80007,5.1578,1.78724,0.225644,-1.17467,476.505,13.7281,21966.6,0.0212317,0.952002,0.00114991,22443.1,-8.46051e-05,0.315242,-0.507552,-0.026662,108.544,76.5345,1.53576,14.9586,12.1324,118.336,135.583,-9.79166,-59.0489 
24,46.64,10,24,27533.8,0.00643935,40.4901,15.1171,118.579,-0.044218,-8.96205,3.13694e-11,0.290879,0.459625,1.72985,1.15715,-2.40342,-124.334,75.4675,-19.085,26965.1,19938.6,1.07377,1.24252,3.29564,1.94005,-1.62052,0.44438,249.858,-12.6261,27139.5,0.00912242,1.09701,-0.000857738,27389.4,-0.000311935,-0.0193991,-10.73,7.40657,112.339,75.8448,1.84559,15.4792,12.0169,117.874,134.415,-5.53459,-58.5699 
25,47.2311,10,25,26009,0.0435488,37.9375,15.2419,118.762,-0.0562906,-7.38734,9.69629e-11,-3.07999,-1.04163,1.22642,-1.54902,-1.03587,-98.2421,181.918,-14.7303,25399.8,18837.2,-2.46138,-0.42303,2.46363,-0.930421,-0.41727,2.39309,319.712,-9.62679,25537.6,0.0123645,1.05563,-0.000694893,25857.3,-0.000326408,-0.0185639,7.82584,7.38679,109.787,77.8313,1.73556,15.6254,11.9601,118.099,135.461,-8.3119,-57.6299 
26,47.0061,10,26,24845.7,-0.040682,37.2324,14.8936,118.793,0.0564122,-72.8042,500,-3.10308,-2.43352,-2.77615,0.622836,-1.36437,-9.41519,307.095,-2.96972,24002,18185.3,-3.0438,-2.37423,-2.65758,0.682121,-1.30508,0.694481,320.3,-2.48062,24015.2,0.0131618,1.01374,-0.000190314,24335.5,-9.32194e-05,-0.04185,5.36287,0.00981689,114.732,73.5982,1.69185,15.2193,11.8755,118.129,135.003,-3.39694,-61.4051 
27,47.2911,10,27,30034.5,-0.113217,52.2263,12.7375,118.959,-0.0512197,-33.2605,111.442,2.01761,2.01831,-5.27542,0.192118,-0.648943,-60.1767,108.86,-13.3131,29445.8,21711,2.39652,2.39723,-4.51759,0.571035,-0.270026,8.82712,193.264,-10.187,29530.2,0.00650208,1.10162,-0.000635876,29723.4,-0.000167403,-0.016754,9.49176,9.01717,113.222,75.5956,2.42072,13.0495,11.7711,118.427,136.138,-5.205,-60.5428 
28,47.3361,10,28,30502.8,-0.0203779,49.6063,13.5733,118.933,0.0310784,82.3442,1.77615e-11,0.138894,-3.53433,-1.78431,-0.288173,2.42872,-14.7206,131.573,-9.43457,29980.9,22002.1,0.231586,-3.44164,-1.59892,-0.195482,2.52141,0.356065,152.22,-8.66986,30001.5,0.00504812,1.11071,-0.000532616,30153.8,-0.000300118,-0.0185547,10.1258,7.19751,113.217,76.2425,2.27385,13.9633,11.9473,118.344,135.193,-5.12685,-58.9505 
29,46.8711,2.5,29,30246.1,0.00368955,48.2927,13.8191,118.962,-0.00402574,-27.3884,1.54177e-10,1.65591,-0.360777,2.56638,-1.38535,-0.532817,-99.7725,504.06,4.03341,29201.5,21728.4,2.28415,0.267464,3.82286,-0.757105,0.0954241,0.330824,644.001,9.2164,29341.5,0.0214771,0.975567,0.000578286,29985.5,-0.000548389,0.0441525,10.5179,18.3173,124.959,94.3069,2.15039,14.2663,12.0534,118.329,134.959,6.63,-40.6522 
30,47.3211,10,30,28972.7,-0.0196777,45.286,14.1579,118.756,-0.034383,-24.2292,499.978,-2.15196,-1.07026,0.282015,3.76759,1.6219,-35.4232,151.081,-11.9131,28339,20898.8,-1.92891,-0.847206,0.728116,3.99064,1.84495,0.807763,200.765,-10.0729,28388.7,0.00702236,1.09625,-0.000654046,28589.4,-0.000216703,-0.0162983,9.783,7.24501,112.713,75.4995,2.06664,14.5566,11.941,118.195,135.306,-5.48245,-59.8066 
31,46.9611,10,31,25188.7,-0.151557,40.5836,13.9052,118.702,-0.0698129,182.446,21.6101,-0.50633,0.0417223,4.15519,0.280539,0.114441,-93.9154,396.157,2.4957,24405.2,18785.2,0.0850309,0.633083,5.33791,0.8719,0.705801,0.300746,527.883,7.37443,24536.9,0.0210607,0.976136,0.000553327,25064.8,-0.00048905,0.0356162,10.9822,18.3752,125.578,95.8587,1.77024,14.2183,12.2483,118.073,134.906,7.50422,-39.0477 
32,47.2011,10,32,29927.5,-0.0142479,48.1392,13.7526,118.947,0.00885746,-14.266,0.032671,-2.02365,2.88048,4.53344,-1.52662,0.0607944,-15.7967,220.131,-3.80446,29285.7,21555.6,-1.92418,2.97995,4.73238,-1.42715,0.160262,-0.0466955,242.288,-2.98385,29307.9,0.00819919,1.02203,-0.000187581,29550.2,-0.000182723,-0.0167666,7.64637,7.93412,112.718,74.8223,2.14743,14.1484,12.1887,118.41,135.563,-5.69129,-60.7404 
33,47.1261,10,33,22969.5,-0.058921,34.9841,14.5935,118.387,-0.0360395,117.268,8.94176e-08,-3.92685,0.358859,0.231273,-1.69726,-0.961198,-9.51185,322.012,-23.0572,22335,16757.3,-3.86696,0.418752,0.35106,-1.63737,-0.901305,1.06229,335.353,-22.563,22348.3,0.0147839,1.13346,-0.00186327,22683.7,-0.00020432,-0.0182711,-7.10777,3.32947,113.938,74.9827,1.58253,14.9101,12.0683,117.783,135.144,-3.84523,-60.1613 
34,47.0661,10,34,26867,-0.0432611,43.7284,13.5713,118.799,0.055377,-25.9871,500,-2.63149,-1.53011,1.23723,-3.21918,0.399038,-42.5493,292.28,-14.3085,26163.6,19365.7,-2.36357,-1.26219,1.77307,-2.95126,0.66696,1.42859,351.96,-12.0981,26223.3,0.0132439,1.064,-0.000850577,26575.3,-0.000720813,0.0322878,-5.7673,-78.4929,129.878,108,1.98017,13.7728,11.931,118.06,135.856,11.8178,-27.8559 
35,47.1111,10,35,27387.3,-0.131025,41.702,14.6216,118.533,0.0097754,54.9506,296.842,-1.02131,-1.20488,0.704164,1.42899,1.84465,-8.29657,329.132,-12.3521,26556.6,19866.9,-0.96907,-1.15263,0.808647,1.48123,1.89689,0.608415,340.769,-11.9211,26568.3,0.0126637,1.06521,-0.000827234,26909,-0.000331634,0.0178967,-17.2983,-8.40407,88.3605,63.2461,1.84904,15.0176,12.1591,117.968,134.831,-29.6075,-71.5848 
36,46.54,10,36,30795.2,-0.131778,61.8644,11.0542,119.092,-0.0331421,-68.6046,499.792,3.2043,-2.40651,-5.50892,2.86423,-2.03455,-31.3995,96.1715,-11.4061,30309.5,22336,3.40202,-2.20879,-5.11349,3.06195,-1.83684,-0.89729,140.212,-9.77491,30353.6,0.00459806,1.13895,-0.000593574,30493.8,-0.000351201,-0.0233393,8.13012,10.0611,113.284,77.2613,2.88023,11.3425,11.7599,118.728,135.345,-5.44412,-58.084 
37,47.2461,10,37,24539,0.0197448,39.2629,13.7407,118.65,-0.0318258,-20.6562,500,0.157283,-0.866707,-3.11334,1.05993,-0.338619,-40.1291,73.0293,-15.3344,24146,17584,0.409965,-0.614024,-2.60797,1.31261,-0.0859369,-0.645039,129.314,-13.2498,24202.3,0.00531466,1.21848,-0.0010095,24331.6,-0.000260987,-0.018539,9.79751,8.54718,112.707,76.8279,2.01144,14.0332,10.8373,118.159,135.651,-5.45208,-58.8234 
38,46.9461,10,38,21415.1,-0.0537697,33.4367,14.1609,118.718,0.0426623,-0.0324696,500,-0.482771,0.345255,2.46598,0.992853,0.0865905,35.4314,612.598,11.488,20255.7,15413.8,-0.705873,0.122153,2.01977,0.769751,-0.136511,0.0239312,562.902,9.64738,20206,0.0271031,0.970881,0.000878742,20768.9,-0.000189832,0.0359798,11.2676,22.0559,124.328,93.6634,1.43819,14.596,12.2018,117.986,135.249,6.34214,-41.586 
39,47.0211,10,39,28679.7,-0.164544,43.2222,14.8448,118.961,-0.123758,154.485,497.614,-0.830886,-0.591036,-2.63832,-1.05672,-1.65052,-110.259,309.095,1.20008,27876.3,21509.4,-0.136611,0.103238,-1.24977,-0.362447,-0.956242,0.519657,463.745,6.92784,28031,0.0162748,0.974523,0.000455069,28494.7,-0.000859215,0.00858144,-68.2413,-15.2718,117.19,81.9011,1.92959,15.212,12.0907,118.31,135.996,-1.12029,-54.0954 
40,46.8861,3.5,40,28040.2,-0.165816,43.4648,14.4457,118.773,-0.0200609,-3.81659,12.0842,-0.366788,-1.21296,-4.42241,2.60836,0.771942,-20.8765,515.303,-13.2647,27232.6,20442,-0.235334,-1.0815,-4.15951,2.73981,0.903396,-1.26906,544.585,-12.1802,27261.9,0.0195848,1.04074,-0.000823703,27806.5,-0.000651401,0.0432772,10.5108,17.1103,124.804,98.7417,1.96442,14.7811,11.8771,118.126,136.042,6.67885,-37.3005 
41,46.9761,10,41,26620.8,-0.0158374,42.9821,13.7617,118.874,-0.0322102,7.82938,500,0.471373,-0.0206514,-3.3,1.27976,-0.527026,-77.2319,440.938,9.85315,25818.4,19263.7,0.957681,0.465657,-2.32738,1.76606,-0.0407176,3.83375,549.263,13.8652,25926.7,0.0207457,0.957693,0.000984159,26476,-6.14945e-05,-0.0154358,28.1442,-0.035951,134.613,80.4507,1.86757,14.1743,12.3563,118.201,135.84,16.412,-55.3888 
42,47.1861,10,42,26272.6,-0.185836,42.6999,13.8584,118.696,0.145945,-19.0758,288.828,-2.21256,-5.07659,1.34488,-1.94879,-0.0429023,26.0021,215.03,-7.72862,26005.2,19354.2,-2.37629,-5.24032,1.01742,-2.11252,-0.206631,1.11408,178.56,-9.07938,25968.7,0.00682899,1.09768,-0.000644465,26147.3,-0.00117617,0.0342361,4.80505,-67.1328,131.086,108,1.94825,14.0676,11.9495,118.025,136.5,13.0614,-28.4997 
43,46.9161,7,43,26137.4,-0.19085,42.519,13.8617,118.776,2.06204,-395.406,148.603,-2.13812,-1.65527,-1.08372,2.28993,-1.9284,29.796,522.999,-11.9211,25328,45728.6,-2.32574,-1.84288,-1.45895,2.10232,-2.11602,0.741379,481.208,-13.469,25286.2,0.0186751,1.05151,-0.000982184,25767.4,-0.000653011,0.0443347,9.5938,19.623,124.872,96.6307,1.89346,14.163,11.9713,118.069,135.46,6.80283,-38.829 
44,46.8411,1.5,44,29205.2,-0.0167522,51.8605,12.2969,119.573,0.0179974,-12.7136,3.138e-07,-3.34028,-4.04236,-6.27967,-1.50131,-2.20275,58.1342,8820.19,43.0243,19550.9,20767.4,-3.70633,-4.40842,-7.01178,-1.86737,-2.5688,0.641574,8738.65,40.0043,19469.4,0.309793,0.992052,0.00377076,28208,0.000389241,0.815501,11.9779,11.1681,120.651,85.6285,1.60326,12.6218,12.0289,118.368,135.526,2.28238,-49.8977 
45,47.2761,10,45,24320.3,-0.11923,39.9385,13.5741,118.514,-0.0265697,70.3539,0.174322,0.681202,-0.452185,-2.23709,0.639994,-2.85294,55.3945,122.057,-14.8411,23799,17708.9,0.332398,-0.800989,-2.9347,0.29119,-3.20174,0.535196,44.361,-17.7187,23721.3,0.0018666,3.32213,-0.00137786,23765.7,-0.000198864,-0.0140716,7.65351,9.96731,112.28,76.5445,1.84677,13.8508,11.8018,117.991,135.632,-5.7114,-59.0877 
46,47.2611,10,46,27724.4,-0.042337,55.5145,11.0949,118.985,0.00728353,-21.6568,500,0.0838564,-0.455933,-2.19159,0.783226,-4.20782,-18.3336,132.276,-11.8972,27282.5,20055.6,0.199298,-0.340491,-1.96071,0.898667,-4.09238,0.629749,157.991,-10.9448,27308.2,0.00575219,1.13796,-0.000738843,27466.2,0.000458474,-0.0630911,-11.1916,17.1921,94.6075,108,2.54768,11.4065,11.8904,118.611,135.495,-24.0035,-27.4954 
47,47.1411,10,47,28673.5,-0.164618,47.414,13.5297,118.635,0.06706,120.786,250.167,0.678693,-2.60247,0.632291,-3.01761,-0.93689,96.6518,258.915,-5.35511,28186.2,21146.6,0.0701021,-3.21106,-0.584891,-3.6262,-1.54548,0.934264,123.351,-10.376,28050.6,0.00437819,1.17262,-0.000681863,28174,-0.000421655,-0.0175551,-5.19537,7.60614,111.96,76.4876,2.16474,13.8626,11.9277,118.148,135.665,-6.18759,-59.1773 
48,47.1561,10,48,27117.3,-0.0866312,46.1567,13.0503,118.654,0.0369374,30.3621,3.32281,-1.66728,0.84476,-1.32923,1.91435,-3.04102,0.336722,162.028,-13.9927,26578,19645.2,-1.6694,0.84264,-1.33347,1.91223,-3.04315,0.594831,161.555,-14.0102,26577.5,0.00604192,1.17891,-0.000971997,26739.1,-0.000207068,-0.0194652,9.09794,8.00049,113.67,76.6213,2.13748,13.4007,11.7522,118.145,135.596,-4.47439,-58.9746 
49,46.9311,8.5,49,23114.3,-0.0238865,39.1647,13.1204,118.782,0.0141364,5.32323,500,0.434286,-3.86885,0.511413,-0.152921,-0.744075,-28.0213,561.875,-0.277049,21951.3,16730.2,0.610728,-3.69241,0.864299,0.0235216,-0.567633,1.31298,601.178,1.1786,21990.6,0.0266104,0.996581,9.87192e-05,22591.8,-0.000159565,0.038481,10.3118,20.5012,125.064,93.3744,1.68614,13.5394,12.1487,118.195,135.474,6.86886,-42.0995 
50,47.2161,10,50,28056.6,-0.164738,46.8349,13.4112,118.754,-0.00594523,54.7634,491.557,-1.92259,1.69029,-0.686011,0.136762,0.291376,7.75735,187.539,-11.2504,27499.8,20457.8,-1.97144,1.64145,-0.783703,0.0879161,0.24253,-0.000574888,176.659,-11.6534,27488.9,0.00638551,1.13051,-0.000781537,27665.6,-0.000250637,-0.0197117,8.12386,7.85653,113.57,77.4396,2.11703,13.6649,12.0493,118.252,135.987,-4.68115,-58.547 
51,47.0511,10,51,27239.9,-0.0258855,47.2801,12.695,118.859,-0.0461973,4.66352,500,-4.5664,-0.977073,1.93225,0.350404,-1.22547,-38.2506,290.706,-12.22,26446.4,19546.1,-4.32555,-0.736219,2.41395,0.591258,-0.984612,1.79376,344.356,-10.233,26500,0.0128279,1.05486,-0.000711834,26844.4,1.82813e-05,-0.000505969,56.4054,0.128083,107.117,81.9172,2.14027,12.9735,12.0137,118.357,135.922,-11.2396,-54.005 
52,47.0811,10,52,24578,-0.0286639,43.1209,12.5458,118.61,0.0014186,22.9459,500,-0.54113,-2.19789,3.74728,-1.40376,-0.534645,-41.5076,262.896,-16.7669,23894.8,17612,-0.279767,-1.93652,4.27,-1.14239,-0.273283,-5.69246,321.114,-14.6106,23953.1,0.0132286,1.08651,-0.00112489,24274.2,-0.000801537,0.0211803,8.38388,89.3619,127.479,108,1.95609,12.8277,11.8694,117.958,136.172,9.52057,-28.1718 
53,47.0361,10,53,28212.1,-0.101255,54.3236,11.4921,119.126,-0.00333343,0.134105,498.802,-0.341203,-2.45219,1.53196,-0.261361,-1.14639,18.7871,340.732,-8.52228,27312.8,20322.8,-0.459501,-2.57049,1.29536,-0.379659,-1.26469,1.38336,314.381,-9.49823,27286.5,0.0113903,1.05582,-0.000641636,27600.8,0.000128993,-0.0137759,-7.99429,7.0166,108.553,78.3663,2.42581,11.7709,12.0727,118.707,136.303,-10.1545,-57.9372 
54,46.9011,4,54,28036.9,-0.061387,52.2763,11.8692,118.939,-0.00274521,-3.98548,500,-5.41251,1.05597,-4.24102,2.975,-1.68675,-117.172,297.585,-9.29311,27409.7,20199,-4.67471,1.79377,-2.76541,3.7128,-0.948949,0.0406188,461.93,-3.20624,27574.1,0.0164763,1.0123,-0.000214241,28036,-0.000517388,0.0377269,-10.384,17.0169,126.697,98.3429,2.32134,12.1761,12.1745,118.418,135.547,8.27885,-37.2045 
55,46.8561,2.05,55,28977.3,-0.11879,54.2973,11.8404,118.952,-0.053278,189.688,500,0.445748,-1.96488,-6.47102,-3.43477,-2.48728,-199.066,571.463,-12.7055,27977.4,21257.6,1.69921,-0.711416,-3.96409,-2.1813,-1.23381,0.379778,850.673,-2.36441,28256.6,0.0292254,1.00489,-0.000154164,29107.3,-0.000377928,0.0523486,-9.77197,17.9673,124.32,93.6325,2.42074,12.1729,11.9174,118.443,135.596,5.87734,-41.9633 
56,47.1711,10,56,28562.7,0.036088,49.8706,12.6547,118.797,-0.0193271,-42.6488,6.27299e-11,1.55461,-2.49008,-2.46075,1.2083,0.407225,-130.552,152.732,-9.20581,28070.3,20571.1,2.37666,-1.66803,-0.816651,2.03035,1.22927,1.25912,335.843,-2.42391,28253.4,0.0117472,1.01279,-0.000158063,28589.2,-0.000207133,-0.0185933,8.15902,9.01503,112.438,78.5191,2.26227,13.0071,12.04,118.286,135.635,-5.84773,-57.1161 
57,46.9911,10,57,28338.3,-0.108812,58.2763,10.7744,118.814,-0.0329659,13.912,367.297,-0.0256359,-0.954937,0.785995,-0.545869,-1.95714,-120.956,116.433,-9.5664,27678.5,20454.8,0.735993,-0.193308,2.30925,0.21576,-1.19551,-0.233452,286.085,-3.28296,27848.2,0.0101686,1.02049,-0.000217209,28134.3,-3.14748e-05,-0.0161738,8.9215,6.77858,112.221,74.8639,2.62226,11.026,12.0604,118.451,135.913,-6.23018,-61.0491 
58,47.3061,10,58,27124.4,0.0170421,44.6615,13.3498,118.531,-0.0764095,5.32795,500,-1.01389,1.62777,4.40446,2.9992,-3.95957,-99.1228,135.993,-1.20013,26343.6,19422.3,-0.389745,2.25192,5.65276,3.62335,-3.33542,0.275553,275.023,3.94911,26482.6,0.0102783,0.975487,0.000274621,26757.7,-4.85821e-06,-0.0137554,6.46623,10.0342,111.069,79.5918,2.0688,13.704,11.7588,117.982,136.129,-6.91306,-56.5372 
59,47.0961,10,59,29749.5,-0.0278234,61.901,10.6365,118.987,-0.0889956,-52.9718,500,-0.772626,-3.1406,-2.72028,0.890659,0.564983,-149.694,97.0921,-2.53281,29151,21586.8,0.169958,-2.19802,-0.835117,1.83324,1.50757,2.74844,307.053,5.2435,29361,0.0103496,0.970983,0.000328869,29668,-0.000519221,0.0053975,128.824,8.81041,120.601,92.8315,2.83157,10.8922,11.9117,118.604,135.978,1.99693,-43.1461 
60,46.64,10,60,30670.7,0.0154309,53.6926,12.5418,118.82,-0.00305893,1.52187,2.51257e-12,-1.79786,-4.01579,-0.65965,-0.0958304,-1.1071,-129.843,103.605,-9.79909,30112.5,21921.5,-0.980278,-3.1982,0.975523,0.721756,-0.289513,1.35208,285.722,-3.054,30294.7,0.00934331,1.01906,-0.000185737,30580.4,0.000719588,-0.0621681,10.6543,-23.5538,94.7445,108,2.47471,12.9496,11.904,118.348,135.916,-23.6035,-27.9158 
61,47.2311,10,61,23844.4,0.0565106,41.8105,12.4283,118.771,-0.0487517,-23.0939,1.52026e-12,3.94378,0.330609,2.21801,-1.1735,-2.3283,-87.1272,133.056,0.359128,23102.4,16952.5,4.4924,0.879226,3.31524,-0.62488,-1.77968,0.472289,255.26,4.88522,23224.6,0.0108715,0.967594,0.000387331,23479.8,0.000235643,-0.0132901,9.16929,7.18655,113.041,76.7271,1.8674,12.7856,12.1392,118.284,136.028,-5.24297,-59.3012 
62,47.0061,10,62,27500.9,-0.0023086,52.7733,11.4364,118.719,-0.065894,-15.8213,500,-1.22749,-3.45017,0.829125,-0.567926,-2.87144,-18.3635,227.799,-13.1887,26875.3,19681,-1.11186,-3.33454,1.06039,-0.452296,-2.75581,1.16081,253.556,-12.2347,26901.1,0.00933748,1.09223,-0.0008385,27154.7,9.30785e-06,-0.0208529,-7.50283,-7.0695,114.6,73.1745,2.39624,11.7779,11.9762,118.295,135.295,-3.69525,-62.1203 
63,47.2911,10,63,27303.1,-0.0127159,48.4337,12.4823,119.027,-0.064078,-1.95038,500,-1.31548,-1.9073,-0.0750931,-0.730942,-0.635098,-46.7869,197.46,0.480266,26541.9,19684.7,-1.02087,-1.6127,0.514116,-0.436338,-0.340493,1.17751,263.083,2.91075,26607.5,0.00979076,0.981006,0.000201479,26870.6,0.000868579,-0.0547527,10.6927,22.6584,94.2524,108,2.15349,12.9197,12.0696,118.449,135.879,-24.1963,-27.879 
64,47.3361,10,64,28314.8,-0.0166294,56.7865,10.9253,119.005,0.0119511,-40.292,500,-3.45395,0.599224,1.08789,0.244392,1.08951,-134.319,90.2639,-19.0568,27645.5,20212,-2.60818,1.445,2.77943,1.09016,1.93528,0.401204,278.66,-12.0792,27833.9,0.00991226,1.08208,-0.000800065,28112.6,6.3456e-05,-0.0223142,-8.43056,9.55726,113.443,79.1286,2.64977,11.1885,11.7353,118.638,136.324,-5.19548,-57.1954 
65,46.8711,2.5,65,30385.3,-0.0409766,56.7429,11.7289,118.672,-0.0343319,21.2644,500,-0.239929,-1.14971,4.32759,3.13102,-4.22254,13.4492,288.847,-0.413484,29435.6,21689,-0.324615,-1.2344,4.15822,3.04633,-4.30723,-2.10708,269.983,-1.11214,29416.8,0.00909438,1.00726,-6.96482e-05,29686.8,0.000444225,-0.0189062,-3.40196,57.7923,139.179,108,2.57776,12.0339,11.9243,118.238,136.1,20.9413,-28.1006 
67,46.9611,10,67,28777.8,0.0267952,59.9308,10.6434,118.828,-0.0600623,-62.278,4.79674e-11,0.569154,-0.64598,3.34973,0.366937,0.454148,5.80004,192.727,-17.3194,28067.5,20886.5,0.532632,-0.682502,3.27668,0.330415,0.417627,0.154373,184.592,-17.6207,28059.3,0.00653562,1.20055,-0.00115815,28243.9,-4.35123e-05,-0.0217096,-6.75072,8.00861,111.812,75.7262,2.70961,10.9446,11.9523,118.477,136.459,-6.6647,-60.7327 
68,47.2011,10,68,28784.2,0.0452209,57.7279,11.04,118.857,0.0121913,-46.1042,2.23614e-11,-0.412354,3.19557,1.84714,2.16961,0.3746,-90.2478,101.463,-5.00692,28442,20765,0.155913,3.76383,2.98367,2.73788,0.942866,0.7181,228.044,-0.318727,28568.6,0.00791914,1.00245,-2.0552e-05,28796.6,-0.000315314,-0.0240323,8.20611,8.44798,115.115,75.363,2.64942,11.3373,11.945,118.525,135.856,-3.41019,-60.4929 
69,47.1261,10,69,28816.4,-0.234123,58.004,11.0503,118.773,2.44135,-499.276,5.47858e-11,-1.09653,0.311936,3.22367,1.50518,-3.66207,12.5535,157.418,1.54959,28215.1,60544.9,-1.17558,0.23289,3.06557,1.42614,-3.74112,16.9587,139.81,0.897458,28197.5,0.00493379,0.988891,5.86263e-05,28337.3,-8.19195e-06,-0.0213922,7.88937,8.42674,114.643,74.2029,2.57336,11.2934,12.2043,118.444,136.04,-3.8006,-61.8368 
70,47.0661,10,70,25130.6,-0.0105926,49.1395,11.1331,118.63,-0.0657626,55.7888,0.00460648,1.87988,-0.0697058,-0.262704,0.289794,-3.17729,-19.6541,275.055,-13.8619,24227.3,17928.6,2.00364,0.0540511,-0.0151902,0.41355,-3.05354,0.974576,302.622,-12.8409,24254.8,0.012323,1.08021,-0.000976192,24557.4,0.000461033,-0.0183016,-4.79201,9.9318,111.463,76.6915,2.24137,11.403,11.8336,118.222,135.975,-6.759,-59.2835 
71,47.1111,10,71,25739.7,-0.00530971,53.0266,10.7169,118.707,-0.0335277,-3.13941,500,1.41931,1.66654,0.0705837,-1.35939,-1.65452,-69.9206,172.703,-5.25092,25090.8,18502.8,1.85958,2.10682,0.951127,-0.919119,-1.21425,0.658379,270.773,-1.61868,25188.9,0.0106354,1.01057,-0.000118391,25459.6,8.47597e-05,-0.0215962,7.8027,9.69788,113.661,74.9542,2.40017,10.9646,12.0037,118.348,136.332,-4.68724,-61.3782 
72,46.54,10,72,26809.7,-0.0153053,53.5626,11.0378,118.887,-0.12108,47.5711,500,-0.921819,-0.401692,6.54089,3.11177,-1.15383,42.4723,127.58,-11.265,26166.9,19433.4,-1.18926,-0.669129,6.00602,2.84433,-1.42127,-0.0781446,68.008,-13.4714,26107.4,0.00259817,1.53057,-0.00095143,26175.4,0.000161581,-0.0185242,8.20167,9.25757,113.778,77.7842,2.43936,11.2929,11.8964,118.531,136.075,-4.75283,-58.2912 
73,47.2461,10,73,27468.7,-0.00626799,54.9218,11.0853,118.864,-0.101861,76.2936,2.14039e-11,-1.90141,3.93814,2.92526,0.370814,-1.84703,-100.963,109.798,-20.5019,26951.6,20072.2,-1.26567,4.57387,4.19673,1.00655,-1.21129,0.42512,251.408,-15.257,27093.2,0.00919406,1.11882,-0.00103842,27344.6,-8.19265e-05,-0.021283,-8.53001,8.25011,115.025,75.6837,2.45434,11.3803,12.1468,118.473,135.218,-3.44798,-59.5339 
74,46.9461,10,74,26334.9,-0.140403,54.8362,10.722,118.8,0.0737828,-17.9017,213.204,4.25027,3.28727,3.94338,-0.817658,3.03297,0.263187,346.047,-2.82276,25684.9,19182.9,4.24861,3.28562,3.94006,-0.819315,3.03131,0.712116,345.678,-2.83643,25684.6,0.0132798,1.01457,-0.000203471,26030.3,-0.000617731,0.0524447,-3.50788,71.8441,126.54,108,2.42874,10.8686,12.0668,118.3,136.626,8.23952,-28.6263 
75,47.0211,10,75,29567.8,-0.0705783,58.9451,11.0943,118.991,-0.0443478,-31.8654,500,1.28276,-0.913984,0.772508,1.38169,-0.0859652,-51.9022,278.848,1.60501,28869,21334.4,1.60957,-0.587169,1.42614,1.70851,0.240849,0.675723,351.646,4.30123,28941.8,0.0120042,0.979043,0.000273692,29293.5,-0.000502621,0.0473274,-9.77835,-11.966,127.748,101.599,2.67274,11.372,11.9691,118.637,135.625,9.11029,-34.0258 
76,46.8861,3.5,76,30258.7,-0.133602,62.2936,10.7943,118.738,-0.156682,288.934,157.557,-1.0357,2.73535,3.31107,1.45684,-1.19358,33.2031,261.662,-2.51457,29660.9,23363,-1.24477,2.52628,2.89293,1.24777,-1.40265,0.280286,215.092,-4.2394,29614.3,0.00721073,1.03572,-0.000263774,29829.4,-0.000857426,0.0101041,-101.223,-9.32409,121.524,91.9746,2.83934,11.0981,11.8967,118.393,136.354,3.13144,-44.3796 
77,46.9761,10,77,27767.4,-0.1002,55.1494,11.144,118.847,0.0495422,69.8452,63.3218,1.06047,-0.557542,-1.02545,-2.72653,-2.64092,-40.6685,292.509,-16.3571,26951.5,20119.4,1.31655,-0.301463,-0.513296,-2.47045,-2.38485,0.882096,349.551,-14.2444,27008.5,0.0127769,1.07679,-0.000972479,27358.1,-6.23315e-06,-0.0421108,9.34028,0.122572,114.668,71.9272,2.50831,11.4047,11.9043,118.405,136.525,-3.7363,-64.5978 
78,47.1861,10,78,31101.9,-0.144276,60.8172,11.3774,119.02,0.272518,-209.642,55.0053,0.637793,1.86922,2.67636,1.14655,-3.72418,-39.6049,163.954,2.63157,30618.4,24384.8,0.887174,2.1186,3.17512,1.39593,-3.4748,0.225963,219.503,4.68897,30673.9,0.00710518,0.963964,0.000281514,30893.4,-0.000281603,-0.0221255,7.91319,9.56258,113.789,76.2728,2.71496,11.7111,12.1635,118.657,137.817,-4.86778,-61.5438 
79,46.9161,7,79,28971.6,-0.0342661,58.2219,11.0011,118.87,0.0262096,-64.6754,452.05,0.609113,-1.59638,-3.1773,0.373533,1.91003,-10.1334,374.906,-0.740252,28074.6,20905.6,0.67292,-1.53258,-3.04969,0.437341,1.97383,-1.03561,389.119,-0.213839,28088.8,0.0136639,1.00096,-1.40241e-05,28478,-0.00032343,0.0437339,9.14357,16.5382,126.591,98.6518,2.61762,11.2707,11.9626,118.481,136.674,8.11053,-38.0223 
80,46.8411,1.5,80,28840.8,-0.0715245,56.9543,11.139,119.14,0.026237,40.544,24.1031,-1.4178,3.17188,1.32294,1.03955,-1.61892,141.018,8452.04,45.2851,19846.3,20686.9,-2.30576,2.28393,-0.452962,0.1516,-2.50687,0.839946,8254.25,37.9595,19648.5,0.295822,0.992016,0.0035462,27902.7,0.000219351,0.913572,10.8265,10.4946,120.096,86.4201,1.82908,11.4723,11.752,118.193,136.335,1.90271,-49.9146 
81,47.2761,10,81,27248.5,-0.0172292,52.9552,11.276,118.651,-0.0553117,1.80942,500,-0.442305,-0.662103,-0.847613,-0.723079,-3.63253,-12.5108,73.164,-13.0465,26634.3,19441.5,-0.363528,-0.583326,-0.690059,-0.644302,-3.55376,0.881737,90.7117,-12.3966,26651.9,0.00339203,1.31433,-0.000857555,26742.6,2.71981e-05,-0.0227573,9.00072,10.2165,112.362,79.3044,2.44857,11.6379,11.7786,118.215,136.493,-5.85316,-57.1886 
82,47.2611,10,82,29978.6,-0.11885,60.1131,11.0568,118.889,-0.0360444,28.9179,227.884,-3.06244,1.01442,1.48141,0.112733,-0.847163,-9.89179,68.5337,-7.30932,29483.9,21670.7,-3.00015,1.0767,1.60598,0.175019,-0.784877,2.73183,82.4079,-6.79547,29497.8,0.00278592,1.16864,-0.00042455,29580.2,-0.000206327,-0.0245803,7.93583,10.3477,114.003,79.2886,2.71611,11.3408,12.0857,118.525,136.33,-4.52197,-57.0416 
83,47.1411,10,83,27986.1,-0.0242747,58.0448,10.6034,118.717,0.0201398,-105.587,500,-0.430308,-1.4889,0.277244,-2.714,0.493116,-72.2658,133.967,-4.30587,27301.4,20105,0.0247304,-1.03386,1.18732,-2.25896,0.948154,2.0483,235.327,-0.551798,27402.8,0.0085146,1.00412,-3.70951e-05,27638.1,-3.73558e-05,-0.0233057,8.21488,8.73437,112.103,77.8558,2.66021,10.8881,11.9167,118.357,136.251,-6.25362,-58.3956 
84,47.1561,10,84,26901.7,-0.130436,56.033,10.7265,118.778,-0.114738,190.572,500,1.46189,2.20567,1.65674,-1.46618,-1.23068,-24.4486,101.875,-6.04582,26404,20277.6,1.61584,2.35962,1.96463,-1.31223,-1.07673,0.446757,136.166,-4.77577,26438.3,0.00512395,1.06539,-0.000332865,26574.5,-9.5345e-05,-0.023344,7.95703,9.32798,115.299,77.5716,2.50349,10.9799,12.1047,118.412,137.608,-3.11259,-60.0363 
85,46.9311,8.5,85,25968.4,-0.0540524,53.6624,10.6652,118.705,0.0343403,-46.9753,500,1.55373,0.547,-0.434163,1.8155,0.878589,-93.9766,327.488,-11.9666,25205.2,18683.5,2.14547,1.13875,0.749329,2.40724,1.47033,0.905282,459.3,-7.08473,25337,0.0178049,1.02774,-0.000515355,25796.3,-0.000429877,0.0571427,-3.37654,59.0135,126.696,108,2.4391,10.8847,11.787,118.183,136.309,8.51296,-28.3087 
86,47.2161,10,86,29112.7,-0.0114811,61.1448,10.6116,118.858,-0.00228977,-29.4497,500,2.27873,-0.745804,2.59655,1.61369,1.31468,-33.62,97.3432,-8.56337,28527.9,21124.2,2.49043,-0.534108,3.01994,1.82539,1.52638,0.637376,144.498,-6.81688,28575.1,0.00503136,1.08999,-0.000439646,28719.6,-0.000188467,-0.0226376,8.77577,9.36045,113.629,77.486,2.74651,10.9014,12.0658,118.527,136.543,-4.89787,-59.0571 
87,47.0511,10,87,26008.6,-0.147963,54.5041,10.6739,118.745,0.434613,-784.427,405.641,-1.70195,-0.337403,1.98657,3.97223,0.607387,-16.7563,139.496,-13.7926,25381.2,30036.8,-1.59644,-0.231892,2.19759,4.07774,0.712897,0.574102,162.998,-12.9222,25404.7,0.00637517,1.16108,-0.000937871,25567.7,0.000633487,-0.0612906,-10.2455,16.0539,94.6516,108,2.47672,10.8794,11.8768,118.401,136.258,-23.7495,-28.2575 
88,47.0811,10,88,26818.7,-0.0932234,54.4702,10.8888,118.641,-0.00858868,-1.694,143.07,-3.94279,-1.17281,1.0715,-2.67464,-0.781624,-49.715,94.5844,-9.47557,26300.3,19308.3,-3.62975,-0.859763,1.69759,-2.3616,-0.468582,1.30195,164.314,-6.89297,26370,0.00619252,1.07923,-0.000481747,26534.4,-8.47603e-05,-0.0219332,-6.30495,8.98564,113.668,76.414,2.44576,11.163,12.1267,118.274,136.693,-4.60621,-60.2792 
89,47.0361,10,89,27342.3,-0.113538,54.79,11.1831,118.579,0.0768937,-32.0386,500,-0.379166,-0.278631,-0.316255,-0.970017,-2.00983,-48.1034,79.7194,3.3189,26860.3,20026.2,-0.0762718,0.0242631,0.289534,-0.667123,-1.70694,1.13552,147.189,5.81778,26927.7,0.00543637,0.935305,0.000397832,27074.9,-0.000237839,-0.0227141,-9.52905,7.59844,113.072,76.7563,2.50513,11.4111,11.8949,118.175,135.948,-5.10256,-59.192 
90,46.9011,4,90,29017.1,-0.0444064,62.1498,10.4038,118.711,0.0620048,-82.316,7.46244e-11,2.09725,2.69088,6.70066,-0.615904,-1.17917,-6.85232,37.1973,-3.14328,28520.2,21215,2.1404,2.73402,6.78696,-0.572757,-1.13602,0.318072,46.8083,-2.78732,28529.8,0.001638,1.11633,-0.000180003,28576.6,-0.000344917,-0.0230979,7.90699,8.82743,113.7,76.4703,2.82993,10.6945,11.9614,118.398,136.553,-4.69783,-60.0823 
91,46.8561,2.05,91,26696.3,-0.121196,58.1328,10.2116,118.666,0.386498,-51.7655,454.61,0.2342,-1.92619,0.980624,1.17924,-5.14159,-63.8871,206.638,-20.5825,25978.9,19975.9,0.63648,-1.52391,1.78518,1.58152,-4.73931,1.78989,296.246,-17.2637,26068.5,0.0112365,1.11356,-0.00122141,26364.7,-8.26462e-05,-0.0192078,8.67097,-6.29785,114.682,72.0239,2.70157,10.4627,11.6524,118.315,136.63,-3.63284,-64.6058 
92,47.1711,10,92,28675,-0.0160574,60.6649,10.5089,118.875,0.0183901,-35.3865,500,1.76555,0.222338,-0.369496,1.72052,-5.93844,1.75241,46.4955,1.44777,28040.8,20774.7,1.75451,0.211303,-0.391565,1.70948,-5.94947,0.853112,44.0376,1.35674,28038.4,0.00156816,0.948843,8.9129e-05,28082.4,-0.000171583,-0.0195589,8.92742,10.4604,113.263,77.5616,2.7654,10.7955,11.9121,118.526,136.546,-5.26303,-58.9849 
93,46.9911,10,93,26464.7,-0.031394,53.1703,11.059,118.735,0.000977851,-10.0909,6.29895e-12,-5.70134,-2.88365,-0.317613,0.559286,1.40618,23.391,229.114,-4.5619,25832.2,19141.9,-5.84863,-3.03094,-0.612187,0.411999,1.2589,0.921724,196.306,-5.77702,25799.4,0.00755148,1.0543,-0.000412656,25995.7,7.08975e-06,-0.0189204,-6.78795,6.51449,111.872,75.5067,2.38774,11.3672,11.9765,118.337,136.115,-6.46492,-60.6083 
94,47.3061,10,94,29411.9,-0.119979,59.6564,10.9372,118.472,-0.157665,-105.593,288.525,-0.934246,-3.10232,-0.39768,3.81735,-2.12904,-93.6098,22.6459,-8.04256,29046.9,21782.2,-0.34481,-2.51289,0.781191,4.40679,-1.5396,0.0120013,153.943,-3.17972,29178.2,0.00524826,1.0375,-0.000200785,29332.1,-0.000328417,-0.0241959,9.31235,9.39185,114.091,77.8352,2.72816,11.2065,12.0079,118.137,137.065,-4.04688,-59.2296 
95,47.0961,10,95,28460.3,0.0721858,53.8001,11.6209,118.687,-0.00939272,-21.5957,6.11761e-11,-3.88326,-1.83287,-3.42077,-1.85011,-0.60509,0.551817,274.491,0.743323,27673.7,20359.1,-3.88673,-1.83634,-3.42772,-1.85359,-0.608565,0.704837,273.717,0.714657,27672.9,0.00979428,0.995452,4.75704e-05,27946.6,3.47567e-05,-0.0134311,-7.4211,3.96614,111.19,75.3771,2.40653,11.9666,12.1084,118.277,136.943,-7.08733,-61.5663 
96,46.64,10,96,26844.4,-0.16549,57.9767,10.3817,118.363,-0.479463,717.639,201.749,-0.120984,-1.042,2.90584,-0.180815,-2.81166,78.8115,-7.3488,-9.61492,26429.6,30794.7,-0.617239,-1.53826,1.91333,-0.67707,-3.30791,1.45263,-117.89,-13.709,26319,-0.00449941,0.830908,-0.000960435,26201.1,-0.000292921,-0.0258976,7.23658,8.81174,112.647,78.6346,2.63656,10.6245,11.9484,118.031,136.447,-5.38391,-57.8121 
97,47.2311,10,97,27753.6,-0.0791155,57.2546,10.8132,118.669,0.0281092,39.6326,0.065633,0.47671,0.916528,7.18782,-1.28522,-4.35684,14.9684,71.9693,-10.8431,27366.8,20190.1,0.382458,0.822276,6.99932,-1.37948,-4.45109,-1.94896,50.9747,-11.6207,27345.8,0.00186061,1.66375,-0.000783422,27396.8,-0.000307475,-0.0230125,8.4084,9.24892,113.931,78.1309,2.61547,11.075,11.9511,118.333,136.864,-4.40173,-58.7335 
98,47.0061,10,98,26593,-0.135558,55.1875,10.7454,118.58,0.500729,-60.0375,413.485,-2.11034,-0.407537,1.48767,2.31938,1.48678,-26.0102,195.423,-4.61547,26000.2,20283.2,-1.94657,-0.243758,1.81523,2.48316,1.65056,0.517049,231.905,-3.2643,26036.6,0.00882824,1.02526,-0.000231004,26268.5,-5.02223e-05,-0.0162792,6.76586,8.09203,113.609,74.7078,2.51512,10.9214,11.9223,118.23,136.616,-4.62133,-61.908 
99,47.2911,10,99,28061.5,-0.0566318,59.3682,10.4852,118.924,0.0069139,-16.7229,500,-3.74913,-1.63178,-0.15024,5.46164,0.725371,60.4971,139.113,-4.23661,27405,20267.9,-4.13006,-2.01272,-0.912109,5.0807,0.344437,0.440338,54.2601,-7.37931,27320.2,0.00198214,1.31233,-0.000497809,27374.5,-9.61893e-05,-0.0205455,9.08043,7.99998,111.061,80.2799,2.71271,10.7341,11.9073,118.605,136.433,-7.54372,-56.1532 
100,47.3361,10,100,29348.9,-0.0213685,57.6051,11.2362,118.758,-0.0107574,-25.576,500,-1.25953,4.46154,-2.21652,0.135736,-0.157925,-96.08,49.5684,-11.0354,28906.5,21079.5,-0.654541,5.06653,-1.00654,0.740727,0.447065,1.21914,184.33,-6.04427,29041.2,0.00630715,1.06088,-0.000383539,29225.6,-0.000292485,-0.018931,0.115227,10.3716,109.599,79.8356,2.58712,11.5621,12.1599,118.372,136.705,-8.77265,-56.8696 
101,46.8711,2.5,101,30397.3,0.0128854,63.7676,10.5336,118.539,0.0317354,-58.1539,1.83483e-10,-2.54802,-0.698811,4.75959,-0.00958921,1.94343,12.8875,159.267,1.25885,29690.2,21926.2,-2.62917,-0.77996,4.59729,-0.0907381,1.86228,-0.553291,141.192,0.589371,29672.1,0.00473586,0.992748,3.6588e-05,29813.3,-0.000175,-0.0240149,7.35001,6.67573,114.293,72.8468,2.82884,10.8604,12.2429,118.218,135.585,-3.92473,-62.7386 
102,47.3211,10,102,27612.5,-0.151543,58.0012,10.6372,118.628,-0.0383332,90.4038,112.012,-1.69088,-1.22848,2.56958,-0.441312,0.838639,-13.6974,52.1616,-0.675091,27085.4,20197.2,-1.60463,-1.14223,2.74208,-0.355062,0.924889,-3.85281,71.3736,0.0364648,27104.6,0.00262635,0.999107,2.47824e-06,27176,-0.000197111,-0.0212884,8.36579,10.3422,112.969,76.7799,2.60913,10.8508,12.1144,118.228,135.696,-5.25895,-58.9165 
103,46.9611,10,103,27377.3,-0.021441,57.1318,10.5493,118.805,-0.0739037,13.9818,500,-2.4695,1.02137,-2.08263,2.0371,-2.3618,-8.59748,172.171,-13.9514,26525,19653.5,-2.41536,1.0755,-1.97436,2.09124,-2.30766,0.440793,184.23,-13.5048,26537.1,0.00689447,1.14716,-0.000938332,26721.3,1.82922e-05,-0.00132018,-0.0980998,-3.49339,99.699,70.5338,2.52245,10.8739,12.2227,118.439,135.595,-18.74,-65.0608 
104,47.2011,10,104,29347.1,-0.0228554,60.7429,10.704,118.407,-0.00152939,11.9099,500,2.41613,3.66977,3.89853,-2.25718,1.53204,-109.866,33.8827,-13.49,28968.7,21166.5,3.10793,4.36157,5.28213,-1.56539,2.22384,0.606108,187.981,-7.78264,29122.8,0.00641337,1.07811,-0.000492518,29310.8,-0.000379749,-0.0199727,8.69549,9.75212,114.017,77.0972,2.73226,11.0352,12.1592,118.074,136.398,-4.05707,-59.301 
105,47.1261,10,105,28854.5,0.00779641,59.0703,10.7676,118.43,0.0187545,-58.126,2.21613e-11,0.499595,0.851324,3.09258,0.25555,1.48808,-10.0677,226.975,2.76728,28189.7,20740.9,0.562988,0.914718,3.21936,0.318944,1.55147,0.509803,241.096,3.29027,28203.8,0.00847588,0.976675,0.000214855,28444.9,-0.000178958,-0.0177604,6.78454,7.62314,112.761,75.1183,2.70429,11.1043,11.889,118.103,135.95,-5.3423,-60.8314 
106,47.0661,10,106,30041.4,-0.132426,61.1895,10.9097,118.725,0.046712,-104.073,496.141,-2.5725,-1.3085,1.45131,-1.74461,0.938676,22.05,195.925,-9.6023,29387.7,21889.6,-2.71135,-1.44735,1.17362,-1.88345,0.799833,1.28845,164.997,-10.7478,29356.7,0.00558901,1.12866,-0.000674866,29521.7,0.000678164,-0.0592859,10.7708,18.9592,93.9229,108,2.71583,11.164,12.2314,118.402,136.547,-24.4795,-28.5473 
107,47.1111,10,107,27013.5,-0.0539113,59.6196,10.2448,118.33,0.0449859,-20.4047,500,-0.828612,-0.0235328,3.32279,-1.64477,0.897471,-46.1013,-14.1844,-10.3268,26732.8,19913.1,-0.538325,0.266755,3.90337,-1.35448,1.18776,-0.126489,50.4771,-7.93189,26797.5,0.00188011,1.3793,-0.000545549,26848,0.000107137,-0.0570138,10.7762,19.4539,94.7494,108,2.6978,10.5899,11.954,117.992,136.029,-23.2424,-28.0286 
108,46.54,10,108,26347.3,-0.120009,56.9064,10.2961,118.701,0.0476033,52.5621,498.653,0.829363,-2.03814,1.75391,-0.43998,-0.521626,-45.7377,90.5567,-14.8636,25789.6,19154.8,1.11736,-1.75014,2.32991,-0.151982,-0.233628,-0.776495,154.708,-12.4876,25853.8,0.00594838,1.16449,-0.000890546,26008.5,-9.02251e-05,-0.0192684,8.19216,10.8641,112.747,79.7925,2.62934,10.5043,11.7981,118.372,136.913,-5.62465,-57.1201 
109,47.2461,10,109,26793.2,-0.15763,57.5798,10.418,118.377,0.0353712,152.266,106.264,-1.52699,-2.55872,3.50105,-1.19655,2.05699,-49.2935,22.5876,1.34438,26385.9,19702.9,-1.2166,-2.24833,4.12182,-0.886159,2.36738,-0.92779,91.7265,3.90508,26455.1,0.00345528,0.930663,0.000271843,26546.8,-0.000252668,-0.0223489,-8.38352,10.9148,113.856,77.871,2.6006,10.6971,12.0028,118.008,136.289,-4.15203,-58.4176 
110,46.9461,10,110,27323.9,0.0829251,57.5871,10.5544,118.677,-0.0039265,-112.441,3.52333e-11,-1.34376,0.109014,2.39466,0.708897,2.6087,-48.7968,201.852,-0.835694,26639.7,19800.2,-1.0365,0.416274,3.00918,1.01616,2.91596,0.523945,270.294,1.6992,26708.2,0.0100189,0.989118,0.000117183,26978.5,-0.000461262,0.0472913,-9.1455,-11.0057,127.548,103.115,2.55594,10.8218,12.1656,118.28,136.818,9.26848,-33.7031 
111,47.0211,10,111,27628.4,0.0986314,58.5086,10.4851,118.328,-0.0293651,-75.4701,5.89369e-12,3.53674,2.27471,3.48662,2.62327,-1.83112,-25.8608,88.9037,1.29624,27044.1,20042.6,3.69958,2.43755,3.8123,2.78611,-1.66828,0.655533,125.176,2.63966,27080.3,0.00460113,0.96441,0.000179527,27205.5,-0.000285102,-0.0181366,7.02758,8.87568,116.234,73.1389,2.6265,10.799,12.1168,117.969,136.339,-1.73442,-63.2004 
112,46.8861,3.5,112,29544,-0.0743229,62.7326,10.4862,118.518,-0.0319216,10.5367,500,2.03623,-1.10346,-4.27785,1.02146,1.15275,-5.56735,90.4647,-9.91918,28931.2,21425.3,2.07128,-1.0684,-4.20774,1.05652,1.1878,-3.38061,98.2734,-9.62996,28939,0.00338438,1.20698,-0.000613368,29037.3,-0.00036291,-0.0178708,7.60188,8.98943,113.578,74.9079,2.84287,10.7529,12.0489,118.184,136.358,-4.60573,-61.4504 
113,46.9761,10,113,28726.3,-0.142776,61.7268,10.371,118.414,0.0783642,73.1788,267.244,-1.20581,-3.04913,0.523562,-2.57813,0.364924,5.83003,7.43843,-25.3547,28143.6,21026.3,-1.24252,-3.08584,0.450142,-2.61484,0.328214,1.07302,-0.738763,-25.6575,28135.4,-2.62581e-05,0.016187,-0.0016827,28134.7,-0.000163906,-0.0197403,8.47628,7.89893,115.167,75.1503,2.80258,10.6366,11.9302,118.1,136.927,-2.93335,-61.7768 
114,47.1861,10,114,27387.1,-0.136592,58.3093,10.4679,118.493,-0.180213,-187.399,0.356939,-3.62934,-0.329429,-1.12599,-3.35244,-0.786104,-31.5549,75.3354,-0.973294,26813,20969.1,-3.43065,-0.130737,-0.728602,-3.15375,-0.587411,0.909278,119.594,0.66592,26857.3,0.00443321,0.99035,4.56725e-05,26976.9,-7.00586e-05,-0.0226571,7.58606,10.2022,112.986,79.763,2.62942,10.6834,12.0449,118.163,137.196,-5.17737,-57.4334 
115,46.9161,7,115,28324.9,-0.00941782,60.2927,10.4362,118.481,0.0541879,-64.5245,0.00693049,-1.10975,-3.84843,-5.09359,0.588764,-1.748,-70.8483,185.474,-14.8329,27656.3,20597.2,-0.663637,-3.40231,-4.20137,1.03488,-1.30189,0.50771,284.845,-11.1525,27755.6,0.0101584,1.07356,-0.000740723,28040.5,0.000537067,-0.0582894,10.4443,-17.7425,94.3739,108,2.72597,10.7812,11.925,118.119,137.271,-23.7446,-29.2705 
