cyc,freq (MHz),wiggle time pre,pulse time,wiggle time post,VVA,cyc,ROIsum,fBg,fA1,fWidth1,fCtr1,fA2,fWidth2,fCtr2,box1,box2,box3,box4,box5,box6,box7,box8,box9,Nfit,BZ-2,BZ-1,BZ0,BZ1,BZ2,Excited,c5,c7,c9,fraction95,fraction75,fraction97,sum95
125,44.923,0.48,0.01,0.5,3,125,10798.4,-0.177609,22.8711,11.1363,80.0722,0.052065,80.4581,59.036,0.655441,0.313607,0.456445,2.8623,-0.579136,-36.0231,214.641,-19.4122,11704.7,8427.68,0.882269,0.540435,0.910101,3.08913,-0.352308,0.82048,265.167,-15.6695,11755.2,0.0284615,1.11534,-0.00246154,9316.69 
126,44.783,0.48,0.01,0.5,3,126,10736.4,-0.0772524,23.2265,10.889,80.0414,0.0686634,-17.203,2.71632e-07,1.50059,-0.0657603,2.4627,2.61967,2.43023,-51.0427,2571.62,15.2571,9370.14,8271.61,1.822,0.255642,3.10551,2.94107,2.75164,0.714458,2643.21,20.5602,9441.73,0.266632,0.98657,0.00399532,9913.34 
127,44.863,0.48,0.01,0.5,3,127,9141.16,-0.2001,20.3906,10.8506,80.3246,-0.00947095,202.21,485.583,2.50102,-0.808613,0.893456,1.89108,0.214341,-23.0236,2571.03,21.9693,7621.87,7264.77,2.64599,-0.663639,1.1834,2.03605,0.359315,0.787201,2603.32,24.3614,7654.17,0.30638,0.983888,0.0058288,8497.03 
128,44.813,0.48,0.01,0.5,3,128,8075.35,-0.209212,18.6622,10.6704,80.3202,-0.106511,-266.336,222.87,-0.0490792,0.0179645,0.193698,4.60726,2.23145,-37.797,3831.66,38.3746,5310.78,7405.92,0.188918,0.255962,0.669692,4.84526,2.46945,0.920552,3884.68,42.3016,5363.8,0.484688,0.9813,0.0143197,8014.8 
129,44.883,0.48,0.01,0.5,3,129,9582.85,-0.20079,21.1472,10.9198,80.4482,-0.0769015,289.4,332.145,2.89376,2.76783,2.28094,3.45173,2.0989,-59.5585,1160.11,17.6316,9611.41,8241.82,3.26879,3.14286,3.03099,3.82676,2.47392,0.807475,1243.64,23.8195,9694.94,0.142804,0.967569,0.00450548,8708.75 
130,44.793,0.48,0.01,0.5,3,130,8986.16,-0.194321,20.4857,10.6039,80.4704,0.212428,-48.3402,469.383,0.887626,0.625259,0.748661,2.45527,0.275062,-25.0959,2734.88,15.136,7310.65,7405.82,1.04565,0.783281,1.0647,2.61329,0.433084,0.820757,2770.08,17.7433,7345.85,0.328738,0.988915,0.00442975,8426.38 
131,44.763,0.48,0.01,0.5,3,131,10519.4,-0.203069,22.9179,10.9858,80.1088,0.0762841,495.202,0.0178286,-0.23613,1.95206,3.57493,2.37882,2.10594,-28.0012,832.028,-0.987919,10903.6,9425.69,-0.0598143,2.12838,3.92756,2.55514,2.28225,0.637462,871.302,1.92129,10942.8,0.0937158,0.996156,0.000323324,9297.28 
132,44.903,0.48,0.01,0.5,3,132,11316.8,-0.0167754,24.0689,10.9734,80.0447,0.00171159,-25.3949,500,-0.333762,-0.77289,0.476141,0.0989508,0.638026,-54.1732,355.379,-19.5961,12152.1,8599.3,0.00735187,-0.431776,1.15837,0.440065,0.97914,0.462012,431.362,-13.9677,12228,0.0438067,1.06007,-0.00210861,9846.96 
133,44.663,0.48,0.01,0.5,3,133,9559.59,-0.000238326,20.5272,11.0267,80.3903,0.00170219,-2.48346,9.53482e-12,2.38348,-3.09657,-1.56749,2.57915,2.02357,-30.2132,182.372,5.78658,10569.8,7368.53,2.57372,-2.90632,-1.18701,2.76939,2.21382,1.34271,224.749,8.92561,10612.2,0.0267683,0.935017,0.00154695,8396.11 
134,44.833,0.48,0.01,0.5,3,134,7981.73,-0.180576,18.4827,10.4883,80.4211,0.468416,24.5285,149.768,0.23607,-1.48457,6.32945,0.0386673,3.35635,-117.533,4085.49,24.9458,4894.36,6684.58,0.976146,-0.744498,7.80961,0.778744,4.09643,0.395374,4250.34,37.157,5059.21,0.521775,0.984932,0.0133486,8145.93 
135,44.723,0.48,0.01,0.5,3,135,10339.2,-0.20528,22.3465,11.0918,80.3373,0.538507,-474.829,20.0714,1.12451,0.456433,-0.290627,3.01498,2.17001,-23.1553,44.861,-8.92369,11532.1,16392.6,1.27031,0.602236,0.000979428,3.16078,2.31582,0.999867,77.3386,-6.51794,11564.6,0.00861034,1.173,-0.00103931,8982.07 
136,44.703,0.48,0.01,0.5,3,136,10432.6,-0.211134,22.5117,11.1299,80.2147,0.156487,49.0525,468.979,0.25061,1.05742,-0.0598058,1.09402,2.76845,-87.6356,214.765,-6.5168,11473.8,8406.23,0.802428,1.60923,1.04383,1.64584,3.32027,0.876053,337.683,2.5882,11596.7,0.0364386,0.986764,0.000410959,9267.17 
137,44.823,0.48,0.01,0.5,3,137,8646,-0.224549,20.1319,10.5936,80.4177,0.967023,64.6817,433.395,2.52316,0.492992,1.64915,0.463086,1.13752,-32.5428,4634.53,26.4594,5115.31,8978.76,2.72808,0.697905,2.05898,0.668,1.34243,0.7253,4680.17,29.8405,5160.95,0.540804,0.988965,0.0105388,8654.11 
138,44.853,0.48,0.01,0.5,3,138,9480.86,-0.186479,21.4093,10.6068,80.6268,0.154881,-222.778,339.071,-0.864629,1.4395,0.914626,2.34014,2.19545,0.440466,3490.5,33.4752,7073.1,8515.61,-0.867403,1.43673,0.909079,2.33737,2.19268,0.8487,3489.89,33.4295,7072.49,0.390555,0.983513,0.0086319,8935.7 
139,44.683,0.48,0.01,0.5,3,139,11131.9,-0.0540793,23.6812,10.9084,80.4891,0.0471615,-110.55,1.41412,1.99282,2.43109,2.41656,0.682007,1.59997,-44.7023,430.009,-14.681,11906.8,8579.02,2.27429,2.71257,2.97951,0.963486,1.88145,0.724408,492.708,-10.0367,11969.5,0.0507464,1.03697,-0.00154703,9709.23 
140,44.843,0.48,0.01,0.5,3,140,9103.53,-0.137199,20.9528,10.4067,80.4322,-1.57985,4690.12,1.10389e-07,1.72341,1.20222,2.74023,2.25793,-0.441055,-80.0881,3937.39,19.904,6212.85,248307,2.2277,1.70651,3.74882,2.76222,0.0632389,0.643258,4049.72,28.2248,6325.18,0.453999,0.98795,0.008153,8920.11 
141,45.003,0.48,0.01,0.5,3,141,11224.2,-0.196781,23.9239,11.1237,80.1511,0.143185,-202.326,113.694,-1.05249,0.743357,0.675395,0.791773,0.402956,-41.959,246.511,-8.06481,12172.2,9606.18,-0.788286,1.00756,1.2038,1.05598,0.66716,0.61738,305.363,-3.70543,12231.1,0.0314053,1.0217,-0.000558382,9723.29 
142,44.743,0.48,0.01,0.5,3,142,13009.8,-0.172332,26.1289,11.5633,80.2047,0.7974,393.767,132.659,2.26035,2.593,1.82563,0.853074,-0.582917,-53.789,297.547,-25.7302,13822.6,20056.9,2.59904,2.9317,2.50302,1.19177,-0.244221,0.721308,372.991,-20.1417,13898.1,0.0336801,1.10436,-0.00267681,11074.5 
143,44.803,0.48,0.01,0.5,3,143,7628.65,-0.223358,18.3245,10.4251,80.4563,0.277729,916.705,421.481,-1.12394,0.225424,3.40741,-0.125681,3.66544,-40.4549,3260.97,33.2634,5531.23,14506.8,-0.86921,0.480158,3.91688,0.129053,3.92017,0.48306,3317.71,37.4665,5587.97,0.435369,0.98062,0.0122003,7620.45 
144,44.983,0.48,0.01,0.5,3,144,11205,-0.0161863,23.6593,11.0448,80.4166,0.0191692,-9.13022,500,1.56918,0.920718,2.74739,1.562,1.33774,-43.24,381.963,18.5434,12029.8,8512.24,1.84145,1.19299,3.29194,1.83428,1.61001,0.663079,442.611,23.0358,12090.4,0.0453855,0.916524,0.00349747,9752.25 
145,44.623,0.48,0.01,0.5,3,145,9371.59,0.0145042,20.4187,10.8173,80.3683,-0.011351,-10.9878,6.65718e-12,1.4104,-0.276,1.91787,3.31193,1.3844,-27.3261,71.9527,-1.26046,10566.7,7194.31,1.58247,-0.103935,2.262,3.484,1.55646,0.742398,110.28,1.57862,10605,0.0133251,0.975562,0.000274134,8276.13 
146,44.773,0.48,0.01,0.5,3,146,9172.26,-0.175169,20.4422,10.718,80.2975,0.0293859,194.146,14.437,1.11686,0.457094,1.87363,1.87898,0.890655,-72.503,1319.25,19.6882,8922.64,7318.14,1.57339,0.913626,2.78669,2.33551,1.34719,0.68886,1420.94,27.221,9024.33,0.169773,0.967563,0.00552582,8369.68 
147,44.643,0.48,0.01,0.5,3,147,10110.6,-0.212273,21.5519,11.3071,80.0025,-0.628133,1055.62,61.2645,0.935226,-0.347331,-0.166903,1.24389,1.67528,-47.1516,108.434,-1.91075,11189.9,29518.1,1.23213,-0.0504293,0.426899,1.54079,1.97218,0.916647,174.569,2.98812,11256.1,0.0197437,0.970916,0.000488781,8841.74 
148,44.963,0.48,0.01,0.5,3,148,10600.2,-0.0821186,22.7331,10.9766,80.1585,-0.0303519,113.251,500,1.93885,-0.328574,1.53624,0.547626,2.33102,-29.9758,281.766,-6.44413,11552.7,8235.02,2.1276,-0.139825,1.91374,0.736376,2.51977,0.732631,323.81,-3.32976,11594.7,0.0349999,1.01833,-0.000529294,9251.74 
149,44.943,0.48,0.01,0.5,3,149,10972,-0.0837475,23.0695,11.2704,80.1767,-0.103058,-16.911,500,-0.12592,0.9097,1.10055,0.818978,1.94233,-84.0549,158.136,-24.6609,12050.9,8520.66,0.403351,1.43897,2.15909,1.34825,2.4716,0.723946,276.031,-15.9279,12168.8,0.0286161,1.11232,-0.00241699,9646 
375,44.923,0.48,0.04,0.47,1.7,375,9562.81,-0.0480994,21.2415,10.6682,80.6604,-0.0400505,33.7911,500,1.37907,1.44342,0.783665,0.0564959,0.0499177,-57.5638,13.4519,-7.99546,10826.8,7420.95,1.74153,1.80589,1.50859,0.41896,0.412381,0.743757,94.1907,-2.01481,10907.6,0.0110904,1.03889,-0.000340383,8493.01 
376,44.783,0.48,0.04,0.47,1.7,376,10345.2,-0.0296741,22.1611,11.0265,80.3665,-0.0464333,-28.818,500,-2.06371,-0.844383,4.35471,0.402242,2.57714,-26.3334,172.544,-22.7698,11432.9,7998.29,-1.8979,-0.678569,4.68634,0.568056,2.74295,0.135502,209.479,-20.0339,11469.9,0.0231691,1.20101,-0.0032279,9041.29 
377,44.863,0.48,0.04,0.47,1.7,377,11115.2,-0.00947098,23.5362,10.9217,80.5324,-0.0387543,1.42124,500,4.27103,1.68138,-0.732253,0.172104,2.99338,-40.716,413.42,-1.20788,11844.3,8369.77,4.52741,1.93776,-0.219497,0.428482,3.24975,1.02212,470.528,3.02236,11901.4,0.0488374,0.988884,0.000467584,9634.59 
378,44.813,0.48,0.04,0.47,1.7,378,9605.84,-0.205651,21.4879,10.7956,80.6633,0.0325311,343.899,137.68,2.69365,2.19177,2.73056,2.39408,-0.0154523,-70.323,1494.65,21.6126,9274.72,7915.73,3.13646,2.63458,3.61617,2.83688,0.427353,0.714169,1593.28,28.9188,9373.35,0.180834,0.969214,0.00565118,8810.76 
379,44.883,0.48,0.04,0.47,1.7,379,10949.7,-0.00739753,23.1322,-11.1599,80.3762,-0.0883767,68.0212,500,-0.769407,0.0468718,0.466876,3.13493,2.88888,-49.8034,151.801,-12.7649,12092,8599.44,-0.455809,0.36047,1.09407,3.44852,3.20248,0.856979,221.655,-7.59052,12161.9,0.023122,1.06375,-0.00115102,9586.32 
380,44.793,0.48,0.04,0.47,1.7,380,10200.1,-0.189312,22.1952,10.9497,80.3276,-0.0623584,925.604,35.8783,0.663335,0.315336,1.68231,0.204023,2.50216,-68.4024,422.304,-10.5898,10957.8,9790.38,1.09405,0.746048,2.54374,0.634735,2.93287,0.680091,518.245,-3.48307,11053.7,0.0573939,1.0119,-0.000580792,9029.61 
381,44.763,0.48,0.04,0.47,1.7,381,11195.7,-0.0322852,23.5853,11.0314,80.3122,0.011499,1.29399,500,1.57797,0.724333,1.44858,2.21134,5.27809,-10.3752,229.179,-22.903,12143.8,8470.19,1.6433,0.789662,1.57924,2.27667,5.34342,0.864236,243.731,-21.825,12158.4,0.0253736,1.18582,-0.00331766,9605.67 
382,44.903,0.48,0.04,0.47,1.7,382,11399.4,-0.0693207,24.0015,11.1906,80.3443,-0.655495,715.859,499.977,0.688414,1.06414,4.75279,2.4873,2.60327,-27.3764,128.878,-23.0943,12545.3,24018.9,0.860796,1.23652,5.09755,2.65969,2.77565,0.5964,167.276,-20.25,12583.7,0.0169707,1.26879,-0.00297317,9856.75 
383,44.663,0.48,0.04,0.47,1.7,383,9709.18,-0.0382936,20.8779,10.9493,80.6905,0.0240608,6.35581,500,-0.417949,1.09209,4.19118,2.00322,1.68075,-1.90524,101.326,11.3086,10735.6,7446.58,-0.405952,1.10409,4.21517,2.01522,1.69274,0.511073,103.999,11.5066,10738.2,0.0124215,0.837785,0.00197003,8372.44 
384,44.833,0.48,0.04,0.47,1.7,384,8967.93,-0.180808,20.5186,10.5647,81.0368,0.00191335,59.141,4.90356e-10,1.54588,-1.21294,1.80984,0.792362,0.953616,-31.479,3183.39,29.8681,6870.75,7060.38,1.7441,-1.01473,2.20627,0.990577,1.15183,0.565528,3227.54,33.1387,6914.9,0.377401,0.982349,0.00875078,8552.01 
385,44.723,0.48,0.04,0.47,1.7,385,13371.1,-0.229591,27.184,11.642,80.3778,0.374189,380.021,138.809,-0.456062,-0.00272687,-0.0054563,1.77251,1.97153,-37.595,86.8163,-35.2142,14625.8,14931.5,-0.219336,0.233999,0.467995,2.00924,2.20826,0.90043,139.547,-31.3082,14678.5,0.012196,1.64642,-0.00394457,11442 
386,44.703,0.48,0.04,0.47,1.7,386,10988.8,-0.189052,23.3362,11.1364,80.6049,2.47472,-3064.24,402.778,1.39526,1.14039,2.93795,3.0017,-0.377907,-35.9215,91.3607,-15.1306,12114.9,255316,1.62145,1.36658,3.39032,3.22789,-0.15172,0.641407,141.744,-11.3985,12165.3,0.0149063,1.16378,-0.00172898,9508.99 
387,44.823,0.48,0.04,0.47,1.7,387,9837.89,-0.22036,22.0045,10.847,80.8329,0.208126,-436.649,432.632,2.14095,-0.799174,1.10943,0.852338,1.30201,-67.2344,5605.66,46.4414,5285.72,10728.3,2.5643,-0.375817,1.95615,1.27569,1.72536,0.726248,5699.96,53.4268,5380.02,0.579113,0.983862,0.0179646,9842.58 
388,44.853,0.48,0.04,0.47,1.7,388,10557.2,-0.0396707,22.4998,11.0229,80.5248,0.0148035,25.0258,4.82156e-09,0.324748,-0.267334,-0.877163,1.38752,2.47766,-74.4321,211.507,-18.6992,11531.6,8085.66,0.793427,0.201345,0.0601954,1.85619,2.94634,0.989723,315.905,-10.966,11636,0.0340574,1.06468,-0.00173906,9275.66 
389,44.683,0.48,0.04,0.47,1.7,389,10142.9,-0.206628,22.1343,11.0125,80.5577,-0.116166,-225.843,12.6778,1.0223,0.163236,-0.495979,1.71028,-0.82965,-67.4206,7.10632,-10.2396,11332.6,8789,1.44683,0.587766,0.353081,2.13481,-0.40512,0.914246,101.67,-3.23482,11427.2,0.0114229,1.05896,-0.000521738,8900.59 
390,44.843,0.48,0.04,0.47,1.7,390,12639.5,-0.128854,25.7365,11.4666,80.363,-0.179593,173.924,499.919,0.180381,0.039972,2.33525,1.62462,2.00995,-35.2981,941.212,-19.4382,12912.4,10623.6,0.402644,0.262235,2.77977,1.84688,2.23221,0.630533,990.721,-15.7709,12961.9,0.0903003,1.02866,-0.00224634,10971.4 
391,45.003,0.48,0.04,0.47,1.7,391,11443.9,-0.0911221,24.1583,11.1845,80.5654,0.0936852,-4.86415,500,-0.468457,-1.52692,1.38987,1.60857,-0.408806,-10.5244,78.81,-10.221,12604.7,8810.69,-0.402188,-1.46065,1.52241,1.67484,-0.342537,-0.534887,93.5714,-9.12753,12619.5,0.00953783,1.20584,-0.00133415,9810.56 
392,44.743,0.48,0.04,0.47,1.7,392,10116.4,-0.207175,22.0547,11.0288,80.4535,0.399017,-848.244,284.937,-0.884579,-0.214596,1.79492,0.533211,2.255,-56.0491,101.428,0.383521,11242,18936.3,-0.531652,0.138331,2.50077,0.886137,2.60793,0.553554,180.042,6.20681,11320.6,0.0202365,0.943103,0.00100896,8896.91 
393,44.803,0.48,0.04,0.47,1.7,393,12386.3,-0.203603,25.4948,11.4587,80.2879,-0.680892,-11.08,214.129,0.10444,-0.278779,2.63105,1.62766,0.642604,-26.9025,241.752,-26.0562,13328.3,9755.66,0.273837,-0.109381,2.96985,1.79706,0.812002,0.482908,279.485,-23.2611,13366,0.026438,1.17048,-0.00321615,10571.3 
394,44.983,0.48,0.04,0.47,1.7,394,12684.3,-0.207741,26.4714,11.2983,80.52,0.766704,-301.031,142.142,-0.768984,-0.268306,4.86504,-1.73874,2.47877,-96.4425,129.979,-21.2563,13865.3,17249.4,-0.161711,0.338967,6.07959,-1.13147,3.08604,0.259618,265.249,-11.2363,14000.6,0.0240137,1.08007,-0.00148059,11045.7 
395,44.623,0.48,0.04,0.47,1.7,395,11405,-0.0330375,24.0963,11.1545,80.4625,0.0251098,-172.038,499.999,0.503791,0.122978,0.530793,2.30041,-0.0176062,-72.5629,163.95,-16.8601,12492.4,8890.33,0.960701,0.579887,1.44461,2.75731,0.439303,0.766313,265.726,-9.32114,12594.2,0.0266706,1.0654,-0.00136523,9963.26 
396,44.773,0.48,0.04,0.47,1.7,396,12868.3,-0.184878,25.9647,11.5728,80.5585,0.0717775,18.7485,489.246,1.39102,0.807529,2.44439,1.57782,1.76994,-31.6691,310.025,-36.5862,13739.7,9825.57,1.59043,1.00694,2.84321,1.77723,1.96935,0.690524,354.444,-33.2959,13784.1,0.0323156,1.19673,-0.00446954,10968.2 
397,44.643,0.48,0.04,0.47,1.7,397,10946,-0.19766,23.4913,11.2425,80.3792,-0.35526,721.175,500,1.4687,2.38112,2.19182,0.2761,1.41881,-95.0223,63.2489,-8.42339,12230.3,16937.7,2.06703,2.97945,3.38848,0.87443,2.01714,0.700837,196.527,1.44906,12363.5,0.0202262,0.987261,0.000215856,9716.45 
398,44.963,0.48,0.04,0.47,1.7,398,12623.7,-0.025002,26.0754,11.3395,80.6486,0.059688,6.96317,2.90367e-12,1.73083,0.120323,3.72225,1.44265,2.21598,-103.24,114.109,-37.8229,13824.7,9638.98,2.3809,0.770396,5.02239,2.09272,2.86605,0.617559,258.913,-27.0967,13969.5,0.0235045,1.22421,-0.00358594,11015.5 
399,44.943,0.48,0.04,0.47,1.7,399,11637.1,-0.0826991,24.6731,11.2069,80.5375,-0.16389,205.037,499.661,-1.55122,0.267935,0.68383,0.0749035,1.49607,-75.1353,133.099,-11.7311,12798.9,10095.2,-1.07811,0.741042,1.63004,0.548011,1.96918,0.572186,238.484,-3.92479,12904.2,0.0234388,1.02965,-0.000560585,10174.8 
