cyc,freq,cyc,ROIsum,fBg,fA1,fWidth1,fCtr1,fA2,fWidth2,fCtr2,box1,box2,box3,box4,box5,box6,box7,box8,box9,Nfit,BZ-2,BZ-1,BZ0,BZ1,BZ2,Excited,c5,c7,c9,fraction95,fraction75,fraction97,sum95,two2D_bg,two2D_a1,two2D_sh1,two2D_sv1,two2D_ch1,two2D_cv1,two2D_a2,two2D_sh2,two2D_sv2,two2D_ch2,two2D_cv2,two2D_chd,two2D_cvd
0,42.6485,0,29662.8,-0.0509527,58.5513,12.053,121.038,0.0216926,-26.2913,500,-8.5483,-8.94615,-9.75996,-6.04462,-1.8672,5.05854,14177.2,58.4259,17461.1,22992.1,-8.58015,-8.978,-9.82367,-6.07647,-1.89905,0.72216,14170.1,58.1632,17454,0.544191,0.992868,0.00610112,26038.8,-0.00251056,1.33995,12.3233,10.6511,121.663,86.7479,1.49918,12.3066,12.0596,119.838,136.546,1.82546,-49.7979 
1,42.9885,1,25792.3,-0.138801,51.4534,12.1746,120.95,-0.0188719,126.027,500,-9.93231,-6.81489,-7.61719,-5.66168,-3.57167,-48.1854,12162.2,69.6888,15658.3,20469.6,-9.6289,-6.51147,-7.01037,-5.35827,-3.26826,0.77939,12229.8,72.1919,15725.9,0.533507,0.989775,0.00838553,22923.4,-0.00257396,1.12523,12.3935,10.8549,121.643,86.8407,1.33882,12.3412,12.1315,119.683,136.659,1.9602,-49.8179 
2,42.8685,2,23581.2,0.00977546,47.7752,12.0285,120.766,-0.0154258,-21.4646,500,-7.80565,-4.71649,-6.43972,-2.98883,-2.20026,34.0178,11138.3,62.8843,14600.4,18718,-8.01985,-4.93069,-6.86812,-3.20303,-2.41446,0.729986,11090.6,61.1172,14552.7,0.528465,0.990448,0.00767692,20986.4,-0.0024162,1.02442,12.3424,10.8171,121.48,86.9587,1.24254,12.2912,12.1634,119.403,136.906,2.07745,-49.947 
3,42.6685,3,31031.2,0.00562278,60.5516,12.2556,120.777,-0.0175807,-20.9489,500,-3.99135,-1.58587,-6.00571,-6.30632,-1.04807,76.6707,14449.8,71.6757,18851.3,24169.6,-4.47413,-2.06865,-6.97126,-6.7891,-1.53084,0.680715,14342.3,67.6928,18743.7,0.52947,0.991808,0.00660878,27088,-0.00263941,1.32283,12.426,10.7906,121.494,87.2272,1.60662,12.4897,11.9386,119.441,137.088,2.05259,-49.861 
4,42.8485,4,26664.2,-0.262143,54.0769,12.093,121.217,-0.179959,-7.42437,496.163,-2.51367,-5.15398,-2.4301,-3.92239,-3.67765,-5.88483,12896.7,62.9893,15855.9,21331.7,-2.47661,-5.11692,-2.35599,-3.88533,-3.64059,0.865183,12905,63.2951,15864.1,0.544684,0.99149,0.00729605,23692.6,-0.00262611,1.24257,12.1727,10.5666,121.739,86.8459,1.4014,12.2131,11.8845,119.939,136.462,1.79993,-49.6163 
5,42.8285,5,30352.2,-0.0316387,60.5321,11.9899,121.01,0.0371452,-46.3478,25.3073,-6.68873,-6.6501,-8.05241,-3.90906,-5.25189,33.5673,14653.2,69.7635,17988.9,23682.5,-6.90009,-6.86146,-8.47514,-4.12042,-5.46326,0.733657,14606.2,68.0197,17941.9,0.544871,0.991916,0.00693521,26806.6,-0.00274568,1.39836,12.2668,10.5662,121.728,86.8108,1.58487,12.1216,11.9119,119.824,136.487,1.90461,-49.6765 
6,42.7085,6,29102.3,-0.276518,58.2792,12.03,121.088,0.595228,-117.143,0.00787361,-5.7586,-4.00379,-5.71306,-5.61577,-1.1933,35.2692,14128.7,66.9193,17021,25092.9,-5.98068,-4.22587,-6.15722,-5.83785,-1.41538,0.739289,14079.3,65.0871,16971.6,0.549544,0.991975,0.00701504,25619.9,-0.00257316,1.37712,12.1481,10.4762,121.671,86.8622,1.49185,12.1816,11.947,119.82,136.562,1.85129,-49.7001 
7,43.0485,7,25943.1,-0.54345,54.0048,12.0238,120.994,0.348314,50.5698,5.02107,-5.02397,-2.46906,-6.52815,-6.33909,-4.60261,75.1742,12657.1,69.2845,15732.5,21711.7,-5.49732,-2.94242,-7.47485,-6.81245,-5.07596,0.731149,12551.6,65.3794,15627.1,0.541531,0.990967,0.00764793,23178,-0.00289645,1.21761,12.0163,10.6927,121.653,86.7997,1.39133,12.1721,11.9101,119.537,136.477,2.11582,-49.6777 
8,43.1485,8,28068.1,-0.710334,56.668,12.1782,121.056,0.568348,127.976,429.404,-6.39011,-3.47327,-6.00571,-2.77327,-2.72627,37.7715,13370.6,62.6099,16658.2,24833.2,-6.62795,-3.71111,-6.48138,-3.01111,-2.96411,0.715675,13317.6,60.6477,16605.3,0.541164,0.992094,0.00668299,24609.2,-0.00231866,1.30273,12.0391,10.4794,121.655,86.6876,1.45767,12.2364,11.8752,119.691,136.243,1.96398,-49.5555 
9,43.0285,9,27273.5,-0.0573661,55.147,11.9528,121.277,0.0871602,-47.5772,500,-6.28434,-5.20188,-5.44112,-4.98215,0.306388,41.7912,13079.7,71.588,16382,21592.9,-6.54749,-5.46503,-5.96742,-5.2453,0.0432402,0.742584,13021.1,69.4171,16323.4,0.539824,0.990757,0.00777286,24121,-0.00272958,1.25483,12.0203,10.7587,121.83,86.7487,1.41084,12.3964,11.9991,120.018,136.488,1.81158,-49.7397 
10,42.9485,10,26155.2,-0.748653,54.1103,12.0685,120.856,-0.166812,911.684,354.928,-7.59873,2.51855,-0.651132,-2.2537,1.43807,55.474,12231.7,47.9015,16092.7,26209,-7.94803,2.16924,-1.34974,-2.603,1.08877,0.84383,12153.9,45.0197,16014.9,0.527421,0.99356,0.00515168,23044.1,-0.00260403,1.18153,11.9687,10.6912,121.571,86.6955,1.40278,12.225,11.9832,119.593,136.355,1.97742,-49.6592 
11,42.6885,11,29616.8,-0.754065,59.6466,12.2192,120.916,2.52513,-2636.63,466.422,-5.13407,-4.22141,-6.86751,-6.47695,-2.58381,60.8038,14523.8,52.5506,17326.1,240461,-5.51693,-4.60427,-7.63324,-6.85982,-2.96668,0.723242,14438.5,49.392,17240.8,0.551883,0.994049,0.00524961,26162.3,-0.00276211,1.38995,12.2028,10.6117,121.593,86.767,1.53599,12.2581,11.7544,119.633,136.559,1.96019,-49.7916 
12,42.9085,12,27440.7,-0.0229326,54.9894,12.1258,120.74,-0.00875755,-29.3265,500,-6.88948,-4.09442,-5.67808,-0.602696,-0.234344,46.0855,13141.6,56.6034,16467.2,21714.6,-7.17967,-4.38461,-6.25845,-0.892885,-0.524533,0.674719,13076.9,54.2094,16402.5,0.539685,0.992798,0.00605121,24230.6,-0.00259541,1.23072,12.2843,10.6727,121.442,87.2054,1.40454,12.402,12.1111,119.392,137.064,2.04983,-49.8583 
13,42.8085,13,26855.5,-0.111485,54.6395,11.8006,121.285,0.05569,-16.7433,499.452,-6.19061,-3.28885,-8.95884,-1.78666,-1.43144,50.0252,12770.8,61.6764,16155.1,21020,-6.5056,-3.60384,-9.58883,-2.10165,-1.74644,0.592768,12700.6,59.0777,16085,0.537287,0.991925,0.00672031,23638.4,-0.00252156,1.27512,12.0323,10.3134,121.919,86.8432,1.46156,12.0474,11.6929,120.038,136.508,1.88046,-49.6652 
14,42.7285,14,27310.2,0.0176213,54.984,11.8517,121.097,-0.0430624,-6.44594,1.34387e-11,-4.39029,-0.931395,-3.50653,-0.397358,-1.68185,22.8752,13552.7,61.3204,15765.1,21222.5,-4.53433,-1.07543,-3.79461,-0.541397,-1.82589,0.677649,13520.7,60.1321,15733,0.558264,0.992277,0.00699136,24219.1,-0.00237664,1.33491,11.9866,10.4777,121.692,86.2614,1.41457,12.0539,11.7312,119.748,135.805,1.94398,-49.5435 
15,43.1685,15,28662.5,-0.667735,57.615,12.1204,121.204,-0.302187,815.876,429.583,-2.52643,-5.80135,-5.92861,-2.73905,-0.42894,61.4974,13602.4,62.799,16982.9,30758.4,-2.91366,-6.18859,-6.70308,-3.12628,-0.816173,0.660566,13516.1,59.6043,16896.7,0.540518,0.992342,0.00645622,25005.9,-0.00237007,1.31779,12.0979,10.5363,121.833,87.1504,1.50983,12.206,11.731,119.963,136.846,1.87053,-49.6953 
16,42.7485,16,27464.8,-0.734394,55.5469,12.2393,120.784,-0.324528,-1172.72,94.5411,-3.81943,-3.83714,-8.94177,-2.3435,-1.83086,74.1615,13387.7,69.555,16144.8,34520.8,-4.28641,-4.30411,-9.87572,-2.81048,-2.29783,0.581085,13283.7,65.7025,16040.8,0.549108,0.991419,0.00748869,24191.4,-0.00257696,1.3035,12.1582,10.4652,121.491,86.6822,1.42919,12.2274,11.817,119.44,136.32,2.05057,-49.6376 
17,43.0085,17,27108,-0.732795,54.6365,12.2982,121.188,1.71084,17.6488,353.295,-4.65931,0.431238,-4.68087,-2.91382,-3.11584,24.1301,13074.9,73.2667,16216.3,22856.5,-4.81125,0.279298,-4.98475,-3.06576,-3.26778,0.685509,13041,72.0132,16182.5,0.542357,0.990429,0.00813085,24045.1,-0.00267631,1.23155,12.1587,10.7974,121.914,87.1811,1.38404,12.422,12.0801,119.804,136.754,2.1103,-49.5729 
18,42.9285,18,26766,-0.673793,53.7368,12.2413,120.987,0.265775,704.632,121.856,-3.87575,-3.99787,-0.975334,-0.947597,-3.85189,47.5471,12697.5,56.1592,16104.6,27510.2,-4.17514,-4.29726,-1.57412,-1.24699,-4.15129,0.898081,12630.8,53.6892,16037.9,0.536645,0.992616,0.00612891,23536.6,-0.00240767,1.17932,12.331,10.7822,121.775,86.6765,1.37899,12.2352,12.1294,119.635,136.259,2.13915,-49.5821 
19,42.9685,19,25867.6,-0.0868113,51.8444,12.0763,121.151,-0.0235127,37.3837,500,-1.26913,-2.51553,-4.56486,-3.1797,-2.64018,32.3746,12320.5,59.3192,15635.6,20409.8,-1.47298,-2.71938,-4.97256,-3.38355,-2.84403,0.676949,12275.1,57.6374,15590.2,0.536583,0.99185,0.00676424,22876.5,-0.00268782,1.17185,12.3162,10.6246,121.784,86.8973,1.34104,12.3935,12.0927,119.857,136.636,1.92695,-49.7387 
20,43.1085,20,27006,-0.718593,55.7098,11.9855,120.965,1.09165,-1713.25,286.976,0.705792,-1.44653,-8.96948,-1.08735,-1.256,32.364,12761.3,62.9634,16323.5,82619.6,0.502004,-1.65032,-9.37706,-1.29114,-1.45979,0.2937,12715.9,61.2821,16278.1,0.534618,0.991637,0.0068872,23785,-0.00245494,1.23769,11.9332,10.6368,121.635,86.9136,1.43915,12.1427,11.8993,119.687,136.582,1.94809,-49.668 
21,43.0885,21,29223,0.00702949,58.2668,12.0148,121.04,-0.0723654,5.4711,500,-7.59098,-4.66465,-7.68402,-0.100431,0.280148,72.5362,14546.2,76.987,16759.6,22802.2,-8.04772,-5.12139,-8.5975,-0.557172,-0.176593,0.617895,14444.5,73.2189,16657.9,0.560475,0.991207,0.00803184,25771.8,-0.0025386,1.3775,12.2177,10.6713,121.655,86.9116,1.44414,12.2655,12.069,119.767,136.312,1.88742,-49.4004 
22,42.7885,22,28250.2,0.0329068,56.9836,11.8026,121.282,-0.0652215,-51.9633,1.85968e-12,-4.65059,-3.49318,-4.49524,-1.78554,-0.910898,-0.362283,13637.5,62.953,16495.6,22004.2,-4.64831,-3.4909,-4.49068,-1.78326,-0.908616,0.706908,13638,62.9719,16496.1,0.548695,0.991984,0.00698292,24855.3,-0.00239303,1.34651,11.9493,10.5273,121.927,86.8106,1.45335,12.1447,11.9005,119.975,136.453,1.95258,-49.6422 
23,42.8885,23,19984.5,0.00182292,39.0287,-12.6279,121.261,-0.0434727,-12.1817,1.66554e-12,-7.68423,0.261423,-4.00308,-3.55089,-2.27858,1.4082,9325.59,53.0038,12712.4,16061.1,-7.69309,0.252556,-4.02081,-3.55976,-2.28744,0.767698,9323.62,52.9306,12710.4,0.518939,0.990163,0.00761279,17966.7,-0.00241856,0.768066,12.9996,11.6429,122.432,87.4724,0.978949,12.7587,12.9895,119.66,137.606,2.77175,-50.1339 
24,43.0685,24,25328.2,-0.33214,51.9382,11.9168,121.14,0.191307,314.802,224.469,-1.70645,-3.22733,-5.12098,-2.66891,-0.552524,51.4379,11916.8,59.4632,15293.5,22108.9,-2.03034,-3.55122,-5.76876,-2.9928,-0.876414,0.620963,11844.7,56.7911,15221.4,0.533659,0.991679,0.00682599,22195.2,-0.00229412,1.16806,11.9526,10.5132,121.798,87.0224,1.36759,12.0504,11.861,119.74,136.867,2.05801,-49.8442 
25,43.1285,25,26953.1,-0.249428,55.0573,12.008,121.009,-0.0778861,447.693,495.888,-6.80281,-1.86384,-7.89884,-3.06799,1.23892,33.446,13123.3,66.2388,15946.4,22657,-7.01341,-2.07444,-8.32004,-3.27859,1.02832,0.576764,13076.4,64.5013,15899.5,0.547403,0.991442,0.00741763,23888.1,-0.00261566,1.29332,12.002,10.4874,121.861,86.7523,1.4174,12.1248,11.8609,119.885,136.505,1.97667,-49.7523 
26,42.7685,26,28081.9,0.0365417,56.5062,11.9209,121.446,-0.0342108,-79.6528,7.24002e-12,-7.06171,-3.19721,-3.82296,-0.693817,-3.89421,32.5839,13551,76.9974,16598,22016.8,-7.26688,-3.40238,-4.2333,-0.898989,-4.09938,0.787281,13505.3,75.3047,16552.3,0.54543,0.990336,0.00831101,24760.9,-0.00255463,1.31098,12.1138,10.5777,122.12,86.7247,1.43708,12.1828,12.0878,120.087,136.385,2.03335,-49.6598 
27,42.6485,27,26303.5,-0.391285,54.0786,11.9594,121.734,0.137514,330.14,0.000348668,-3.54225,-5.29472,-7.23414,-4.97731,0.380608,59.1999,12763.5,60.0306,15864.1,22531.6,-3.91501,-5.66748,-7.97967,-5.35007,0.0078417,0.65161,12680.5,56.9553,15781.1,0.541632,0.992201,0.0066044,23411.6,-0.00294215,1.27121,12.0602,10.387,122.398,86.916,1.43019,12.124,11.7624,120.408,136.591,1.98963,-49.6746 
28,42.9885,28,24332.3,-0.0209382,50.4208,11.9079,120.857,-0.0680789,6.82917,1.59385e-12,-6.98705,-4.00954,-4.58088,-1.45271,-1.59349,80.0067,11768.5,66.292,14963.5,19560.4,-7.49084,-4.51332,-5.58844,-1.95649,-2.09727,0.74183,11656.3,62.1358,14851.2,0.535795,0.990758,0.00764821,21755.1,-0.00292168,1.14011,12.054,10.6384,121.477,87.0276,1.30177,12.2306,12.094,119.402,136.808,2.07528,-49.7803 
29,42.8685,29,24598.2,0.0245861,48.7691,12.3602,120.788,0.112747,314.21,5.0703e-07,-5.72318,-1.5272,-4.07373,0.720233,-4.22999,117.201,11540.3,63.2375,15296.3,20776.2,-6.46116,-2.26519,-5.5497,-0.0177529,-4.96798,0.71188,11375.9,57.1491,15131.9,0.525067,0.991285,0.00690908,21665.6,-0.00262657,1.01823,12.7266,11.0292,121.45,86.4018,1.23926,12.56,12.5277,119.38,136.294,2.06947,-49.8924 
30,42.6685,30,26139.5,0.0500785,54.5768,11.6797,121.204,-0.0806132,-70.0047,7.58472e-13,-7.7394,2.16545,-1.19456,-3.45628,-4.06013,134.577,13101.9,60.0297,15352.2,20934.5,-8.5868,1.31806,-2.88936,-4.30368,-4.90753,0.850828,12913.2,53.0386,15163.4,0.556021,0.992863,0.00640208,23224.3,-0.00286324,1.31731,11.8831,10.4022,121.921,86.1144,1.37771,11.9961,11.9355,119.832,135.496,2.08922,-49.3814 
31,42.8485,31,28853.7,-0.0728954,57.1088,12.123,120.994,-0.11662,34.8014,500,-4.92988,-4.48454,-7.58106,-1.92272,-3.90811,49.2811,13979.1,81.7636,16997.3,22669.7,-5.24019,-4.79485,-8.20168,-2.23303,-4.21842,0.667789,13910,79.2035,16928.2,0.547181,0.990134,0.00854517,25421.2,-0.00255268,1.29056,12.3877,10.8167,121.808,86.7997,1.42885,12.2894,12.3075,119.629,136.511,2.17841,-49.7116 
32,42.8285,32,31239.5,-0.415439,61.8897,12.2928,121.112,0.317864,-78.3844,4.77774e-06,-2.89527,0.609792,-7.05205,-2.46886,-0.828511,128.89,14239.9,83.6405,19027.4,25577.6,-3.70686,-0.201797,-8.67523,-3.28045,-1.6401,0.504398,14059.1,76.9449,18846.6,0.523133,0.990513,0.0074646,26874.8,-0.00257398,1.31348,12.3466,10.871,121.726,86.8743,1.58135,12.4895,12.2673,119.736,136.363,1.99073,-49.4884 
33,42.7085,33,28816.5,-0.744686,58.0393,12.2398,120.893,1.29184,-419.342,98.5051,-3.05323,-4.25723,-3.57014,-0.379913,-3.71355,114.139,13709.3,64.7759,16965.2,40760.4,-3.77193,-4.97593,-5.00754,-1.09861,-4.43225,0.740357,13549.2,58.8466,16805.1,0.542476,0.992457,0.00640919,24976.7,-0.00225947,1.29687,12.1993,10.7064,121.527,86.9905,1.46998,12.1998,11.9961,119.436,136.542,2.09157,-49.5518 
34,43.0485,34,27880.5,-0.591359,55.8234,12.2563,120.732,0.3968,224.131,481.463,-2.2344,-3.4819,-10.6862,-4.05684,-1.90816,55.754,13211.3,64.6451,16492.2,25167.8,-2.58547,-3.83296,-11.3884,-4.40791,-2.25922,0.534674,13133.1,61.7488,16414,0.540576,0.991839,0.00688223,24294.6,-0.00211408,1.23755,12.2037,10.7266,121.38,86.9188,1.41551,12.3084,11.9975,119.344,136.748,2.03537,-49.8288 
35,43.1485,35,28083,-0.026844,56.672,12.0286,120.818,-0.00690364,-15.4392,499.998,-7.8342,-2.39984,-7.03317,-3.36981,0.517951,123.616,13731.4,72.9495,16687.8,22194.6,-8.61258,-3.17821,-8.58993,-4.14819,-0.260427,0.653483,13558,66.5279,16514.4,0.546964,0.991486,0.00736622,24787.8,-0.00271498,1.30504,12.1851,10.6367,121.376,86.2767,1.45079,12.307,11.913,119.499,135.724,1.87665,-49.4476 
36,43.0285,36,25832.1,-0.782443,53.3883,12.172,120.815,2.60507,-3257.36,69.6888,-4.7851,-2.46003,-12.64,-5.29692,-3.78055,92.0626,12989.4,68.3843,15365,297391,-5.36479,-3.03972,-13.7994,-5.87661,-4.36024,0.574628,12860.2,63.6019,15235.9,0.553828,0.991419,0.00763116,23220.6,-0.00292601,1.23808,12.2254,10.5953,121.477,87.0238,1.36963,12.0781,11.8981,119.502,136.486,1.97482,-49.4625 
37,42.9485,37,24989.6,-0.0472109,50.9589,12.0049,120.959,0.0616392,152.841,500,-0.00433286,-1.32792,-3.58335,-2.40209,-0.672195,99.9313,11848.1,57.5666,15360,20221.5,-0.633574,-1.95716,-4.84183,-3.03133,-1.30144,0.588466,11707.9,52.3753,15219.8,0.530794,0.992232,0.00629923,22057.4,-0.00261111,1.1151,12.1989,10.7698,121.779,86.6616,1.32075,12.2643,12.1002,119.477,136.175,2.30227,-49.5132 
38,42.6885,38,29703.8,-0.0170349,59.8422,11.9285,121.117,-0.0972038,19.0188,500,-4.48584,-5.83265,-5.46692,-4.80244,-3.22933,46.2154,14242.9,71.9896,17696.9,23297.7,-4.77684,-6.12366,-6.04894,-5.09345,-3.52033,0.763373,14178,69.5888,17632.1,0.541811,0.991484,0.00721779,26167.9,-0.00273656,1.34967,12.1045,10.7894,121.826,86.6219,1.5191,12.2075,12.1734,119.857,136.25,1.96927,-49.6278 
39,42.9085,39,28826.7,-0.00650175,56.3384,-12.2791,121.101,-0.0362741,-10.0967,500,-3.83833,-3.58533,-1.76619,-1.52021,-0.322936,91.2366,13578.3,66.5358,17286.5,22531.9,-4.41283,-4.15982,-2.91517,-2.0947,-0.897429,0.798675,13450.3,61.7963,17158.5,0.535483,0.992024,0.0065906,25118.1,-0.00253538,1.226,12.478,10.9826,121.794,87.156,1.40571,12.5785,12.4682,119.775,137.25,2.01902,-50.0938 
40,42.8085,40,28066,-0.120668,56.2542,11.9161,121.167,-0.00463488,-55.6542,496.914,-4.58146,-1.26366,-5.39521,-4.01712,-2.74477,52.8331,13444.9,59.7529,16543.9,21829.8,-4.91414,-1.59634,-6.06056,-4.3498,-3.07744,0.696946,13370.8,57.0083,16469.8,0.544186,0.992594,0.00633582,24570.3,-0.00238646,1.30161,12.0006,10.673,121.755,86.5771,1.43605,12.2214,11.9865,119.885,136.257,1.86971,-49.6802 
41,42.7285,41,28955.5,-0.697632,57.6923,12.2482,121.122,-0.754327,1933.42,232.651,-8.34619,-3.60823,-6.87485,-3.35099,-0.443683,84.6108,13954.1,72.2404,16951.3,70479.9,-8.87896,-4.141,-7.94039,-3.88376,-0.976455,0.692478,13835.4,67.845,16832.6,0.547252,0.991491,0.00737001,25281.6,-0.0022809,1.32202,12.186,10.6651,121.649,86.7888,1.4598,12.2895,11.9676,119.777,136.481,1.8726,-49.6921 
42,43.1685,42,28843.1,-0.0832416,56.5727,-12.2078,120.849,0.048032,-10.8619,34.7777,-6.49835,-2.88099,-4.94713,-0.991603,-3.38818,38.8835,13263.5,69.4585,17606.7,22499.2,-6.74319,-3.12583,-5.4368,-1.23644,-3.63302,0.730522,13209,67.4385,17552.2,0.525324,0.991144,0.00702795,25144.5,-0.00249116,1.2417,12.1962,10.8387,121.709,87.0037,1.4854,12.321,12.2349,119.63,136.588,2.07947,-49.5845 
43,42.7485,43,28968.6,-0.0931602,57.3904,12.1131,120.867,-1.74101,1567.26,6.5447e-09,-5.85464,-1.22164,-10.6113,-0.790504,4.78631,38.2153,14056.3,61.5272,16769.3,111456,-6.09528,-1.46227,-11.0926,-1.03114,4.54567,0.26712,14002.7,59.542,16715.7,0.551953,0.992614,0.0065189,25369.3,-0.00229607,1.30893,12.3858,10.7007,121.465,86.7137,1.43618,12.2596,12.1207,119.576,136.582,1.88862,-49.8682 
44,43.0085,44,27454.9,-0.179706,54.0296,12.3387,120.846,0.200379,-171.687,499.997,-5.40174,-4.40485,-6.98082,-4.12142,-1.28313,68.4024,12970,66.3182,16365.1,22821.7,-5.83245,-4.83556,-7.84225,-4.55214,-1.71385,0.683477,12874.1,62.7648,16269.1,0.53783,0.99154,0.00705653,23937.1,-0.00230573,1.18044,12.512,10.8257,121.441,86.684,1.37247,12.4951,12.1628,119.483,136.443,1.95805,-49.7591 
45,42.9285,45,27113.6,-0.27511,54.4174,12.0486,121.148,-2.98362,2351.47,1.55883,-1.78106,-4.8682,-3.43872,-2.10542,-2.63989,27.7331,12940.6,66.7737,16168.8,249734,-1.95569,-5.04283,-3.78798,-2.28004,-2.81452,0.761478,12901.7,65.333,16129.9,0.540498,0.991216,0.00740606,23870,-0.00245587,1.20827,12.3335,10.7743,121.803,86.8455,1.40546,12.1591,12.0436,119.757,136.655,2.04593,-49.8097 
46,42.9685,46,25442.7,-0.134427,52.4354,11.766,121.043,0.187042,0.90095,500,-5.93206,-2.05749,-1.29334,-2.76205,-0.953327,9.80142,12529.8,64.057,15086.3,20089.4,-5.99378,-2.1192,-1.41677,-2.82377,-1.01504,0.894022,12516.1,63.5478,15072.5,0.549786,0.991193,0.00770672,22765.4,-0.00255003,1.23925,11.9174,10.4905,121.747,86.5039,1.36598,12.0299,11.7008,119.701,135.969,2.04621,-49.4651 
47,43.1085,47,29017.4,0.0174889,56.7712,12.1821,120.913,-0.0695467,-7.47908,2.23668e-11,-7.89814,-5.97391,-3.59402,-3.49419,2.49169,28.963,13462,70.6022,17311.3,22530.6,-8.08051,-6.15628,-3.95876,-3.67656,2.30932,0.797638,13421.4,69.0977,17270.7,0.533326,0.991071,0.00731609,25165.5,-0.00212263,1.23659,12.4802,10.7432,121.518,87.0028,1.44289,12.4412,12.2153,119.613,136.688,1.90522,-49.6855 
48,43.0885,48,25511.6,-0.667529,52.4198,12.0155,120.731,0.322589,153.452,138.403,-9.11995,-4.03834,-6.16835,0.427076,-4.17299,29.3301,12224.9,52.734,15289.9,22115.1,-9.30464,-4.22303,-6.53772,0.242392,-4.35767,0.72963,12183.7,51.2104,15248.8,0.540229,0.992698,0.00614835,22552.9,-0.00236108,1.19756,11.9744,10.4987,121.425,87.1519,1.3822,11.9956,11.7533,119.36,137.011,2.06454,-49.859 
49,42.7885,49,29747.1,-0.210602,58.6881,12.1995,120.735,-0.520038,485.632,0.000162923,-5.43984,-5.61634,-9.97373,-2.66321,-4.76552,50.2086,13826.1,72.7863,17978.4,31528.2,-5.75599,-5.93249,-10.606,-2.97936,-5.08167,0.650606,13755.6,70.1781,17908,0.530428,0.991151,0.00716713,25933.1,-0.00249538,1.28829,12.3239,10.7571,121.34,86.6418,1.53817,12.3603,12.0138,119.427,136.173,1.9129,-49.5315 
50,42.8885,50,21951.5,-0.694744,42.2922,13.1373,121.032,1.6737,-694.952,288.452,-2.15632,-4.52734,-2.59944,-2.10715,-2.96991,40.7325,10307.8,53.7448,13667.3,55950.8,-2.4128,-4.78382,-3.11241,-2.36363,-3.2264,0.80424,10250.7,51.6288,13610.2,0.525524,0.991263,0.00693934,19505.6,-0.00226158,0.815732,13.2341,11.776,121.981,86.7279,0.997388,13.1492,13.2131,119.427,137.07,2.55341,-50.3417 
51,43.0685,51,29778.3,-0.693084,58.8125,12.3166,121.086,-1.01407,1295.23,187.275,-8.3948,-6.69461,-7.93169,-4.38,-3.88328,35.8233,14321.9,66.2513,17485.1,66337.7,-8.62037,-6.92018,-8.38282,-4.60557,-4.10885,0.743156,14271.6,64.3903,17434.9,0.546233,0.992166,0.00675728,26127.3,-0.00239051,1.32133,12.3019,10.8513,121.741,86.4914,1.46931,12.3818,12.1883,119.706,136.024,2.03442,-49.5326 
52,43.1285,52,27922,-0.290041,56.3266,12.0703,120.701,0.418112,-103.179,0.000110673,-2.80269,-4.34447,-7.8924,-3.53518,-2.14727,17.4827,13903.7,74.3394,16201.3,23536.7,-2.91278,-4.45455,-8.11257,-3.64526,-2.25736,0.620598,13879.2,73.4312,16176.8,0.557859,0.990826,0.00829252,24879.4,-0.00253052,1.33872,12.1513,10.5556,121.306,87.0807,1.42024,12.2369,11.8307,119.369,136.584,1.9372,-49.5029 
53,42.7685,53,29899.3,-0.0337885,59.4915,11.9819,121.128,-0.0451339,-4.51148,500,-7.75447,-2.60136,-2.43498,-1.75907,-1.71105,27.2044,14275.1,65.0471,17710.4,23211.3,-7.92577,-2.77266,-2.77757,-1.93037,-1.88235,0.839342,14236.9,63.6339,17672.2,0.542276,0.992239,0.00658932,26254.1,-0.00253888,1.35856,12.1359,10.7002,121.757,87.4065,1.52936,12.2833,11.9905,119.93,137.301,1.82705,-49.8947 
54,42.9,54,27179.5,-0.111479,53.362,12.4121,121.035,0.00454107,-31.737,500,-7.98025,-2.87628,-6.67588,0.44116,-1.83759,42.3984,12921.3,68.2015,16399,21565.8,-8.24722,-3.14326,-7.20982,0.174188,-2.10456,0.648827,12861.8,65.999,16339.5,0.536519,0.9911,0.00738571,23972.7,-0.00264001,1.14517,12.626,11.067,121.84,87.3285,1.32054,12.6446,12.5598,119.649,137.448,2.19098,-50.1199 
55,42.88,55,20754.8,-0.692348,41.8148,12.6598,121.155,0.800394,-213.095,4.73403,-2.08663,-3.77018,-5.00279,-3.71876,-2.26965,70.6184,9845.27,62.6265,13064.9,22785,-2.5313,-4.21484,-5.89212,-4.16342,-2.71431,0.698088,9746.22,58.9581,12965.9,0.525035,0.989525,0.00830679,18563,-0.00245262,0.85532,12.7707,11.1291,122.214,86.5101,1.07754,12.5312,12.3558,119.612,136.179,2.60162,-49.6692 
56,42.91,56,25671,-0.698284,52.2568,12.1859,120.804,3.11572,-1508.12,3.39986,-4.34534,-4.26945,-4.93527,-2.97213,-1.28729,44.6463,12467,47.916,15401.6,173694,-4.62647,-4.55058,-5.49752,-3.25325,-1.56842,0.718022,12404.3,45.5967,15339,0.54322,0.993608,0.00544603,22834.8,-0.00250574,1.19625,12.1838,10.5113,121.388,86.3167,1.3443,12.2112,11.9513,119.433,136.044,1.9541,-49.727 
57,42.87,57,24903.7,-0.787098,50.2354,12.545,120.72,1.2851,-623.904,323.422,-6.00176,-9.94262,-3.42851,-0.539207,-2.0388,40.9424,11631.8,57.2743,15500.8,46615.8,-6.25956,-10.2004,-3.94412,-0.797011,-2.29661,0.832149,11574.4,55.1474,15443.4,0.5243,0.991731,0.00653506,22075.9,-0.00263936,1.03581,12.5904,11.0391,121.461,86.928,1.28515,12.5533,12.2654,119.29,136.834,2.17113,-49.9059 
58,42.92,58,26547.6,-0.728044,53.6566,12.2865,120.939,-0.066088,622.841,279.753,-6.84243,-1.84167,-9.06769,-2.42127,0.926579,13.7525,12593.6,53.2602,16034,22800.8,-6.92903,-1.92827,-9.24088,-2.50787,0.839983,0.532488,12574.3,52.5457,16014.7,0.53589,0.99274,0.00600779,23464.3,-0.00261248,1.1856,12.2981,10.7377,121.569,86.617,1.36147,12.3071,12.2376,119.678,136.282,1.89098,-49.6649 
59,42.86,59,23475.3,-0.742616,48.5513,-12.2372,121.16,1.03899,303.892,429.254,-3.91095,-2.00901,-9.19608,-3.13944,0.909204,14.2896,11445.6,55.8457,14024.1,29619.4,-4.00093,-2.09899,-9.37604,-3.22942,0.819226,0.475793,11425.5,55.1034,14004.1,0.545415,0.991631,0.00719617,20948.3,-0.0026037,1.06326,12.3846,10.8609,121.957,86.7748,1.19647,12.2415,12.3458,119.736,136.663,2.22039,-49.8879 
60,42.9,60,24970.2,-0.777141,50.2058,12.5587,121.053,0.954902,151.388,427.816,-1.63277,-3.50859,-3.73739,-0.139638,-0.662417,18.5596,11665.2,60.766,15455.5,25231.5,-1.74963,-3.62545,-3.97112,-0.256503,-0.779282,0.617499,11639.2,59.8018,15429.4,0.525917,0.991089,0.00708907,22131.2,-0.00252209,1.01285,12.6905,11.2062,121.766,86.3402,1.2381,12.5414,12.6863,119.582,136.203,2.18378,-49.8623 
61,42.88,61,21180.4,-0.25101,41.7662,12.5679,120.945,0.136126,-31.6867,500,-9.1582,-4.81302,-8.75218,-1.57444,-1.60252,54.5321,10246.8,57.9937,12961.7,17228,-9.50157,-5.15639,-9.43893,-1.91781,-1.94589,0.66242,10170.3,55.1609,12885.2,0.537194,0.990598,0.00782425,18932.2,-0.00242445,0.895062,12.8171,11.057,121.779,87.0987,1.05361,12.7439,12.3914,119.498,136.932,2.2809,-49.8336 
62,42.91,62,25101.7,-0.0999243,49.9314,12.2671,121.218,0.145637,-228.681,500,-8.13934,-6.08047,-7.187,-2.07727,-1.08368,74.8482,12081.1,61.0315,15185.9,21023.5,-8.61063,-6.55177,-8.1296,-2.54856,-1.55497,0.703251,11976.2,57.1433,15081,0.538709,0.991719,0.00693155,22231.2,-0.0025827,1.09972,12.4875,10.9276,122.035,86.5036,1.27987,12.4258,12.1618,119.78,136.237,2.25548,-49.7334 
63,42.87,63,27622.4,-0.78617,53.6987,12.8337,121.037,2.53399,-2714.11,35.764,-7.01694,-3.92384,-5.85798,-0.0588656,-2.80074,55.9959,12964.8,68.9217,16634,246321,-7.36953,-4.27643,-6.56317,-0.411457,-3.15333,0.698577,12886.3,66.0128,16555.5,0.533725,0.991115,0.00729159,24144,-0.00249173,1.10879,12.8551,11.2517,121.896,86.38,1.29217,12.8636,12.7983,119.591,136.305,2.30486,-49.9251 
64,42.92,64,25515.1,-0.675465,52.2233,12.0794,120.776,0.220033,172.021,18.3956,-6.98823,-3.18388,-9.41887,-2.56,0.588072,42.0256,12058.1,41.8248,15527.1,21767.6,-7.25285,-3.44851,-9.94812,-2.82463,0.323448,0.570288,11999.2,39.6416,15468.2,0.532882,0.994252,0.00469873,22517.6,-0.0023693,1.1614,12.0614,10.5754,121.545,87.4614,1.3873,12.0626,11.7985,119.488,137.123,2.05678,-49.6614 
65,42.86,65,25933.8,-0.373991,51.8415,12.2302,121.186,0.292797,-73.0753,499.992,-2.75958,-3.50773,-4.88299,-5.35901,-1.94651,60.2359,12227.4,63.4988,15613.4,21336.3,-3.13887,-3.88702,-5.64157,-5.7383,-2.3258,0.727875,12142.9,60.3697,15528.9,0.534869,0.991375,0.00711039,22702.5,-0.00228194,1.14575,12.3346,10.6912,121.765,86.7788,1.33422,12.2789,12.111,119.748,136.45,2.01719,-49.6716 
66,42.86,66,24442.4,-0.252197,48.7213,12.3004,120.892,-0.843039,-1627.96,8.88276,-6.09412,2.05376,-5.36513,-3.01838,-1.77854,85.0828,11768.2,53.5987,14777.4,64186.1,-6.62986,1.51802,-6.43662,-3.55412,-2.31428,0.630438,11648.9,49.1788,14658,0.538892,0.992666,0.00614244,21616.4,-0.00253841,1.13467,12.1084,10.635,121.735,86.6907,1.31327,12.0694,11.9033,119.638,136.19,2.09641,-49.4993 
67,42.86,67,25081.8,-0.00484839,50.7769,11.9451,121.168,-0.00624937,30.6059,0.455677,-9.32572,-6.45483,-8.71077,-2.7,-0.84568,97.8076,11597.7,46.7246,15627.6,19751,-9.94159,-7.0707,-9.94251,-3.31587,-1.46155,0.686675,11460.5,41.6437,15490.4,0.521076,0.993681,0.00492784,21994,-0.00261472,1.11682,12.2431,10.5008,121.905,87.3449,1.39749,12.1845,11.7514,119.943,137.108,1.96181,-49.7635 
68,42.86,68,27210.4,-0.55068,54.3947,12.2636,121.299,0.317348,480.393,500,-4.01277,-1.4122,-7.28022,-3.43799,-1.21158,74.7533,13224.4,68.358,16008.7,26678.2,-4.48347,-1.8829,-8.22162,-3.90869,-1.68229,0.592565,13119.5,64.4747,15903.8,0.548152,0.991473,0.00741261,23934.1,-0.00248422,1.26447,12.2847,10.5815,121.935,86.2089,1.39827,12.2527,11.8829,119.988,135.561,1.94705,-49.3521 
69,42.86,69,24607,-0.704135,51.1345,12.0144,121.031,0.941278,820.28,0.0640464,-4.68003,-3.20767,-12.3731,-4.44153,-0.400774,26.1835,12105.2,43.3692,14725.2,45134,-4.8449,-3.37254,-12.7028,-4.6064,-0.565645,0.513159,12068.5,42.009,14688.4,0.547159,0.993945,0.00524082,22056.6,-0.00251196,1.17425,12.0128,10.5442,121.696,86.3519,1.32548,12.0233,11.7778,119.636,136.069,2.05952,-49.7172 
70,42.86,70,26594.7,-0.515209,54.1299,11.9802,121.164,1.59194,-272.949,17.2355,-7.04388,-1.14295,-3.1126,-1.10545,-1.17598,59.1029,12392.9,59.8588,16156.7,35255.3,-7.41604,-1.51511,-3.85692,-1.47761,-1.54813,0.756104,12310,56.7885,16073.8,0.529686,0.991992,0.00646603,23240.2,-0.0023972,1.14351,12.3351,10.876,121.792,87.7423,1.37523,12.3194,12.147,119.781,137.711,2.01148,-49.9682 
71,42.86,71,27439.6,0.00339715,53.5019,12.2575,121.002,-0.0246855,-16.1844,2.0185e-12,-8.8493,-6.35229,-7.18741,0.480151,-3.439,30.5258,13156.1,78.7528,16124.3,21361.4,-9.04151,-6.54451,-7.57184,0.287938,-3.63121,0.714283,13113.2,77.1671,16081.5,0.54528,0.989807,0.0087619,24048.7,-0.00222352,1.20025,12.4201,10.9051,121.633,86.8945,1.33244,12.5358,12.2479,119.612,136.784,2.02084,-49.8894 
