cyc,freq,cyc,ROIsum,fBg,fA1,fWidth1,fCtr1,fA2,fWidth2,fCtr2,box1,box2,box3,box4,box5,box6,box7,box8,box9,Nfit,BZ-2,BZ-1,BZ0,BZ1,BZ2,Excited,c5,c7,c9,fraction95,fraction75,fraction97,sum95,two2D_bg,two2D_a1,two2D_sh1,two2D_sv1,two2D_ch1,two2D_cv1,two2D_a2,two2D_sh2,two2D_sv2,two2D_ch2,two2D_cv2,two2D_chd,two2D_cvd
0,42.8365,0,26127.3,-0.0785689,53.9116,11.9695,119.785,0.0379852,-11.4675,500,-4.23619,0.980772,-5.96171,-0.304941,1.94229,62.787,13172.3,95.5398,15618.7,21020.6,-4.63154,0.585419,-6.75242,-0.700294,1.54694,0.321495,13084.2,92.2781,15530.6,0.494854,0.987808,0.0108267,26440.5,-0.00284745,1.20433,12.186,11.0383,120.064,86.9233,1.3262,12.2176,12.2032,118.683,136.631,1.38083,-49.7082 
1,43.3665,1,25539,0.00644647,53.7828,11.8044,119.657,0.00488131,3.68675,500,-7.11934,-6.33061,-4.10091,-2.1623,-4.5467,107.123,12875.7,74.2638,15489.8,20667.8,-7.79387,-7.00513,-5.44995,-2.83683,-5.22123,0.80747,12725.4,68.699,15339.6,0.490998,0.990641,0.00818244,25917.5,-0.00301765,1.20679,12.074,10.8602,119.999,86.1952,1.32193,12.0544,12.3398,118.546,136.106,1.45305,-49.9107 
2,43.1465,2,23204.5,-0.862247,49.2076,-12.2301,119.879,0.415966,304.005,2.70742,-4.25631,-0.983842,-0.219447,0.651131,-1.15743,115.321,11242.8,68.8655,14673,23707.7,-4.98246,-1.70999,-1.67174,-0.0750136,-1.88358,0.838054,11081,62.8748,14511.2,0.470319,0.990168,0.00791836,23560.7,-0.00301027,1.03459,12.2897,10.9297,120.264,85.8528,1.22279,12.164,12.5855,118.7,135.781,1.56308,-49.928 
3,43.1265,3,28021.1,0.0166941,55.6364,12.3435,119.734,0.133343,-114.841,4.47652e-09,-7.09605,-4.86303,0.147242,-0.0692978,2.54138,114.184,13651.5,104.111,17079.1,22854.5,-7.81504,-5.58201,-1.29073,-0.788282,1.8224,0.905467,13491.3,98.179,16918.9,0.481118,0.987425,0.0105765,28041.6,-0.00300918,1.21346,12.3604,11.2465,120.194,86.2182,1.34231,12.7144,12.6853,118.561,135.809,1.63286,-49.5912 
4,43.2865,4,23037.6,-0.127618,49.2884,11.7484,119.707,0.0157455,111.82,500,-5.3399,-0.993961,-2.61942,-1.31284,1.40276,37.5094,11501.4,69.6019,14514.7,18907.7,-5.57609,-1.23015,-3.09179,-1.54902,1.16657,0.699256,11448.8,67.6534,14462.1,0.479306,0.989765,0.00854373,23886.2,-0.00310426,1.10738,11.9028,10.6801,120.067,86.3221,1.26639,11.9866,12.1644,118.666,136.109,1.40036,-49.7869 
5,43.3565,5,26520.4,-0.722675,56.3204,11.9496,119.72,0.481845,579.339,2.10075e-06,-8.11441,-0.801444,-4.40376,2.77439,-2.79743,185.308,12981.2,86.4245,16400.4,30995.9,-9.28125,-1.96828,-6.73743,1.60756,-3.96427,0.668819,12721.3,76.7981,16140.5,0.478207,0.989546,0.00868879,26602.1,-0.00297143,1.20048,11.8931,11.0318,120.207,86.146,1.38963,12.1239,12.3908,118.565,136.042,1.64181,-49.896 
6,43.3265,6,22892.1,-0.883717,49.7528,12.0087,119.689,0.897367,61.0615,151.145,-8.45657,-3.64512,-5.47072,0.933852,1.00474,79.5847,11208,63.2596,14617.4,21233.3,-8.9577,-4.14625,-6.47296,0.432728,0.503614,0.652749,11096.4,59.1253,14505.8,0.470758,0.990762,0.00745244,23571.3,-0.00311045,1.06864,12.1182,10.6587,120.082,87.0294,1.26684,11.9271,12.2899,118.615,136.928,1.46764,-49.8981 
7,43.4165,7,24362.2,-0.83038,52.4937,11.8748,119.553,0.202115,401.836,194.294,-8.2664,-2.76202,-6.93287,2.22252,0.737502,65.8333,12031,76.7982,15115.2,22936,-8.68094,-3.17655,-7.76194,1.80799,0.322967,0.556168,11938.6,73.3783,15022.9,0.480267,0.989358,0.00891742,24858.3,-0.00292796,1.17396,11.6533,10.7355,119.935,86.5654,1.3556,11.9063,11.917,118.473,136.149,1.46142,-49.5839 
8,43.0365,8,25665.9,-0.784656,54.0989,12.1408,119.863,3.81282,-4044.22,244.785,-4.60248,-6.22069,-4.88193,0.189608,0.973464,120.565,12797.9,76.1734,15496.4,523349,-5.36164,-6.97986,-6.40027,-0.56956,0.214295,0.664855,12628.8,69.9103,15327.3,0.489293,0.990405,0.00833215,25810.2,-0.00280784,1.20925,12.0316,10.7693,120.258,86.8109,1.30956,12.1165,12.4051,118.644,136.701,1.61477,-49.8898 
9,43.0965,9,24243.6,-0.857356,51.0178,12.2278,119.828,0.227092,-350.373,188.86,-7.40937,-3.58212,-4.1675,-7.0602,-2.11471,110.327,11987.9,67.2029,15017,22898,-8.10407,-4.27682,-5.55689,-7.7549,-2.80941,0.805036,11833.2,61.4716,14862.3,0.480736,0.990991,0.00756149,24614.8,-0.00304269,1.12353,12.1988,10.7722,120.167,86.2747,1.2883,12.2476,12.1499,118.756,136.19,1.41171,-49.9151 
10,43.2065,10,17710.2,-0.898938,38.3319,12.6693,119.606,0.285367,626.701,0.191893,-0.175689,-3.45333,-3.58101,-2.81267,-1.04533,71.632,8685.94,48.6919,12102.8,21631,-0.626737,-3.90438,-4.4831,-3.26371,-1.49638,0.674532,8585.47,44.9708,12002.3,0.454078,0.990917,0.00685476,18907.5,-0.00351524,0.713042,13.0301,11.8035,119.958,86.3757,0.948959,12.7021,12.9568,118.582,136.436,1.37663,-50.06 
11,43.3465,11,25240.3,-0.659177,53.1126,12.0447,119.489,0.61602,-102.514,1.27538e-09,-5.99354,-0.922593,-11.0447,-3.03593,-5.40382,107.84,12516.8,78.257,15518.5,22880.9,-6.67258,-1.60163,-12.4028,-3.71497,-6.08286,0.593016,12365.6,72.655,15367.3,0.483381,0.989822,0.00863411,25581.4,-0.0029863,1.16686,12.2221,10.8544,119.834,86.6212,1.32079,12.106,12.2569,118.429,136.455,1.40499,-49.8337 
12,43.2765,12,26976,-0.898397,55.9267,12.2563,119.551,1.78118,-813.425,415.12,-6.2894,-4.027,-3.65579,-2.09332,0.594541,87.0906,13376.6,84.6293,16150.2,69478.9,-6.83779,-4.57539,-4.75256,-2.6417,0.0461551,0.746682,13254.4,80.1051,16028.1,0.490204,0.989534,0.00912248,27038.6,-0.00293333,1.21493,12.3817,11.0246,119.917,86.2644,1.3264,12.2714,12.6239,118.411,135.99,1.50605,-49.7255 
13,43.3365,13,25489.3,-0.0714371,53.1329,11.851,119.283,0.0234775,14.7382,500,-5.55665,-5.52231,-1.66401,-1.26216,-3.60452,149.801,12142,77.7393,16121.2,20509.3,-6.4999,-6.46557,-3.55053,-2.20542,-4.54778,0.847415,11931.9,69.9575,15911.1,0.465809,0.989844,0.00803424,25615.5,-0.00286951,1.15767,12.0252,10.6826,119.631,86.8509,1.38488,12.0392,12.2053,118.097,136.652,1.53433,-49.8014 
14,43.4665,14,26778.4,-0.717504,56.3935,11.9778,119.281,0.0936446,195.934,1.28833e-10,-7.64411,-7.22431,-9.67383,-2.89619,-2.28082,151.337,13098.8,83.1611,16623.5,22586,-8.59704,-8.17724,-11.5797,-3.84912,-3.23375,0.67323,12886.6,75.2995,16411.2,0.477276,0.989878,0.00838127,27000.2,-0.00302759,1.23018,12.0311,10.8505,119.634,86.7737,1.42619,12.0791,12.1675,118.12,136.583,1.51417,-49.8092 
15,43.3665,15,25330.6,-0.855732,54.1618,11.9505,119.8,-3.00022,444.043,490.953,-8.47885,-3.82074,-5.26015,-1.37868,-3.151,107.795,12761.8,72.0408,15697.4,64438.9,-9.1576,-4.49949,-6.61766,-2.05744,-3.82976,0.74705,12610.6,66.4411,15546.2,0.48539,0.990864,0.00781126,25980.3,-0.00333249,1.21297,12.0706,10.7482,120.232,86.5376,1.3923,11.9417,11.9886,118.696,136.494,1.5365,-49.9568 
16,43.2165,16,21890.7,-0.274589,45.4337,12.4594,119.754,1.48383,-1652.77,500,-4.02091,-4.81023,-8.52378,-4.99962,-5.29778,131.947,9966.25,83.8101,14619.6,98262.5,-4.85174,-5.64107,-10.1854,-5.83046,-6.12862,0.68792,9781.18,76.9557,14434.5,0.440695,0.986418,0.0097254,22194.9,-0.00298326,0.800879,12.8952,11.9291,120.072,87.1889,1.09721,12.7809,13.2987,118.506,137.41,1.56554,-50.2213 
17,43.3565,17,30005.8,-0.329707,60.1229,12.3096,119.772,0.379777,-15.0227,499.999,-3.73718,-4.21101,-0.01827,-2.59004,-4.24357,161.281,14499,107.822,18156.2,24278,-4.75272,-5.22656,-2.04935,-3.60558,-5.25911,0.901913,14272.8,99.4436,17930,0.480685,0.987954,0.0101134,29692.6,-0.00289546,1.27138,12.5291,11.2418,120.155,86.5533,1.45172,12.4345,12.6776,118.559,136.283,1.59572,-49.7301 
18,43.0565,18,27160.7,-0.920276,57.1488,12.1496,119.788,0.279063,661.622,30.8152,-10.0704,-6.31347,-6.13347,-4.27535,-0.70618,90.9656,13549.5,91.8745,16095.9,28613.3,-10.6432,-6.88626,-7.27904,-4.84814,-1.27897,0.764703,13421.9,87.149,15968.3,0.494277,0.988765,0.00995344,27154.7,-0.00275138,1.23751,12.2773,11.0135,120.118,85.8793,1.30826,12.1652,12.8004,118.565,135.62,1.5535,-49.7407 
19,43.2665,19,25499.7,-0.927726,54.0684,12.1901,119.731,1.21168,-811.437,343.291,-2.11414,-3.82333,-9.0305,-0.412479,-3.34625,110.101,12571.8,77.8435,15935.6,53462.2,-2.80742,-4.51661,-10.4171,-1.10575,-4.03952,0.544836,12417.4,72.124,15781.2,0.47779,0.989938,0.00834862,25989.2,-0.00319606,1.1462,12.2576,11.0563,120.009,86.6266,1.33773,12.1443,12.4055,118.577,136.23,1.43278,-49.6036 
20,43.1065,20,27651,-0.0361895,56.9807,11.9016,119.674,0.0459149,-51.861,499.998,-6.90932,-5.6837,-6.68324,-3.97077,-0.640386,49.0736,13701.2,74.5005,16930.5,22154,-7.21833,-5.9927,-7.30125,-4.27977,-0.94939,0.716362,13632.4,71.9513,16861.7,0.484561,0.990848,0.00779921,28133.4,-0.00324096,1.25711,12.3823,10.8733,120.014,86.3847,1.43902,12.229,12.1952,118.614,136.157,1.39977,-49.7721 
21,43.2365,21,22034.3,-0.314697,46.3237,12.551,119.499,0.682472,-321.6,0.119985,-3.11798,-7.34569,-5.99276,-4.46457,-1.19812,110.719,10556.3,70.9424,14433.9,26071.7,-3.81515,-8.04286,-7.3871,-5.16174,-1.89529,0.719144,10401,65.1908,14278.6,0.458586,0.98915,0.00834022,22680.6,-0.00321912,0.946084,12.2567,11.2509,119.822,86.638,1.19272,12.2855,12.5748,118.207,136.399,1.61491,-49.7611 
22,43.1165,22,25903.7,0.00548861,52.7428,12.0611,119.448,-0.0876313,-38.5661,3.17828e-12,-3.98993,-7.21336,-9.09221,-5.63229,-5.20177,94.2197,12228.4,80.2117,16264.4,20818.3,-4.58321,-7.80664,-10.2788,-6.22557,-5.79505,0.70369,12096.3,75.3171,16132.3,0.465779,0.989221,0.00852696,25970,-0.00272384,1.10211,12.3118,10.9968,119.748,87.1741,1.35235,12.2458,12.4424,118.381,137.156,1.36715,-49.9816 
23,43.3165,23,23915.5,-0.0775082,50.5202,11.8108,119.749,-0.044228,-212.572,500,-7.27556,-6.44133,-6.29816,-2.59815,-3.70913,80.561,11761.5,75.8291,15087.5,19730.1,-7.78283,-6.9486,-7.3127,-3.10542,-4.2164,0.75098,11648.5,71.6441,14974.5,0.474934,0.989351,0.00873639,24526.6,-0.00309718,1.12439,11.9549,10.7676,120.106,86.85,1.30201,12.1173,12.1283,118.566,136.921,1.54069,-50.0714 
24,43.1365,24,22431.2,-0.199967,47.9554,11.9424,119.767,0.38097,-111.995,500,-7.11878,-2.20187,-8.40814,-3.09662,0.0567808,120.54,11155.1,79.096,14254.5,20032.3,-7.87779,-2.96088,-9.92616,-3.85563,-0.702228,0.608013,10986.1,72.8341,14085.4,0.475597,0.988531,0.00943543,23099.6,-0.00316992,1.02402,12.1673,11.0327,120.154,87.1114,1.20384,12.1564,12.3983,118.584,136.865,1.56958,-49.7535 
25,42.8865,25,27584.1,-0.86935,57.3772,12.1608,119.561,-0.342799,5430.13,1.56629,-4.71707,-4.60081,-5.15928,-10.2607,-4.8269,115.456,13386.5,72.0052,16876.5,83310.5,-5.44407,-5.32781,-6.61327,-10.9877,-5.55389,0.805072,13224.6,66.0075,16714.5,0.479167,0.991341,0.00722213,27599.1,-0.0028138,1.25825,12.1615,10.7284,119.759,86.8718,1.45161,12.0844,12.1391,118.378,136.818,1.38046,-49.9458 
26,43.1865,26,16944.8,-0.0325285,36.2433,12.3133,119.756,-0.00235029,12.7624,500,-5.13795,-1.54163,-6.16953,-6.75117,-1.75491,32.9572,8387.79,61.0739,11648,14528.7,-5.34548,-1.74915,-6.58458,-6.9587,-1.96243,0.708651,8341.56,59.3619,11601.8,0.455348,0.987699,0.00933733,18319.1,-0.00344785,0.697623,12.9398,11.6622,120.099,86.7598,0.93387,12.6004,12.7688,118.618,136.697,1.48122,-49.9375 
27,43.2265,27,20622,0.100237,42.7535,-12.1308,119.65,-0.416314,243.722,499.709,-5.04586,-2.8985,-4.2057,-4.88805,-1.39434,20.7321,9846.67,45.4568,13488.1,20186.3,-5.1764,-3.02905,-4.46679,-5.01859,-1.52489,0.767545,9817.59,44.3798,13459,0.45893,0.992151,0.00603748,21392.3,-0.00298749,0.847511,12.6168,11.3775,120.086,87.0552,1.10388,12.3471,12.6593,118.503,137.226,1.583,-50.1705 
28,43.3165,28,24419.9,-0.845365,51.1986,12.2328,119.765,2.73448,-179.254,98.1135,-3.50095,-2.59733,-9.17123,-4.97045,-1.85741,62.7319,11955.3,76.7723,15324.2,36344.8,-3.89595,-2.99234,-9.96124,-5.36546,-2.25242,0.592877,11867.4,73.5135,15236.2,0.475256,0.989276,0.00880973,24970.5,-0.00315332,1.10653,12.2359,10.9177,120.122,86.9859,1.30515,12.2791,12.1818,118.646,136.902,1.47591,-49.9164 
29,43.2565,29,24353,-0.0420057,49.8745,12.2027,119.274,-0.0157814,-60.3434,2.97184,-7.68376,-5.93071,-4.55363,-0.584463,-5.28014,46.1098,11596.8,61.3957,15801.3,19843,-7.9741,-6.22105,-5.13431,-0.874804,-5.57049,0.800801,11532.2,59.0004,15736.6,0.460079,0.991126,0.00685913,25065.7,-0.00329239,1.05632,12.2879,11.0154,119.766,86.991,1.33626,12.4193,12.1226,118.274,136.647,1.49165,-49.6559 
30,43.3065,30,24990.4,-0.105464,52.3758,11.9319,119.452,0.104155,-0.680186,500,-9.63549,-3.74272,-5.1217,-2.75796,-5.96505,77.9488,12156.6,75.2612,15720.6,20346.3,-10.1263,-4.23354,-6.10334,-3.24879,-6.45587,0.797687,12047.3,71.2119,15611.2,0.472943,0.989762,0.00833289,25472.9,-0.00303949,1.11616,12.1014,11.0153,119.698,87.1988,1.32452,12.2219,12.3345,118.253,137.114,1.44485,-49.9149 
31,42.9365,31,25721.4,-0.0138753,54.0444,11.7681,119.359,-0.133953,143.197,499.934,-4.8388,-5.63989,-5.1938,-5.38842,0.429092,132.214,12436.4,75.7229,16058.5,21328.3,-5.67132,-6.47241,-6.85883,-6.22094,-0.403425,0.732358,12251,68.8546,15873.1,0.472977,0.99026,0.00792738,25901.8,-0.00292721,1.17966,11.9751,10.7911,119.569,87.0837,1.37991,12.0476,12.2359,118.268,136.728,1.30089,-49.644 
32,43.3365,32,22763.9,-0.0888178,49.2248,11.6256,119.515,-0.00808717,101.166,500,-8.31093,-0.347433,-1.47468,-1.99081,-1.67337,120.095,11311.7,46.5412,14464.4,18655.9,-9.06714,-1.10364,-2.9871,-2.74702,-2.42957,0.837077,11143.3,40.3025,14296,0.475439,0.99371,0.00516633,23437.8,-0.00321574,1.0838,11.9972,10.6678,119.863,87.3074,1.30062,11.8984,11.9488,118.381,137.231,1.48208,-49.9233 
33,43.1765,33,16796.1,-0.376636,36.6069,12.3407,119.598,0.344241,-306.938,5.55207e-09,-4.66523,-2.84143,1.13925,0.143166,-3.29085,112.394,7917.11,56.6397,11994.8,18145.7,-5.37294,-3.54915,-0.27618,-0.564549,-3.99857,0.979931,7759.47,50.8011,11837.1,0.432538,0.988673,0.0078437,17939.4,-0.00344505,0.674385,12.8037,11.4039,120.001,87.4453,0.949921,12.6372,12.9286,118.4,137.637,1.60106,-50.1921 
34,42.9865,34,23171.9,-0.645091,49.7545,12.0065,119.49,-0.29251,445.401,500,-5.8448,-7.56207,-6.35389,-3.89683,1.78688,143.057,11418.1,71.1847,14622.8,23687.9,-6.7456,-8.46286,-8.15548,-4.79762,0.886088,0.700996,11217.4,63.7532,14422.2,0.474902,0.990152,0.00807724,23620.5,-0.0030651,1.07097,12.0741,10.8213,119.856,87.2695,1.26506,12.0546,12.2362,118.222,137.241,1.6335,-49.9713 
35,43.1665,35,21435.5,-0.118895,44.0527,-12.353,119.399,0.130105,-57.017,500,-5.54894,-3.13774,-10.7259,-7.7126,-0.627391,132.125,10171.5,68.6834,14161.3,17956.5,-6.38089,-3.96969,-12.3898,-8.54456,-1.45935,0.62162,9986.22,61.8198,13976,0.453804,0.989283,0.0080823,22005.6,-0.00315261,0.86685,12.6609,11.4537,119.808,87.59,1.12934,12.6304,12.6723,118.221,137.714,1.58641,-50.1244 
36,43.2465,36,21684.1,-0.064362,46.5691,11.8818,119.668,0.0343669,31.1722,499.831,-5.64388,-3.30223,-7.87819,-0.147905,-0.352432,117.664,10543.5,63.2321,14085.9,18047.5,-6.38478,-4.04313,-9.35999,-0.888803,-1.09333,0.570052,10378.5,57.1197,13920.9,0.464353,0.99046,0.00750177,22350.5,-0.00343902,0.947917,12.4286,11.2209,120.118,87.2419,1.2026,12.097,12.4617,118.535,137.206,1.58365,-49.9643 
37,43.1565,37,24483.9,-0.0250758,50.8429,11.9614,119.563,-0.0442798,-56.1563,500,-7.56395,-5.77647,-7.04945,-3.44519,-3.67238,72.5962,11658.9,72.9016,15476.5,19878.3,-8.02107,-6.23359,-7.96368,-3.9023,-4.1295,0.736739,11557.1,69.1304,15374.6,0.466402,0.989641,0.00821478,24779.3,-0.00288431,1.03891,12.2976,11.1851,119.957,87.1878,1.25996,12.2554,12.7706,118.447,137.362,1.51037,-50.1747 
38,43.1965,38,19202,-0.0556794,40.1274,12.3423,119.522,0.0275741,-1.02768,8.23235e-12,-10.1463,-2.62574,-1.27186,-2.2896,0.101716,132.144,9145.3,65.7719,12738.4,16123.4,-10.9784,-3.45781,-2.93602,-3.12168,-0.730361,0.861667,8959.96,58.9073,12553.1,0.45354,0.988625,0.00857029,19755.6,-0.00297646,0.731016,13.0131,11.8983,119.87,86.6941,0.962568,12.7235,13.3467,118.229,137.035,1.64015,-50.3407 
39,43.0765,39,26099.2,-0.105864,54.8146,11.8262,119.622,0.0712675,-39.3092,500,-7.88367,-4.75795,-10.0477,-7.85784,-3.41097,123.584,12913.5,72.9981,15744.2,21193.8,-8.66185,-5.53612,-11.6041,-8.63601,-4.18915,0.699588,12740.1,66.5781,15570.9,0.487547,0.990938,0.00781494,26131.1,-0.00278879,1.19641,12.0476,11.035,120.048,87.0185,1.35385,11.9964,12.284,118.476,137.146,1.57216,-50.1277 
40,43.3765,40,25475.9,-0.138575,52.7818,12.027,119.358,0.129118,378.006,500,-4.4526,-2.63556,-6.08016,-0.527754,-1.30641,87.8308,12396.2,74.6398,15905.1,22253.9,-5.00565,-3.18861,-7.18626,-1.0808,-1.85946,0.607754,12273,70.0772,15781.9,0.474861,0.990107,0.00811321,25845.5,-0.00300533,1.143,12.1486,10.8974,119.638,87.2826,1.36473,12.2951,12.0752,118.211,137.143,1.42732,-49.8599 
41,43.0865,41,25747.9,-0.0978182,52.9954,12.0493,119.639,0.0276868,-8.89839,500,-2.2586,-3.41043,-5.68432,0.799271,-2.72642,184.251,12804.7,74.6532,15771.8,20795.2,-3.41878,-4.57061,-8.00467,-0.360907,-3.8866,0.604543,12546.3,65.0818,15513.4,0.484642,0.991004,0.00766874,25887.8,-0.00302981,1.17181,12.2904,10.8954,119.975,87.3731,1.35401,12.2592,12.0905,118.44,137.374,1.53504,-50.0007 
42,43.2965,42,27700.3,-0.00520934,57.3229,11.9418,119.445,-0.0338196,-26.9776,0.975283,-4.92921,-5.52298,-7.96673,-5.53605,-2.67644,122.677,13535.2,92.6968,17010.9,22313.7,-5.70167,-6.29544,-9.51165,-6.30851,-3.4489,0.695785,13363.1,86.324,16838.9,0.479918,0.988822,0.00935515,27844.5,-0.0030103,1.25837,12.0895,10.8815,119.789,86.3343,1.41541,12.2098,12.4825,118.161,136.1,1.62754,-49.7652 
43,42.8365,43,22230.9,-0.895689,49.8515,11.7241,119.657,1.19604,467.146,15.3096,-3.45584,-3.86105,-2.16365,-2.31877,-1.4486,56.9061,11208.3,61.7426,14135.1,37214.6,-3.81417,-4.21938,-2.8803,-2.6771,-1.80692,0.812942,11128.5,58.7865,14055.3,0.479345,0.99084,0.00764574,23216,-0.00336548,1.12827,11.6821,10.5062,119.934,87.0777,1.2799,11.7313,12.034,118.614,136.96,1.31997,-49.8824 
44,43.3665,44,24627.1,-0.458851,52.4692,11.8485,119.692,0.609255,237.133,0.104072,-9.79335,-10.5287,-2.69837,-7.05635,-3.33271,151.037,12330.1,70.6029,15242.1,24940.9,-10.7444,-11.4797,-4.60045,-8.00739,-4.28375,0.882389,12118.3,62.7569,15030.3,0.483873,0.991019,0.00763274,25044.3,-0.00326747,1.1886,11.9483,10.7168,119.982,87.0082,1.36573,11.9445,11.952,118.634,136.8,1.34769,-49.792 
45,43.1465,45,23252.7,-0.0938918,48.7293,11.9885,119.434,-0.0217552,-74.6578,487.498,-7.95918,-4.31104,-6.98454,-0.0440602,-3.11696,160.006,11098.8,54.3884,14844.8,19070.2,-8.9667,-5.31856,-8.99958,-1.05158,-4.12448,0.683791,10874.4,46.0764,14620.4,0.463767,0.99264,0.0057719,23447.9,-0.00297292,1.01399,12.1905,11.0114,119.714,87.0793,1.24071,12.2335,12.5263,118.446,137.127,1.26815,-50.0478 
46,43.1265,46,23193.2,-0.815573,49.7936,11.975,119.254,0.124431,-101.764,479.479,-5.75579,-6.3208,-3.85073,-1.37733,-3.0761,124.026,11523.2,62.7954,14547.3,19823.1,-6.53674,-7.10176,-5.41264,-2.15828,-3.85706,0.784069,11349.3,56.3525,14373.4,0.478663,0.991386,0.0071704,23710.4,-0.00301993,1.09404,11.9167,10.8082,119.602,87.0005,1.28158,11.9084,12.1385,118.071,137.011,1.53073,-50.0109 
47,43.2865,47,20801.2,-0.728834,46.7501,11.6931,119.669,2.45678,-1990,9.0552e-12,-6.66792,-6.79519,-7.39627,-5.14458,-1.36103,85.9472,10377.7,48.9469,13351.9,176949,-7.20911,-7.33638,-8.47864,-5.68576,-1.90222,0.72303,10257.2,44.4822,13231.4,0.474075,0.992468,0.00615479,21636.2,-0.00325446,1.00403,11.8115,10.7708,119.991,87.0645,1.18678,11.8259,12.2819,118.559,137.188,1.43215,-50.1235 
48,43.3565,48,26438.5,-0.109439,55.0948,11.9225,119.718,-0.0488924,-62.9243,500,-6.03905,-5.99837,-5.24353,-1.37005,-2.57736,134.513,13197.3,75.5224,15975.5,21483.3,-6.88604,-6.84536,-6.93752,-2.21705,-3.42436,0.73632,13008.6,68.5347,15786.8,0.489317,0.990865,0.00793361,26585.3,-0.00296581,1.25155,12.0682,10.73,120.075,86.8679,1.35713,12.1625,12.3055,118.488,136.906,1.58709,-50.0379 
49,43.3265,49,22813.9,-0.257424,48.4778,11.8831,119.351,0.230473,-19.4954,500,-6.38099,-2.80539,-4.08675,-4.42068,-3.47435,169.476,11077.9,71.8487,14720.8,18899.1,-7.44813,-3.87253,-6.22104,-5.48783,-4.5415,0.774363,10840.2,63.0447,14483.1,0.465332,0.989925,0.00795488,23295.7,-0.00311291,1.05938,12.0523,10.6246,119.686,87.056,1.27841,12.0855,12.1131,118.318,136.92,1.36794,-49.8639 
50,43.4165,50,24688.1,-0.13231,50.9463,11.9875,119.24,-0.163461,61.1253,89.7513,-4.08302,-9.08699,-2.29276,-4.14903,-2.28207,82.6634,12647.6,74.9255,14798.8,20206.2,-4.60353,-9.6075,-3.33378,-4.66954,-2.80258,0.866739,12531.7,70.6313,14682.9,0.4981,0.990233,0.00878352,25159,-0.00282799,1.18394,12.1093,10.7739,119.776,87.2747,1.29628,12.0867,11.9579,118.216,137.232,1.55989,-49.9575 
51,43.0365,51,25959.8,-0.111708,53.9213,11.9288,119.609,0.0928485,-53.4231,500,-3.34066,-5.53057,-4.63144,-3.86861,-1.67311,96.2136,12795.2,68.6562,16051.8,21100.3,-3.9465,-6.1364,-5.8431,-4.47444,-2.27894,0.742361,12660.3,63.6581,15916.8,0.480489,0.991277,0.00731347,26348.8,-0.00318617,1.20597,12.0805,10.7865,119.931,87.4356,1.39274,12.1818,12.0965,118.555,137.348,1.376,-49.9119 
52,43.0965,52,23579.6,-0.941996,51.6286,11.9896,119.554,-0.79942,383.225,295.92,-7.66547,-5.4798,-6.13326,-5.52068,-0.634482,146.014,11975,62.4683,14667.5,30123.7,-8.58488,-6.39921,-7.97208,-6.44009,-1.55389,0.742422,11770.2,54.8832,14462.7,0.486208,0.991906,0.0069419,24208.1,-0.0032972,1.15722,11.9771,10.6346,119.889,87.1443,1.27982,11.9702,12.2293,118.474,137.041,1.41466,-49.8965 
53,43.2065,53,19531.1,-0.968894,42.5091,12.5648,119.197,1.14622,-873.57,128.779,-3.48507,-5.28445,-8.01818,0.751662,-2.9194,127.991,9561.79,68.8833,12920.3,49983,-4.291,-6.09037,-9.63004,-0.0542644,-3.72533,0.595224,9382.27,62.2344,12740.8,0.461287,0.988525,0.00891782,20339.3,-0.00335548,0.793963,12.672,11.8205,119.66,86.7935,0.95877,12.7748,13.636,118.052,137.022,1.608,-50.2287 
54,43.3465,54,22594.2,-0.128925,49.9491,11.4769,119.215,0.198114,16.8116,1.46108e-06,-7.79707,-5.7198,-0.346024,-0.158136,-4.51415,113.429,11337.9,64.5845,14355,18770,-8.5113,-6.43403,-1.77449,-0.872369,-5.22838,0.922242,11178.8,58.6921,14195.9,0.477986,0.990896,0.0075585,23387.3,-0.00331128,1.12613,11.7077,10.6175,119.689,86.7393,1.28886,11.7485,12.0776,118.143,136.545,1.54584,-49.8062 
55,43.2765,55,23068.5,-0.881484,50.9904,11.7874,119.214,-0.109421,-177.914,128.272,-6.017,-2.89492,-2.92768,0.813293,-1.96931,121.452,11052.6,63.377,14715.7,20199.7,-6.78175,-3.65967,-4.45718,0.0485431,-2.73406,0.746522,10882.3,57.0678,14545.3,0.465229,0.990906,0.00717555,23391.3,-0.00300836,1.07034,11.698,10.8641,119.621,86.9426,1.2742,11.9965,12.3279,118.158,136.912,1.46288,-49.9699 
56,43.3365,56,22283.9,-0.87523,49.3507,11.8841,119.483,0.847403,-53.8895,441.13,-8.51171,-4.45275,-7.33321,-1.43853,-1.05539,94.8195,11093.4,63.4734,13927.2,20578.8,-9.10877,-5.0498,-8.52732,-2.03558,-1.65244,0.676676,10960.4,58.5477,13794.2,0.480226,0.990738,0.00775793,22823.4,-0.003152,1.06226,11.9222,10.8996,119.718,86.4802,1.20816,11.9667,12.3681,118.351,136.188,1.3671,-49.7075 
57,43.4665,57,25749.3,-0.0390915,54.7006,11.623,119.161,-0.125409,70.6084,500,1.79399,-4.79852,-2.2916,1.90671,0.566048,94.566,12792.5,55.8987,15551.7,20985.2,1.19853,-5.39397,-3.48251,1.31125,-0.029409,0.455527,12659.9,50.9861,15419,0.488417,0.993001,0.00605441,25920.2,-0.00280754,1.2424,11.8219,10.7292,119.405,86.9028,1.36219,11.81,12.2427,118.095,136.74,1.30926,-49.8369 
58,43.3665,58,24548.5,-0.833339,52.2489,12.0143,119.285,2.33984,-1665.26,375.251,-6.70848,-4.60625,-8.99278,0.718175,-2.51432,103.417,11890.9,60.207,15195.2,147277,-7.35967,-5.25743,-10.2952,0.0669886,-3.16551,0.604197,11745.9,54.8348,15050.1,0.475754,0.991896,0.00666691,24689,-0.00280784,1.14064,11.9795,10.718,119.786,86.943,1.30697,12.0479,12.2805,118.201,136.879,1.5854,-49.9357 
59,43.2165,59,20216.5,-0.0476128,42.2281,12.2427,119.132,-0.0325618,52.8522,500,-0.372424,-3.80072,-8.18435,3.43825,-3.76318,30.311,9498.54,67.1315,13594.7,16885.6,-0.563284,-3.99158,-8.56607,3.24739,-3.95404,0.380509,9456.03,65.5569,13552.2,0.447921,0.988013,0.00883222,21110.9,-0.00318057,0.797524,12.7232,11.5599,119.431,87.2686,1.06282,12.8128,12.8225,118.07,137.533,1.36065,-50.264 
60,43.3565,60,25936.5,-0.0856894,54.096,11.7682,119.113,0.0356447,-118.082,500,-5.45611,-3.89589,-4.96299,-1.25888,-1.26943,106.908,12146.7,74.5173,15973.1,20860.9,-6.12929,-4.56906,-6.30934,-1.93205,-1.94261,0.697863,11996.8,68.9636,15823.2,0.468539,0.99004,0.00796468,25604.7,-0.00226183,1.13729,11.855,10.9393,119.412,87.2805,1.33396,12.0714,12.5298,117.934,137.23,1.47769,-49.9499 
61,43.0565,61,28701.4,-0.151597,58.5321,11.9714,119.336,0.0609292,89.7799,500,-1.17433,-3.02914,-8.13532,-1.44758,-2.57416,63.5723,13982.6,91.8372,17260.4,22988.5,-1.57463,-3.42944,-8.93592,-1.84788,-2.97446,0.523731,13893.4,88.5347,17171.2,0.484756,0.988971,0.00940854,28660.6,-0.00273054,1.27873,12.0844,11.0774,119.708,86.7081,1.43188,12.2203,12.4855,118.246,136.683,1.46179,-49.9747 
62,43.2665,62,23028.8,-0.801994,49.0132,12.0614,119.189,0.326898,607.294,0.144676,-2.84513,-5.20021,-5.60073,-1.32318,-4.10793,48.3743,11436.1,67.4282,14327.6,25707,-3.14973,-5.50481,-6.20993,-1.62778,-4.41253,0.702942,11368.3,64.9152,14259.8,0.48106,0.990106,0.00831613,23631.7,-0.00293376,1.06774,12.1366,10.8457,119.62,86.9239,1.24028,12.0104,12.2449,118.041,136.914,1.57865,-49.9896 
63,43.1065,63,26792.3,-0.319528,55.686,11.9182,119.409,0.213915,-42.7147,9.99325e-08,-4.92746,-3.26048,-5.39828,-2.19464,-4.47125,39.5078,13024.1,80.7775,16162.4,21902.3,-5.17623,-3.50925,-5.89582,-2.44341,-4.72002,0.728862,12968.7,78.7251,16107,0.483533,0.989488,0.00892322,26820.7,-0.00263422,1.21933,12.0744,10.8974,119.75,86.7304,1.36802,12.1187,12.3336,118.269,136.652,1.48174,-49.922 
64,43.2365,64,22434.6,-0.806625,47.1296,12.2807,119.403,0.85235,-5.08941,4.50625,-3.74902,-5.98176,-1.96974,-0.141479,-2.71197,30.7316,10539.9,64.8005,14482.2,18982.6,-3.94253,-6.17527,-2.35675,-0.334988,-2.90547,0.850032,10496.8,63.204,14439.1,0.458086,0.989573,0.00799891,22914.4,-0.00290637,0.933496,12.4946,11.2019,119.839,87.532,1.17827,12.2132,12.8303,118.261,137.597,1.57863,-50.0647 
65,43.1165,65,25445.4,-0.221273,52.9423,11.9067,119.269,0.0931789,374.009,0.00203771,-7.84191,-3.32287,-1.23809,-2.93562,-4.00182,84.3898,12415.1,81.4483,15748.6,21655,-8.37329,-3.85425,-2.30085,-3.467,-4.5332,0.89787,12296.7,77.0644,15630.2,0.477752,0.989152,0.00900072,25738.7,-0.00286115,1.15158,12.0836,10.9308,119.619,87.5666,1.30884,12.1692,12.5226,118.329,137.562,1.28993,-49.9957 
66,43.3165,66,25973.5,-0.384813,54.5702,11.9341,119.561,1.08401,-478.938,5.58829,-7.31072,-4.85895,-6.12355,-6.71886,-3.10443,168.403,12637.5,71.8476,16073.6,38101,-8.37111,-5.91933,-8.24433,-7.77925,-4.16481,0.760887,12401.3,63.0994,15837.4,0.47658,0.991174,0.00728585,26021.5,-0.00289977,1.1796,12.0321,10.9169,119.961,87.5564,1.3823,12.0074,12.2679,118.365,137.472,1.59657,-49.9158 
67,43.1365,67,25230.2,-0.0219831,51.633,11.9776,119.237,-0.0264947,-7.7352,5.44546e-11,-5.30035,2.84514,-3.28036,-0.325901,-4.0421,79.8826,12274.4,83.6999,15499.1,20139,-5.80335,2.34214,-4.28636,-0.8289,-4.5451,0.673335,12162.3,79.5501,15387.1,0.478922,0.988683,0.00943372,25395.2,-0.00263894,1.10148,12.1451,11.1987,119.614,86.9342,1.26594,12.3212,12.5674,118.079,137.006,1.53556,-50.0721 
68,42.8865,68,27794,-0.263124,57.9049,11.8829,119.281,-2.23543,5260.26,500,-6.60315,-4.28174,-8.50529,-3.2807,-2.10348,43.9433,13327.6,87.3882,17066.7,405191,-6.87985,-4.55844,-9.05868,-3.5574,-2.38017,0.657317,13265.9,85.1054,17005.1,0.475647,0.988898,0.00913499,27890.3,-0.00273049,1.2487,12.0424,10.8539,119.511,86.739,1.44649,12.0923,12.3096,118.128,136.604,1.38228,-49.8651 
69,43.1865,69,15388.7,-0.840041,34.3862,12.4913,119.574,-0.0775763,1284.68,426.354,-6.54742,-3.01937,-6.92571,0.544285,-5.07086,116.641,7459.29,61.5599,10889.5,17226.8,-7.28188,-3.75383,-8.39462,-0.190174,-5.80532,0.669839,7295.68,55.5006,10725.9,0.441629,0.986862,0.00944191,16519.9,-0.0033183,0.628471,12.7051,11.6989,119.886,87.4098,0.861813,12.6124,12.9948,118.524,137.733,1.36194,-50.3236 
70,43.2265,70,19239.8,0.00554414,41.1894,12.0675,119.066,0.0322669,-12.1837,500,-7.2035,-4.19931,-8.23352,-2.89359,-2.85395,76.2207,9091.25,62.2412,13090.9,16193.5,-7.68344,-4.67925,-9.1934,-3.37353,-3.33389,0.674725,8984.34,58.2817,12984,0.44586,0.988775,0.00820088,20150.6,-0.00339665,0.788497,12.5803,11.4717,119.412,87.6729,1.06322,12.4994,12.7279,117.883,137.851,1.52886,-50.178 
71,43.3165,71,23618.8,-0.0207372,50.495,11.7713,119.445,-0.0209761,1.14098,500,-4.62241,-7.844,-2.41291,-0.952001,-0.376353,60.4865,11499.2,58.7863,15008.7,19350.2,-5.00328,-8.22487,-3.17465,-1.33287,-0.757221,0.828331,11414.4,55.6441,14923.8,0.470718,0.991541,0.00682151,24248.9,-0.003111,1.09087,12.0367,10.7509,119.724,87.3217,1.28653,12.0933,12.3071,118.382,137.388,1.3411,-50.0662 
72,43.2565,72,24179.5,-0.812694,50.3412,12.2639,118.957,-0.145319,1887.21,499.788,-7.63969,-3.16162,-11.8868,-1.62228,-4.07727,106.534,11364.6,61.4854,15360.4,29025.4,-8.3105,-3.83243,-13.2284,-2.2931,-4.74809,0.591873,11215.2,55.9511,15211,0.461594,0.991345,0.00673027,24296.7,-0.00278299,1.03465,12.2937,10.959,119.307,87.2541,1.27605,12.2794,12.4809,117.861,137.172,1.44687,-49.918 
73,43.3065,73,23879.5,-0.168691,51.3487,11.5887,118.949,-0.0549985,225.053,0.405938,-6.98881,-4.98311,-5.41076,-2.80088,-1.72613,79.1073,11521.2,71.6582,14876,19774.2,-7.48693,-5.48123,-6.407,-3.299,-2.22425,0.742674,11410.3,67.5487,14765.1,0.473293,0.989746,0.00835701,24108.2,-0.00261853,1.11485,11.763,10.6997,119.446,87.2679,1.30838,11.876,12.143,117.961,137.272,1.48453,-50.0041 
74,42.9365,74,26380.9,-0.811593,55.3989,12.0055,119.5,1.55652,-3524.35,93.4333,-6.57286,-8.52538,-7.48912,1.15761,-1.52995,75.8117,12480.4,73.9779,16199.1,200229,-7.05022,-9.00274,-8.44386,0.680249,-2.00731,0.673021,12374.1,70.0396,16092.7,0.472044,0.990192,0.00795354,26213.8,-0.00260206,1.15881,12.1712,10.9092,119.954,87.2613,1.39671,11.9301,12.3364,118.356,137.264,1.59828,-50.0022 
75,43.3365,75,26687.5,-0.0121752,55.9776,11.7377,119.311,-0.0404748,-4.64209,500,-9.01474,-6.42441,-3.02408,-1.45542,-3.56806,98.5378,13309,91.3335,16029.4,21395.2,-9.6352,-7.04487,-4.26501,-2.07589,-4.18852,0.843253,13170.8,86.2147,15891.1,0.490766,0.988674,0.00989513,26837.1,-0.0028085,1.22926,12.0628,10.9982,119.561,87.3091,1.3497,12.0242,12.5062,118.145,137.435,1.41619,-50.1257 
76,43.1765,76,19379.8,-0.064942,41.2754,12.1244,119.403,0.0482313,-219.178,4.56746e-12,-4.95253,-6.18833,-9.09666,0.983624,-6.44809,110.562,9294.49,58.3479,13121.6,16635.1,-5.64871,-6.88451,-10.489,0.287444,-7.14427,0.648951,9139.42,52.6044,12966.6,0.450425,0.990028,0.00741785,20290.7,-0.00327718,0.810496,12.4682,11.421,119.71,87.1157,1.04097,12.4789,12.901,118.292,137.103,1.41804,-49.9871 
77,42.9865,77,28100.6,-0.770397,59.1412,11.9894,119.338,0.412634,560.598,0.0440523,-5.62771,-5.70962,-0.12398,-3.78571,-2.41799,87.8351,13645.2,85.3261,16971.6,30612.8,-6.18079,-6.2627,-1.23013,-4.33878,-2.97106,0.941376,13522,80.7633,16848.4,0.482727,0.989656,0.00875289,28011.6,-0.00282801,1.2767,11.9884,10.9567,119.66,87.4883,1.44001,12.0962,12.397,118.124,137.478,1.53615,-49.9894 
78,43.1665,78,21293.4,-0.0190112,43.6303,-12.1848,119.239,0.139747,-43.0984,500,-9.86999,-8.3499,-2.79541,-6.90149,-0.473093,100.438,9612.21,68.6552,13933.4,17502.3,-10.5024,-8.98233,-4.06027,-7.53392,-1.10552,0.873844,9471.34,63.4377,13792.5,0.443979,0.988415,0.00840147,21332.9,-0.00253365,0.803875,12.7018,11.5835,119.595,87.5361,1.10302,12.5532,12.8446,118.106,137.709,1.48981,-50.1727 
79,43.2465,79,23002,-0.746826,47.4478,12.3152,119.428,1.57566,-429.861,163.48,-5.75469,-6.31604,-4.74835,-3.0491,0.040324,117.181,10811.6,79.911,14653.4,41070.7,-6.49255,-7.0539,-6.22407,-3.78696,-0.697536,0.74339,10647.3,73.8237,14489,0.460766,0.988012,0.00929854,23107.8,-0.00255138,0.949645,12.2673,11.3062,119.794,87.279,1.19912,12.3027,12.5811,118.324,137.222,1.46988,-49.9428 
80,43.1565,80,21907.9,0.00321786,45.5867,12.0724,119.509,-0.00677688,-35.9812,500,-8.7492,-0.0193905,-9.1806,-2.17124,-1.43494,147.368,10905.2,75.0306,13701.1,17923.3,-9.67714,-0.947331,-11.0365,-3.09918,-2.36288,0.593095,10698.5,67.3751,13494.4,0.479674,0.989099,0.00911348,22303.7,-0.00290605,0.964622,12.3899,11.2078,119.889,86.7058,1.11996,12.2968,12.6982,118.286,136.54,1.60287,-49.8342 
81,43.1965,81,16633.6,-0.855798,36.6224,12.5158,119.239,0.836359,-626.765,12.1302,-6.25102,-5.09291,-5.47178,-3.89268,0.316345,90.4832,8198.37,62.9536,11489.2,31985.5,-6.82077,-5.66266,-6.61128,-4.46243,-0.253404,0.722338,8071.46,58.2532,11362.3,0.452359,0.987527,0.0093559,17843,-0.00335866,0.678829,12.7589,11.7964,119.643,87.8008,0.901309,12.5432,13.1183,118.041,137.833,1.60217,-50.0324 
82,43.0765,82,24209,-0.822656,52.4234,11.8105,119.668,3.70423,-496.028,182.695,-7.60278,-6.16486,-5.8892,-4.32374,-5.20124,131.514,11960.6,68.8761,15015.7,79968.8,-8.43089,-6.99297,-7.54542,-5.15185,-6.02935,0.779054,11776.1,62.0442,14831.2,0.480051,0.990864,0.00764723,24531,-0.00303443,1.1771,11.8105,10.6114,120.051,87.6863,1.33162,11.8149,12.1586,118.664,137.859,1.38659,-50.1729 
83,43.3765,83,27557.8,0.000432083,57.3203,11.8263,119.365,-0.105991,-62.1571,499.44,-8.18277,-4.8701,-1.14156,-3.50538,-1.2565,134.583,13354.7,80.168,17029.3,22281.9,-9.0302,-5.71753,-2.83642,-4.35281,-2.10393,0.882017,13166,73.1767,16840.5,0.476185,0.990367,0.00794089,27648.8,-0.00307333,1.23096,12.0913,11.0437,119.652,88.4533,1.44733,12.0553,12.3807,118.362,138.563,1.28968,-50.1094 
84,43.0865,84,24838.5,-0.859091,53.3448,-11.9403,119.387,0.829396,47.2234,490.691,-7.83387,-3.78275,-1.72199,-0.556881,-0.170844,117.218,11937.9,64.317,15722.3,22009.9,-8.57196,-4.52084,-3.19818,-1.29497,-0.908936,0.827078,11773.5,58.2278,15557.8,0.468071,0.991419,0.00684717,25153.3,-0.00306481,1.13203,12.0022,10.8078,119.736,87.6057,1.37397,11.9648,12.1723,118.317,137.493,1.41932,-49.8869 
85,43.2965,85,23343.5,0.0097719,50.0862,11.5522,119.143,-0.0160084,5.91342,89.5725,-4.78328,-3.26028,-0.635511,-2.83524,0.503453,74.5051,11052.3,63.0076,15056.9,18838.6,-5.25242,-3.72941,-1.57379,-3.30438,0.0343141,0.886169,10947.8,59.1372,14952.4,0.459859,0.990635,0.00723289,23806.9,-0.00286153,1.04933,11.8849,10.7505,119.461,87.9386,1.30879,12.0605,12.1467,118.06,138.183,1.4007,-50.2444 
86,42.8365,86,23719.3,-0.828691,51.0878,11.9244,118.987,6.66126,-5952.42,430.786,-2.65137,-3.35741,-6.52043,-3.55742,-1.32959,155.198,11694.4,73.2435,14763.7,1.31059e+06,-3.62861,-4.33465,-8.47491,-4.53466,-2.30683,0.635952,11476.8,65.1813,14546.1,0.47847,0.990159,0.00818694,23986.4,-0.00295488,1.12391,11.9729,10.7187,119.31,87.6576,1.28879,11.846,12.2794,117.936,137.442,1.37411,-49.7849 
87,43.3665,87,26424.4,-0.834554,55.6908,12.0059,119.044,2.64694,-123.67,345.89,-6.29687,-4.19723,-3.34069,-4.28825,2.74888,62.268,13038.5,73.1545,16018.8,32422,-6.68895,-4.58932,-4.12486,-4.68034,2.3568,0.767308,12951.1,69.9198,15931.5,0.485931,0.990641,0.00801976,26652.2,-0.00293278,1.22776,12.0602,10.8367,119.415,87.9963,1.38299,12.0062,12.2913,117.916,138.01,1.49941,-50.0138 
88,43.1465,88,23512.7,0.0148919,49.6175,11.695,119.332,-0.0132939,-4.99891,500,-4.8578,-4.87361,1.71924,-0.36649,-1.83702,39.0825,11441.4,67.5024,14528.9,18892.1,-5.10389,-5.1197,1.22705,-0.612582,-2.08311,1.10495,11386.5,65.4722,14474.1,0.477739,0.990038,0.00826374,23834.3,-0.00254612,1.05294,11.9546,11.1023,119.659,87.3247,1.21717,12.0367,12.542,118.243,137.589,1.41587,-50.2638 
89,43.1265,89,21747.7,-0.3451,47.5686,-11.6228,119.154,0.533027,21.5802,500,-3.88366,-0.572674,-8.34876,-3.30963,-3.56897,71.8595,10821.6,59.1458,13764.4,18372.5,-4.33614,-1.02515,-9.25372,-3.76211,-4.02146,0.586861,10720.8,55.4128,13663.6,0.477083,0.991036,0.00741527,22471.5,-0.00298213,1.05275,11.7777,10.7092,119.684,87.4292,1.24031,11.8241,11.9421,118.133,137.457,1.55108,-50.0282 
90,43.2865,90,22672.3,-0.0454293,48.4797,11.7674,119.415,-0.0173996,38.4658,1.38548e-11,-5.02094,-1.56839,-5.96494,-2.56724,-0.371164,75.985,11111,57.73,14502.3,18592.8,-5.4994,-2.04685,-6.92186,-3.0457,-0.849621,0.623063,11004.4,53.7827,14395.7,0.470582,0.99152,0.00683513,23384.7,-0.00324705,1.0548,12.0209,10.8233,119.835,87.9836,1.24146,12.0913,12.3707,118.344,138.121,1.49045,-50.1373 
91,43.3565,91,23765.2,-0.141758,49.8521,11.7615,119.224,-0.235537,369.069,11.0243,-7.73617,-3.31605,-5.85452,-2.98845,-2.00484,78.8079,11727.8,41.7208,14766.7,21917.1,-8.2324,-3.81228,-6.84699,-3.48468,-2.50107,0.724771,11617.3,37.6269,14656.1,0.479626,0.994364,0.004707,24221.5,-0.00292751,1.13348,11.9938,10.5686,119.624,87.2286,1.30158,12.061,11.9892,118.296,137.111,1.32755,-49.8826 
92,43.3265,92,25456.9,0.0520149,54.033,11.5423,119.371,-0.146849,25.3802,1.49234e-14,-6.87334,-3.96221,-4.08082,-3.02272,-2.02457,103.91,12410.1,63.9539,15598.5,20423.7,-7.52763,-4.6165,-5.38942,-3.67701,-2.67886,0.774402,12264.4,58.556,15452.8,0.479943,0.991714,0.00693198,25553.8,-0.00274521,1.19437,11.9115,10.7121,119.686,87.5327,1.37423,11.8249,12.1655,118.397,137.611,1.28919,-50.0787 
93,43.4165,93,24093.9,0.00885141,52.0511,11.5117,119.33,-0.0237825,-13.6515,500,-5.2701,-3.86004,-5.45907,-5.04099,-2.9917,68.0461,11779.9,73.8625,14963.2,19516.3,-5.69857,-4.2885,-6.31601,-5.46946,-3.42017,0.749292,11684.4,70.3276,14867.7,0.477487,0.989577,0.00863829,24470.7,-0.00296491,1.15513,11.7011,10.7773,119.867,87.5668,1.31606,11.7753,12.3099,118.233,137.646,1.63405,-50.0796 
94,43.0365,94,25777.4,-0.530082,54.6147,12.0619,119.12,0.218316,549.942,5.35057,-5.14025,-4.05726,-3.14941,-2.71646,0.598545,101.831,12605.6,67.7072,16047.3,25353.2,-5.78146,-4.69847,-4.43182,-3.35766,-0.042661,0.757984,12462.8,62.4172,15904.4,0.47676,0.991312,0.00717748,26140.6,-0.00313923,1.20422,11.9553,10.7675,119.498,87.6968,1.37728,12.026,12.3449,118.135,137.697,1.36348,-49.9998 
95,43.0965,95,24393,-0.750192,51.844,11.9438,118.955,0.384736,645.276,499.703,-2.05694,-5.15683,-2.99075,-1.24761,-3.61518,89.3696,11998.7,63.5605,14829.3,28239.2,-2.61967,-5.71957,-4.11622,-1.81034,-4.17792,0.776823,11873.3,58.9179,14703.9,0.484256,0.991391,0.00732715,24518.7,-0.0026544,1.16128,11.8991,10.6382,119.238,87.2521,1.30314,11.9081,12.1659,117.844,137.198,1.39469,-49.9459 
96,43.2065,96,15298.2,-0.377021,33.8615,12.0145,119.428,0.211248,6.49361,0.259694,-4.25502,-4.03808,-5.05054,-3.64502,-2.96395,91.157,7564.44,47.4199,10628.1,13288.3,-4.82901,-4.61207,-6.19852,-4.21901,-3.53794,0.735067,7436.58,42.6845,10500.3,0.45161,0.990055,0.00743265,16466.8,-0.00320273,0.65646,12.6501,11.4055,119.768,87.2491,0.861761,12.4971,12.7426,118.196,137.768,1.57139,-50.519 
97,43.3465,97,26965.1,-0.827143,55.8164,12.1743,119.007,1.19833,487.934,35.2169,-6.3597,-4.32473,-5.34525,-3.12454,-3.23862,83.4368,13405.4,76.6988,16191.3,41154.9,-6.88508,-4.85011,-6.39601,-3.64992,-3.764,0.749619,13288.4,72.3644,16074.3,0.490124,0.99056,0.00822471,27112.3,-0.00278262,1.27427,12.0222,10.692,119.391,87.2623,1.38528,12.1827,12.1647,117.836,137.105,1.55419,-49.8424 
98,43.2765,98,24486.9,-0.00608492,51.7559,11.817,119.204,-0.0789439,109.081,500,-5.98204,-6.86256,-3.2366,-4.41739,-1.50891,105.83,11674.7,75.0225,15868.9,20189.8,-6.64843,-7.52895,-4.56936,-5.08377,-2.17529,0.824294,11526.3,69.5249,15720.4,0.460207,0.989554,0.00808103,25045.8,-0.00316836,1.08583,12.0574,10.8982,119.606,88.4914,1.37699,12.0478,12.1396,118.146,138.646,1.46032,-50.1549 
99,43.3365,99,23984.2,-0.0500604,51.1202,11.7055,119.361,-0.0237093,-8.75845,499.997,-5.12514,-2.78044,-7.01689,-4.91733,-1.59163,62.7816,12039.4,66.8649,14834.1,19486.2,-5.52045,-3.17575,-7.80752,-5.31265,-1.98695,0.671999,11951.3,63.6035,14746.1,0.485176,0.990773,0.00788282,24633,-0.00308876,1.1405,12.0722,10.7327,119.674,87.2395,1.29835,11.9019,12.2333,118.365,137.033,1.30882,-49.7938 
100,43.4665,100,25381.4,0.00491855,53.5617,11.6875,119.019,-0.0536987,-38.5653,1.77274e-11,-7.68462,-5.43511,-3.57468,-2.79949,-0.69296,114.043,12629.6,71.9773,15419.5,20445.9,-8.40272,-6.15321,-5.01087,-3.51759,-1.41106,0.795437,12469.7,66.0529,15259.6,0.487231,0.990815,0.0079107,25592.9,-0.00280716,1.20966,11.9028,10.7675,119.33,87.4046,1.36127,11.963,11.9738,117.758,137.539,1.57168,-50.134 
101,43.3665,101,25532.5,-0.190779,54.3118,11.7597,119.197,0.166125,-6.46248,0.496686,-10.2375,-2.27837,-8.68714,-1.37196,-4.10355,53.0585,12346.9,69.7637,16247.6,20826.4,-10.5716,-2.61247,-9.35533,-1.70606,-4.43765,0.673838,12272.5,67.0075,16173.1,0.468748,0.990535,0.00757427,26181.4,-0.00323359,1.17933,11.9944,10.7256,119.599,87.5643,1.42209,11.9409,12.1359,118.103,137.431,1.496,-49.867 
102,43.2165,102,19957.2,-0.736509,42.8532,12.3268,119.27,1.84951,-1000.78,0.183913,-7.09038,-6.36821,-12.0196,-2.6771,-4.52384,61.8915,9584.51,60.2926,13085.9,77450.3,-7.48009,-6.75793,-12.799,-3.06682,-4.91356,0.634496,9497.7,57.0775,12999.1,0.459338,0.989593,0.00802355,20677,-0.00301922,0.818804,12.5944,11.4805,119.598,87.6243,1.03026,12.4518,13.1036,118.132,137.923,1.46536,-50.2991 
103,43.3565,103,22697.1,-0.0391002,48.7684,11.6653,118.965,0.0280066,-38.6719,500,-7.0006,-6.63621,-10.7402,-2.13151,-2.67876,125.174,11212.8,65.7355,14340.2,18554.7,-7.78879,-7.4244,-12.3166,-2.9197,-3.46695,0.636855,11037.3,59.233,14164.6,0.475358,0.990696,0.00764434,23218.9,-0.00301528,1.07357,11.9233,10.717,119.344,87.6795,1.25933,11.8813,12.2195,117.869,137.629,1.47518,-49.9495 
104,43.0565,104,22411,-0.6899,50.1684,11.4404,119.328,0.506926,238.117,365.944,-7.27225,-5.59832,-2.24222,-0.201731,-1.78345,93.3125,11469.5,64.1524,13808,22613.2,-7.85982,-6.18588,-3.41735,-0.789295,-2.37101,0.834297,11338.7,59.305,13677.2,0.490829,0.99093,0.00792418,23101,-0.00308911,1.09958,11.9124,10.783,119.785,87.735,1.21364,11.9186,12.1876,118.312,137.671,1.47341,-49.9358 
105,43.2665,105,24599.3,-0.152584,51.6995,11.9609,119.32,0.0710683,-39.4378,499.985,-7.55837,-4.3196,-8.91945,3.6193,-0.9986,101.943,12334.1,83.4549,15349.3,20221.2,-8.20028,-4.96151,-10.2033,2.9774,-1.64051,0.536808,12191.1,78.1592,15206.3,0.482462,0.988905,0.00937948,25268.5,-0.00324359,1.11647,12.1343,11.1579,119.683,87.5656,1.26724,12.259,12.5738,118.127,137.452,1.55637,-49.8862 
106,43.1065,106,23608.7,-0.811646,51.1781,11.9099,118.829,-0.344242,662.184,394.618,-6.30506,-2.16527,-5.52314,-3.37622,-2.35927,48.8758,11477.2,72.8438,15093.7,27262.6,-6.61282,-2.47303,-6.13866,-3.68398,-2.66703,0.71548,11408.6,70.3048,15025.1,0.468908,0.989331,0.00854584,24330.2,-0.0030717,1.07817,12.1028,10.7393,119.19,87.72,1.32117,12.0217,12.0782,117.787,137.618,1.40254,-49.8979 
107,43.2365,107,22616.3,-0.175129,47.595,12.0119,119.055,0.111223,-38.5362,500,-6.5875,-6.36608,-6.49396,-1.89809,-1.12122,47.0301,10811.9,58.8986,14522.4,18750.4,-6.88364,-6.66222,-7.08624,-2.19423,-1.41735,0.707708,10746,56.4554,14456.5,0.463617,0.99089,0.00714241,23178.5,-0.00299548,0.939715,12.5573,11.3216,119.432,87.4125,1.20672,12.19,12.5869,117.927,137.48,1.50518,-50.0671 
108,43.1165,108,25642.8,-0.847484,54.3064,12.0263,119.133,0.386356,511.132,44.1986,-6.76445,-4.81666,-5.27884,-5.48361,-3.7241,103.286,12747,73.615,15866.9,27689.4,-7.41481,-5.46703,-6.57957,-6.13398,-4.37446,0.780461,12602.1,68.2495,15722,0.482414,0.990611,0.00793317,26123.1,-0.00305568,1.1877,12.1367,10.8453,119.609,87.5142,1.35039,12.0136,12.3494,118.079,137.561,1.53018,-50.0463 
109,43.3165,109,22943.4,-0.00287266,49.6382,11.5613,119.081,0.0167657,-12.3897,1.28218e-11,-6.75909,-5.561,-3.4911,-3.76123,-1.58275,88.4372,11045.4,68.8774,14639.3,18688.6,-7.31595,-6.11787,-4.60483,-4.3181,-2.13961,0.81202,10921.4,64.2833,14515.3,0.466635,0.989805,0.00809204,23404.6,-0.00285294,1.05877,11.8041,10.7824,119.44,87.4474,1.29271,11.8525,12.1412,118.018,137.51,1.42121,-50.0626 
110,43.1365,110,25919.3,-0.801993,54.0294,12.1036,118.764,0.929765,110.79,296.348,-4.54835,-3.64525,-7.92188,-2.0775,-5.40942,72.865,12428.6,63.4357,16143.7,24641.6,-5.00716,-4.10406,-8.83951,-2.53632,-5.86823,0.664602,12326.4,59.6505,16041.5,0.471877,0.991602,0.0068033,26122,-0.0028145,1.14586,12.1862,10.9035,119.128,87.6419,1.37975,12.2152,12.1315,117.684,137.773,1.44432,-50.1314 
111,42.8865,111,25692.4,-0.837699,54.7163,11.9352,119.157,1.58693,-730.273,2.96753,-4.6045,-4.49885,-4.31838,-2.54273,-1.52962,97.4572,12966.2,82.1866,15531.7,58984.7,-5.21816,-5.11252,-5.54571,-3.1564,-2.14328,0.738114,12829.5,77.1239,15395,0.492134,0.98959,0.00914399,26069.2,-0.00288791,1.22723,11.9816,10.8275,119.495,86.9885,1.34666,11.9098,12.2049,118.063,136.691,1.43209,-49.7026 
112,43.1865,112,16226.9,-0.702421,35.4083,12.4001,119.42,0.766257,699.285,1.49581e-12,-5.69967,-5.00665,-7.58495,-5.65308,-0.407909,65.6644,7722.19,52.2311,11280.8,31736.2,-6.11314,-5.42012,-8.41189,-6.06655,-0.82138,0.68651,7630.09,48.82,11188.7,0.442263,0.988927,0.00797362,17252.4,-0.00310709,0.67042,12.6106,11.404,119.795,87.5237,0.911828,12.4878,12.7855,118.363,137.706,1.43189,-50.1826 
113,43.2265,113,20234.4,-0.86484,42.9222,-12.5249,119.074,0.610504,44.4848,219.957,-8.27632,-6.50329,-7.20353,-2.8662,-0.847352,121.883,9704.93,58.6455,13354.9,18384.6,-9.04378,-7.27075,-8.73846,-3.63366,-1.61481,0.711616,9533.98,52.314,13184,0.456779,0.990489,0.00725642,20872.2,-0.00315431,0.844146,12.5483,11.3137,119.401,87.6359,1.06561,12.5812,12.8239,117.977,137.846,1.4237,-50.2103 
114,43.3165,114,23823.5,-0.176407,50.6682,11.7762,119.2,-0.235939,-13.8958,2.01529e-09,-2.29003,-4.31506,-6.0706,-2.92836,0.651572,103.706,11531.4,77.5093,15083.8,19530.6,-2.94305,-4.96807,-7.37662,-3.58137,-0.00143884,0.609094,11385.9,72.122,14938.3,0.469853,0.989036,0.00881524,24232.9,-0.00301274,1.0919,11.9992,10.8413,119.686,87.325,1.31391,11.9437,12.2186,118.06,137.108,1.62584,-49.7827 
115,43.2565,115,22273.5,0.100675,46.7687,11.6928,119.042,-0.0941541,40.0288,1.71688e-11,-4.30975,-4.49369,-4.03415,-4.46173,-2.59846,89.5214,11092.1,72.2858,13752.3,17924.8,-4.87345,-5.05738,-5.16153,-5.02542,-3.16215,0.778284,10966.6,67.6354,13626.8,0.483416,0.989322,0.00906031,22685.6,-0.00279502,1.02847,12.1639,10.8943,119.507,87.0953,1.20452,11.9718,12.1689,117.908,137.043,1.59967,-49.9476 
116,43.3065,116,26798.6,-0.841428,56.4827,11.9953,119.352,1.68587,-433.609,19.5263,-7.76375,-5.66286,-6.77863,-7.97158,-2.68979,120.63,13089.1,77.7739,16334.5,45852.5,-8.52333,-6.42244,-8.29778,-8.73116,-3.44936,0.765759,12919.9,71.5074,16165.3,0.48169,0.990407,0.00808271,26822.1,-0.00280262,1.2193,11.9906,10.957,119.736,87.8821,1.37955,12.0635,12.4464,118.341,138.167,1.39444,-50.2849 
117,42.9365,117,24696.7,-0.14656,52.6899,11.7747,119.26,-0.575698,774.705,0.123633,-5.1902,-3.19288,-3.17503,-2.97846,-2.16144,67.818,12394.1,66.11,15134.2,34715,-5.61724,-3.61991,-4.0291,-3.4055,-2.58847,0.790807,12299,62.5869,15039.1,0.487426,0.991173,0.00760782,25232.6,-0.0030639,1.18239,12.0541,10.7047,119.531,87.4976,1.30559,12.0258,12.2685,118.191,137.463,1.33982,-49.9651 
118,43.3365,118,25804.8,-0.00506322,54.3397,11.7647,119.269,0.019985,-38.9108,473.293,-5.5133,-3.01125,-6.41526,-3.64004,-0.877616,16.5744,12849,73.4684,15671.5,20836.4,-5.61766,-3.11561,-6.62399,-3.7444,-0.981981,0.67018,12825.7,72.6074,15648.2,0.487982,0.99019,0.00847488,26283.2,-0.0029849,1.23193,11.9506,10.7308,119.698,87.6704,1.34586,12.0938,12.2691,118.159,137.878,1.53975,-50.2078 
119,43.1765,119,15471.9,-0.00519025,34.6096,-11.7016,118.987,-0.000312456,3.19054,7.42431e-12,-3.75068,-5.69997,-6.14175,-4.73743,-5.92895,40.7513,7449.3,34.2602,10868.1,13183.7,-4.00728,-5.95657,-6.65495,-4.99403,-6.18555,0.760599,7392.14,32.1433,10811,0.44292,0.992448,0.00544713,16689.6,-0.00309731,0.669673,12.3006,11.2546,119.292,87.6096,0.917459,12.1722,12.5277,118.146,137.827,1.14597,-50.217 
120,42.9865,120,25324.4,-0.473951,53.4765,11.8665,119.26,0.433601,86.0637,500,-3.11731,-1.92475,-6.75047,-3.67326,-1.68828,85.2318,12670.4,70.9452,15365.4,21872.5,-3.65399,-2.46143,-7.82383,-4.20994,-2.22496,0.615992,12550.9,66.5176,15245.9,0.489078,0.990811,0.00797301,25662.3,-0.00291821,1.21108,11.9548,10.7533,119.649,87.9912,1.36189,12.0109,11.932,118.159,137.888,1.49043,-49.8968 
121,43.1665,121,19280.3,-0.859751,41.509,12.4381,119.341,0.948293,-612.829,488.733,-7.73271,-1.82463,-10.0002,-0.0369883,-7.45852,113.864,9345.12,48.0476,12805.7,35725.2,-8.44968,-2.54161,-11.4342,-0.753961,-8.1755,0.635331,9185.42,42.1326,12646,0.457874,0.992037,0.00609987,20061,-0.00324354,0.817621,12.4871,11.3501,119.768,88.0023,1.0241,12.5145,12.9082,118.24,138.503,1.52864,-50.5012 
122,43.2465,122,20091,-0.0753877,43.1254,-11.8315,119.103,-0.106008,77.8223,500,-3.44666,-7.4726,-9.20189,0.0654076,-1.4529,57.9277,9714.03,47.4167,13089.6,16878.5,-3.81141,-7.83735,-9.9314,-0.299348,-1.81765,0.580903,9632.78,44.4075,13008.4,0.462669,0.991997,0.0062492,20820,-0.00307497,0.891573,12.2294,10.9974,119.426,87.5197,1.1222,12.1723,12.372,117.986,137.52,1.44044,-50.0007 
123,43.1565,123,20224.9,-0.651964,43.9393,-12.0298,119.363,-1.28558,1365.78,0.000180315,-5.36776,-4.91356,-10.2983,-2.64412,-5.02166,31.6928,10039,49.945,12971.2,74364.9,-5.56732,-5.11312,-10.6974,-2.84368,-5.22122,0.636671,9994.51,48.2986,12926.7,0.473416,0.991614,0.00683568,21111.5,-0.00324196,0.930235,12.2938,11.024,119.701,87.453,1.09835,12.1977,12.4499,118.294,137.549,1.4066,-50.0955 
124,43.1965,124,17758.6,-0.0362779,37.2664,12.3623,119.162,-0.00494042,-7.64512,500,-5.51729,-3.5101,-4.79995,-5.795,1.10006,158.038,8512.73,48.5833,11960.8,14998.5,-6.51242,-4.50522,-6.79019,-6.79012,0.104935,0.72277,8291.07,40.3735,11739.1,0.450927,0.99155,0.00629552,18386.7,-0.00303474,0.70024,12.8585,11.7569,119.543,87.6957,0.906188,12.8217,13.2462,118.031,138.178,1.5117,-50.4824 
125,43.0765,125,25013.7,-0.896785,54.2443,11.8913,119.41,0.238088,-53.0864,384.446,-5.50806,-6.0069,-3.06446,-1.18551,-1.50677,79.4279,11953.8,78.7163,15746.7,21409.4,-6.0082,-6.50703,-4.06474,-1.68564,-2.00691,0.799495,11842.4,74.5902,15635.3,0.468287,0.989098,0.00871144,25288.8,-0.00307058,1.13562,11.9491,10.9319,119.808,87.5612,1.3684,11.8916,12.3419,118.342,137.703,1.46593,-50.1414 
126,43.3765,126,27969,-0.0530117,57.623,11.9579,119.283,0.00139278,-51.5285,500,-6.48675,-4.4427,-2.32259,-3.81042,-1.80669,127.446,13709.8,89.8269,17134.1,22433.2,-7.28924,-5.24519,-3.92758,-4.61291,-2.60918,0.834168,13531,83.2064,16955.3,0.481315,0.989353,0.00895893,28112.6,-0.00308994,1.24395,12.2045,11.105,119.633,87.8575,1.41353,12.2035,12.5836,118.243,138.053,1.38993,-50.1956 
127,43.0865,127,25215.5,-0.107005,53.0978,11.7776,119.184,0.102999,-77.2859,0.0177617,-3.32227,0.606228,-5.42238,-4.6229,-2.68195,80.249,12292.7,84.8415,15525,20616.8,-3.82757,0.100922,-6.43299,-5.12821,-3.18726,0.651802,12180.1,80.6728,15412.5,0.478875,0.988542,0.00954996,25434.8,-0.00296045,1.1628,12.0685,10.8804,119.706,87.8179,1.34593,11.9814,12.243,118.167,137.898,1.53909,-50.0806 
128,43.2965,128,25169.8,-0.895094,53.7656,12.0566,119.39,0.777583,-364.425,6.14863,-4.89615,-1.51715,-3.88807,-4.01217,-1.66944,113.065,12526,77.1854,15336.3,30326.7,-5.60809,-2.22909,-5.31195,-4.7241,-2.38138,0.737741,12367.4,71.3119,15177.7,0.486519,0.99001,0.00858082,25420.2,-0.00298087,1.16217,12.1195,10.9077,119.708,87.831,1.29978,12.0947,12.481,118.362,138.135,1.34578,-50.3041 
129,43.2965,129,23566.1,0.00111009,50.1355,11.7899,119.35,-0.0428108,34.1728,500,-2.39454,-3.25178,-7.64276,-2.54901,-2.21442,159.725,11686.8,78.1887,14839.8,19289.6,-3.40028,-4.25752,-9.65425,-3.55476,-3.22017,0.599192,11462.8,69.8913,14615.8,0.476973,0.989443,0.00873185,24032.4,-0.00318122,1.09467,12.0726,10.908,119.832,88.0406,1.26451,12.0824,12.3584,118.186,137.857,1.64585,-49.8162 
130,43.2965,130,24449.6,-0.784837,52.7169,11.9275,119.282,1.06977,-464.358,499.999,-7.10368,-5.26607,-5.25212,1.936,-2.72954,163.698,11901.4,86.1877,15448.6,36640,-8.13444,-6.29684,-7.31364,0.905241,-3.76031,0.702697,11671.8,77.684,15219,0.471395,0.988487,0.00931524,24760.2,-0.00307586,1.109,11.9478,11.0078,119.722,88.0308,1.33012,11.9021,12.411,118.145,138.167,1.57704,-50.136 
131,43.2965,131,24745,-0.15043,52.2249,11.8128,119.23,0.328215,-8.014,4.69982e-08,-8.756,-6.70474,-2.27667,-8.90678,-2.51776,109.13,12451.5,78.5802,15156.2,20168.4,-9.44316,-7.39191,-3.65099,-9.59394,-3.20492,0.890311,12298.4,72.9111,15003.2,0.488011,0.989732,0.00887268,25201.2,-0.00302315,1.13891,12.1375,11.0078,119.626,87.1798,1.29933,11.9757,12.407,118.205,137.133,1.42152,-49.9531 
132,43.2965,132,27045,-0.876374,55.753,12.3194,119.055,2.11789,-368.556,89.5651,-2.04607,-4.12935,-4.78183,-3.85196,0.686827,190.159,12749.3,86.3905,16985.1,47768.7,-3.24346,-5.32673,-7.1766,-5.04934,-0.510555,0.663176,12482.6,76.5121,16718.3,0.464722,0.989387,0.00835998,26860.4,-0.00283248,1.13441,12.2745,11.1701,119.385,87.8721,1.39702,12.3013,12.524,118.019,138.008,1.36612,-50.136 
133,43.2965,133,24566.9,-0.312946,52.1065,11.841,119.272,0.292227,-16.0101,500,-3.90204,-4.7221,-8.49393,-0.790904,-2.00047,85.0771,11789.1,71.3639,15713.7,20237.5,-4.43774,-5.2578,-9.56535,-1.32661,-2.53617,0.58634,11669.8,66.9443,15594.4,0.465285,0.990061,0.00784584,25081,-0.00319093,1.09784,12.1194,10.885,119.634,87.6595,1.36204,12.0929,12.1755,118.156,137.641,1.47843,-49.9815 
134,43.2965,134,24945.8,-0.248217,52.5447,11.9696,119.234,0.124367,-56.2073,462.201,-2.99135,-9.907,-2.85885,-6.34031,-2.89452,137.889,11881,69.0177,15872.1,20701.7,-3.8596,-10.7753,-4.59536,-7.20856,-3.76277,0.847844,11687.6,61.8546,15678.7,0.464323,0.990823,0.00721491,25171.3,-0.0029873,1.11621,11.9599,10.8497,119.698,88.158,1.37037,12.0781,12.2252,118.171,138.198,1.52768,-50.0399 
