cyc,freq,cyc,ROIsum,fBg,fA1,fWidth1,fCtr1,fA2,fWidth2,fCtr2,box1,box2,box3,box4,box5,box6,box7,box8,box9,Nfit,BZ-2,BZ-1,BZ0,BZ1,BZ2,Excited,c5,c7,c9,fraction95,fraction75,fraction97,sum95,two2D_bg,two2D_a1,two2D_sh1,two2D_sv1,two2D_ch1,two2D_cv1,two2D_a2,two2D_sh2,two2D_sv2,two2D_ch2,two2D_cv2,two2D_chd,two2D_cvd
0,43.0641,0,23861.6,-0.0370389,45.9124,12.9388,121.035,-0.020953,15.584,494.956,-9.84782,-4.24067,-12.5467,-0.968433,-0.762419,82.3057,10956.6,77.3511,14770.2,19349,-10.3661,-4.75893,-13.5832,-1.48669,-1.28068,0.568453,10841.2,73.0755,14654.8,0.521049,0.988342,0.00910197,20806.5,-0.00232241,0.870604,13.1003,11.8958,121.644,87.2324,1.05042,13.3777,13.4495,119.456,137.478,2.18752,-50.2456 
1,43.4241,1,29956.9,-0.00167259,56.0824,12.8839,121.157,-0.0451994,-19.1902,500,-9.20972,-3.98192,-8.1578,-2.33277,-3.67289,127.672,14251.5,118.034,17612.8,23550,-10.0136,-4.78584,-9.76564,-3.13669,-4.47681,0.696518,14072.4,111.402,17433.8,0.542763,0.986336,0.0116341,25927.4,-0.00234351,1.12481,13.2225,11.8511,121.766,87.21,1.28493,13.0664,13.306,119.677,137.55,2.08902,-50.3405 
2,43.0041,2,27043.8,-0.18145,50.1671,13.1868,121.255,0.135621,13.534,499.668,-4.86463,-4.08636,-8.45503,-0.78344,0.382022,111.709,12588.7,97.6123,16252.6,21595.2,-5.56804,-4.78977,-9.86183,-1.48684,-0.321381,0.552302,12432,91.8092,16095.9,0.5318,0.987241,0.0103979,23377.2,-0.00217728,0.955691,13.5101,11.9954,121.779,87.2228,1.12901,13.5538,13.5125,119.588,137.504,2.19152,-50.2808 
3,43.1441,3,30839,-0.0267398,57.0584,12.9205,121.07,0.029621,-33.2132,500,-8.27657,-8.26711,-7.52953,0.599714,-0.390111,75.4767,14461.3,91.7374,18206.6,24031,-8.75183,-8.74237,-8.48004,0.124457,-0.865368,0.682576,14355.4,87.8165,18100.7,0.538384,0.989408,0.0088579,26663.9,-0.00221784,1.1835,13.1072,11.5101,121.66,86.7759,1.34841,13.096,13.0346,119.639,137.041,2.0214,-50.2647 
4,42.9241,4,29305,0.00194958,55.3356,12.7879,120.868,-0.0460391,-15.3926,1.84737e-12,-4.78784,-6.81172,-10.4324,0.307514,2.5691,109.674,13912.5,88.2283,17406.1,23058.6,-5.47842,-7.50231,-11.8136,-0.383072,1.87852,0.492954,13758.6,82.531,17252.2,0.539763,0.989612,0.00873526,25490.2,-0.00235184,1.16402,12.9798,11.3125,121.379,86.9631,1.30271,13.1317,12.9112,119.447,137.033,1.93185,-50.0697 
5,43.3241,5,28912,-0.86661,56.0076,12.9677,121.161,0.341323,559.245,251.888,-5.79178,-4.96794,-10.7598,-2.34488,0.473622,132.244,13349.9,96.1036,17664.7,29857,-6.62448,-5.80065,-12.4252,-3.17758,-0.359083,0.562292,13164.4,89.2338,17479.2,0.525519,0.988277,0.0093166,25050.2,-0.00249088,1.11868,12.9203,11.3999,121.766,86.7546,1.33799,12.9451,12.9403,119.678,136.575,2.08789,-49.8209 
6,42.8441,6,28626.8,0.0562164,54.759,12.7156,121.053,-0.0542696,-57.321,1.79469e-11,-6.51933,-3.80276,-9.34051,-7.28882,-0.00928334,143.918,13726.1,97.356,16946.9,22767.9,-7.42555,-4.70898,-11.1529,-8.19503,-0.915499,0.655752,13524.2,89.8797,16745,0.542906,0.988504,0.0097908,24910.8,-0.00249733,1.13648,12.9907,11.4939,121.593,86.9695,1.25255,13.0449,13.2074,119.627,137.121,1.96557,-50.1513 
7,43.0241,7,22362,-0.00749845,43.0135,-12.828,120.977,0.0108658,-18.3821,1.66581e-11,-6.39162,0.367101,-5.9278,0.687288,-1.60048,56.7166,10326.8,57.7107,13992.5,17968.7,-6.74875,0.00997156,-6.64206,0.330159,-1.95761,0.55744,10247.3,54.7644,13912.9,0.519954,0.990734,0.00719875,19708.1,-0.00246342,0.827536,13.3306,11.7011,121.65,86.6215,1.02625,13.1014,13.3257,119.575,136.893,2.07494,-50.2715 
8,43.2041,8,30921.2,-0.040817,57.6046,12.834,120.903,0.27388,170.58,5.89444,-10.1531,-6.1097,-10.6398,-2.08077,-3.51886,87.9489,14588.6,83.4548,18298.8,25587.4,-10.7069,-6.66349,-11.7473,-2.63456,-4.07265,0.67209,14465.2,78.8861,18175.4,0.539254,0.990547,0.00793181,26824.5,-0.0023056,1.18284,13.1858,11.5287,121.569,86.9029,1.34097,13.1095,13.1485,119.592,137.021,1.97671,-50.1177 
9,43.0441,9,23007.1,0.0593676,44.131,12.8112,120.682,-0.171001,91.0803,0.000209893,-4.47147,-5.44135,-9.32481,-3.01451,2.50881,82.6903,10428.2,45.4179,14743.5,18911.7,-4.99215,-5.96202,-10.3662,-3.53519,1.98813,0.546684,10312.3,41.1223,14627.5,0.509022,0.99307,0.00515203,20259,-0.00263118,0.838452,13.306,11.5926,121.415,87.0307,1.10363,13.1074,13.0758,119.31,137.193,2.10524,-50.1627 
10,43.1241,10,28664.4,-0.0223854,53.7268,12.9825,121.233,-0.135194,67.4927,499.727,-8.97691,-4.41053,-9.02983,-1.54562,-1.00294,211.633,13724.4,103.156,17042.7,23003.2,-10.3095,-5.74313,-11.695,-2.87822,-2.33554,0.645191,13427.5,92.162,16745.9,0.541111,0.988131,0.0100364,24814.7,-0.00244006,1.13219,13.0511,11.425,121.777,87.4316,1.24145,13.3073,13.0955,119.699,137.515,2.07836,-50.0835 
11,42.5241,11,28338.6,-0.363636,54.4653,12.7971,120.936,0.0484113,292.062,500,-5.71713,-3.01602,-5.94178,-6.33421,-1.33515,150.921,13742.3,87.6467,16577.9,23149.9,-6.66744,-3.96633,-7.84239,-7.28452,-2.28546,0.720375,13530.7,79.8067,16366.3,0.548695,0.989784,0.00890268,24659.7,-0.00228629,1.15266,12.7712,11.3859,121.447,87.1871,1.25867,13.0817,12.8403,119.403,137.165,2.04426,-49.9782 
12,42.8641,12,27952.4,-0.244634,53.5861,12.7405,121.15,0.16195,142.202,499.954,-8.24007,-7.11084,-6.83095,-3.2254,-3.8794,90.3338,13430.1,84.0361,16702.8,22974.2,-8.80887,-7.67965,-7.96856,-3.7942,-4.44821,0.756309,13303.4,79.3434,16576.1,0.541335,0.989671,0.00874038,24575.1,-0.00253413,1.13254,12.8836,11.3503,121.78,87.3713,1.28174,12.9166,12.8129,119.792,137.556,1.98886,-50.1849 
13,42.9641,13,28874.1,-0.794013,54.9508,-13.0523,121.05,0.939993,4.68975,458.089,-6.19701,-6.50525,-8.89857,-3.58768,-1.65693,66.2225,13615.2,72.7505,17355.7,23491.8,-6.614,-6.92224,-9.73254,-4.00467,-2.07391,0.668367,13522.3,69.3104,17262.8,0.535304,0.99111,0.00734177,25261.1,-0.00250915,1.1351,12.9809,11.384,121.526,87.2336,1.29869,13.1826,12.9059,119.751,137.607,1.77505,-50.373 
14,43.0841,14,27489,-0.0695231,51.7062,12.9443,121.086,0.0276721,-16.6665,500,-7.00735,-3.9808,-4.29053,-2.68927,-1.0133,102.373,12775,82.1086,16938,21803,-7.65196,-4.62542,-5.57976,-3.33388,-1.65792,0.755798,12631.4,76.7906,16794.4,0.525178,0.989473,0.00835246,24051.6,-0.00269729,1.03216,13.1754,11.652,121.775,87.167,1.25855,13.2333,12.9614,119.61,137.231,2.16509,-50.0641 
15,43.1041,15,25479.5,-0.217829,49.1471,12.6579,120.893,0.138341,136.489,8.31951e-10,-4.16783,-3.25375,-3.62503,-2.24772,-0.576123,59.7963,12093.8,75.7517,15221,20866,-4.54435,-3.63027,-4.37807,-2.62424,-0.952644,0.728569,12010,72.6454,15137.2,0.538485,0.989526,0.00876305,22303.2,-0.0022964,1.02545,12.7967,11.4434,121.543,86.7089,1.15666,12.8936,13.0064,119.464,136.802,2.07892,-50.0929 
16,42.8241,16,31234.7,-0.819674,58.6397,13.1552,121.433,1.13344,-175.684,435.156,-7.71644,-2.544,-7.92986,-1.45404,0.245541,108.346,14481.9,100.88,18529.8,31594.5,-8.39866,-3.22622,-9.29431,-2.13626,-0.436684,0.604365,14330,95.2515,18377.8,0.534164,0.988501,0.00945726,26826.9,-0.00217411,1.16903,13.111,11.6212,121.924,87.3457,1.34286,13.2316,13.2173,119.942,137.378,1.98153,-50.0327 
17,42.8841,17,32233.7,-0.777857,59.5416,13.2399,121.262,0.186541,934.574,9.41371,-5.39271,-5.45833,-6.10555,-2.02832,-4.70766,31.1192,15106.1,96.8843,18928.9,31337.8,-5.58866,-5.65428,-6.49745,-2.22427,-4.90361,0.738725,15062.5,95.2677,18885.2,0.539788,0.989053,0.00920705,27904.4,-0.00225824,1.21584,13.2268,11.5996,121.833,86.8102,1.36906,13.3019,13.1698,119.856,137.001,1.97672,-50.1908 
18,42.9841,18,25495.3,-0.661701,48.8141,12.9823,121.106,-0.273552,338.813,0.980492,-6.48971,-8.98382,-8.14215,-5.46656,-2.87217,31.9338,12200.7,72.842,15285.2,23646.7,-6.69079,-9.1849,-8.54431,-5.66764,-3.07325,0.742338,12156,71.1831,15240.4,0.539798,0.989856,0.00853048,22519.5,-0.00237435,1.01471,13.0425,11.3947,121.764,87.0148,1.17793,12.9808,12.7275,119.601,137.183,2.16263,-50.1685 
19,42.9441,19,31241,-0.711385,58.07,13.2153,121.449,0.764373,135.177,194.422,-4.25557,-6.20331,-5.4778,-3.01758,2.39786,83.5837,14563.6,89.775,18563.2,28345.4,-4.78187,-6.72961,-6.53041,-3.54389,1.87156,0.668746,14446.4,85.433,18445.9,0.535257,0.989757,0.0084596,26989.6,-0.00225898,1.15901,13.1924,11.711,121.986,87.6774,1.33596,13.2579,13.2768,120.025,138.191,1.9607,-50.5131 
20,43.5241,20,29989.8,-0.101346,56.7757,12.7303,121.054,-0.0598921,-7.83492,1.65352,-10.4576,-5.07703,-3.98895,-3.86053,-0.426295,165.82,14726.8,113.417,17039.9,23543.9,-11.5017,-6.12115,-6.0772,-4.90465,-1.47042,0.797933,14494.2,104.803,16807.4,0.55912,0.987504,0.0113561,25923.2,-0.00204535,1.2315,12.8339,11.4679,121.569,87.2371,1.29025,12.9526,12.8455,119.53,136.956,2.03884,-49.719 
21,43.2241,21,31185,-0.77195,57.873,13.2173,120.912,8.61164,-24172.5,173.824,-7.13778,-5.97087,-7.98248,-3.50261,-3.24384,75.2982,14062.8,84.9154,18835.4,6.80135e+06,-7.61191,-6.445,-8.93074,-3.97675,-3.71797,0.708929,13957.2,81.0038,18729.8,0.52287,0.989946,0.00790388,26693.5,-0.00209345,1.15128,13.1295,11.4093,121.416,86.9421,1.39126,13.2774,12.9263,119.469,137.079,1.94769,-50.1367 
22,43.1841,22,28885.2,-0.584206,54.351,-13.0915,120.995,1.3646,-958.403,4.68417e-05,-8.47804,-9.04257,-5.82929,-3.48975,-1.27475,17.7265,13967.3,88.5865,16930.4,65737.3,-8.58966,-9.15419,-6.05253,-3.60136,-1.38637,0.789727,13942.4,87.6656,16905.6,0.54809,0.989116,0.00946206,25438.2,-0.00239274,1.15249,13.055,11.4652,121.643,86.9938,1.24769,13.238,12.9994,119.61,137.085,2.03314,-50.0914 
23,43.1641,23,25795.3,0.105411,49.0421,12.5978,121.019,-0.190095,39.803,8.56303e-13,-9.89535,-5.81762,-15.8675,-1.5766,-2.1567,46.7397,12446.3,72.8718,15345,20358.5,-10.1897,-6.11193,-16.4561,-1.8709,-2.45101,0.556195,12380.7,70.4437,15279.4,0.543712,0.990141,0.00842126,22770.7,-0.00233697,1.05794,12.8519,11.3076,121.608,86.3824,1.18566,12.9462,12.6923,119.608,136.399,1.99972,-50.0161 
24,42.6241,24,29343.1,-0.108481,55.647,12.8047,120.903,-0.0535373,177.014,3.97683e-11,-9.29719,-9.3564,-6.46451,-1.76305,-2.03922,94.6858,13681.5,93.7288,17454.7,23504.1,-9.8934,-9.95261,-7.65693,-2.35926,-2.63543,0.764385,13548.7,88.81,17321.9,0.534939,0.988659,0.00935619,25327.6,-0.00204795,1.11859,12.9173,11.5765,121.507,87.3113,1.28442,13.0524,13.1683,119.319,137.651,2.18794,-50.3393 
25,42.9041,25,28626.6,0.0351496,55.482,12.4901,121.039,-0.110696,-6.24879,9.59418,-3.06701,-4.86754,-9.08089,-5.13654,0.774828,62.3969,13594.5,87.5626,16884.6,22581.1,-3.4599,-5.26044,-9.86669,-5.52943,0.381931,0.58429,13506.9,84.3212,16797.1,0.541818,0.989193,0.00916264,24928.9,-0.0023182,1.16194,12.6531,11.3911,121.682,87.4683,1.28143,12.8243,13.1155,119.806,137.803,1.87577,-50.3343 
26,42.7241,26,32497.8,-0.168646,59.735,13.1224,120.972,0.126128,20.2572,500,-6.80729,-3.83652,-7.78593,-2.65437,-3.94867,120.699,14942.3,104.864,19524.2,25600.7,-7.5673,-4.59653,-9.30595,-3.41438,-4.70869,0.685534,14773,98.5936,19355,0.528847,0.988456,0.0092964,27934.4,-0.00243383,1.20104,13.2226,11.6139,121.631,87.4398,1.41183,13.3819,13.1061,119.536,137.63,2.09492,-50.1905 
27,43.0641,27,24467.9,-0.0702293,46.0369,12.9479,120.88,-0.00111856,57.2336,500,-4.07045,-3.36133,-10.2222,-0.953506,1.0079,88.5509,10873.6,55.9712,15535.6,19406.5,-4.62803,-3.91891,-11.3373,-1.51109,0.45032,0.458711,10749.4,51.3712,15411.4,0.506351,0.991706,0.00610285,21229.2,-0.00239243,0.862982,13.3184,11.7534,121.778,87.7375,1.13291,13.1264,13.3133,119.423,138.083,2.35443,-50.3458 
28,43.4241,28,31493.6,-0.780186,59.3679,13.0131,121.149,-0.568238,1629.74,138.243,-9.37022,-9.69387,-12.2911,-4.08553,-2.2406,119.675,14953.1,117.943,18482.4,55296.5,-10.1238,-10.4474,-13.7982,-4.83909,-2.99416,0.673049,14785.2,111.726,18314.6,0.542794,0.986949,0.0111127,27239.1,-0.00224087,1.21464,12.9972,11.6696,121.67,86.9285,1.37233,13.0244,13.027,119.771,136.716,1.89906,-49.7876 
29,43.0041,29,26356.6,-0.215718,49.5221,13.0021,121.267,-0.583123,517.584,499.996,-4.26105,-6.58925,-10.2026,-0.531167,-0.796903,146.463,12255.4,81.7965,15923.4,30785.9,-5.18328,-7.51149,-12.0471,-1.45341,-1.71914,0.568428,12050,74.188,15718,0.529945,0.989341,0.00861971,22738.2,-0.00229814,0.977113,13.1947,11.7844,121.876,87.0122,1.13615,13.2792,13.4535,119.825,137.316,2.05101,-50.3039 
30,43.1441,30,29491.3,-0.320235,55.6489,12.9406,121.169,-0.0199587,635.728,2.91365,-6.81821,-2.1672,-7.63712,-3.1778,-4.49862,74.5391,14208.5,100.159,17181.5,23855.7,-7.28756,-2.63655,-8.57583,-3.64715,-4.96797,0.683725,14103.9,96.287,17077,0.548444,0.988194,0.0102798,25716.2,-0.00227992,1.18992,12.9791,11.3739,121.731,86.4345,1.26734,13.1065,13.0888,119.676,136.413,2.05462,-49.9785 
31,42.9241,31,27920.1,-0.737406,53.3586,12.9288,121.078,1.01532,693.858,494.364,-7.32588,-5.72316,-3.39107,0.166285,-0.227637,72.1834,13204,82.6197,16667.5,45390.8,-7.7804,-6.17768,-4.30011,-0.288235,-0.682157,0.776369,13102.8,78.87,16566.3,0.537707,0.989576,0.00869379,24367.8,-0.00228456,1.11079,12.8842,11.3846,121.876,87.1235,1.30026,12.8906,12.5857,119.667,137.068,2.20841,-49.9443 
32,43.3241,32,29777.7,-0.784216,56.0234,13.1329,121.123,0.786555,-362.158,45.6091,-8.89303,-4.73883,-5.1822,1.92278,-0.0618269,67.5298,14285.4,86.2882,17617.8,33224.1,-9.31825,-5.16405,-6.03263,1.49756,-0.487044,0.690704,14190.7,82.7801,17523.1,0.543571,0.989895,0.00862713,26106.4,-0.00263674,1.16001,13.2399,11.5307,121.698,87.3635,1.28253,13.2639,13.1936,119.832,137.673,1.86575,-50.3098 
33,42.8441,33,28444,-0.828334,54.9273,-12.9586,120.962,0.651449,520.898,246.907,-7.63481,-6.36828,-5.20743,-3.72515,-3.13758,127.256,13544,88.0271,16930.8,34217.4,-8.4361,-7.16958,-6.81003,-4.52645,-3.93888,0.779475,13365.5,81.4164,16752.3,0.539865,0.989452,0.00887319,24757.1,-0.00234832,1.13192,12.8942,11.3887,121.475,87.6689,1.25947,13.0161,13.1128,119.505,137.816,1.97061,-50.1473 
34,43.0241,34,23490.6,-0.829695,46.2232,-13.0744,121.08,0.319574,61.4768,440.655,-4.69936,2.09205,-5.23678,-0.054008,-2.74463,116.237,10984.2,72.2751,14583.1,20312.9,-5.43127,1.36013,-6.70061,-0.785924,-3.47654,0.554309,10821.2,66.2367,14420.1,0.524617,0.989402,0.00839047,20626.8,-0.00263215,0.881069,13.1079,11.8316,121.846,86.7971,1.05255,13.1063,13.6122,119.575,137.14,2.2713,-50.3425 
35,43.2041,35,31535.5,-0.0282822,58.5613,12.853,121.179,0.016603,-26.119,1.33881e-11,-6.41577,-3.39832,-5.316,-1.37063,-1.08443,140.82,14635.8,95.8455,18751.9,24516.6,-7.30248,-4.28503,-7.08941,-2.25733,-1.97114,0.690492,14438.3,88.5302,18554.4,0.533659,0.989384,0.0087128,27055.3,-0.00225196,1.18269,13.0836,11.6794,121.739,87.4004,1.3888,13.0511,13.0761,119.865,137.4,1.87377,-49.9991 
36,43.0441,36,25660,-0.524629,48.2474,13.4198,120.512,0.172212,212.912,37.3341,-2.17029,-5.28995,-12.2255,-1.89562,-1.66841,86.9455,11313.2,72.2053,16353.6,22271,-2.71776,-5.83743,-13.3205,-2.44309,-2.21589,0.497997,11191.2,67.6886,16231.7,0.503457,0.989526,0.00762331,22228.8,-0.00249839,0.898967,13.374,11.6691,121.456,87.2706,1.18453,13.388,13.1701,119.289,137.719,2.16687,-50.4482 
37,43.1241,37,27290.9,-0.063263,51.5711,12.7866,120.953,0.145407,-82.8866,0.194359,-3.83177,-3.0514,-1.44251,-0.0451773,1.76737,96.6184,12985.4,66.4299,16445.6,21858.6,-4.44015,-3.65978,-2.65927,-0.653558,1.15899,0.740655,12849.9,61.4108,16310,0.536739,0.991706,0.00688814,23940.8,-0.00264401,1.08305,13.0811,11.4175,121.616,87.0367,1.23995,13.0561,12.9349,119.564,137.02,2.05215,-49.9833 
38,42.5241,38,25077.2,-0.821341,49.335,12.9293,121.286,2.40385,279.828,488.561,-6.00326,-3.96978,-8.07466,-2.46809,-2.26819,102.998,12075.5,70.8617,15171.5,42662.2,-6.65181,-4.61834,-9.37176,-3.11664,-2.91674,0.648673,11931.1,65.5112,15027,0.538663,0.990483,0.0079668,22149.4,-0.00261814,1.02097,12.9866,11.3104,121.902,87.8298,1.17799,12.8325,12.8143,119.815,137.919,2.08716,-50.0892 
39,42.8641,39,26649.2,-0.82423,52.6896,12.7602,121.018,0.393997,421.868,335.871,-3.76957,-6.28183,-2.92879,1.16398,-2.68898,115.995,12453.9,69.7834,16107.7,27297.4,-4.49997,-7.01223,-4.38958,0.433589,-3.41937,0.767594,12291.2,63.7577,15945,0.531308,0.991004,0.00731196,23133.8,-0.00221886,1.07083,12.6089,11.3435,121.706,88.1288,1.24263,12.7704,12.8701,119.525,138.56,2.18041,-50.4309 
40,42.9641,40,30445.3,-0.642009,56.5438,12.9212,121.073,-1.81269,1418.33,452.824,-0.781441,-5.46919,-9.68174,-2.64854,-0.844388,62.1919,14125.2,81.8056,18247.2,107478,-1.17305,-5.86079,-10.465,-3.04015,-1.23599,0.519404,14038,78.5749,18160,0.532008,0.9903,0.00790743,26386.7,-0.00227882,1.13937,13.0817,11.6163,121.707,88.0336,1.3318,13.2067,13.168,119.69,138.44,2.01683,-50.4063 
41,43.0841,41,25946,0.011513,49.1574,12.8268,121.072,0.00430949,-30.7942,1.48622e-12,-6.40126,-1.6506,-8.17693,-0.763989,0.470196,77.2046,12032.4,74.7665,15793.9,20530.3,-6.88739,-2.13674,-9.1492,-1.25013,-0.0159408,0.529348,11924.1,70.7559,15685.6,0.527842,0.989722,0.00824104,22590.3,-0.0022778,0.984981,13.0806,11.5472,121.805,87.5557,1.16056,13.1393,13.1693,119.577,137.912,2.22793,-50.3566 
42,43.1041,42,29022.1,-0.0522703,54.5573,12.8868,121.063,0.051001,13.282,1.34902e-06,-5.26355,-4.44799,-7.9362,-0.105216,-3.85375,102.812,13494.2,82.3818,17510.1,22909.2,-5.91092,-5.09536,-9.23095,-0.752592,-4.50113,0.637874,13350,77.0409,17365.9,0.53063,0.990002,0.00810595,25158.8,-0.00246393,1.09539,13.101,11.6438,121.75,87.197,1.26821,13.1834,13.3246,119.709,137.539,2.04129,-50.3415 
43,42.8241,43,30044.2,-0.177528,55.8518,12.9758,120.986,0.130355,-36.745,500,-7.08612,-3.1768,-14.7455,-2.16107,4.64471,88.3105,14165.4,91.0684,17792.5,23748,-7.64219,-3.73287,-15.8576,-2.71714,4.08864,0.386817,14041.5,86.4809,17668.6,0.538894,0.989337,0.00893581,26056.2,-0.00235655,1.14327,13.2113,11.578,121.609,87.5357,1.33496,13.1666,12.8598,119.586,137.657,2.02288,-50.1216 
44,42.8841,44,31011.8,-0.249167,57.7714,13.0099,120.969,0.235736,377.024,0.00235212,-7.48396,-6.72143,-4.76059,-1.03533,-4.59012,117.923,14498.3,93.4738,18337.5,27360.3,-8.22649,-7.46396,-6.24565,-1.77786,-5.33265,0.784978,14332.9,87.3479,18172.1,0.537016,0.989448,0.00877674,26690,-0.00225778,1.17601,13.1508,11.5328,121.371,86.6002,1.3568,13.2573,12.9555,119.57,136.752,1.80069,-50.1514 
45,42.9841,45,26441.5,-0.76195,51.0468,12.9445,121.273,-0.539316,1586.93,348.757,-7.34824,-6.06716,-5.09497,-2.23403,-2.05074,206.25,12937.5,103.09,15451.4,49371.3,-8.64694,-7.36585,-7.69236,-3.53272,-3.34944,0.748511,12648.2,92.376,15162.1,0.550917,0.98738,0.0110986,22958.4,-0.0022525,1.07426,12.816,11.6105,121.87,87.0963,1.17406,13.0214,12.7857,119.648,136.964,2.22183,-49.8673 
46,42.9441,46,28817,-0.493334,54.708,12.9668,121.156,0.449059,94.5887,500,-5.07763,-0.377114,-3.65332,-3.22631,1.73315,155.643,13431.2,79.9458,17175.6,24475.6,-6.05767,-1.35716,-5.61341,-4.20636,0.753106,0.659411,13212.9,71.8604,16957.3,0.533986,0.990572,0.00774585,24743.9,-0.00206651,1.10756,12.8869,11.5304,121.652,87.1713,1.26884,13.1124,13.0591,119.66,137.389,1.99199,-50.2178 
47,43.5241,47,30752.5,-0.212316,56.7835,12.9667,120.603,1.54136,1228.58,21.6614,-6.03053,-7.00257,-10.1916,-2.81814,-1.57632,141.529,14419.1,86.3721,18156.4,85614.7,-6.9217,-7.89374,-11.974,-3.70931,-2.46749,0.636781,14220.6,79.02,17957.9,0.538008,0.990369,0.00804062,26432,-0.0020584,1.17747,13.178,11.3717,121.182,87.2111,1.3502,13.1449,12.9026,119.306,137.171,1.87555,-49.9595 
48,43.2241,48,27770.7,-0.022896,52.6248,12.8329,121.02,0.0500651,-52.0135,5.28162,-6.86094,-4.24733,-5.82579,0.685488,-3.85402,107.934,13439.1,84.9818,16451.7,22069,-7.54057,-4.92696,-7.18506,0.00585395,-4.53366,0.702856,13287.8,79.3749,16300.3,0.545206,0.989654,0.00889044,24372,-0.00261078,1.11763,13.0171,11.4418,121.617,87.4774,1.23912,13.1583,12.8871,119.617,137.451,2.0008,-49.9732 
49,43.1841,49,28024.8,-0.0473544,53.5934,12.688,121.161,-0.0532801,53.245,500,-6.36762,-4.55067,-1.09901,-0.796765,-0.924952,150.052,13539.1,82.445,16522.4,22228.4,-7.31246,-5.49551,-2.98869,-1.7416,-1.86979,0.846008,13328.6,74.6501,16312,0.545791,0.990294,0.00835974,24420.8,-0.00255344,1.12381,12.9315,11.554,121.828,87.3748,1.24999,12.9307,13.0535,119.725,137.689,2.10285,-50.3142 
50,43.1641,50,29969.6,-0.00296839,55.9574,12.8804,121.201,-0.0554441,0.569516,500,-9.25975,-4.23217,-6.88745,-0.0631878,-0.231205,149.589,14411.4,95.4373,17519.2,23463.9,-10.2017,-5.1741,-8.77129,-1.00511,-1.17313,0.666811,14201.6,87.6665,17309.4,0.546805,0.989313,0.00924343,25972,-0.00229175,1.17652,13.0882,11.5269,121.805,87.1685,1.3048,13.1556,12.9095,119.707,137.105,2.09747,-49.9367 
51,42.6241,51,31708.3,-0.792812,59.4913,13.0877,121.291,0.733911,506.736,1.41252,-3.92342,-0.609925,-1.74101,-3.38904,-2.30577,133.622,14935.1,110.611,18642.7,37452.8,-4.76481,-1.45131,-3.42378,-4.23042,-3.14716,0.798808,14747.7,103.669,18455.3,0.540263,0.987848,0.0102417,27297.3,-0.00232224,1.20952,13.0354,11.6878,121.863,87.4622,1.37932,13.1791,13.013,119.937,137.426,1.92521,-49.9637 
52,42.9041,52,32434.4,-0.806649,60.5672,13.1424,121.364,0.023328,1144.43,166.638,-5.91522,-3.45534,-8.49969,-3.2567,-1.43741,130.549,15054.3,96.8627,19258.5,26781.5,-6.73726,-4.27738,-10.1438,-4.07873,-2.25944,0.63109,14871.2,90.081,19075.4,0.534119,0.989511,0.00862406,27842.5,-0.00226658,1.19846,13.0879,11.7873,121.893,87.9961,1.37602,13.2207,13.4162,120.016,138.155,1.87696,-50.1587 
53,42.7241,53,29569,-0.0592408,55.3944,12.8709,121.17,-0.021082,33.8625,0.00229679,-9.22183,-5.05996,-12.4117,-1.84257,-4.24293,125.57,13967.6,70.9269,17494.8,23232.9,-10.0125,-5.85064,-13.9931,-2.63325,-5.03361,0.627081,13791.5,64.4038,17318.7,0.5394,0.991894,0.00680372,25568.2,-0.00228004,1.13855,13.0776,11.5887,121.723,87.0047,1.27661,13.1164,13.2268,119.771,137.076,1.9524,-50.0714 
54,42.7241,54,30633.5,-0.0938577,57.6095,12.8325,121.267,0.0140929,-12.7146,1.43615e-11,-8.09913,-7.94573,-6.51911,-2.6309,-0.786543,66.8892,14692,108.919,17977.9,24071.7,-8.52032,-8.36692,-7.36148,-3.05209,-1.20773,0.74178,14598.2,105.444,17884.1,0.545535,0.987517,0.0107443,26759.4,-0.00256605,1.20893,13.014,11.5644,121.795,87.4874,1.33476,13.0997,13.1026,119.949,137.492,1.84627,-50.0047 
55,42.7241,55,31214.1,-0.126515,58.765,12.893,121.289,0.0351128,-48.505,499.963,-4.43577,-6.04817,-11.7376,-3.72444,-2.8074,141.81,14541.9,91.7906,18639.9,24719.7,-5.32871,-6.94111,-13.5235,-4.61738,-3.70034,0.603545,14343,84.4238,18441,0.533537,0.989804,0.00836273,26882.9,-0.00246212,1.18164,13.1781,11.5559,121.819,87.4212,1.34153,13.1465,13.4249,119.8,137.835,2.01866,-50.414 
56,42.7241,56,29286.6,-0.10182,55.6283,12.8285,121.251,0.010138,63.7916,500,-9.02916,-4.56665,-6.5432,-6.4993,2.15328,140.117,13933.9,88.7694,17458.2,23252,-9.91144,-5.44893,-8.30776,-7.38158,1.271,0.721017,13737.4,81.4906,17261.6,0.539243,0.989726,0.00862144,25475.3,-0.00252681,1.15502,12.8418,11.576,121.844,87.4273,1.2783,13.1508,13.223,119.899,137.709,1.94545,-50.2819 
57,42.7241,57,29858.5,-0.841745,57.3268,12.9787,121.211,1.90561,-658.213,97.7653,-3.5331,-6.36594,-6.37436,-1.14695,-1.71701,179.234,14055.3,93.3026,17910.1,65052.2,-4.66169,-7.49453,-8.63154,-2.27554,-2.8456,0.66685,13803.9,83.9918,17658.7,0.53479,0.989464,0.00868568,25811.8,-0.00243583,1.15314,12.8604,11.6383,121.814,87.8658,1.34776,13.0707,12.8939,119.8,138.038,2.01465,-50.1725 
58,42.7241,58,30030.5,0.0477514,56.4854,12.7299,121.269,-0.305465,126.966,5.88955e-12,-2.48937,-4.95287,-7.67954,-1.40121,-5.29636,153.614,13977,80.2778,17968.5,24670.2,-3.45663,-5.92013,-9.61407,-2.36848,-6.26362,0.651953,13761.6,72.2979,17753.1,0.532699,0.99089,0.00744595,25833.7,-0.00246855,1.17511,12.9023,11.4128,122.005,88.0715,1.33176,13.0774,13.1638,119.863,138.455,2.14235,-50.3837 
59,42.7241,59,30153.4,-0.771831,56.8089,13.1415,121.236,1.27334,-835.739,28.7486,-4.09109,-4.5704,-7.28363,-3.79146,0.679434,86.6831,14137.6,90.4474,17939.9,58945.4,-4.63691,-5.11622,-8.37527,-4.33728,0.133614,0.624967,14016,85.9444,17818.4,0.536344,0.989383,0.00880689,26132.5,-0.00237677,1.13954,13.1429,11.6283,121.887,87.699,1.32011,13.1875,13.1181,119.799,138.104,2.08763,-50.4047 
60,42.7241,60,27309,0.00588344,51.857,12.6637,120.93,-0.0414045,-10.6562,5.43077e-10,-8.35633,-5.39054,-7.64318,-3.36766,-0.992746,64.7771,12848,65.9284,16281.3,21392.2,-8.76421,-5.79843,-8.45894,-3.77554,-1.40063,0.700014,12757.2,62.5633,16190.4,0.536767,0.991491,0.00706797,23766.7,-0.00209515,1.07731,12.9657,11.2512,121.526,86.9993,1.24932,12.8783,12.8413,119.563,137.024,1.96332,-50.0246 
61,42.7241,61,26156,-0.827945,51.9923,12.7334,121.102,0.637627,519.22,273.45,-3.37252,-5.68387,-4.64099,0.182892,-0.758962,157.805,12455.1,79.1353,15783,32328.9,-4.36618,-6.67753,-6.6283,-0.810765,-1.75262,0.67244,12233.8,70.9377,15561.6,0.5362,0.989955,0.0083273,22815.7,-0.00245804,1.06729,12.7265,11.2659,121.78,87.642,1.22896,12.7927,12.826,119.527,137.992,2.25355,-50.35 
62,42.7241,62,28731.3,-0.807121,54.9997,13.0589,120.917,-0.0653538,1029.28,5.96167e-07,-6.90626,-7.30587,-10.9595,-1.19745,-3.64587,145.988,13657,78.595,16984.3,25570.8,-7.82551,-8.22512,-12.798,-2.11669,-4.56511,0.639801,13452.3,71.0112,16779.5,0.54107,0.990847,0.0077355,24862.4,-0.00219323,1.12433,12.9821,11.4548,121.351,87.5059,1.25624,13.1326,13.0537,119.45,137.593,1.90135,-50.0872 
63,42.7241,63,29848.9,-0.228025,56.6576,12.7083,121.165,3.6478,-3351.57,0.001336,-4.05907,-2.4954,0.658509,-1.56791,-1.1263,131.796,14290.8,76.2162,17642.2,421431,-4.88895,-3.32529,-1.00126,-2.3978,-1.95618,0.926213,14105.9,69.3697,17457.3,0.543017,0.991467,0.00726673,25976.9,-0.0025946,1.21041,12.9317,11.3619,121.849,87.5033,1.35218,12.8932,12.8475,119.793,137.669,2.05553,-50.1655 
64,42.7241,64,29574.9,-0.813788,56.4321,13.0188,121.048,3.70749,-4205.91,337.864,-5.8941,-3.86488,-8.66376,-1.48448,-3.80288,126.271,13880.6,79.5887,17819.2,531532,-6.68919,-4.65997,-10.2539,-2.27957,-4.59797,0.639968,13703.5,73.0292,17642.1,0.533207,0.99076,0.00756768,25700.1,-0.00248143,1.15137,12.9815,11.4497,121.682,87.7445,1.35209,13.0695,12.7757,119.624,138.132,2.0582,-50.3878 
65,42.7241,65,28612.4,-0.817569,55.0456,12.975,121.17,1.87744,-922.861,148.928,-2.72918,-2.90843,-5.57858,-3.05072,-4.38965,170.77,13341.7,83.403,17064.9,79652.5,-3.80448,-3.98372,-7.72916,-4.12601,-5.46494,0.692167,13102.2,74.5318,16825.4,0.533836,0.990143,0.00809396,24543.4,-0.00216111,1.11348,12.8361,11.4549,121.777,87.3742,1.27533,13.038,13.0462,119.651,137.592,2.12651,-50.2174 
66,42.7241,66,27488,-0.862349,53.8392,12.9065,120.968,1.31559,235.045,153.368,-6.40757,-4.74084,-11.0039,-3.14124,-1.78996,145.39,13203,84.6048,16275.4,32686.7,-7.32305,-5.65632,-12.8349,-4.05672,-2.70545,0.606008,12999,77.0521,16071.5,0.543265,0.989733,0.00875436,23927.6,-0.00220758,1.10774,12.7546,11.411,121.47,86.9664,1.23387,12.9602,12.9005,119.487,137.16,1.98263,-50.1941 
67,42.7241,67,29205.4,-0.798903,55.5222,13.0238,121.273,0.175594,1262.02,196.695,-6.54363,-5.4497,-7.15024,-4.12008,-5.78901,79.3809,14044,81.8491,17255.9,30753.6,-7.04347,-5.94954,-8.14993,-4.61992,-6.28885,0.745726,13932.6,77.7254,17144.5,0.544437,0.990332,0.00828209,25590.9,-0.00254153,1.16157,13.0416,11.4279,121.732,87.8466,1.29816,13.0369,13.0041,119.94,138.123,1.79208,-50.2766 
68,42.7241,68,31313.4,-0.24875,58.0418,13.0338,121.482,0.663442,-874.003,6.50585e-12,-7.08291,-4.6378,-4.61484,-4.54427,-1.82928,133.741,14922.2,116.889,18331.5,43502.7,-7.92505,-5.47994,-6.2991,-5.38641,-2.67141,0.773103,14734.6,109.942,18143.9,0.544266,0.987111,0.0110389,27072.5,-0.00240921,1.20291,13.1266,11.6826,122.02,87.3957,1.32854,13.2297,13.241,120.046,137.345,1.97439,-49.9497 
69,42.7241,69,30491.2,-0.332251,57.6828,12.8117,121.127,0.643417,-240.966,0.000622911,-8.62157,-5.60217,-7.64056,-1.75279,-2.1631,89.1463,14522.2,91.1443,18105.3,29104.5,-9.1829,-6.16351,-8.76322,-2.31412,-2.72443,0.699356,14397.1,86.5134,17980.3,0.540763,0.989594,0.00878555,26623.7,-0.00259715,1.22866,12.8677,11.3599,121.691,87.4849,1.36265,13.0467,12.9444,119.878,137.658,1.81289,-50.1729 
70,42.7241,70,29199.5,-0.0612851,55.7638,12.7696,121.237,0.603224,-58.919,499.927,-3.84804,-6.72273,-3.11931,-0.619089,-0.256149,168.708,13919.2,82.173,17229,24337.6,-4.91035,-7.78504,-5.24393,-1.6814,-1.31846,0.749564,13682.6,73.409,16992.3,0.542155,0.990698,0.00789529,25237.3,-0.0022997,1.15881,12.9912,11.3429,121.715,87.0878,1.29285,13.08,12.9512,119.747,137.204,1.96768,-50.1165 
71,42.7241,71,26463.2,-0.786606,51.6102,12.8661,121.05,0.0954992,506.23,1.05611,-4.70152,-3.46379,-7.09014,0.149802,2.16659,179.723,12531,73.4574,15765.6,23190,-5.83319,-4.59546,-9.35347,-0.981863,1.03493,0.525904,12278.9,64.1212,15513.5,0.537886,0.990944,0.00755634,22828.1,-0.00208161,1.0704,12.6289,11.3759,121.63,87.6553,1.22116,12.8032,12.7555,119.504,137.873,2.12538,-50.2172 
72,42.7241,72,27807,-0.65027,54.4205,12.6895,121.109,1.26642,-244.265,195.9,-4.6429,-5.50245,-7.47427,-2.73434,0.165882,130.369,13706.2,94.0799,16197.8,32550.4,-5.4638,-6.32335,-9.11608,-3.55524,-0.655019,0.637005,13523.3,87.3075,16014.9,0.553929,0.988828,0.00994264,24413.5,-0.00247544,1.15407,12.9851,11.3117,121.607,87.6108,1.27373,12.8089,12.6036,119.623,137.632,1.98467,-50.021 
73,42.7241,73,28684.5,-0.0489512,54.9981,12.6401,120.97,-0.0327551,-3.91946,500,-9.68215,-7.06516,-8.38961,-5.98684,-3.59214,103.167,13591.8,91.6041,17035.1,22634.6,-10.3318,-7.71477,-9.68884,-6.63646,-4.24175,0.749082,13447.1,86.2448,16890.4,0.539339,0.988901,0.00931842,24932.5,-0.00229768,1.15109,12.8966,11.2564,121.544,87.4074,1.29699,12.9131,12.9165,119.539,137.631,2.00491,-50.2232 
74,42.7241,74,28646.2,-0.751905,55.2446,12.8068,121.295,0.638698,202.073,33.6691,-2.95029,-6.36444,-7.58587,2.10963,-2.28043,101.896,13569.3,92.5882,17115.5,27233.1,-3.5919,-7.00605,-8.86909,1.46802,-2.92205,0.576069,13426.4,87.2949,16972.6,0.537749,0.98875,0.00938554,24967.8,-0.0024074,1.14427,12.8421,11.4092,121.948,87.8814,1.33004,12.7758,12.7605,119.965,137.922,1.98342,-50.0406 
75,42.7241,75,28890.8,-0.223488,55.2068,12.7658,121.106,-0.186776,593.147,7.57173,-3.75961,-2.30612,-7.44091,-1.95749,-0.152529,186.352,13313.2,111.828,17500.5,26548.7,-4.93301,-3.47953,-9.78772,-3.1309,-1.32594,0.568006,13051.8,102.148,17239.1,0.526827,0.986489,0.0107973,24774.4,-0.00231654,1.0941,12.901,11.6336,121.87,87.6996,1.30585,13.0357,13.0421,119.75,137.772,2.11989,-50.0727 
76,42.7241,76,28612.4,-0.78213,54.1967,13.1041,121.114,0.279966,675.584,12.0454,-3.70539,-2.89703,-8.70142,0.526275,2.64373,96.4206,13455.8,81.388,17172.6,29276.5,-4.31253,-3.50417,-9.91569,-0.0808599,2.03659,0.371496,13320.5,76.3791,17037.4,0.534834,0.990065,0.00819059,24905.9,-0.0024011,1.0958,13.232,11.4916,121.68,87.2601,1.28809,13.1115,12.87,119.773,137.413,1.90718,-50.1528 
77,42.7241,77,26269,-0.185181,50.9945,12.7049,121.196,0.038155,60.4621,499.983,-7.36006,-2.2137,-3.46427,0.496616,-0.629838,146.563,12800,76.0973,15718.6,21165.7,-8.28293,-3.13657,-5.31001,-0.426254,-1.55271,0.716171,12594.4,68.4836,15513,0.544193,0.990574,0.00806655,23143.3,-0.00271947,1.07923,12.8507,11.4121,121.74,87.9689,1.20219,13.0133,12.8743,119.802,138.084,1.93865,-50.1154 
78,42.7241,78,28756.4,0.0291179,55.1102,12.6871,121.213,-0.073231,-30.6107,500,-5.03336,-1.85593,-7.84837,-2.58609,-4.84454,92.8321,13659.8,99.5821,17120.8,22833.8,-5.6179,-2.44047,-9.01744,-3.17063,-5.42908,0.648792,13529.6,94.7596,16990.6,0.539389,0.987892,0.0101693,25083.2,-0.00252093,1.14536,12.8612,11.4834,121.765,86.7012,1.25071,13.1163,13.3042,119.755,136.772,2.00992,-50.0706 
79,42.7241,79,28387.3,0.0461023,54.2006,12.6798,121.227,0.0410223,-116.36,3.61115e-12,-4.69206,-2.77549,-4.95841,-1.3306,-1.0554,107.617,13485.5,80.8817,17040.1,22527.7,-5.36969,-3.45313,-6.31368,-2.00824,-1.73303,0.665549,13334.5,75.2912,16889.2,0.537267,0.990216,0.00814513,24819.2,-0.00263553,1.13979,12.8329,11.399,121.916,88.0448,1.28932,13.0928,12.8992,119.829,138.329,2.08642,-50.2842 
80,42.7241,80,30020.5,-0.369034,57.0617,12.8923,121.117,1.77151,-1541.84,0.137636,-5.25189,-6.65237,-4.89622,-0.852581,-5.59786,69.4599,14297.1,87.6391,17832.6,112863,-5.68926,-7.08974,-5.77096,-1.28995,-6.03523,0.776969,14199.7,84.0308,17735.2,0.540742,0.98975,0.00865254,26259.6,-0.00259803,1.19861,12.9778,11.3755,121.901,87.286,1.33929,13.0735,12.9659,119.684,137.308,2.21608,-50.0219 
81,42.7241,81,28035.4,-0.0823952,53.7571,12.6033,120.82,-0.0119908,-4.01264,500,-4.86136,-2.61978,-5.45778,1.36096,-2.58225,81.5607,13511,73.4636,16521.4,22057,-5.37493,-3.13335,-6.48491,0.847395,-3.09582,0.62388,13396.6,69.2266,16407,0.545611,0.991038,0.00771251,24553.3,-0.0022913,1.17149,12.7106,11.0942,121.379,86.6751,1.28475,12.9403,12.6431,119.401,136.546,1.978,-49.871 
82,42.7241,82,28139.7,-0.0608575,54.2771,12.564,121.299,-0.0811863,139.586,499.846,-4.20739,-6.25724,-0.556304,0.456514,-2.41607,178.437,13628.6,90.8764,16643.5,22568.1,-5.33096,-7.38082,-2.80345,-0.667057,-3.53964,0.857851,13378.3,81.6069,16393.2,0.545481,0.989438,0.00908684,24525.7,-0.00258808,1.14769,12.9323,11.3633,121.855,87.349,1.30589,12.6933,12.7973,119.902,137.392,1.95229,-50.0426 
83,42.7241,83,29006,0.0257478,55.506,12.6078,121.21,-0.0704201,-15.5655,3.08226e-12,-5.35878,-4.2809,-7.77228,-4.88654,0.766496,140.318,14031.1,101.323,17004.4,22816.8,-6.24233,-5.16445,-9.53937,-5.77009,-0.117049,0.644495,13834.3,94.0335,16807.6,0.547602,0.988245,0.0102009,25263.5,-0.00248803,1.16817,12.7524,11.6523,121.82,87.4684,1.28812,12.8996,13.0252,119.78,137.42,2.04048,-49.9517 
84,42.7241,84,28790.6,0.0209292,55.0582,12.6084,120.976,-0.0736013,-15.6051,498.367,-2.48995,-1.28729,-4.12852,-2.50828,-0.420397,94.2335,13300.2,91.4108,17602.5,22635.7,-3.08331,-1.88065,-5.31525,-3.10164,-1.01376,0.630747,13168,86.5156,17470.3,0.525715,0.988633,0.0090399,25047.9,-0.00257024,1.1335,12.8195,11.335,121.558,87.1841,1.34521,12.9652,12.8322,119.556,137.17,2.00192,-49.9855 
86,42.7241,86,25396.9,-0.747666,49.8363,12.7707,120.818,0.628813,74.1029,490.973,-3.6893,-2.38844,-2.53097,-4.80379,-1.40264,109.289,12323.3,71.9142,15225.2,22235.3,-4.37747,-3.0766,-3.9073,-5.49196,-2.09081,0.793746,12170,66.2369,15071.9,0.542847,0.990565,0.00803053,22419,-0.00249527,1.06424,12.8579,11.1294,121.419,87.4554,1.21684,12.7516,12.4763,119.476,137.305,1.94299,-49.8493 
87,42.7241,87,28903.5,0.00567903,55.4106,12.6547,120.928,-0.0626933,4.04489,1.86433e-10,-2.74559,-3.58954,-3.08343,-0.989208,-0.142137,153.673,13940.4,93.7337,17088.6,22834.8,-3.71323,-4.55718,-5.01871,-1.95685,-1.10978,0.693153,13724.8,85.7507,16873.1,0.544668,0.989185,0.00927495,25198.5,-0.00254954,1.17658,12.8322,11.4135,121.531,87.3959,1.30751,12.9002,12.8823,119.458,137.336,2.07384,-49.9403 
88,42.7241,88,29186.3,-0.0943832,55.9513,12.684,121.092,-0.214445,205.525,471.459,-7.74179,-6.19751,-7.69604,-5.47954,0.678675,109.552,14066.9,84.7298,17111.9,24537.4,-8.43161,-6.88733,-9.07568,-6.16935,-0.0111418,0.703168,13913.2,79.0388,16958.2,0.546801,0.990156,0.00851261,25444.8,-0.00238888,1.17863,12.9586,11.424,121.784,86.7676,1.30181,12.9238,12.8601,119.839,136.665,1.94567,-49.8973 
89,42.7241,89,31974.8,0.00183839,59.8569,12.761,121.131,-0.00663972,-52.077,500,-7.7591,-2.55697,-8.46738,-0.702432,0.0892827,80.026,15185.2,107.434,18847.6,24876.6,-8.263,-3.06087,-9.47519,-1.20633,-0.41462,0.577378,15073,103.277,18735.4,0.541939,0.988151,0.0100523,27813,-0.00252968,1.26584,12.9314,11.4445,121.724,87.4352,1.38911,13.0867,13.1822,119.824,137.585,1.90031,-50.1498 
90,42.7241,90,24743.5,-0.104121,49.1673,12.4192,121.123,0.0750982,46.1598,500,-6.44947,-3.46561,-5.17888,0.0987401,1.28029,87.2371,11924.9,63.8425,15080.9,19990.6,-6.99878,-4.01492,-6.2775,-0.450569,0.730985,0.630969,11802.6,59.3107,14958.5,0.537106,0.991282,0.007251,21974.4,-0.00274485,1.02845,12.828,11.2025,121.758,87.3149,1.19323,12.7308,12.7412,119.852,137.635,1.90588,-50.3203 
91,42.7241,91,27800.8,-0.86254,54.8227,12.7992,121.006,0.763929,578.668,7.54143,-8.79938,-6.58474,-1.91871,-4.17168,0.473202,188.766,13685.3,108.687,16378.1,37232.8,-9.98798,-7.77335,-4.29593,-5.36029,-0.715406,0.847299,13420.6,98.8808,16113.4,0.550527,0.98727,0.0111779,24377.6,-0.00264446,1.15645,12.7137,11.5107,121.654,87.4635,1.25786,12.8136,12.916,119.549,137.415,2.10521,-49.9517 
92,42.7241,92,28178.4,-0.480263,53.6784,12.8331,120.664,0.864503,-157.679,3.80799,-4.27184,-4.15877,-6.20651,-5.85873,-0.84448,36.8897,13309.5,75.1523,16810.7,26862.1,-4.50413,-4.39105,-6.67108,-6.09102,-1.07676,0.70656,13257.8,73.2359,16759,0.537756,0.990426,0.00798561,24653.9,-0.00224336,1.1165,12.9869,11.276,121.309,87.063,1.29176,12.8731,12.8073,119.131,137.292,2.17733,-50.2292 
93,42.7241,93,29211.7,-0.477387,56.2794,12.7866,121.262,0.291354,420.977,0.000580748,-2.72356,-4.70916,0.940334,0.451957,2.59889,104.244,14182.1,78.7228,17371.4,27418.9,-3.37995,-5.36556,-0.372462,-0.204441,1.94249,0.94953,14035.8,73.3075,17225.2,0.545103,0.990943,0.0077787,25749,-0.00294624,1.21351,12.8994,11.2373,121.839,87.1975,1.33708,13.073,12.7572,119.98,137.352,1.85863,-50.1545 
94,42.7241,94,29929.2,-0.843376,58.3395,12.7829,121.112,1.35908,-1200.93,67.8076,-7.73783,-4.81012,-4.52863,-1.17462,1.79982,105.422,14082.1,76.5734,17893.4,77409.1,-8.40165,-5.47394,-5.85626,-1.83843,1.136,0.71341,13934.2,71.0969,17745.5,0.535908,0.99115,0.00732628,26001.2,-0.00248557,1.1721,12.8251,11.5233,121.85,87.6755,1.34573,12.8312,13.2082,119.704,138.101,2.14637,-50.4257 
95,42.7241,95,27370.9,-0.0487836,52.2182,12.7305,121.116,0.202394,-127.89,3.44676,-3.32296,-5.01642,-4.853,-1.15481,-2.76175,61.6157,12759.8,95.383,16525.1,22482.9,-3.71094,-5.4044,-5.62896,-1.54278,-3.14973,0.710397,12673.3,92.1822,16438.7,0.53134,0.987431,0.0102242,23851.6,-0.00226411,1.04475,13.0484,11.5353,121.704,87.5899,1.23179,12.9677,13.1227,119.724,137.994,1.98017,-50.4045 
96,42.7241,96,27364.2,-0.105648,52.9865,12.6123,121.195,-0.154273,-1069.7,499.674,-5.24108,-3.6408,-7.79443,-1.66989,-0.421999,87.4658,13259.3,86.2036,16199.6,27126.9,-5.79183,-4.19155,-8.89593,-2.22064,-0.972748,0.596971,13136.7,81.66,16076.9,0.545792,0.989239,0.00926992,24069,-0.00257025,1.12976,12.8504,11.3189,121.741,86.7395,1.2563,12.8682,12.7864,119.978,136.59,1.76268,-49.8508 
97,42.7241,97,27926.6,0.186344,53.4535,12.6054,121.03,0.0658702,-481.649,500,-4.44205,-2.42512,-13.5586,2.7107,1.63874,158.224,13409.4,98.3778,16435.5,22967.2,-5.43834,-3.42141,-15.5512,1.71441,0.642448,0.294861,13187.4,90.1584,16213.6,0.54465,0.988177,0.0101395,24212.7,-0.0023101,1.1204,12.8226,11.4425,121.495,88.0583,1.2368,12.9426,13.1144,119.575,138.204,1.92041,-50.1458 
98,42.7241,98,28317.8,-0.165479,54.1134,12.8105,120.971,0.330217,-310.67,500,-4.10794,-2.34993,-4.98472,-3.33594,-3.38001,97.1254,13631.9,91.8438,16736.4,25906.1,-4.71951,-2.9615,-6.20787,-3.94752,-3.99158,0.7156,13495.6,86.7983,16600.2,0.544536,0.98887,0.00954004,24783.7,-0.00251688,1.11411,13.1048,11.4979,121.395,87.6694,1.261,13.1113,12.9501,119.643,137.685,1.75199,-50.0152 
99,42.7241,99,29827.1,-0.603419,56.6701,12.7093,121.066,4.38375,-4642.18,489.628,-1.82748,-3.05886,-3.5944,-1.97311,-2.17532,77.1936,13856.6,92.6679,17871.4,685912,-2.31355,-3.54493,-4.56654,-2.45918,-2.66139,0.706248,13748.3,88.6578,17763.2,0.532318,0.988841,0.00911038,25827.3,-0.00218362,1.12733,12.9761,11.5939,121.606,87.9302,1.32832,12.9585,13.1442,119.573,138.255,2.03315,-50.325 
100,42.7241,100,28742.3,0.0176588,54.7215,12.7569,121.246,-0.0735727,-5.41515,500,-7.10349,-5.37313,-1.49349,-2.16589,-2.61746,144.564,13628,82.6859,17219.7,22737.7,-8.01377,-6.28341,-3.31405,-3.07617,-3.52774,0.863141,13425.2,75.1761,17017,0.537079,0.990296,0.00807221,24996.8,-0.0025665,1.12249,12.9594,11.6009,121.814,87.3432,1.27339,13.1806,13.055,119.838,137.436,1.97551,-50.0924 
101,42.7241,101,31070.3,-0.858886,58.3576,13.2561,120.83,-0.920649,856.396,97.4144,-4.03484,-0.406569,-5.88297,-3.3398,-1.01036,163.433,14139.1,88.442,18735.9,50849.4,-5.06394,-1.43566,-7.94116,-4.3689,-2.03945,0.619113,13909.9,79.952,18506.7,0.525011,0.990041,0.00789537,26494.4,-0.00221431,1.14758,13.092,11.5285,121.222,88.2305,1.37377,13.2315,13.1103,119.363,138.82,1.85867,-50.5892 
102,42.7241,102,31539.6,-0.326367,59.051,13.0078,121.231,0.360078,-46.1435,499.342,-4.12333,-5.4259,-6.52897,-2.57131,-1.22792,106.622,15000.7,88.778,18525.5,25545.9,-4.7947,-6.09727,-7.87171,-3.24267,-1.89929,0.670718,14851.1,83.2393,18375.9,0.543067,0.990287,0.00827531,27346.8,-0.00257492,1.19477,13.1864,11.8258,121.862,87.8152,1.34038,13.2512,13.2846,119.756,138.321,2.10684,-50.5055 
103,42.7241,103,31335.4,-0.787243,58.67,13.1215,121.104,0.72005,-969.422,71.0687,-5.924,-2.57388,-6.15436,-3.03966,-0.42,104.966,14477.6,95.7517,18416.4,47784,-6.58494,-3.23483,-7.47624,-3.7006,-1.08094,0.661365,14330.4,90.299,18269.2,0.535646,0.989093,0.00902279,26753.4,-0.0019068,1.15277,13.1602,11.6909,121.583,87.3261,1.32764,13.1855,13.3177,119.749,137.436,1.83381,-50.1103 
104,42.7241,104,27080.6,-0.0845374,52.3661,12.5992,121.124,-0.0249169,-2.65476,500,-4.75684,-6.37018,-6.3534,0.685381,0.926899,122.473,13002.8,79.4025,16146.3,21479.9,-5.52802,-7.14136,-7.89576,-0.0857989,0.155719,0.614751,12831,73.0402,15974.5,0.541537,0.990136,0.0083523,23693.7,-0.00238022,1.08342,12.8684,11.4605,121.695,87.6836,1.25237,12.8614,12.7358,119.699,137.567,1.99616,-49.8833 
105,42.7241,105,28072.8,-0.189524,54.7528,12.5468,121.112,0.0347489,-15.5324,499.833,-5.58824,-0.682191,-0.331997,-3.48087,1.85698,164.85,13925.4,81.7584,16298.4,22380.8,-6.62626,-1.72021,-2.40804,-4.51889,0.818961,0.833405,13694.2,73.1947,16067.2,0.556226,0.990733,0.00832195,24619.9,-0.00250326,1.1967,12.7002,11.2495,121.553,88.1874,1.26449,12.8269,12.8126,119.678,138.112,1.8742,-49.9244 
106,42.7241,106,29948.2,-0.871531,57.7262,12.9817,121.145,0.012796,-855.891,348.336,-3.97412,-4.36046,-0.444753,0.173366,0.451264,146.27,13393.9,92.2979,18519.7,24751.4,-4.89515,-5.28148,-2.2868,-0.747658,-0.46976,0.832847,13188.7,84.6994,18314.5,0.514328,0.988886,0.00844724,25642.6,-0.00258183,1.11334,13.0121,11.4811,121.698,87.7064,1.39061,13.1342,12.9506,119.851,137.973,1.84699,-50.2668 
107,42.7241,107,26954.3,-0.511271,51.9515,12.84,121.124,0.262834,207.937,5.9146e-05,-2.05861,-5.38389,-3.08795,0.682236,-2.7182,113.748,13045.4,72.6185,16066.8,23494,-2.77485,-6.10013,-4.52043,-0.0340058,-3.43444,0.731945,12885.8,66.7095,15907.3,0.543642,0.991022,0.00766591,23702.8,-0.00264996,1.07867,13.042,11.501,121.715,87.1246,1.21348,13.0241,12.9912,119.877,137.194,1.83871,-50.0693 
108,42.7241,108,29899.8,-0.0425486,55.943,12.844,121.019,-0.0549146,30.8958,0.102483,-5.59451,-2.87748,-2.56694,-2.21608,-0.600309,120.149,14912.5,95.8652,16982.8,23445.9,-6.35106,-3.63402,-4.08003,-2.97263,-1.35685,0.778194,14744,89.6237,16814.3,0.563227,0.989474,0.00972333,26177.7,-0.00231978,1.22385,13.1552,11.3833,121.475,87.6741,1.28136,13.004,12.9246,119.612,137.478,1.86222,-49.8035 
109,42.7241,109,28318.3,-0.44188,53.5491,13.0521,120.972,0.124838,293.954,500,-3.07473,-1.29496,-3.041,-3.18881,-0.468344,146.944,13048.4,93.1086,17415.6,23947,-3.99999,-2.22023,-4.89154,-4.11408,-1.39361,0.705674,12842.3,85.4751,17209.5,0.523219,0.988487,0.00906629,24544.8,-0.0026041,1.05172,13.2656,11.5379,121.592,87.3463,1.30413,13.1209,12.9869,119.592,137.291,1.99958,-49.9444 
110,42.7241,110,28712.3,0.0397282,54.5486,12.6562,121.064,-0.0791,-23.416,2.78734e-11,-2.27952,-3.1166,-6.97261,-1.1216,2.75337,138.609,13007.9,92.1911,17806.4,22534.4,-3.15231,-3.98938,-8.71818,-1.99438,1.88059,0.454215,12813.5,84.9906,17612,0.516888,0.988526,0.00881116,24789.6,-0.00241828,1.09826,12.883,11.3379,121.77,87.8684,1.35888,12.9233,12.8137,119.762,137.893,2.0086,-50.0241 
111,42.7241,111,30776.5,0.0288072,58.1781,12.784,121.043,-0.00572807,-97.1004,500,-7.0045,-5.91026,-8.77635,-0.892388,-0.489203,113.847,14436.8,107.413,18279.1,24229.5,-7.72136,-6.62712,-10.2101,-1.60925,-1.20607,0.627014,14277.1,101.498,18119.5,0.536767,0.987712,0.0102134,26598.3,-0.00240507,1.16328,13.169,11.6586,121.677,87.3958,1.34131,13.1292,13.1717,119.729,137.724,1.94788,-50.3279 
112,42.7241,112,26272.6,-0.0292786,50.8368,12.6647,121.242,-0.0352872,-9.44811,2.37098e-12,-6.19004,-4.19775,-6.38773,-1.36324,-3.26437,100.271,12534.3,74.8268,15991.9,20969.7,-6.82142,-4.82912,-7.65049,-1.99461,-3.89575,0.696306,12393.6,69.6179,15851.3,0.534842,0.990266,0.00802549,23172.5,-0.00268209,1.03488,12.9773,11.5558,121.892,87.7787,1.22494,12.9498,12.8614,119.844,138.072,2.0479,-50.2934 
113,42.7241,113,29142.8,-0.135154,55.5714,12.6778,120.791,-0.0393679,504.768,500,-5.9478,-5.16646,-11.1949,-4.87838,0.0480983,100.591,13831.4,86.5559,17079.9,23581.4,-6.58119,-5.79985,-12.4617,-5.51177,-0.585297,0.597228,13690.3,81.3304,16938.8,0.543079,0.989711,0.0087672,25208.7,-0.00217443,1.15412,12.9257,11.4007,121.301,87.5517,1.25891,12.9921,13.2835,119.523,137.883,1.77808,-50.3309 
114,42.7241,114,29439.6,-0.0119084,54.8202,12.8178,121.226,-0.0648012,11.6649,500,-4.22388,-4.56884,-6.21403,-3.30112,0.435576,101.1,13911,79.8574,17418.2,22899,-4.86048,-5.20544,-7.48722,-3.93772,-0.201023,0.654838,13769.2,74.6054,17276.4,0.539605,0.990607,0.00789206,25517.1,-0.00230992,1.14339,13.0943,11.462,121.876,87.9315,1.30107,13.0818,12.9989,119.861,138.226,2.01484,-50.2945 
115,42.7241,115,25168.8,-0.282436,49.0312,12.6834,121.02,0.442754,-126.722,5.23338e-08,-8.42879,-5.95401,-2.95433,0.372892,0.702419,121.117,12133.4,74.7069,15195.4,22070.7,-9.19144,-6.71665,-4.47961,-0.38975,-0.060223,0.785023,11963.5,68.4151,15025.5,0.539362,0.990092,0.00831784,22180.8,-0.00258205,1.04801,12.864,11.0995,121.455,87.5,1.18316,12.9274,12.7265,119.672,137.407,1.78284,-49.9075 
116,42.7241,116,29001.5,-0.0160914,55.4272,12.5866,121.185,-0.0958971,209.605,500,-1.06292,-5.05255,-1.77036,-3.68961,-0.738523,105.785,13948.6,87.3024,17025.8,23364.8,-1.72901,-5.71865,-3.10256,-4.35571,-1.40462,0.809782,13800.2,81.8071,16877.5,0.545962,0.989733,0.00884989,25276.9,-0.00240117,1.187,12.9191,11.2822,121.801,87.204,1.30368,12.8528,12.8753,119.819,137.413,1.98191,-50.2088 
117,42.7241,117,31099.5,0.000920365,57.1125,13.1198,120.908,-0.0448133,-15.0341,500,-7.31717,-4.27967,-8.00423,-3.34366,-0.278709,118.043,14792.8,105.083,18350.4,24414.4,-8.06046,-5.02296,-9.4908,-4.08695,-1.02199,0.657163,14627.3,98.9511,18184.8,0.541893,0.9883,0.00992419,26992.9,-0.00253575,1.18705,13.3444,11.5115,121.389,87.1243,1.3279,13.4084,13.1415,119.461,137.415,1.92749,-50.2906 
118,42.7241,118,30022.6,-0.0343827,56.5442,12.7301,121.302,-0.0371008,4.58661,382.486,-9.16211,-5.26253,-1.77637,0.311845,0.962452,68.7611,14087.1,94.9877,17673.2,23438,-9.59508,-5.6955,-2.64231,-0.121125,0.529481,0.849222,13990.7,91.4157,17576.8,0.539288,0.988695,0.00948976,25942.9,-0.00226656,1.17913,12.9674,11.4227,121.754,86.8652,1.29138,13.1062,13.2785,119.98,136.901,1.77413,-50.0354 
119,42.7241,119,33620.9,-0.193354,61.8355,13.102,121.252,2.33897,-1949.45,499.986,-7.13992,-0.214606,0.375648,1.92992,0.106156,137.53,15888.9,110.453,19644.4,174807,-8.00592,-1.0806,-1.35634,1.06393,-0.759837,0.866223,15696,103.308,19451.5,0.542681,0.988613,0.00968872,28923,-0.00241675,1.25828,13.2898,11.771,121.848,87.3078,1.409,13.4289,13.1461,119.889,137.278,1.95955,-49.97 
120,42.7241,120,28266.1,-0.705027,54.485,12.8656,120.815,0.838995,-1034.08,1.1972,-8.18061,-2.61795,-2.98516,-4.16942,-0.60822,78.6504,13483.7,86.9458,16624.1,51062.3,-8.67585,-3.11319,-3.97564,-4.66466,-1.10346,0.815368,13373.4,82.8601,16513.8,0.543572,0.989273,0.00915836,24602.7,-0.00205908,1.12242,12.8471,11.4332,121.45,87.5046,1.26845,12.8576,12.8838,119.349,137.775,2.10054,-50.2702 
121,42.7241,121,29134.2,-0.76524,55.1629,13.0453,121.313,2.01039,-679.925,289.89,-3.80665,-2.53524,-2.3672,-2.87097,-0.270194,118.27,13912.3,83.9187,17320.1,67923.6,-4.55137,-3.27995,-3.85662,-3.61568,-1.01491,0.763666,13746.4,77.7748,17154.2,0.540958,0.990196,0.00828269,25411.2,-0.0024671,1.12698,13.1439,11.586,121.926,87.8519,1.29714,13.0095,13.0175,120.005,138.206,1.92125,-50.3536 
122,42.7241,122,28109.2,0.0486089,53.1632,12.771,120.874,-0.13453,3.46044,8.37782e-12,-9.44294,-3.14468,-5.26375,-6.49759,-1.08031,126.438,13292.5,81.3147,16842.1,22117.2,-10.2391,-3.94083,-6.85604,-7.29373,-1.87646,0.773025,13115.2,74.7464,16664.8,0.53647,0.990125,0.00819469,24447.2,-0.00245733,1.08146,13.1012,11.5771,121.448,87.1992,1.27123,13.0291,12.9546,119.534,137.197,1.91374,-49.9979 
123,42.7241,123,30218.6,-0.300485,56.4477,12.9892,121.039,4.1251,-3174.72,500,-6.41233,-3.65956,-10.0129,2.33712,-0.226554,154.527,14354.1,83.0515,17842,450187,-7.38534,-4.63257,-11.9589,1.3641,-1.19957,0.497784,14137.4,75.0241,17625.2,0.541195,0.990799,0.00778016,26122.5,-0.0025028,1.17745,13.1369,11.4493,121.579,87.2652,1.31264,13.2877,13.0709,119.756,137.449,1.82287,-50.1835 
124,42.7241,124,31118.6,-0.0022366,57.7772,12.9,120.908,-0.0433272,-22.3944,500,-5.23007,-6.51327,-5.60659,-3.38832,-0.823199,104.417,14434.1,90.1053,18571,24294.5,-5.88756,-7.17076,-6.92156,-4.04581,-1.48069,0.728634,14287.6,84.681,18424.5,0.532796,0.989734,0.00839542,26816.3,-0.00231086,1.16145,13.1913,11.5476,121.38,88.097,1.37714,13.1256,13.0851,119.586,138.215,1.79445,-50.1177 
125,42.7241,125,28544.3,-0.0425651,54.9995,12.5997,121.133,0.0404741,6.14262,499.137,-3.60307,-0.944941,-5.99532,-1.73582,-0.0890776,168.192,13723.2,76.3172,16899.9,22566.8,-4.66213,-2.004,-8.11344,-2.79488,-1.14814,0.56665,13487.3,67.5799,16664,0.54343,0.991308,0.00741514,24818.9,-0.00256323,1.14161,12.9181,11.5208,121.764,87.223,1.2821,12.8116,13.1194,119.779,137.44,1.98483,-50.2165 
126,42.7241,126,26194.7,-0.72082,50.6033,12.9623,121.089,0.964656,1244.56,500,-5.39156,-3.93928,-3.94687,-2.32364,-1.85715,112.382,12687.2,75.8987,15658,60435.5,-6.0992,-4.64692,-5.36215,-3.03128,-2.56478,0.752946,12529.6,70.0607,15500.4,0.543115,0.990309,0.00825743,23069.9,-0.0026244,1.07271,12.9534,11.3378,121.793,87.3541,1.20034,13.0137,12.7977,119.745,137.389,2.04777,-50.0348 
127,42.7241,127,32026.4,-0.0550376,58.5659,13.0397,120.989,0.0389714,-8.72451,5.42967e-11,-1.88977,-2.25934,-3.83193,-1.76492,-1.91433,105.032,14808.1,79.8323,18828.9,24871.4,-2.55113,-2.9207,-5.15465,-2.42628,-2.57568,0.670175,14660.8,74.3761,18681.6,0.535763,0.9912,0.00728048,27364.3,-0.00206549,1.16914,13.325,11.6978,121.572,87.5986,1.36154,13.228,13.2659,119.553,138.188,2.01842,-50.5893 
128,42.7241,128,30057.7,-0.225382,56.4235,12.8431,121.053,0.657854,-482.237,500,-4.67249,-5.09103,-11.0906,-1.40237,-0.814154,91.9871,14125.6,81.3552,17722.8,33917.1,-5.25171,-5.67024,-12.2491,-1.98159,-1.39337,0.538572,13996.5,76.5766,17593.8,0.539151,0.990516,0.00795394,25960.3,-0.00222226,1.16568,13.1177,11.4178,121.641,87.2642,1.34148,12.9847,12.8955,119.793,137.52,1.84851,-50.2563 
129,42.7241,129,28218.3,-0.821213,54.3602,12.9887,121.293,0.964087,-369.874,135.966,-0.689708,-4.14748,-1.72812,0.0158772,-0.409304,149.967,13541.5,93.1385,16725,34593.1,-1.63401,-5.09178,-3.61672,-0.928425,-1.35361,0.713517,13331.2,85.348,16514.6,0.542776,0.98892,0.00943027,24561.1,-0.00256038,1.11273,13.0035,11.5958,121.909,87.4673,1.25875,13.0224,13.0295,119.92,137.525,1.98882,-50.0581 
130,42.7241,130,29223.5,-0.00244666,54.7618,12.7732,121.026,-0.222044,132.627,500,-4.36758,-1.95102,1.45606,0.845701,1.99678,96.6287,13765.9,92.4861,17155.9,23729.1,-4.97603,-2.55947,0.239172,0.237256,1.38834,1.04218,13630.4,87.4664,17020.4,0.540797,0.988895,0.00937765,25204.3,-0.00208914,1.14212,13.0064,11.3954,121.673,87.4114,1.30577,13.0284,12.8063,119.588,137.485,2.08517,-50.0741 
131,42.7241,131,29062.1,-0.0262645,54.5929,12.7817,121.087,-0.066982,32.5838,500,-6.85551,-2.51579,-6.50229,-0.735808,-2.59143,106.231,14137,81.2615,16842.6,22786.4,-7.52441,-3.1847,-7.8401,-1.40471,-3.26033,0.662272,13988,75.743,16693.6,0.55202,0.990613,0.00828881,25339.6,-0.0023882,1.16377,13.0477,11.5473,121.613,87.1248,1.2457,13.1016,13.1107,119.762,137.277,1.85095,-50.1521 
132,42.7241,132,28817.4,0.0248818,53.4737,12.825,120.969,-0.0697803,-5.21662,0.218353,-1.3768,-3.10394,-4.11482,-0.32191,-0.900724,61.8002,13552.8,80.5736,17067.5,22337,-1.76594,-3.49308,-4.8931,-0.711049,-1.28986,0.597376,13466.1,77.3632,16980.8,0.538363,0.990046,0.00832265,25013,-0.00220612,1.12531,12.9662,11.4859,121.568,87.5788,1.26423,13.2119,12.9436,119.65,137.783,1.91722,-50.2038 
133,42.7241,133,26128,-0.750304,50.8145,12.8433,121.113,0.252434,171.151,499.461,-1.92664,-5.07701,-8.1999,-2.2517,1.34506,174.494,12706.8,69.3564,15290.9,22651.5,-3.02538,-6.17575,-10.3974,-3.35044,0.246317,0.542019,12462,60.2918,15046.1,0.549148,0.991605,0.00732746,22693.4,-0.0022311,1.06884,12.8551,11.4069,121.549,87.1705,1.18936,12.8674,12.7055,119.777,137.051,1.77269,-49.8804 
134,42.7241,134,29941.3,-0.04251,55.7494,12.8007,121.026,0.000617613,-42.8291,458.827,-3.62597,-1.85927,-4.43943,0.228062,-2.24869,90.2838,13794,90.6206,17902.9,23231.9,-4.19446,-2.42776,-5.57642,-0.340431,-2.81718,0.636863,13667.4,85.9305,17776.2,0.530665,0.989117,0.00882617,25755.2,-0.00208954,1.14476,12.8978,11.44,121.52,87.378,1.32917,13.1496,12.9896,119.716,137.363,1.80415,-49.9845 
135,42.7241,135,31105.2,0.00893631,57.2987,12.8956,120.978,-0.0141747,-4.40491,500,-4.27598,-0.51249,-4.76835,-3.66441,-0.18363,51.9285,14418.4,103.766,18337.9,24055.8,-4.60296,-0.83947,-5.42231,-3.99139,-0.51061,0.64714,14345.5,101.069,18265.1,0.535965,0.987821,0.0100903,26765.8,-0.00207601,1.17421,13.1711,11.5001,121.485,87.79,1.37212,13.144,12.8727,119.651,137.906,1.83385,-50.116 
136,42.7241,136,27399.7,0.00414113,52.3755,12.5996,120.983,-0.0249929,-15.9355,2.80028e-11,-5.52017,-1.39317,-7.14589,-1.03983,-4.27445,52.9413,13316.3,62.1446,16071.9,21495.3,-5.85352,-1.72653,-7.8126,-1.37319,-4.6078,0.634475,13242,59.3944,15997.7,0.548995,0.992212,0.00679271,24120.4,-0.00243338,1.13716,12.8924,11.2137,121.593,86.9268,1.25656,12.8925,12.6645,119.684,137.02,1.90868,-50.0936 
137,42.7241,137,26443.2,-0.728357,51.1921,12.8337,121.081,2.98605,-1547.02,189.904,-6.82311,-5.86388,-4.9448,-2.22194,2.04853,79.2596,13125.2,86.5987,15298.7,171766,-7.32219,-6.36296,-5.94295,-2.72102,1.54946,0.714277,13014.1,82.4813,15187.6,0.557548,0.98903,0.0099051,23341.6,-0.00232903,1.10382,12.8644,11.4293,121.581,87.5423,1.19362,12.8559,12.6492,119.695,137.45,1.88577,-49.9081 
138,42.7241,138,26728.3,-0.720136,52.2198,12.6819,120.961,0.364899,337.222,495.741,-3.90812,-3.26058,-0.411829,1.07182,-1.11975,121.397,12640.4,81.1811,15884.7,25564,-4.67253,-4.02499,-1.94064,0.307414,-1.88416,0.841125,12470.1,74.8748,15714.4,0.538528,0.989602,0.00870076,23155.9,-0.00210287,1.079,12.7725,11.2755,121.437,87.5946,1.2368,12.7153,12.8039,119.553,137.88,1.88413,-50.2851 
139,42.7241,139,26933.7,-0.725201,52.1876,12.7862,120.717,0.570064,560.058,384.508,-5.93024,-4.85185,-8.07287,-6.13644,-1.55331,81.2093,12590.2,69.9403,16123.5,32115.4,-6.44159,-5.3632,-9.09558,-6.64779,-2.06466,0.69285,12476.3,65.7216,16009.6,0.534024,0.990866,0.00750535,23362.8,-0.00208339,1.04504,12.892,11.4612,121.115,86.9796,1.23922,12.8148,12.883,119.505,137.022,1.61042,-50.0426 
140,42.7241,140,26788.4,-0.787297,52.7503,12.7235,121.425,0.123993,412.015,49.264,-8.22706,-3.5542,-2.85509,-6.40241,-4.61793,80.1954,13112.5,76.9156,16099,23511.7,-8.73203,-4.05917,-3.86503,-6.90738,-5.1229,0.865267,13000,72.7496,15986.5,0.544598,0.990302,0.00831318,23870.8,-0.00289582,1.12953,12.8038,11.2827,121.991,87.4034,1.25424,12.8285,12.761,120.055,137.673,1.93645,-50.2698 
141,42.7241,141,28057,-0.0787416,52.5995,12.6951,121.048,0.0163424,-32.8848,370.588,-5.46614,2.09563,-6.92127,-1.40813,-1.9288,101.138,13543,84.5041,16416.5,21755.2,-6.10298,1.45879,-8.19495,-2.04497,-2.56564,0.530369,13401.2,79.2501,16274.7,0.547703,0.989757,0.00889045,24468,-0.00231343,1.14188,12.905,11.3541,121.572,87.0718,1.25497,12.9345,12.8537,119.791,137.196,1.7802,-50.1241 
142,42.7241,142,28523.3,0.0345758,54.7757,12.5275,120.823,0.0319074,-93.811,5.77633e-12,-7.56148,-4.14252,-7.85304,-1.44018,-2.27777,123.695,13729.3,94.2433,16785.7,22435.6,-8.34036,-4.92139,-9.41079,-2.21905,-3.05664,0.663278,13555.8,87.8175,16612.2,0.54546,0.98879,0.00964408,24852.1,-0.0023247,1.16152,12.8136,11.371,121.399,86.9303,1.30781,12.7684,12.731,119.484,136.975,1.91569,-50.0443 
143,42.7241,143,26964.7,-0.205404,51.8584,12.5785,120.707,0.0571434,147.226,500,-5.60115,-2.37022,-6.2042,0.534274,-2.36726,89.7737,12711.9,67.7404,16150.6,21508.4,-6.16643,-2.9355,-7.33476,-0.0310069,-2.93254,0.621924,12586,63.0769,16024.7,0.535966,0.991306,0.00719875,23482.8,-0.0022456,1.09588,12.746,11.1679,121.18,87.219,1.27378,12.8743,12.5396,119.368,137.372,1.81169,-50.1527 
144,42.7241,144,26088.3,-0.18104,50.8427,12.5474,120.998,0.0355189,28.1313,500,-6.82769,-3.74055,-7.84571,-2.51203,-2.63673,87.0375,12706.6,72.201,15511.9,20799.7,-7.37574,-4.2886,-8.94181,-3.06008,-3.18478,0.666984,12584.6,67.6795,15389.9,0.545976,0.990676,0.00803587,23049.7,-0.00250976,1.10248,12.8209,11.1091,121.462,87.2666,1.23336,12.7482,12.5633,119.711,136.894,1.75098,-49.6277 
145,42.7241,145,25363,-0.691072,49.4465,12.7266,121.212,1.62386,567.707,103.766,-8.48425,-2.69783,-3.85825,-2.79847,-2.16157,71.8279,12314.3,63.8698,15063.6,50495.5,-8.93653,-3.15011,-4.76281,-3.25075,-2.61386,0.790314,12213.6,60.1385,14962.9,0.545534,0.991457,0.00734934,22388.4,-0.0024536,1.0573,12.7997,11.2585,121.812,87.0414,1.18507,12.7945,12.6977,119.871,137.159,1.94081,-50.1174 
146,42.7241,146,27179.4,-0.664702,52.3041,13.1166,121.247,-0.362648,828.171,116.078,-7.617,1.4186,-4.66122,-3.28878,-3.05347,96.5075,13023.1,74.8958,16327.8,32110.1,-8.22469,0.810914,-5.87659,-3.89647,-3.66115,0.718122,12887.7,69.8825,16192.5,0.539267,0.9906,0.00788733,23898.6,-0.00260308,1.12288,12.7511,11.24,121.914,87.4366,1.3001,12.7846,12.5316,119.725,137.396,2.18911,-49.9592 
147,42.7241,147,29181.5,-0.145299,55.8224,12.6217,121.055,0.0603683,91.6488,2.64466e-06,-5.35351,-2.62375,-9.26143,-1.92519,-3.76343,84.1198,14108.8,92.8624,16830,23116.3,-5.88319,-3.15343,-10.3208,-2.45487,-4.29311,0.604649,13990.8,88.4926,16712,0.551798,0.989052,0.00966002,25355,-0.00218896,1.19426,12.8032,11.3753,121.485,86.6492,1.26779,12.9604,13.0289,119.731,136.775,1.75405,-50.1261 
148,42.7241,148,29633.7,-0.284802,55.1973,12.9875,121.008,1.92752,-2113.98,0.229012,-3.98617,-7.49923,-3.48278,1.01115,-2.24654,77.2358,13890.2,78.7501,17749.7,155983,-4.4725,-7.98557,-4.45544,0.524812,-2.73287,0.766994,13781.9,74.7378,17641.4,0.534637,0.990599,0.00774365,25778,-0.0024899,1.14573,13.0499,11.5357,121.663,87.7796,1.31267,13.1189,13.0803,119.691,138.091,1.97186,-50.3115 
149,42.7241,149,27688,-0.111677,52.6929,12.6929,120.96,-0.0665496,164.354,500,-7.61199,-4.81942,-3.13654,1.092,-3.24679,70.9051,13046.5,79.0521,16425,22128.6,-8.05846,-5.26589,-4.02948,0.645533,-3.69326,0.802492,12947,75.3688,16325.6,0.538373,0.989915,0.00843257,24048.4,-0.00205221,1.07145,13.0585,11.4441,121.453,87.2873,1.24279,12.8489,13.0062,119.574,137.327,1.87944,-50.0402 
150,42.7241,150,28151.1,-0.183787,54.3453,12.5487,121.003,0.228099,213.86,500,-4.27161,-5.477,-10.2244,-1.57924,-0.948978,80.6527,13134.5,77.1048,16756.8,23788.1,-4.77945,-5.98484,-11.2401,-2.08709,-1.45683,0.560045,13021.4,72.9151,16643.7,0.534998,0.990296,0.00800554,24339.1,-0.0019613,1.09907,12.8399,11.3891,121.531,87.1315,1.29798,12.687,12.8435,119.663,137.21,1.86816,-50.0785 
151,42.7241,151,28178.1,-0.14567,52.6652,13.0748,121.275,-0.337091,494.279,499.691,-8.90118,-7.99458,-3.21143,-1.94812,1.88963,82.4552,13744.1,79.3421,16492.7,27839.7,-9.42037,-8.51378,-4.24983,-2.46732,1.37043,0.817454,13628.4,75.0587,16377,0.550314,0.990454,0.00837199,24764.8,-0.00245942,1.14005,13.0727,11.3832,121.886,87.1372,1.2618,13.0547,12.7376,119.91,137.074,1.97566,-49.9371 
152,42.7241,152,29794.8,-0.0583331,55.7242,12.7943,120.843,-0.0210261,-12.7059,0.0350686,-4.87285,-6.14835,-5.40095,0.394107,-0.744961,40.4409,14218,85.0261,17439.2,23217.6,-5.12749,-6.40299,-5.91024,0.139462,-0.999607,0.677051,14161.3,82.9252,17382.5,0.545055,0.989856,0.00871143,25981.4,-0.00233257,1.18437,13.1012,11.38,121.38,87.0636,1.31881,12.9914,12.8955,119.648,137.013,1.7319,-49.9491 
153,42.7241,153,30027.3,0.0160526,56.6982,12.6511,120.624,-0.147145,63.8834,500,-5.45644,-2.78051,-7.5277,-2.96922,-0.575117,83.1543,14143.4,87.7589,17712.4,23656.3,-5.98004,-3.30411,-8.5749,-3.49282,-1.09872,0.618054,14026.7,83.4392,17595.8,0.539658,0.989697,0.00865961,25991.9,-0.00211176,1.18532,12.8792,11.3547,121.125,87.3366,1.3395,12.9183,12.9429,119.31,137.421,1.81431,-50.0846 
154,42.7241,154,27539.9,-0.801982,53.5268,12.8749,120.866,-0.52649,699.144,3.7524,-2.19865,-4.0141,-7.09967,-1.16459,-0.850654,105.473,12954.7,70.2158,16381.6,34416.8,-2.86278,-4.67824,-8.42794,-1.82872,-1.51479,0.563601,12806.8,64.7367,16233.6,0.537069,0.991232,0.0072924,23845.6,-0.00207428,1.06734,12.9548,11.4777,121.359,87.6365,1.21604,12.8961,13.2378,119.476,138.164,1.88256,-50.527 
155,42.7241,155,30458.9,-0.0241056,57.8741,12.6628,120.914,0.043715,-78.2574,1.21948e-11,-7.14833,-6.13374,-3.27624,0.462598,-1.90475,56.3194,14647.2,89.8805,17830.4,23968,-7.50296,-6.48837,-3.9855,0.10797,-2.25938,0.801995,14568.2,86.9548,17751.4,0.546871,0.989663,0.00894279,26639.2,-0.00242916,1.22928,12.8838,11.4004,121.457,87.3783,1.36055,12.9484,12.8538,119.549,137.538,1.90766,-50.1599 
156,42.7241,156,28583.8,-0.019125,54.3073,12.6516,120.941,-0.0795174,27.6182,500,-6.11223,-7.04524,-9.30868,-1.01013,-0.696806,74.4696,13060.1,84.9194,17516.1,22438,-6.58115,-7.51415,-10.2465,-1.47904,-1.16572,0.620311,12955.6,81.0509,17411.6,0.522499,0.989171,0.00850208,24795.5,-0.00229695,1.09314,12.7831,11.4937,121.539,87.3137,1.34301,12.9111,12.7785,119.604,137.35,1.93479,-50.036 
157,42.7241,157,27223.3,-0.757624,52.3011,12.949,120.998,1.98906,-1290.02,59.6473,-8.82765,-0.925897,-7.35967,-4.84462,1.11145,64.0204,12940,76.5413,16110.7,105576,-9.23077,-1.32902,-8.16591,-5.24774,0.708333,0.649006,12850.2,73.2155,16020.9,0.541187,0.990128,0.00834814,23744.4,-0.00211039,1.05811,13.0756,11.5001,121.573,87.426,1.21292,12.9655,12.9601,119.569,137.548,2.00402,-50.1219 
158,42.7241,158,27649.1,-0.0314744,52.0457,12.7128,121.042,-0.0634217,55.2603,499.994,-3.42698,-4.32875,-2.99495,-3.68713,-0.509861,41.9858,13090.2,81.5657,16310.7,21652.9,-3.69136,-4.59313,-3.5237,-3.95151,-0.774234,0.786881,13031.4,79.3846,16251.8,0.541112,0.989452,0.00891785,24082.6,-0.00216883,1.10239,13.0085,11.2927,121.651,86.8503,1.24341,12.9048,12.9012,119.713,136.842,1.93834,-49.9915 
159,42.7241,159,27017.9,0.0402365,51.1656,12.752,121.098,-0.130625,14.096,2.91221e-12,-13.4507,-4.01266,-5.49657,0.651187,-0.452621,118.786,13046.3,81.3096,16029.4,21299.9,-14.1987,-4.76062,-6.9925,-0.0967769,-1.20058,0.743386,12879.7,75.1389,15862.8,0.544219,0.989894,0.00865023,23666.4,-0.00246475,1.09779,12.9625,11.3786,121.747,87.2804,1.23632,12.9414,12.7131,119.699,137.372,2.04732,-50.0916 
160,42.7241,160,24539.1,-0.781434,48.9211,12.7008,121.148,0.898021,-572.73,496.83,-5.14891,-2.10798,-4.80643,-2.18812,-0.12335,113.962,12232.5,73.9057,14525.3,36969.5,-5.8665,-2.82557,-6.24161,-2.90571,-0.840939,0.665873,12072.7,67.9856,14365.5,0.552747,0.990241,0.00864253,21841.2,-0.00257433,1.067,12.616,11.259,121.679,87.6463,1.15045,12.7771,12.5793,119.797,137.816,1.88108,-50.1699 
161,42.7241,161,25294.4,-0.700869,48.9946,12.8364,121.185,1.92571,-288.59,10.9917,-7.64975,-5.66996,-10.5005,-4.37319,-3.45681,101.414,12245.4,80.8923,14917.5,38564.4,-8.28833,-6.30854,-11.7776,-5.01177,-4.09539,0.668064,12103.2,75.624,14775.3,0.54641,0.989184,0.00934034,22150.4,-0.00234098,1.03507,12.8411,11.4493,121.696,87.4739,1.14695,12.9055,12.857,119.86,137.459,1.83533,-49.9852 
162,42.7241,162,27350.7,-0.0761284,51.9417,12.7177,121.125,0.163745,-100.693,0.0104012,-9.91314,-4.4961,-9.98911,-3.48575,-0.306138,101.103,13194.1,90.7636,16172.1,22040.8,-10.5498,-5.13272,-11.2623,-4.12237,-0.942754,0.648161,13052.3,85.5115,16030.3,0.544915,0.988665,0.00973083,23952.9,-0.00240212,1.1142,12.8489,11.4154,121.844,87.4128,1.22911,12.9253,12.9108,119.695,137.362,2.14915,-49.9494 
163,42.7241,163,24700,-0.0224313,49.0552,12.3849,120.874,-0.00151903,-14.8376,500,-6.01988,-2.52865,-6.30753,-1.87288,-0.779247,158.606,12349.9,71.3668,14653.9,19778.2,-7.01858,-3.52735,-8.30493,-2.87158,-1.77795,0.646605,12127.4,63.1275,14431.4,0.552734,0.990973,0.00799352,21940.8,-0.00268424,1.0824,12.7467,11.0858,121.407,87.5815,1.17403,12.5381,12.7048,119.489,137.585,1.91855,-50.0038 
164,42.7241,164,27731.3,-0.251869,52.195,12.7923,120.881,0.483332,-484.233,22.3576,-8.02064,-5.16001,-5.39644,0.331444,0.205627,99.1099,13333.9,75.1027,16245.5,29354.6,-8.64471,-5.78408,-6.64458,-0.292624,-0.418441,0.694985,13194.9,69.9542,16106.5,0.546433,0.990807,0.00793718,24147.3,-0.0022428,1.1281,13.0581,11.1877,121.388,87.3867,1.22767,13.1264,12.7945,119.672,137.603,1.71608,-50.2166 
165,42.7241,165,29635.4,-0.0283939,56.4027,12.6641,121.024,-0.108521,44.5046,485.93,-9.15018,-8.3742,-8.70814,-6.56967,-3.93819,114.162,14268.9,92.4416,17184.1,23409.7,-9.86902,-9.09304,-10.1458,-7.28852,-4.65704,0.752863,14108.7,86.5111,17024,0.549297,0.989383,0.00927423,25685.1,-0.00225415,1.1863,12.9176,11.5165,121.524,86.8395,1.27234,13.031,13.1484,119.726,136.885,1.7983,-50.0458 
166,42.7241,166,28652.3,-0.800736,54.9306,12.9833,120.981,0.0382146,1567.03,408.704,-3.51254,-4.12558,-2.23799,0.592992,-1.05579,70.5241,13448.4,72.0103,17189.1,25165.8,-3.95662,-4.56965,-3.12613,0.148921,-1.49986,0.75959,13349.5,68.3467,17090.2,0.534603,0.99112,0.00731302,24970.8,-0.00244112,1.12682,13.0032,11.3537,121.571,87.2946,1.29762,13.0324,12.9306,119.618,137.332,1.95268,-50.0373 
167,42.7241,167,26087.3,-0.139596,50.1316,12.6648,120.983,-0.115533,166.546,7.10731e-09,-8.78291,-3.15232,1.38981,-1.96612,0.455678,92.867,12440.2,75.5406,15533.8,21294.6,-9.36767,-3.73708,0.220289,-2.55088,-0.12908,1.01415,12309.9,70.7164,15403.6,0.54028,0.990047,0.00838602,22784.3,-0.00217454,1.05471,12.9267,11.205,121.535,87.7667,1.21188,12.8605,12.6481,119.623,138.033,1.9116,-50.2666 
168,42.7241,168,28358.7,-0.816869,54.5137,12.9991,121.177,0.0401758,779.993,159.946,-7.76442,-3.96994,-0.20164,2.52081,0.903424,108.528,13423.3,89.9597,16743.2,24088.3,-8.44779,-4.65331,-1.56838,1.83744,0.220054,0.875644,13271.1,84.3219,16591,0.540509,0.989003,0.00927547,24552.9,-0.0021299,1.09621,13.0115,11.5519,121.687,87.3267,1.23395,13.0497,13.1865,119.669,137.469,2.01818,-50.1421 
169,42.7241,169,26385.7,-0.072627,50.9758,12.478,121.041,0.317208,-288.451,2.33873,-3.48018,-2.3841,-4.29342,-5.77784,-1.38919,60.8394,12729.8,71.9081,15669,23684.9,-3.86327,-2.76719,-5.0596,-6.16092,-1.77228,0.742163,12644.4,68.7477,15583.7,0.54405,0.990575,0.00806098,23241.3,-0.00241263,1.11924,12.694,11.0794,121.645,86.9831,1.23519,12.8053,12.6093,119.751,136.981,1.89381,-49.998 
170,42.7241,170,29542.2,-0.102047,55.6813,12.7745,121.222,0.427697,-382.799,0.991306,-3.65321,-4.05665,-1.96068,-1.98009,-3.22808,91.3248,14218.8,87.2544,17213.2,28484.9,-4.22826,-4.63169,-3.11078,-2.55513,-3.80313,0.830281,14090.7,82.5102,17085.2,0.548093,0.989857,0.00881773,25708.6,-0.00233251,1.1655,13.1266,11.5124,121.806,86.8108,1.27598,13.0782,13.0814,119.804,136.855,2.00197,-50.0444 
171,42.7241,171,29103.9,-0.714187,56.5104,12.7134,120.999,-0.200544,882.459,12.3743,-4.78799,-4.92035,-4.22976,0.174219,0.879352,85.0519,14028,83.6974,16987.1,29148.7,-5.32354,-5.4559,-5.30086,-0.36133,0.343802,0.67071,13908.7,79.2791,16867.8,0.548044,0.990124,0.00858362,25378.8,-0.00229435,1.17786,12.9992,11.3227,121.544,87.2931,1.27999,12.9198,13.0106,119.662,137.506,1.88163,-50.213 
172,42.7241,172,26839.5,-0.25783,51.6649,12.6671,120.754,0.191653,143.342,500,-5.87287,-1.01544,-3.39826,-4.36715,-1.01369,53.4746,12898.5,83.8738,15880.1,22198.7,-6.20959,-1.35216,-4.07169,-4.70386,-1.35041,0.769801,12823.5,81.0959,15805.1,0.544038,0.989054,0.00936331,23571,-0.0021538,1.08944,12.8779,11.233,121.247,87.1299,1.23282,12.8126,12.7394,119.401,137.308,1.84644,-50.1784 
173,42.7241,173,27450.4,-0.03965,52.6296,12.5557,121.093,-0.0714356,64.8114,0.704739,-5.09186,-2.88044,-2.83769,-5.53014,-1.00273,108.605,13145.9,75.0999,16265.1,21662,-5.77571,-3.56429,-4.2054,-6.21399,-1.68658,0.803907,12993.6,69.4581,16112.8,0.542523,0.990732,0.00787828,23950.3,-0.00237836,1.11573,12.7932,11.3985,121.634,87.5701,1.22268,12.9728,13.0331,119.78,137.779,1.85431,-50.2088 
174,42.7241,174,27358.9,-0.115484,52.2307,12.6491,121.128,0.282055,-0.630548,0.00607512,-6.10202,0.120648,-5.42481,3.89243,0.403733,127.696,13366.8,72.7568,16062.8,21512.8,-6.90609,-0.683418,-7.03294,3.08837,-0.400332,0.4107,13187.7,66.1232,15883.7,0.549748,0.991302,0.00761025,23988.6,-0.00237001,1.12921,12.9083,11.2749,121.69,87.1292,1.24579,12.8566,12.727,119.836,137.125,1.854,-49.9958 
175,42.7241,175,24629.1,-0.779416,48.7154,12.7961,120.974,1.5708,404.807,362.471,-5.30585,-3.88073,-7.35136,-1.8517,-2.62546,88.8765,12176.9,60.285,14638.5,40992.4,-5.86548,-4.44036,-8.47062,-2.41133,-3.18509,0.652457,12052.2,55.6681,14513.8,0.549787,0.991982,0.00701587,21921.6,-0.00242907,1.03206,12.8984,11.2252,121.517,87.2249,1.16143,12.8021,12.5181,119.586,137.223,1.93031,-49.9976 
176,42.7241,176,28087.9,-0.576032,53.0176,12.9391,120.893,0.587686,41.7848,499.989,-5.95969,-2.32351,-2.73203,-2.91463,-3.2694,110.454,13209.9,99.9447,16769.2,23130.9,-6.65519,-3.01901,-4.12302,-3.61012,-3.9649,0.807085,13055,94.2068,16614.3,0.53608,0.987529,0.0103372,24352.7,-0.00224935,1.09288,13.0193,11.4364,121.483,87.6355,1.25615,13.0212,13.0054,119.435,137.883,2.04795,-50.2477 
177,42.7241,177,27388.6,0.00415921,52.6986,12.4784,121.065,-0.0250739,-16.0031,1.74325e-11,-6.57893,-1.56381,-4.77808,-1.76664,-3.7775,98.5478,13210.4,73.1866,16152.9,21419.9,-7.19946,-2.18434,-6.01914,-2.38717,-4.39803,0.728723,13072.1,68.0672,16014.7,0.545533,0.99097,0.00776867,23962.1,-0.00239173,1.13606,12.7631,11.283,121.627,86.9183,1.26386,12.7981,12.6895,119.849,136.865,1.77754,-49.9469 
178,42.7241,178,27357.9,-0.0594726,52.6701,12.5958,120.978,0.12747,-83.704,0.34443,-7.75187,-2.20264,-4.93227,-2.69347,-0.627046,85.2574,13311,83.2368,16104.8,21944,-8.28871,-2.73948,-6.00596,-3.23032,-1.16389,0.719719,13191.4,78.8079,15985.2,0.54824,0.989653,0.00899994,24061.3,-0.00238099,1.12771,12.807,11.333,121.497,87.4267,1.2292,12.8973,12.909,119.678,137.633,1.81886,-50.2059 
179,42.7241,179,25785.9,-0.00712981,49.9075,12.5286,121.22,-0.00220533,-75.7222,500,-4.39524,-4.52597,-3.49333,-1.14186,-4.51822,94.2334,12596.5,75.6457,15407,20360,-4.98861,-5.11933,-4.68005,-1.73522,-5.11158,0.783679,12464.3,70.7504,15274.9,0.545456,0.990164,0.00846012,22851.2,-0.00258101,1.0895,12.8187,11.1619,121.807,87.5206,1.24632,12.7407,12.3405,119.844,137.411,1.96309,-49.8902 
180,42.7241,180,28077.2,0.0277632,53.2415,12.7679,121.385,-0.10545,4.0623,2.70361e-12,-6.43219,-2.34487,-1.85183,-2.25341,-2.02229,129.607,13459.3,75.243,16794.8,22143.1,-7.24829,-3.16097,-3.48404,-3.06951,-2.83839,0.824049,13277.5,68.5102,16613,0.5403,0.991051,0.00753937,24574.4,-0.00256245,1.12176,13.095,11.2991,121.861,87.6906,1.2965,12.9898,12.6882,120.05,137.597,1.81109,-49.9063 
181,42.7241,181,23637.5,-0.0145279,47.2537,12.271,121.197,-0.0196548,-18.7185,500,-5.66059,-4.60013,-4.68353,-1.61285,-1.40679,88.3539,11716.5,55.9546,14174,18888,-6.21694,-5.15647,-5.79621,-2.16919,-1.96313,0.727902,11592.5,51.3648,14050,0.5482,0.992306,0.00668941,21146.6,-0.00266142,1.03924,12.4345,11.2122,121.88,87.1998,1.14674,12.6004,12.5778,119.767,137.179,2.1133,-49.9788 
182,42.7241,182,27121,-0.70177,51.8202,12.9041,120.869,0.857108,-281.45,12.8117,-2.00629,-4.05113,-8.378,-1.84684,-2.40354,84.7161,12991.5,83.9445,16118.4,29621.1,-2.53973,-4.58457,-9.44487,-2.38028,-2.93698,0.56846,12872.7,79.5437,15999.6,0.541953,0.989302,0.00907512,23752.4,-0.0022569,1.08997,13.0002,11.2815,121.344,87.204,1.24811,12.858,12.702,119.511,137.412,1.83304,-50.2078 
183,42.7241,183,28734.2,0.0129406,54.8742,12.544,121.173,-0.0593138,-9.70827,500,-6.98241,-3.17043,-2.50157,-1.61498,-6.32579,121.702,13920.5,77.9241,16738.3,22426.6,-7.74873,-3.93676,-4.03423,-2.38131,-7.09211,0.839868,13749.8,71.6019,16567.6,0.549645,0.990969,0.00789835,25015.7,-0.00231207,1.17555,12.8884,11.3588,121.674,87.0498,1.2971,12.7836,12.7939,119.863,137.093,1.8118,-50.0436 
184,42.7241,184,28098.7,-0.216554,53.5669,12.7196,121.239,0.0573046,228.558,20.1028,-8.55526,-3.24827,-2.86054,-0.639525,-1.85082,91.0661,13431,87.6375,16595.4,22606.5,-9.12868,-3.82169,-4.00738,-1.21294,-2.42424,0.805419,13303.3,82.9068,16467.7,0.542962,0.989212,0.00918888,24501.3,-0.00240266,1.12601,13.072,11.339,121.744,86.7991,1.26135,12.9855,12.8705,119.767,136.901,1.97777,-50.1019 
185,42.7241,185,26579.2,-0.095284,51.461,12.5366,121.124,0.0519597,-22.2471,500,-5.47017,-1.86269,-10.4432,-1.63786,1.71791,68.963,12619.4,65.9296,15941.4,21039.2,-5.90441,-2.29693,-11.3117,-2.0721,1.28366,0.442815,12522.7,62.3471,15844.6,0.537523,0.991362,0.00719634,23297,-0.00250953,1.09094,12.902,11.1603,121.734,87.3032,1.24196,12.8351,12.7652,119.679,137.397,2.05532,-50.094 
186,42.7241,186,25343.7,-0.431584,49.8325,12.5287,121.241,-0.0353043,372.881,0.0330893,-7.78892,-6.46424,-10.331,-0.3939,-2.41433,62.9645,12653.5,72.7477,14824.8,20752.7,-8.18539,-6.86071,-11.124,-0.790371,-2.8108,0.626352,12565.2,69.4768,14736.4,0.556328,0.990416,0.00861007,22586,-0.00249803,1.12326,12.5585,11.0481,121.77,87.4797,1.18634,12.7465,12.5265,119.86,137.429,1.90914,-49.9497 
187,42.7241,187,29179.8,-0.504133,54.8797,12.908,121.107,0.765584,-273.146,3.98138e-05,-7.62727,-3.12645,-12.378,-3.10156,-2.25492,84.6922,13941.8,87.5643,16875.9,29867.8,-8.16055,-3.65973,-13.4446,-3.63484,-2.7882,0.575719,13823,83.1647,16757.1,0.548145,0.989581,0.00905947,25217.8,-0.00206607,1.15426,12.9752,11.5308,121.73,86.9442,1.25263,13.0421,13.074,119.667,136.97,2.0633,-50.0263 
188,42.7241,188,27822.4,-0.353417,53.0541,12.8413,121.243,-0.0504738,611.758,499.975,-2.19219,-4.03014,-8.46834,-3.25096,-1.12002,110.28,13768.1,104.197,16027.2,23183.2,-2.88659,-4.72454,-9.85714,-3.94536,-1.81442,0.575636,13613.4,98.4686,15872.5,0.557773,0.9875,0.0112988,24406.7,-0.00239227,1.13375,13.0164,11.5993,121.69,87.1296,1.22721,12.9972,12.7272,119.857,136.888,1.83238,-49.7582 
189,42.7241,189,23873.3,-0.032686,46.5729,12.4746,121.257,-0.0081273,4.31269,500,-7.07016,-3.73572,-7.24677,-2.70697,-0.6284,81.5118,11665.9,66.8342,14197.5,18913.9,-7.58342,-4.24898,-8.27328,-3.22023,-1.14166,0.661867,11551.6,62.5999,14083.2,0.546738,0.990606,0.00812166,21128.1,-0.00242463,1.0212,12.7525,11.1572,121.85,86.93,1.12011,12.7558,12.6634,119.953,136.639,1.89758,-49.7089 
190,42.7241,190,24489.3,0.0107544,47.2029,12.5983,121.221,-0.236898,110.639,499.481,-5.77163,-4.81657,-9.43813,-1.15648,-1.4797,107.149,11971.6,66.6611,14649.3,20211.9,-6.44632,-5.49126,-10.7875,-1.83116,-2.15439,0.596134,11821.3,61.0949,14499.1,0.545247,0.991037,0.00770232,21680.7,-0.00255227,1.0396,12.8585,11.0882,121.844,86.775,1.15848,12.889,12.5458,119.884,136.676,1.95952,-49.9012 
191,42.7241,191,25063.2,-0.0119235,48.8226,12.3696,120.931,-0.00713478,-18.3447,6.01141e-11,-3.79712,-4.72324,-8.87158,-5.94264,-6.50623,78.2115,12555.4,79.9655,14482.6,19663.7,-4.28959,-5.21572,-9.85653,-6.43511,-6.99871,0.699456,12445.7,75.9026,14372.9,0.56013,0.98944,0.00963435,22219.2,-0.00234127,1.1019,12.6193,11.2041,121.545,86.4371,1.15182,12.6493,12.6194,119.549,136.464,1.99615,-50.0264 
192,42.7241,192,26408.4,-0.144877,51.2188,12.642,121.148,0.455602,128.034,500,-7.16108,-6.0844,-5.72659,-3.78566,-0.215691,80.3827,12615.7,60.0806,15909.6,22977.4,-7.66723,-6.59055,-6.73889,-4.29181,-0.721839,0.740915,12502.9,55.9049,15796.8,0.537881,0.992236,0.00647697,23244.8,-0.0026309,1.07406,12.883,11.3475,121.956,87.3855,1.2174,12.8873,12.9483,119.741,137.496,2.21572,-50.1101 
193,42.7241,193,26135.9,-0.459887,50.3445,12.844,120.875,-0.1386,226.918,500,-4.70807,-3.83396,-6.5764,-1.78158,-1.7794,81.731,12372.1,67.7733,15756.4,22073.6,-5.22271,-4.3486,-7.60568,-2.29622,-2.29403,0.650591,12257.5,63.5275,15641.8,0.535404,0.991012,0.00742598,22893.8,-0.00238437,1.04388,13.0796,11.1714,121.547,87.323,1.21433,12.9297,12.7935,119.353,137.428,2.19441,-50.1048 
194,42.7241,194,27736.6,-0.71736,52.7241,12.9802,121.068,1.09855,78.1039,426.883,-6.90304,-7.25373,-8.96082,-3.51719,-1.87516,101.06,13502.1,87.6788,16165.4,25071.6,-7.53938,-7.89007,-10.2335,-4.15354,-2.5115,0.683447,13360.4,82.4289,16023.6,0.550797,0.989318,0.00938722,24256.4,-0.0022743,1.12855,12.9009,11.4315,121.746,87.5565,1.24186,13.0424,12.6602,119.601,137.593,2.1445,-50.0365 
195,42.7241,195,30054.5,-0.128367,56.6443,12.6726,121.16,0.246307,-190.742,500,-3.15419,-3.41725,-8.80962,-2.21183,-2.30564,24.9943,14165.5,87.9808,17689.9,24897.1,-3.31157,-3.57463,-9.12438,-2.36921,-2.46303,0.562229,14130.4,86.6824,17654.9,0.540656,0.989379,0.00896336,26135.7,-0.00224348,1.18433,12.9682,11.4069,121.806,87.2782,1.33688,12.8802,13.0245,119.816,137.409,1.9902,-50.1308 
196,42.7241,196,26423.5,0.00661958,50.7438,12.6041,120.985,-0.0796126,7.15023,3.26935e-11,-4.84986,-3.25608,-10.7178,-8.14699,-5.01251,83.8106,12791.7,79.213,15663.6,20839,-5.37759,-3.78381,-11.7733,-8.67472,-5.54024,0.665052,12674.2,74.8592,15546.1,0.545231,0.989769,0.00879232,23245.5,-0.00240578,1.06205,13.0065,11.4535,121.47,87.2617,1.21243,12.8237,12.7998,119.589,137.189,1.88108,-49.9274 
