cyc,freq,cyc,ROIsum,fBg,fA1,fWidth1,fCtr1,fA2,fWidth2,fCtr2,box1,box2,box3,box4,box5,box6,box7,box8,box9,Nfit,BZ-2,BZ-1,BZ0,BZ1,BZ2,Excited,c5,c7,c9,fraction95,fraction75,fraction97,sum95,two2D_bg,two2D_a1,two2D_sh1,two2D_sv1,two2D_ch1,two2D_cv1,two2D_a2,two2D_sh2,two2D_sv2,two2D_ch2,two2D_cv2,two2D_chd,two2D_cvd
0,42.7116,0,23009.4,-0.187963,48.8789,12.4982,120.849,0.139252,-8.43947,500,1.30395,-2.65521,-6.2623,2.3544,5.05025,202.65,12128.5,87.3386,15110.4,19925.1,0.0279134,-3.93125,-8.81437,1.07837,3.77421,-0.120691,11844.3,76.8113,14826.2,0.481576,0.988778,0.00945333,24594.8,-0.00445426,1.03805,12.8125,11.2641,121.363,85.6963,1.19002,12.8572,12.6802,119.393,135.572,1.97023,-49.8759 
1,43.4716,1,22489.6,0.0910206,46.767,-12.4053,121.066,-0.0720672,14.4156,0.00409086,-0.624764,-0.250896,3.79609,0.155302,-2.11479,123.464,11598.6,78.2204,14512.3,18919.9,-1.40218,-1.02832,2.24125,-0.622117,-2.89221,1.60516,11425.4,71.8067,14339.1,0.480927,0.989121,0.00914049,23757,-0.00378776,0.989554,12.7321,11.3387,121.58,86.1075,1.1389,12.7119,12.802,119.628,136.02,1.95215,-49.9126 
2,43.4216,2,22812.4,-0.100658,47.8953,-12.2994,120.724,0.127077,2.66919,2.14154e-13,-1.28327,1.70164,-6.20778,-0.618008,-1.75549,122.233,11191.7,65.1566,15233.9,19187.6,-2.05293,0.931975,-7.74711,-1.38768,-2.52516,0.393853,11020.2,58.8068,15062.4,0.459676,0.990748,0.0071406,23973.9,-0.00382918,0.957494,12.7161,11.3948,121.389,85.5581,1.23188,12.5519,12.546,119.37,135.379,2.01999,-49.8211 
3,42.8616,3,26065.5,-0.11878,52.6909,12.5488,121.018,-0.00998946,9.07364,500,-1.54595,-5.01056,-12.0612,1.2892,0.73543,167.433,12609.3,67.3572,16619.6,21527.5,-2.60023,-6.06484,-14.1697,0.234917,-0.318851,0.38174,12374.4,58.6594,16384.7,0.467572,0.991773,0.00655176,26465.3,-0.00328087,1.0628,12.8563,11.2827,121.402,84.9795,1.25967,12.8599,13.0142,119.603,135.079,1.79954,-50.0996 
4,43.3016,4,19953.7,-0.0118564,42.5176,12.2763,120.762,-0.0224787,21.1999,0.079446,0.0866415,-1.52953,-6.16327,-2.68229,-0.196796,114.345,9978.43,73.0944,13473.6,17007.1,-0.633357,-2.24953,-7.60327,-3.40229,-0.916795,0.486447,9818.05,67.1544,13313.2,0.461648,0.988172,0.00920639,21267.4,-0.00367824,0.885038,12.515,11.093,121.139,85.8564,1.06942,12.6571,12.7611,119.447,135.721,1.692,-49.8644 
5,43.3216,5,19861.9,-0.919899,42.5044,12.6045,121.065,0.88057,4138.24,493.145,-4.10528,-7.53169,-8.3075,-1.43304,1.99462,108.843,9605.5,47.9363,13527.5,136065,-4.79064,-8.21704,-9.67821,-2.1184,1.30926,0.588074,9452.84,42.2821,13374.8,0.451098,0.992233,0.00578976,20955.2,-0.00334725,0.84761,12.6465,11.0217,121.735,85.5489,1.09312,12.5667,12.5018,119.744,135.472,1.99098,-49.9231 
6,43.2016,6,19600,-0.0591513,41.9305,12.3292,120.837,-0.011054,27.8604,1.63497e-09,-2.21911,-1.36377,-4.68276,-2.77754,-3.03767,134.157,9998.82,63.8131,13300.5,16839.1,-3.06385,-2.20852,-6.37226,-3.62229,-3.88242,0.667234,9810.66,56.8439,13112.4,0.46524,0.989962,0.00792252,21087.3,-0.00376095,0.873181,12.6195,11.1631,121.368,85.3846,1.07109,12.5467,12.6059,119.534,135.205,1.83327,-49.8201 
7,43.0916,7,15812,-0.925678,33.9289,13.2169,121.046,-0.418864,54.3159,18.1534,-6.01111,-0.0783314,-0.862874,-6.20254,-1.95118,50.4005,7802.75,53.521,11460.4,15338.6,-6.32847,-0.39569,-1.49759,-6.5199,-2.26854,0.911959,7732.06,50.9028,11389.7,0.441146,0.98861,0.0081655,17527.2,-0.00368271,0.604816,13.5257,11.9265,121.634,85.1864,0.840173,13.1894,13.2962,119.671,135.302,1.96291,-50.1151 
8,43.0416,8,21037,-0.892158,43.5502,12.8157,120.868,1.65029,-888.284,473.727,-4.33771,-3.32756,-8.39612,-0.65589,-2.31391,108.952,9846.39,82.2562,14154.4,65889.6,-5.02375,-4.0136,-9.76821,-1.34193,-2.99995,0.578001,9693.57,76.5963,14001.6,0.44599,0.986361,0.00997678,21734.9,-0.00316513,0.814818,12.9668,11.4398,121.317,85.1118,1.09133,12.8268,12.9219,119.514,135.131,1.80352,-50.019 
9,43.2116,9,21373.3,0.120341,43.9505,-12.2796,120.921,-0.207034,96.9401,3.3538e-12,-3.94067,-1.6412,-5.00118,-3.65949,-1.78842,15.6911,10533.1,57.8063,13837.3,18222.2,-4.03947,-1.74001,-5.19878,-3.7583,-1.88722,0.687268,10511,56.9912,13815.3,0.469407,0.990601,0.00754179,22392.2,-0.00313808,0.91045,12.6816,11.2149,121.448,85.1675,1.10986,12.6055,12.5809,119.517,135.205,1.93096,-50.0374 
10,43.1516,10,20882.8,-0.863737,43.1404,12.9271,120.924,-0.168442,375.068,495.782,-3.35359,-4.94496,-9.78782,-0.532647,-0.902177,49.8164,10224,78.7204,13849.1,20211,-3.66727,-5.25864,-10.4152,-0.846327,-1.21586,0.513384,10154.2,76.1325,13779.3,0.461462,0.987049,0.0100754,22004.3,-0.00345369,0.829752,13.1667,11.6231,121.428,85.3968,1.06238,12.8368,12.9705,119.584,135.257,1.84403,-49.8607 
11,43.0716,11,15979.2,-0.039193,33.2423,12.8395,120.836,-0.017425,1.12952,500,-2.54692,3.227,-7.67061,-3.82779,-0.152901,-14.1981,7451.67,46.9083,11441.1,13894.9,-2.45751,3.3164,-7.4918,-3.73838,-0.0634999,0.282037,7471.59,47.6459,11461,0.431185,0.988964,0.00759985,17328,-0.00316845,0.582245,13.4405,11.9575,121.436,85.7311,0.840608,13.177,13.2025,119.411,135.698,2.02578,-49.9665 
12,43.1816,12,22307,-0.0413615,44.8578,12.4431,121.002,0.0301641,2.56631,499.406,-1.56089,-6.46139,-7.71409,-2.61919,-3.9314,0.0804822,10574.6,60.9796,14567.4,18172.8,-1.56139,-6.46189,-7.71511,-2.6197,-3.9319,0.653876,10574.5,60.9754,14567.3,0.457723,0.99001,0.00765163,23102.4,-0.00311526,0.892797,12.8246,11.4586,121.624,85.6868,1.12994,12.8297,12.7909,119.711,135.624,1.9137,-49.9375 
13,43.2316,13,23893,-0.862678,48.4375,12.7344,120.872,-0.239135,-741.138,29.4577,-3.85151,-4.91304,-10.5308,-5.73268,-0.988873,144.679,11439.3,70.4192,15059.1,25849,-4.76251,-5.82404,-12.3528,-6.64369,-1.89988,0.607634,11236.4,62.9034,14856.2,0.467934,0.990298,0.00773938,24012.7,-0.00275064,0.96587,12.8455,11.3803,121.432,85.5513,1.16769,12.6223,12.8776,119.6,135.587,1.83265,-50.0352 
14,42.9516,14,22973.4,-0.892153,47.0147,12.766,121.051,0.442496,269.892,43.4749,-2.83141,-3.65748,-6.12331,-0.474131,-0.738485,45.559,11320.4,64.7812,14544.6,23425.8,-3.11828,-3.94435,-6.69705,-0.761004,-1.02536,0.569212,11256.5,62.4145,14480.7,0.474759,0.99039,0.00787726,23709.9,-0.00309344,0.965226,12.8241,11.2814,121.519,85.1028,1.13353,12.6848,12.8556,119.8,135.126,1.71819,-50.0227 
15,43.2616,15,20399,-0.506917,43.1824,12.3172,120.601,0.115684,961.187,500,-3.82881,-2.51726,-0.126646,-1.26221,-1.05863,76.2876,9781.13,75.904,13591.5,20934.4,-4.30917,-2.99762,-1.08737,-1.74257,-1.53899,0.906869,9674.13,71.941,13484.5,0.454808,0.987153,0.00973213,21270.8,-0.00312566,0.87262,12.3651,11.1579,121.203,86.0216,1.11554,12.4661,12.4397,119.355,135.928,1.84829,-49.9067 
16,43.1716,16,21999.9,-0.659073,44.8056,12.8392,120.793,1.5957,-715.544,4.48716e-13,-4.72116,1.02052,-1.5361,-2.45533,-1.97033,39.2787,10658.3,78.0946,14430.4,55896.1,-4.96849,0.773191,-2.03076,-2.70266,-2.21765,0.81781,10603.2,76.0542,14375.3,0.461693,0.987603,0.00965181,22966,-0.00335927,0.894519,12.8846,11.5344,121.392,85.0747,1.10136,13.0051,12.798,119.488,134.745,1.90384,-49.6708 
17,43.1216,17,17622.6,-0.0413572,37.3549,-12.371,120.911,0.156663,-49.6609,353.842,-4.46181,-5.12009,-3.85177,-1.59521,-0.421406,98.3251,8576.87,42.3498,12314.2,15296.7,-5.08093,-5.73922,-5.09002,-2.21433,-1.04053,0.734411,8438.96,37.242,12176.3,0.446256,0.992336,0.00560263,18910.6,-0.00367563,0.686951,13.0932,11.9356,121.594,85.3115,0.923168,13.0583,13.243,119.547,135.51,2.04766,-50.1989 
18,43.0016,18,20859.6,0.0540155,43.3466,12.2159,120.555,0.0597219,-66.0228,1.1311e-12,-6.56708,-5.23567,-3.03859,-2.82794,-3.01383,134.092,10503.9,83.505,13360.2,17365.9,-7.41142,-6.08001,-4.72727,-3.67228,-3.85817,0.816411,10315.8,76.5392,13172.1,0.476617,0.987182,0.0105906,21643.8,-0.00318172,0.936022,12.643,10.9622,120.969,85.614,1.08361,12.4947,12.562,119.172,135.524,1.79624,-49.9104 
19,43.2516,19,22575.1,-0.12584,45.8576,-12.5025,121.016,0.0540497,-39.1828,500,-2.76505,-1.55692,-4.8754,-2.60267,-2.16619,90.6216,11188.2,76.8045,14451.5,18732.9,-3.33567,-2.12754,-6.01664,-3.17329,-2.73681,0.654016,11061.1,72.0969,14324.4,0.473099,0.988722,0.00918642,23380.1,-0.00323807,0.958706,12.6772,11.3206,121.514,85.107,1.11657,12.8152,12.861,119.649,135.16,1.86435,-50.0527 
20,43.0216,20,20986.4,0.0374319,43.8756,12.2272,120.3,0.187852,-143.182,500,-5.24853,-4.73493,-8.6936,-0.789463,0.291481,198.442,10099.8,72.2414,13991.2,18339.6,-6.49807,-5.98447,-11.1927,-2.039,-0.958058,0.580363,9821.42,61.9327,13712.9,0.45439,0.989085,0.00825101,21614.5,-0.00325644,0.887111,12.5144,11.1595,120.636,85.2629,1.13493,12.5395,12.5434,119.042,135.106,1.59451,-49.8435 
21,43.1616,21,20302.5,-0.0366131,41.351,12.5964,120.865,-0.0452099,101.632,499.473,-8.3665,-4.51276,-15.5888,-5.3954,-3.87578,169.564,9598.39,66.9554,13496.5,17105.7,-9.4342,-5.58046,-17.7243,-6.4631,-4.94348,0.598504,9360.56,58.1469,13258.7,0.450829,0.989246,0.00801396,20763,-0.00288445,0.791484,12.8038,11.6108,121.294,85.489,1.00331,12.9193,13.207,119.428,135.651,1.86622,-50.1617 
22,43.0316,22,23668.6,-0.0868393,47.5393,-12.6435,120.709,0.00251848,10.1237,5.07986e-12,-5.32968,-5.37872,-8.819,-1.16976,0.954309,150.126,11557.9,70.37,15021.9,19567.5,-6.27498,-6.32403,-10.7096,-2.11507,0.00900261,0.578605,11347.4,62.5712,14811.4,0.471136,0.990442,0.00772196,24085.1,-0.00305771,0.972118,12.8113,11.4275,121.111,84.7477,1.14052,12.9859,12.8417,119.329,134.629,1.78187,-49.8809 
23,42.9816,23,22381.8,-0.144966,46.0614,12.4085,120.946,0.131929,18.0018,7.54799e-12,-6.72983,-2.72689,-5.0899,-3.80503,-0.507057,121.743,11073.9,66.57,14394.1,18683.2,-7.49642,-3.49348,-6.62307,-4.57161,-1.27364,0.717665,10903.2,60.2457,14223.4,0.471279,0.990423,0.00774217,23135.3,-0.00332306,0.9664,12.6371,11.1948,121.448,85.7797,1.14242,12.6679,12.6942,119.616,135.787,1.83131,-50.0075 
24,43.2816,24,22190.3,-0.321969,44.8948,12.6335,120.586,0.276147,14.2215,1.22049e-08,-4.95426,-1.88842,-9.73525,4.51726,0.878423,61.1442,11103.9,72.1894,14144.6,18591.3,-5.33927,-2.27343,-10.5053,4.13225,0.493415,0.221388,11018.1,69.013,14058.8,0.476795,0.989158,0.00896162,23108.7,-0.00323434,0.953975,12.7921,11.1841,121.052,85.2423,1.11974,12.8617,12.5238,119.16,135.011,1.89275,-49.769 
25,42.8116,25,23505.6,-0.877745,48.8812,-12.4816,120.467,1.54152,-494.205,150.983,-7.81841,-4.35988,-12.7082,-0.604159,-2.93548,76.0255,11614,78.8665,14969.1,44661.3,-8.29712,-4.83859,-13.6656,-1.08287,-3.41419,0.563377,11507.4,74.9171,14862.5,0.473766,0.988735,0.00920004,24289.1,-0.00312293,1.02483,12.4254,11.1508,120.994,85.4397,1.18852,12.5403,12.7094,119.157,135.177,1.83634,-49.7377 
26,42.7616,26,23383.6,-0.0428745,48.039,-12.3649,120.684,0.0352764,3.67464,487.534,-7.1599,-7.04752,-10.6205,-4.4909,0.235575,136.696,11560.3,94.0096,14829.1,19340.8,-8.02064,-7.90826,-12.342,-5.35164,-0.625164,0.639625,11368.5,86.9085,14637.4,0.474545,0.986798,0.010819,23956.7,-0.00319441,1.01676,12.4174,11.2935,120.955,84.981,1.15627,12.7942,12.7306,119.445,134.833,1.51068,-49.8523 
27,43.3716,27,25798.1,0.011888,50.8474,12.5617,120.432,-0.0713148,3.39345,1.0326e-12,-3.84507,-4.38098,-3.37134,-1.70437,-0.888318,113.817,12340.2,85.7322,16301,20800.6,-4.56175,-5.09766,-4.80469,-2.42105,-1.60499,0.740148,12180.6,79.8196,16141.4,0.467366,0.988662,0.00902703,26062.2,-0.00279965,1.03129,12.7436,11.4507,120.872,84.6016,1.2447,12.783,12.8552,119.096,134.198,1.77633,-49.5964 
28,42.9716,28,23747,-0.962849,48.643,12.8489,120.625,2.5752,-2179.82,178.563,-4.83154,-3.3504,-6.20742,-2.05453,0.830148,98.4044,11274.3,76.7453,15352,203083,-5.45116,-3.97002,-7.44667,-2.67416,0.210522,0.614791,11136.3,71.6334,15214,0.45979,0.988869,0.00859877,24220.3,-0.0030407,0.93938,12.8708,11.4388,121.105,85.8299,1.18819,12.8482,12.7692,119.23,135.801,1.87502,-49.9713 
29,43.1416,29,17911.9,-0.946437,37.6851,-13.1724,120.693,-1.21233,91.4033,38.8853,-3.90155,-0.97742,-5.52475,2.02148,1.1045,186.501,8831.1,71.8289,11992.9,19766.8,-5.07589,-2.15177,-7.87344,0.84713,-0.0698505,0.450325,8569.52,62.1406,11731.3,0.459284,0.987469,0.00966333,18658.4,-0.00326071,0.709952,13.2161,11.7324,121.021,85.3117,0.894317,13.095,13.2096,119.213,134.925,1.80805,-49.6133 
30,43.0616,30,18200.2,-0.8995,38.3074,-12.9825,120.398,0.448726,-121.985,457.518,-5.78485,-3.56909,-2.63049,-3.19363,1.59046,139.081,8824.82,58.5893,12201.2,17971.5,-6.66061,-4.44485,-4.38201,-4.06939,0.714703,0.767436,8629.74,51.3643,12006.1,0.455275,0.989691,0.00781922,18955,-0.00306154,0.727305,12.9723,11.5697,120.874,85.3052,0.907423,13.0201,13.237,118.948,135.233,1.92693,-49.928 
31,42.9916,31,21992.9,-0.0526378,44.9114,12.3914,120.613,0.0704974,-27.7783,500,-1.24203,-4.21702,-6.83889,-1.21818,-1.99234,152.404,10939.7,65.0704,14126.7,18180.2,-2.20168,-5.17667,-8.75819,-2.17784,-2.95199,0.588167,10726,57.1533,13912.9,0.472696,0.990761,0.00751041,22691.1,-0.0031317,0.949287,12.5622,11.2616,121.095,85.3488,1.11903,12.6333,12.641,119.435,135.165,1.66019,-49.8159 
32,43.2216,32,22632.5,-0.896121,46.8526,12.6617,120.605,0.977051,-73.3048,497.08,-5.24956,-4.80428,-3.92047,-1.80414,1.27644,127.565,11108.2,78.0804,14656.2,21643.3,-6.0528,-5.60752,-5.52695,-2.60738,0.473202,0.713947,10929.3,71.4536,14477.3,0.467467,0.988688,0.00900991,23379.7,-0.00335959,0.942717,12.8181,11.3963,121.081,85.4194,1.15073,12.603,12.8456,119.329,135.518,1.75224,-50.0982 
33,42.9316,33,21872.2,-0.932996,46.0308,12.6198,120.571,0.869139,-37.8083,461.845,-5.0708,-3.93952,-5.83191,-0.166428,-4.3324,182.839,11172.3,75.6328,13874.6,19980,-6.22208,-5.09081,-8.13448,-1.31771,-5.48368,0.690101,10915.8,66.1347,13618.1,0.482416,0.989509,0.00886663,22627.4,-0.00330639,0.982377,12.5004,11.181,121.165,85.3936,1.11125,12.5918,12.6242,119.186,135.15,1.97832,-49.7562 
34,43.1116,34,14638.1,-1.00112,33.2753,12.9673,120.41,0.73302,-214.831,234.423,-6.21833,1.47914,0.451041,-0.950114,2.64408,50.2829,7317.88,47.209,10656.4,19172.8,-6.53495,1.16253,-0.182195,-1.26673,2.32746,0.959457,7247.35,44.5969,10585.9,0.44323,0.989346,0.00770075,16351.2,-0.00374456,0.59688,12.9969,11.8893,120.893,85.6154,0.804756,13.0061,13.2942,119.019,135.943,1.87406,-50.328 
35,43.1316,35,17098.1,-0.919649,36.8089,12.9231,120.556,0.292801,713.835,221.999,-2.68387,-3.87205,0.0382394,2.89142,2.48882,63.3015,8700.27,50.8747,11710.5,22289.2,-3.08247,-4.27064,-0.758945,2.49283,2.09022,0.78494,8611.48,47.5864,11621.7,0.462829,0.990422,0.00748622,18606.2,-0.0036542,0.706895,13.0898,11.8212,121.328,85.4154,0.902588,12.8147,13.0455,119.162,135.396,2.16632,-49.981 
36,43.1916,36,21682.7,-0.152005,44.2486,12.5539,120.715,0.386283,-263.034,499.868,-6.76025,-7.05498,-10.6304,-4.26318,-1.94,43.8971,10302,66.5075,14426.3,21390.7,-7.03665,-7.33138,-11.1832,-4.53959,-2.21641,0.653848,10240.4,64.2271,14364.8,0.453234,0.989143,0.00816907,22594.1,-0.00310212,0.859408,12.7969,11.4897,121.301,85.364,1.10432,12.8135,12.8924,119.397,135.343,1.90382,-49.9786 
37,43.1016,37,16984.6,-0.0416106,35.0335,12.6897,120.431,0.041611,25.1178,32.103,-7.22525,-1.11564,-4.21552,1.78891,1.79752,78.0178,8003.75,69.8123,11817.3,14506,-7.71651,-1.6069,-5.19803,1.29765,1.30627,0.563833,7894.32,65.7594,11707.9,0.439474,0.985632,0.0102405,17963.1,-0.0031369,0.628573,13.1873,12.0032,120.974,85.1349,0.855126,13.2202,13.4634,118.942,135.14,2.03112,-50.0048 
38,43.0116,38,20996.8,-0.201824,43.5115,12.4629,120.524,0.372127,-154.799,500,-5.0268,-4.29368,-3.1754,-1.12032,-2.47855,67.2995,10605.5,53.6805,13394,19528.2,-5.45056,-4.71745,-4.02293,-1.54409,-2.90232,0.784147,10511.1,50.1844,13299.6,0.478891,0.991714,0.00690296,21948.7,-0.00317389,0.925256,12.8088,11.083,121.132,85.3994,1.05243,12.6813,12.7401,119.077,135.373,2.055,-49.9738 
39,43.2416,39,23342.7,-0.141601,47.727,12.3324,120.596,0.171964,-13.8254,500,-6.22267,-3.54199,-8.45913,-0.3517,-1.57604,98.1431,11292.6,59.9931,14839.1,19237.8,-6.84065,-4.15997,-9.69509,-0.969681,-2.19402,0.593658,11154.9,54.8947,14701.5,0.46873,0.991462,0.00683135,23798.2,-0.00295606,0.973548,12.5867,11.3425,121.1,85.2899,1.13416,12.5687,13.1968,119.276,135.226,1.82365,-49.9365 
40,43.0816,40,16198.1,-0.439605,33.1926,-13.0916,120.649,0.234,87.9486,5.9759e-11,-5.16729,-3.55045,-9.16589,-8.17001,-1.47308,23.1068,7799.41,40.2402,11149.5,14815.9,-5.31278,-3.69594,-9.45688,-8.3155,-1.61857,0.667008,7767,39.0399,11117.1,0.448241,0.991281,0.00642731,17327.7,-0.00308659,0.603583,13.3874,12.0541,121.456,85.7573,0.798345,13.2911,13.5671,119.141,136,2.31495,-50.2428 
41,42.9116,41,24324.3,-0.0830305,49.1665,12.5405,120.69,-0.0598743,-30.9898,493.805,-6.58826,-3.87735,-10.6901,-6.59563,-3.90779,131.013,12044,74.6437,14969,20131.9,-7.41322,-4.7023,-12.34,-7.42059,-4.73274,0.662923,11860.2,67.8378,14785.3,0.482603,0.99009,0.00838113,24575.6,-0.00286896,1.00421,12.7126,11.59,121.072,85.2222,1.13883,12.7506,13.0825,119.327,135.22,1.74457,-49.9982 
42,43.0516,42,17890,-0.0198769,37.233,12.693,120.338,-0.0204241,5.2273,500,-0.878802,-6.34133,-1.90016,-0.383288,-1.19761,113.113,8629.83,59.5257,12411.2,15388.1,-1.59104,-7.05358,-3.32464,-1.09553,-1.90985,0.777982,8471.17,53.6497,12252.5,0.445655,0.989038,0.00800142,19008.4,-0.00339588,0.695839,13.1558,11.7155,120.777,85.3401,0.941231,13.0971,12.9097,118.932,135.062,1.8448,-49.7217 
43,42.7116,43,20588.6,-0.0305981,43.3806,-12.0237,120.175,-0.0319095,1.62694,500,-3.63453,-1.82888,-4.3414,-1.92226,-6.94452,97.7293,9966.56,57.6583,13366.5,16981.3,-4.24991,-2.44425,-5.57215,-2.53764,-7.5599,0.750841,9829.49,52.5815,13229.4,0.463506,0.990725,0.00726838,21206.8,-0.00288211,0.90238,12.2178,11.0985,120.714,85.3131,1.08495,12.4229,12.6105,118.896,135.024,1.81786,-49.7106 
44,43.4716,44,22976.5,-0.393525,47.4312,12.5323,120.422,0.399369,108.649,0.332905,-3.7037,-4.72628,-0.905584,-3.05435,-2.55606,131.146,12064.8,88.4163,14079.8,20762.9,-4.52949,-5.55207,-2.55717,-3.88014,-3.38186,0.871504,11880.9,81.6035,13895.9,0.49854,0.988123,0.010702,23831.4,-0.00330792,1.01877,12.743,11.4705,120.867,85.1792,1.11246,12.6051,12.7359,119.023,134.794,1.84438,-49.6146 
45,43.4216,45,23628.8,-0.282982,47.9366,12.5249,120.188,-0.183771,477.935,1.52684e-06,-9.11462,-3.26567,-6.55627,-1.8757,-3.27981,92.01,11391.9,80.0651,15198.6,22404.1,-9.69398,-3.84503,-7.71499,-2.45507,-3.85917,0.720149,11262.8,75.2853,15069.6,0.46497,0.988438,0.00911895,24222.7,-0.0029529,0.963698,12.6832,11.37,120.555,85.4111,1.18391,12.6598,12.7833,118.846,135.325,1.7088,-49.9144 
46,42.8616,46,24967.2,-0.491112,49.5868,12.6908,120.401,1.74254,-583.696,2.43468e-09,-5.24498,-0.989383,-4.34629,-2.39783,-4.17179,43.0414,11760.9,69.9861,15689.3,53596.1,-5.516,-1.2604,-4.88833,-2.66885,-4.44281,0.739656,11700.6,67.7502,15629,0.465389,0.989969,0.00792209,25141.5,-0.00249966,0.967729,12.7573,11.615,120.703,87.0848,1.17233,12.7098,13.2405,119.04,137.522,1.66313,-50.4374 
47,43.3016,47,21869.3,-0.141537,44.6682,12.4556,120.421,0.230653,-76.4131,500,-5.08117,-5.77435,-4.32212,-3.62238,-0.816596,56.8401,11210.8,67.6495,13776.5,18685.4,-5.43907,-6.13226,-5.03793,-3.98029,-1.1745,0.768521,11131.1,64.6968,13696.8,0.485855,0.989931,0.00862613,22910.3,-0.00327751,0.965421,12.735,11.2264,120.997,84.366,1.07008,12.7462,12.8663,118.99,134.028,2.00719,-49.662 
48,43.3216,48,21869.6,0.103482,45.1399,-12.1829,120.629,-0.11799,-37.1408,500,-3.92551,-4.37917,-10.4063,-6.86782,-0.636133,147.952,10946.4,67.9527,13900.9,18044.8,-4.85712,-5.31078,-12.2695,-7.79943,-1.56774,0.614222,10738.9,60.2669,13693.4,0.476962,0.990274,0.00804222,22515.2,-0.00311101,0.964181,12.4691,11.2264,121.109,85.0756,1.12229,12.5508,12.5118,119.312,134.887,1.79677,-49.8116 
49,43.2016,49,25500.9,-0.863161,49.604,13.1507,120.6,0.181061,1548.15,365.604,-5.41417,-8.65725,-8.18097,-5.27735,-2.20246,54.8289,12181.4,98.4607,16129.3,30360.4,-5.75941,-9.00249,-8.87146,-5.6226,-2.54771,0.721055,12104.5,95.6125,16052.4,0.467183,0.986365,0.010853,25909.5,-0.0029478,0.972672,13.2541,11.6277,121.077,85.5358,1.17016,13.0777,13.3005,119.276,135.589,1.80074,-50.053 
50,43.0916,50,17368.4,-0.930618,36.6197,13.1842,120.546,-0.389132,707.082,73.2884,-8.40319,-6.97058,-6.81882,-3.76008,0.478579,46.5245,8676.52,62.844,11603.3,24673.8,-8.69615,-7.26353,-7.40472,-4.05303,0.185626,0.728086,8611.26,60.4271,11538.1,0.46462,0.987869,0.00955527,18534,-0.00337443,0.668807,13.4352,12.1534,121.092,85.1502,0.820927,13.2871,13.7971,119.098,135.163,1.99446,-50.0129 
51,43.0416,51,20529.4,-0.0372493,41.9412,12.3477,120.573,-0.00237308,29.6626,4.06866,-2.70591,-6.50012,-4.98912,-1.90737,-3.83889,65.5148,9865.54,65.679,13506.9,16861,-3.11844,-6.91265,-5.81418,-2.3199,-4.25142,0.740631,9773.65,62.2757,13415,0.458629,0.988972,0.00847899,21310.5,-0.00304939,0.840835,12.5611,11.5559,121.116,85.2957,1.03944,12.7671,12.9514,119.312,135.109,1.80416,-49.8128 
52,43.2116,52,20190,-0.883235,42.3544,12.7193,120.348,-1.26019,3112.17,106.357,-5.83142,-8.93755,-6.56311,-3.697,3.67476,-7.32934,9733.2,58.3616,13269.4,145209,-5.78527,-8.8914,-6.47081,-3.65085,3.72092,0.692998,9743.48,58.7424,13279.7,0.46038,0.98956,0.00808264,21164,-0.00299182,0.836225,12.6994,11.2978,120.94,85.2609,1.05378,12.6755,12.6515,118.918,135.256,2.02185,-49.9947 
53,43.1516,53,20766,-0.271598,42.2751,12.6777,120.467,0.195961,40.3582,500,-3.80631,-3.17738,-3.0686,0.289716,1.60869,58.7434,9996.84,84.9564,13722.7,17704.4,-4.1762,-3.54728,-3.80839,-0.0801752,1.2388,0.632864,9914.44,81.9048,13640.3,0.458046,0.985749,0.0109402,21645.1,-0.00308896,0.798215,13.1727,11.7074,121.054,85.6383,1.04283,12.7618,13.0952,119.061,135.389,1.9933,-49.7511 
54,43.0716,54,18379.7,-0.312173,36.1985,13.2359,120.277,0.151939,143.335,499.993,-5.42586,-4.90203,-8.66896,-4.1604,-4.39982,12.6613,8918.31,91.3079,12289,16305.9,-5.50559,-4.98175,-8.82841,-4.24012,-4.47954,0.685098,8900.55,90.6501,12271.3,0.457521,0.982489,0.0134253,19453.8,-0.00307987,0.661021,13.5924,12.4107,121.132,85.7193,0.858275,13.2968,13.7129,118.648,135.568,2.48315,-49.8486 
55,43.1816,55,18489.4,-0.386359,39.803,12.2957,120.279,0.0762481,45.8169,500,-0.953642,-4.7243,-10.0472,1.66423,0.230417,56.5058,9706.85,63.1858,11766.7,16045.5,-1.30944,-5.08011,-10.7588,1.30842,-0.125384,0.326114,9627.59,60.2504,11687.4,0.489238,0.989167,0.00940702,19678.8,-0.00314231,0.855208,12.6069,11.1441,120.864,84.8347,0.946402,12.3974,12.7902,118.9,134.587,1.96452,-49.7518 
56,43.2316,56,21895.3,-0.892106,44.878,12.8519,120.537,0.0971504,815.704,492.466,-5.62822,0.60245,-9.45165,-3.89358,-1.65163,86.3967,10857.6,82.2068,13799.5,21355.4,-6.17224,0.058433,-10.5397,-4.43759,-2.19564,0.547395,10736.4,77.7187,13678.4,0.477179,0.987491,0.0103582,22499.8,-0.00288877,0.906473,12.8395,11.4884,120.89,85.3695,1.04366,12.7775,13.1024,119.193,135.254,1.69681,-49.8843 
57,42.9516,57,19896.9,-0.0294477,41.4978,12.1417,120.334,-0.042456,51.5264,500,-6.91012,-9.69829,-10.98,-5.30111,-5.82657,48.8893,10138.4,68.2014,12828.1,16473.4,-7.21796,-10.0061,-11.5957,-5.60895,-6.13441,0.714133,10069.8,65.6617,12759.6,0.478534,0.988718,0.0093906,21043,-0.00323163,0.890581,12.7387,11.1176,120.852,85.1046,1.05001,12.3147,12.5732,119.041,134.691,1.8118,-49.5861 
58,43.2616,58,20984.7,-0.880985,44.0681,12.6106,120.428,1.62126,-6.20554,0.264019,-3.96622,-2.03329,-8.67532,-2.96065,3.18865,95.8521,10770.4,84.6776,13182.3,18418.2,-4.56978,-2.63684,-9.88243,-3.5642,2.5851,0.453047,10636,79.6983,13047.8,0.486614,0.987056,0.0111267,21857.1,-0.00319211,0.926136,12.5632,11.4239,120.944,84.9976,1.04081,12.633,12.8202,118.995,134.725,1.94897,-49.7275 
59,43.1716,59,19415.4,-0.0140766,40.8124,12.357,120.48,0.00823154,-23.031,500,-1.53405,-3.12217,-3.5018,-1.42604,1.36127,52.9767,9798.84,76.437,12901.7,16423.4,-1.86763,-3.45575,-4.16896,-1.75962,1.02769,0.592249,9724.54,73.685,12827.4,0.468514,0.986913,0.0104709,20756.1,-0.00355635,0.820496,12.914,11.5534,121.054,85.4578,1.00948,12.7052,12.8566,119.046,135.259,2.00791,-49.8016 
60,43.1216,60,15637.9,-0.0545426,33.7501,12.481,120.197,0.0585792,5.51585,499.362,-4.23859,-4.87248,-9.48188,-3.79512,0.45005,51.842,7895.63,52.6598,10969,13723.1,-4.56503,-5.19891,-10.1348,-4.12155,0.123615,0.575892,7822.92,49.9667,10896.3,0.454987,0.988946,0.00837653,17193.7,-0.00358051,0.643875,13.0895,11.7608,120.912,85.6443,0.84837,12.8115,13.0864,118.795,135.605,2.11673,-49.9604 
61,43.0016,61,19329.4,-3.81771e-06,40.4981,12.289,119.926,-0.0150932,6.33699,8.09337e-12,-0.610805,-5.12559,-7.39677,-2.13015,-2.21103,102.852,9394.18,65.2151,12706.2,16204.3,-1.25844,-5.77323,-8.69204,-2.77778,-2.85866,0.593072,9249.92,59.8721,12561.9,0.46127,0.9888,0.00870338,20053.1,-0.00298991,0.785151,12.6476,11.6525,120.428,85.923,1.01203,12.5989,12.7589,118.506,135.999,1.92178,-50.0763 
62,43.2516,62,24307.5,-0.899469,48.438,13.0063,120.397,1.62795,161.104,381.582,-5.40063,-8.2251,-8.11485,1.68704,-1.30337,101.054,11975.3,99.2961,15004.9,29046.3,-6.03694,-8.86141,-9.38747,1.05073,-1.93968,0.627108,11833.6,94.0465,14863.1,0.480729,0.986283,0.0115216,24615.9,-0.00289512,0.972247,12.8677,11.7951,120.915,85.5765,1.12846,12.9119,13.0757,118.936,135.49,1.97964,-49.9133 
63,43.0216,63,23543.5,-0.0148164,46.8687,12.5793,120.32,0.00384093,-27.2714,500,-5.57445,-3.78585,-3.18685,-5.89019,-1.95637,102.361,11491.2,91.0444,14860.4,19196,-6.21899,-4.43039,-4.47593,-6.53473,-2.60091,0.815509,11347.6,85.727,14716.9,0.472737,0.986952,0.0106165,24004.1,-0.00309142,0.938662,12.9099,11.7116,120.744,85.474,1.12943,12.8811,13.0273,118.989,135.289,1.75516,-49.8147 
64,43.1616,64,22404.7,-0.282863,45.0042,-12.7444,120.054,0.298538,-13.9829,500,-0.875794,-3.53834,-10.5863,-3.24204,0.143275,102.671,11108.8,79.013,14046.5,18806.9,-1.52229,-4.18483,-11.8793,-3.88854,-0.503219,0.459496,10964.8,73.6795,13902.5,0.478374,0.988377,0.00966828,22920.9,-0.00284204,0.911699,12.9379,11.524,120.513,84.317,1.03714,12.9063,13.3051,118.607,134.108,1.90628,-49.7913 
65,43.0316,65,20902.9,-0.0710483,42.3677,-12.6023,120.391,-0.353008,210.842,500,-1.15088,-4.13107,-6.24051,2.11151,-0.755822,69.6741,10303,59.9907,13469.3,19804.1,-1.5896,-4.56979,-7.11795,1.67279,-1.19454,0.44387,10205.3,56.3712,13371.6,0.470185,0.990426,0.00770601,21704.9,-0.00313269,0.831051,12.8661,11.905,121.059,85.8616,1.01017,12.8729,13.2552,118.903,136.097,2.15526,-50.2354 
66,42.9816,66,22408.2,-0.368182,45.6005,12.4276,120.157,-0.123034,295.315,499.753,-4.27791,-6.66079,-8.7195,-3.53097,-3.47461,124.643,10766,67.0616,14328,19630.9,-5.06275,-7.44563,-10.2892,-4.31581,-4.25945,0.672035,10591.2,60.5866,14153.1,0.465283,0.990088,0.00782397,22762.9,-0.00278594,0.918506,12.6457,11.3505,120.582,85.6544,1.13181,12.5889,12.7352,118.83,135.295,1.75135,-49.6405 
67,43.2816,67,24898.7,-0.0818503,49.0289,12.7958,120.279,-0.060289,134.348,500,-4.7623,-6.45771,-5.95187,-0.877813,0.892746,147.885,12052.8,91.3255,15683.3,20686.4,-5.69349,-7.3889,-7.81425,-1.809,-0.0384444,0.656427,11845.4,83.6432,15475.9,0.470903,0.987794,0.00985796,25154.7,-0.00299328,0.978518,13.0448,11.5654,120.64,85.2775,1.17097,12.9515,13.126,118.799,135.042,1.84125,-49.7641 
68,42.8116,68,23841.2,-0.100933,47.7803,12.5691,120.553,-0.0740829,103.366,499.892,-2.81325,-7.74886,-8.31755,-3.92651,-1.76003,83.3422,11956.4,85.5325,14756.5,19799.4,-3.33803,-8.27365,-9.36712,-4.45129,-2.28481,0.662019,11839.5,81.203,14639.6,0.484638,0.98814,0.0101145,24429.5,-0.0031081,1.00117,12.9181,11.4275,120.983,85.1986,1.13244,12.7234,13.0153,119.207,134.854,1.77675,-49.6552 
69,42.7616,69,20991.8,-0.894788,44.3583,12.5669,120.138,-1.05836,1230.86,197.214,-4.9238,-4.97004,-6.86324,-1.98103,-1.86889,149.168,10986.8,66.3523,13162.7,60553.7,-5.86308,-5.90932,-8.74179,-2.9203,-2.80816,0.666886,10777.6,58.6033,12953.5,0.491731,0.990574,0.00826504,21917.6,-0.00332502,0.961386,12.4672,11.2709,120.555,85.7337,1.05913,12.5733,12.6404,118.839,135.313,1.71661,-49.5797 
70,43.3716,70,24455.5,-0.923555,48.7287,13.0507,120.333,0.799099,-24.9693,283.45,-4.17016,-2.10447,-4.43668,-0.636229,-0.558996,132.515,11958.9,83.7722,15323.4,21351.6,-5.00457,-2.93889,-6.1055,-1.47064,-1.39341,0.639006,11773,76.8883,15137.5,0.474885,0.9887,0.00926992,24791.2,-0.00304804,0.998124,12.9062,11.4676,120.755,85.5712,1.15573,13.0262,12.9059,119.052,135.501,1.70319,-49.93 
71,42.9716,71,22050.5,-0.472097,43.7775,13.1084,120.211,0.0626976,143.77,435.188,-3.62382,-3.064,-7.68082,-0.40473,3.46291,51.5106,11104.4,73.0895,13815.5,18974.3,-3.94817,-3.38835,-8.32952,-0.729079,3.13857,0.371667,11032.1,70.4136,13743.3,0.482778,0.988954,0.00934978,22851.3,-0.00314517,0.947797,12.7752,11.3866,120.683,85.0702,1.06028,12.7555,13.0154,118.785,134.784,1.8987,-49.7135 
72,43.1416,72,19224.2,-0.493993,39.7317,12.8126,120.385,-0.190602,859.651,6.97481e-09,-7.51743,-4.78862,-8.07904,-3.0155,4.13896,99.8401,9436.25,60.2776,12466.2,21905.7,-8.1461,-5.41729,-9.33637,-3.64416,3.51029,0.594664,9296.21,55.0911,12326.2,0.467223,0.989736,0.00816596,19896.7,-0.00299523,0.767276,12.901,11.8252,120.993,85.3716,0.914955,13.0697,13.3904,118.94,135.249,2.05338,-49.8772 
73,43.0616,73,19592.2,0.0103117,39.715,12.7488,120.205,-0.0144439,-20.5257,500,2.9797,-6.45969,0.966405,-0.0643846,4.12008,122.361,9708.09,68.5235,12907,16492,2.20923,-7.23017,-0.574548,-0.834861,3.34961,0.813503,9536.46,62.1671,12735.4,0.465446,0.988721,0.00891202,20488.9,-0.00340816,0.773289,13.0663,12.0277,120.832,85.7347,0.953267,13.0975,13.287,118.813,135.74,2.01933,-50.0055 
74,42.9916,74,23846.4,-0.895005,47.4272,13.0616,120.03,0.134705,627.027,19.4079,-3.40214,-1.75136,-6.94819,-5.30589,-0.910979,119.58,11453.8,98.9121,15176.7,22915.5,-4.1551,-2.50433,-8.45412,-6.05886,-1.66394,0.629795,11286.1,92.7002,15009,0.466486,0.98583,0.0112494,24193.8,-0.00290819,0.931912,13.0205,11.6378,120.519,85.3097,1.15824,12.8444,12.8657,118.662,134.765,1.85667,-49.4553 
75,43.2216,75,24329,-0.308793,48.83,12.7124,119.955,0.00752152,-91.2722,500,-4.90571,-1.04671,-8.47698,-1.83661,-1.3598,168.269,11868.2,77.1017,15242.8,20229.6,-5.96526,-2.10626,-10.5961,-2.89616,-2.41934,0.558186,11632.1,68.3604,15006.8,0.474046,0.98982,0.0083215,24538,-0.00292954,0.973668,12.9867,11.5084,120.382,85.0767,1.14358,12.8543,13.15,118.619,135.049,1.76348,-49.9728 
76,42.9316,76,23144.9,-0.0501317,46.6012,-12.3333,119.933,0.0137332,4.80143,499.708,-6.87814,-6.8219,-9.68281,-4.40138,-2.49046,21.3321,11918.3,81.907,13785,18712.1,-7.01246,-6.95622,-9.95145,-4.5357,-2.62479,0.679818,11888.4,80.7988,13755.1,0.501244,0.988246,0.0107049,23717.7,-0.00256608,1.01727,12.6399,11.3341,120.437,84.5527,1.08072,12.4488,12.8986,118.554,134.219,1.88303,-49.6659 
77,43.1116,77,15839.6,-0.201944,33.2124,12.9091,120.289,-0.593804,923.77,5.43985,-3.76291,-1.07499,-7.68268,-0.196166,-1.38335,81.0086,7693.58,66.237,11083.2,31813.7,-4.273,-1.58508,-8.70286,-0.706255,-1.89344,0.492859,7579.96,62.0288,10969.5,0.445519,0.985881,0.010309,17013.8,-0.00331567,0.597908,13.4156,12.0751,120.848,85.8594,0.799568,13.1912,13.5856,118.645,135.561,2.20266,-49.7014 
78,43.1316,78,19401.4,-0.0682872,40.0505,12.7044,120.227,0.0353374,-10.1698,0.0495793,-8.10883,-4.74441,-11.2268,-6.58499,-3.60739,212.849,9829.32,57.8208,12853.6,16575.3,-9.44908,-6.08466,-13.9073,-7.92524,-4.94764,0.671331,9530.78,46.7638,12555,0.468848,0.991487,0.00681455,20328.1,-0.00363591,0.775359,13.2685,11.972,120.82,85.2622,0.935285,13.0077,13.569,118.851,135.197,1.96973,-49.935 
79,43.1916,79,22513.8,-0.146193,46.0038,-12.6053,120.306,0.123066,-15.5705,500,-2.61581,-5.59489,-3.67286,0.544411,-2.10281,78.5405,11280,76.4245,14191.1,18939.8,-3.11036,-6.08944,-4.66196,0.0498622,-2.59736,0.715894,11169.8,72.3445,14080.9,0.479816,0.988793,0.00937559,23279.4,-0.00330607,0.921137,13.0308,11.6891,120.844,85.2833,1.05767,12.8515,13.353,118.905,135.413,1.93861,-50.13 
80,43.1016,80,16326.3,0.013151,34.406,-12.7289,120.124,-0.0347456,6.00952,5.06827e-10,-3.60027,-2.59315,-5.8341,1.71749,-0.697917,127.431,8324.09,80.7823,11296.6,14263.5,-4.40267,-3.39555,-7.4389,0.915089,-1.50032,0.529848,8145.35,74.1625,11117.8,0.460015,0.984316,0.0121388,17706.7,-0.00364344,0.629727,13.3152,12.4485,120.907,84.7994,0.816306,13.164,13.6131,118.757,134.399,2.14928,-49.6001 
81,43.0116,81,22950.6,-0.764863,47.3008,12.6993,120.054,4.50535,-3467.77,9.73762e-05,-6.41853,-8.8083,-8.42698,-6.76666,-6.14826,237.978,11776.3,86.1807,14082,528152,-7.91701,-10.3068,-11.4239,-8.26515,-7.64674,0.749253,11442.5,73.8182,13748.2,0.491812,0.988836,0.00979391,23266,-0.00316278,0.997033,12.6737,11.5857,120.509,85.7196,1.10061,12.6427,12.8478,118.726,135.394,1.78349,-49.6747 
82,43.2416,82,24516.2,-0.088478,48.8585,12.6209,120.248,0.0963472,-77.4931,470.526,-5.96765,-3.41149,-4.92172,0.234578,-4.44345,87.7876,12136.1,104.437,15142.2,20316.6,-6.52043,-3.96427,-6.02727,-0.318197,-4.99622,0.723854,12013,99.8771,15019.1,0.48188,0.985659,0.0121018,24929.4,-0.0029852,1.01124,12.7997,11.605,120.8,85.2698,1.13605,12.8204,13.1608,118.862,134.8,1.93757,-49.5303 
83,43.0816,83,15644.3,-0.877055,33.3353,13.1776,119.875,1.54217,53.8917,80.8394,-2.75798,-3.9426,-3.04904,-2.84022,0.345168,92.6746,7687.51,56.456,10909.4,17005.5,-3.34152,-4.52614,-4.21613,-3.42377,-0.238379,0.73224,7557.53,51.6417,10779.5,0.449108,0.988183,0.00874787,16827.9,-0.00328207,0.59525,13.3893,12.1527,120.641,85.4539,0.792646,13.0895,13.5352,118.559,135.434,2.08175,-49.9803 
84,42.9116,84,23471.3,-0.119938,46.174,12.7607,120.073,0.0415158,140.78,4.8142,-0.859082,-5.03458,-10.223,-2.487,-3.24564,69.8355,11832.1,77.8714,14429.4,19371.1,-1.29882,-5.47431,-11.1025,-2.92674,-3.68538,0.546611,11734.2,74.2436,14331.5,0.48772,0.989049,0.00945273,24059.3,-0.00296098,0.945727,13.1311,11.7095,120.606,85.4925,1.08931,12.9375,13.0093,118.675,135.014,1.93018,-49.5217 
85,43.0516,85,20416.2,-0.891263,41.4107,-13.1498,119.926,0.641996,353.222,390.162,-2.78134,-4.86233,-3.3223,2.12252,-2.95421,145.819,10219.2,81.7507,13139.5,25108.6,-3.69952,-5.78052,-5.15866,1.20434,-3.8724,0.701928,10014.6,74.1757,12934.9,0.473759,0.987204,0.0104532,21138.7,-0.00312188,0.802183,13.1268,11.9994,120.406,85.379,0.945979,13.1236,13.4671,118.483,135.144,1.92307,-49.765 
86,42.7116,86,25521.9,0.0123275,50.4185,12.569,119.946,-0.0633004,-28.1683,500,-6.68363,-7.28722,-3.137,-6.5895,1.83752,122.61,12543.7,81.9778,15612,20687.4,-7.45567,-8.05926,-4.68108,-7.36154,1.06548,0.823303,12371.8,75.6085,15440,0.482327,0.989418,0.00894001,25650.2,-0.00287016,1.02916,13.0682,11.5624,120.416,85.5313,1.15339,12.8272,13.3233,118.712,135.343,1.70392,-49.8119 
87,43.4716,87,22441.3,-0.955999,47.2729,-12.6049,119.917,1.50353,-38.1699,209.999,-6.78927,-6.09725,-8.47635,0.89254,-3.02649,93.0191,11142.7,84.9268,14200.8,21265.8,-7.37499,-6.68297,-9.64778,0.306823,-3.61221,0.642822,11012.3,80.0947,14070.3,0.476459,0.987432,0.0103773,23112.7,-0.00311737,0.959721,12.5465,11.4686,120.617,85.0914,1.10448,12.6366,12.9116,118.551,134.96,2.06596,-49.8688 
88,43.4216,88,21286.6,0.0470458,43.9008,12.3778,119.848,-0.00973277,-1.50252,1.9458e-05,-3.36446,-7.12787,-9.12095,-6.96059,-4.08988,159.035,10391,78.2693,13727.2,17689.8,-4.36586,-8.12927,-11.1238,-7.96199,-5.09128,0.69667,10167.9,70.0077,13504.1,0.466816,0.988094,0.00945946,21781.5,-0.00303375,0.854008,12.7885,11.7432,120.249,85.6417,1.04089,12.7331,13.1839,118.558,135.438,1.69086,-49.7963 
89,42.8616,89,22881.5,-0.286487,47.0801,12.3677,120.04,0.478392,-124.305,2.0209e-10,-5.1517,-1.68248,-13.3057,-5.67274,-2.88858,82.1562,11590.8,81.1747,14243.3,20890.8,-5.66902,-2.1998,-14.3403,-6.19006,-3.4059,0.549119,11475.6,76.9068,14128.1,0.485724,0.988408,0.00992804,23625.7,-0.00313724,0.987782,12.5824,11.497,120.637,84.9882,1.12114,12.5797,12.839,118.785,134.711,1.85184,-49.7223 
90,43.3016,90,23645.8,-0.100357,48.028,12.602,120.011,-0.0751622,25.5491,497.102,-3.76838,-5.65542,-6.39941,-0.510192,-1.77206,126.783,11746.8,87.3267,14906.9,19765.3,-4.5667,-6.45374,-7.99605,-1.30851,-2.57038,0.650757,11569,80.7406,14729,0.477348,0.987934,0.00999696,24236,-0.00332522,1.0019,12.8797,11.3376,120.454,85.2111,1.16494,12.7182,12.8,118.581,134.917,1.87274,-49.7059 
91,43.3216,91,21650.9,0.0202984,44.3854,12.364,120.094,-0.00675298,6.10487,500,-8.03883,-7.24573,-8.6713,-1.50771,-7.60905,168.904,10548.7,91.7423,13770.9,17865.9,-9.10238,-8.30928,-10.7984,-2.57126,-8.67259,0.726304,10311.8,82.9681,13534,0.469765,0.986115,0.0111666,21951.1,-0.00289743,0.885841,12.7152,11.5105,120.528,85.6792,1.03075,12.8594,13.2713,118.781,135.936,1.74776,-50.2567 
92,43.2016,92,22345.4,-0.862623,45.1601,12.914,119.95,1.29138,330.156,132.684,-1.11935,-9.76678,-5.04918,-7.06022,-5.5905,76.882,10851.6,90.8556,14487.1,32864.4,-1.60345,-10.2509,-6.0174,-7.54433,-6.0746,0.808915,10743.7,86.8617,14379.3,0.464897,0.986049,0.0110052,23109.9,-0.00314645,0.890471,12.9664,11.6323,120.615,85.0161,1.07466,12.979,13.1358,118.638,134.902,1.97706,-49.886 
93,43.0916,93,12978.2,-0.892413,29.5825,12.9505,119.79,0.203875,-1.01481,499.961,-5.00461,-5.73661,-7.24981,-2.29302,-3.15991,125.738,6721.23,56.0005,9398.03,12478.2,-5.79634,-6.52835,-8.83328,-3.08475,-3.95165,0.686701,6544.87,49.4687,9221.67,0.452134,0.986946,0.00978508,14475.5,-0.00343521,0.526522,13.4312,12.0287,120.43,84.9363,0.709288,12.8633,13.3363,118.401,134.798,2.02919,-49.8617 
94,43.0416,94,19939.8,-0.860485,40.6339,12.9847,119.713,-1.07325,8720.32,312.25,-6.25491,-6.63717,-8.66459,-4.4123,-3.77845,132.829,9850.88,72.082,12867.1,321844,-7.0913,-7.47356,-10.3374,-5.24868,-4.61484,0.702657,9664.57,65.1818,12680.8,0.469836,0.988335,0.00937995,20570.1,-0.00289137,0.801051,13.0464,11.6244,120.181,85.2511,0.968968,12.7659,13.179,118.204,134.897,1.97688,-49.6461 
95,43.2116,95,23440.5,-0.988617,48.1807,12.8948,120.188,0.0535039,-66.5136,248.479,-5.78596,-2.74453,-2.18189,-1.61696,1.3273,73.7145,12072,89.7627,14257.6,20340.5,-6.25012,-3.20869,-3.11021,-2.08112,0.86314,0.77441,11968.6,85.9334,14154.2,0.495774,0.987591,0.0110602,24141.2,-0.00319401,1.0045,12.9225,11.5389,120.665,84.4072,1.07075,12.8348,13.2307,118.795,134.254,1.87057,-49.8469 
96,43.1516,96,22303.2,-0.878028,44.36,13.1773,120.057,1.06124,364.359,487.199,-1.70752,-7.7278,-11.3493,-1.46203,-1.02474,213.432,11036,73.906,13907.9,31616.3,-3.05144,-9.07172,-14.0372,-2.80596,-2.36866,0.552028,10736.7,62.8186,13608.5,0.478462,0.989865,0.0084317,22440,-0.00282264,0.863055,13.2547,11.9025,120.659,85.1093,0.98935,13.0709,13.6375,118.647,135.012,2.01231,-49.9025 
97,43.0716,97,18626.8,-0.0497015,37.247,13.0226,119.945,0.1087,-107.705,500,-2.52278,-6.09924,-1.84999,-3.12082,-3.24196,101.813,8734.61,76.0661,12645.2,16171.2,-3.16386,-6.74032,-3.13216,-3.7619,-3.88305,0.848551,8591.8,70.7771,12502.4,0.444163,0.985789,0.0103207,19343.8,-0.003052,0.630494,13.6266,12.6461,120.515,85.6169,0.860925,13.4991,13.939,118.419,135.931,2.09617,-50.3137 
98,43.1816,98,20717,-0.730979,41.704,12.6446,120.121,1.00336,156.727,402.78,-6.87555,-8.48664,-2.55233,-2.45327,-1.41355,167.596,10297.8,74.1756,13106.7,22285.5,-7.93086,-9.54195,-4.66295,-3.50858,-2.46886,0.834137,10062.7,65.4693,12871.6,0.476177,0.988742,0.00928258,21132.3,-0.00282552,0.837933,12.8582,11.7496,120.694,85.6661,1.01005,12.8166,12.8635,118.723,135.396,1.97025,-49.7295 
99,43.2316,99,21730.3,-0.906159,43.9896,13.0662,120.073,2.85327,-688.346,61.6808,-3.5457,-6.34662,1.38813,-1.73039,-4.1555,141.276,10864.8,82.3961,13761.2,82646.7,-4.43528,-7.2362,-0.391023,-2.61997,-5.04508,0.980179,10666.6,75.0571,13563.1,0.477663,0.987836,0.0100912,22330.9,-0.00307268,0.878484,13.1021,11.6497,120.608,85.6304,1.01834,12.9373,13.2739,118.728,135.596,1.87963,-49.9661 
100,42.9516,100,24850.9,-0.876282,49.6366,12.877,120.081,1.21779,354.151,59.0696,-2.05283,-6.38492,-3.9454,-0.782643,-0.601569,125.654,12353.7,99.8219,14907.5,34846.8,-2.84404,-7.17613,-5.52782,-1.57385,-1.39278,0.701435,12177.5,93.2944,14731.2,0.490112,0.98677,0.0115317,24846.4,-0.00252142,1.01918,12.7695,11.6242,120.587,85.7067,1.11838,12.6097,13.3504,118.66,135.764,1.92726,-50.0577 
101,43.2616,101,24997.1,-0.63877,48.7354,13.0129,119.546,-19.1065,-33058.1,500,-7.49284,-4.0002,-2.78996,-1.29345,-3.29714,167.102,11768.9,85.066,15727.9,2.05821e+07,-8.54504,-5.05239,-4.89436,-2.34565,-4.34933,0.805677,11534.5,76.3854,15493.5,0.463999,0.988544,0.00900012,24859,-0.00260299,0.938287,13.1236,11.6843,119.968,85.2433,1.15091,13.0596,13.2134,118.33,135.289,1.63794,-50.0452 
102,43.1716,102,23581.8,-0.316929,47.0258,12.7908,119.779,0.0499312,662.083,0.00015458,-6.8007,-6.14337,1.16539,-1.87024,-5.54323,144.525,11465.1,79.3332,14910.4,20656.9,-7.71074,-7.0534,-0.65468,-2.78027,-6.45326,0.973444,11262.4,71.8254,14707.7,0.471014,0.988963,0.00891579,23911,-0.00297367,0.916092,12.9833,11.8769,120.363,85.0267,1.09051,12.9884,13.345,118.272,134.619,2.09168,-49.5926 
103,43.1216,103,18557.3,-0.220734,37.132,13.136,119.668,-0.230659,153.438,0.012226,-3.59646,-4.88701,-1.68706,0.920871,-3.50576,124.097,9110.34,81.4169,12338.1,17030.5,-4.37786,-5.66842,-3.24987,0.139467,-4.28717,0.813695,8936.28,74.9703,12164,0.460696,0.985531,0.011226,19397.4,-0.00321883,0.701057,13.4391,12.0937,120.253,85.3562,0.880885,13.358,13.4419,118.158,135.087,2.09503,-49.731 
104,43.0016,104,25228,-0.111736,50.3884,12.6347,120.044,0.0762349,12.9528,493.338,-0.907335,-0.115713,0.357115,1.09163,1.68657,130.306,12658.9,91.0931,15439.6,20757,-1.72784,-0.936214,-1.28389,0.271128,0.866069,0.543221,12476.1,84.3239,15256.8,0.487406,0.98831,0.0100786,25597,-0.00312835,1.03669,12.9938,11.6263,120.531,85.1274,1.13372,12.8732,13.4289,118.551,135.077,1.97979,-49.9497 
105,43.2516,105,24087.8,0.000293435,48.0121,12.6681,120.126,-0.0346713,45.5577,1.49925e-11,-6.60667,-0.554952,-4.11931,-6.76439,-1.66413,118.746,12034.2,88.8951,14740.9,19851,-7.35438,-1.30266,-5.61474,-7.5121,-2.41184,0.767945,11867.6,82.7264,14574.3,0.486347,0.987948,0.0103479,24401.6,-0.00292155,0.973321,12.8729,11.786,120.604,85.9204,1.05298,13.058,13.6793,118.643,136.078,1.96015,-50.1573 
106,43.0216,106,21813.5,-0.71215,44.8483,12.8352,119.921,1.68935,-919.414,500,-7.76825,-2.97755,-4.80858,-2.21543,-3.28544,119.89,10924.8,73.723,13740,69301,-8.52316,-3.73246,-6.3184,-2.97034,-4.04035,0.75304,10756.6,67.495,13571.9,0.479597,0.989138,0.00907791,22428.4,-0.00308718,0.878461,13.033,11.7987,120.388,86.1134,1.00717,12.8531,13.5264,118.609,136.366,1.77944,-50.253 
107,43.1616,107,21930.2,-0.554262,44.3324,12.9494,119.961,0.573815,-204.678,499.999,-7.69283,-3.89703,0.441856,0.276536,0.150539,183.394,10933,91.0666,13984.8,22511.5,-8.84761,-5.05181,-1.86771,-0.878245,-1.00424,0.894179,10675.7,81.5397,13727.6,0.474869,0.98681,0.0108234,22481.4,-0.00328819,0.857287,13.2573,11.9448,120.526,85.5877,1.02018,13.0798,13.3885,118.632,135.551,1.89438,-49.963 
108,43.0316,108,24747.3,-0.0168519,48.8942,-12.691,119.917,0.291899,-106.841,0.00124162,-6.03441,-0.813968,-2.83883,1.2758,-0.996797,75.7953,11784.7,78.3581,15620.5,21215,-6.51167,-1.29123,-3.79336,0.798535,-1.47406,0.690888,11678.4,74.4207,15514.2,0.466752,0.988971,0.00875907,25020.6,-0.002957,0.957294,13.0517,11.7278,120.514,85.8087,1.14795,12.9592,13.2963,118.574,135.915,1.93963,-50.1062 
109,42.9816,109,24094.1,-0.821659,47.5874,12.9559,119.609,0.207264,335.532,483.194,-5.40966,-2.87601,-8.24505,-3.39228,-0.425391,100.514,11409.6,95.8671,15110.9,22334.2,-6.04257,-3.50893,-9.51088,-4.0252,-1.0583,0.606108,11268.6,90.6456,14969.9,0.46675,0.986118,0.0110313,24142.7,-0.00248499,0.920514,13.1733,11.5946,120.215,85.0769,1.11625,12.7641,13.2775,118.288,134.929,1.92715,-49.8525 
110,43.2816,110,25283.6,-0.570554,49.9463,12.8774,119.667,0.548424,-189.305,500,-7.87798,-6.29789,-4.50781,-2.94971,0.134776,163.904,12668.3,109.504,15550.6,24317.3,-8.91003,-7.32995,-6.57193,-3.98177,-0.897283,0.762669,12438.4,100.989,15320.8,0.485604,0.98599,0.0119969,25614.2,-0.00305698,1.02192,12.9135,11.803,120.266,85.8044,1.17816,12.8892,12.9424,118.241,135.291,2.02551,-49.4869 
111,42.8116,111,25439.4,-0.700389,50.845,12.8723,119.857,0.282068,-75.9765,500,-7.62085,-7.53549,-6.41423,-0.693535,-4.16793,83.2133,12542.9,91.699,15849,22003.5,-8.14482,-8.05946,-7.46218,-1.21751,-4.6919,0.747694,12426.2,87.3763,15732.3,0.478741,0.987844,0.0101273,25955.9,-0.00326644,1.03146,13.0853,11.5699,120.467,85.8701,1.19515,12.935,12.9988,118.54,135.737,1.9266,-49.8666 
112,42.7616,112,22793.5,-0.981385,46.2605,13.1084,119.715,1.55715,-303.446,31.3933,-8.00159,-6.78628,-10.7434,-1.29624,-2.69522,100.644,11340.9,79.1666,14503.5,35122.1,-8.63532,-7.42001,-12.0109,-1.92997,-3.32895,0.639584,11199.7,73.9383,14362.3,0.475546,0.988579,0.00939422,23551.3,-0.00328071,0.907354,13.0853,11.7699,120.094,86.0852,1.07462,13.0696,13.182,118.388,136.036,1.7053,-49.9508 
113,43.3716,113,22508.1,-0.985554,46.4358,12.9355,119.732,0.0163055,853.582,421.398,-8.47302,-4.5871,-3.91018,-4.62809,-1.58852,178.783,11602.2,89.5046,14140.3,20007,-9.59876,-5.71285,-6.16168,-5.75384,-2.71427,0.794209,11351.4,80.2172,13889.6,0.48726,0.987784,0.0105268,23296.5,-0.0034136,0.975906,12.7365,11.4787,120.278,85.6947,1.07375,13.0162,12.9187,118.238,135.455,2.0406,-49.76 
114,42.9716,114,21638.3,-0.052641,42.821,-12.8929,119.628,0.0555652,57.6284,464.37,-4.55557,-0.502996,-2.84334,-2.64507,1.11869,132.077,10003.9,71.5428,14509.4,18076.5,-5.38722,-1.33465,-4.50665,-3.47672,0.287032,0.687433,9818.66,64.6816,14324.1,0.443533,0.988603,0.00824954,22137.4,-0.00305904,0.798318,13.2311,11.6823,120.118,86.3207,1.04814,13.1783,13.3394,118.256,136.279,1.86189,-49.9585 
115,43.1416,115,19255.5,-0.0636381,39.1148,12.7748,119.911,0.0629257,31.2796,1.17378,-8.55901,-3.62807,-6.65252,-3.5904,0.93891,128.739,9630.67,69.3034,12621.5,16330.4,-9.36964,-4.4387,-8.27379,-4.40104,0.128277,0.686062,9450.1,62.6157,12441,0.469004,0.988538,0.00918621,20149.3,-0.00328835,0.760188,13.2313,11.8882,120.374,85.3996,0.92607,13.0766,13.3822,118.618,135.21,1.75654,-49.8106 
116,43.0616,116,17371.1,-0.903282,36.5212,13.1365,119.728,0.515264,139.642,196.457,-5.38915,-3.21267,-6.62807,1.78215,-5.96033,103.875,8751.99,65.2323,11773.4,17960.1,-6.04322,-3.86675,-7.93622,1.12807,-6.6144,0.659865,8606.29,59.8362,11627.7,0.462552,0.987979,0.00939047,18606.1,-0.00346532,0.685381,13.2073,12.1666,120.526,86.1152,0.878844,13.0589,13.1451,118.333,136.129,2.19284,-50.0139 
117,42.9916,117,24463.7,-0.340967,47.9508,12.88,120.182,0.382765,294.746,311.834,-1.15818,-4.33046,-6.94099,-3.38571,3.58668,101.316,11737.2,91.1452,15366.5,23777.7,-1.79614,-4.96842,-8.2169,-4.02367,2.94873,0.488247,11595.1,85.882,15224.4,0.469664,0.987204,0.0102846,24688,-0.00282174,0.946336,12.9179,11.8197,120.318,85.801,1.12276,12.8414,13.4894,118.544,135.679,1.77429,-49.878 
118,43.2216,118,23772.3,-0.102669,47.935,12.4668,119.658,0.37607,197.381,100.145,-1.74902,-1.4056,-1.13991,-2.73014,-0.605017,139.118,11597.4,86.5985,15058.5,21870.1,-2.62501,-2.2816,-2.89189,-3.60613,-1.48101,0.775573,11402.3,79.3716,14863.3,0.471465,0.987965,0.00974118,24184.7,-0.00311857,0.917122,13.088,11.8709,120.206,86.2716,1.11893,13.0332,13.1752,118.371,136.103,1.83411,-49.8315 
119,42.9316,119,26315.1,-0.0231775,51.1557,12.7716,119.462,0.0120348,-107.933,497.489,-6.8473,-5.15004,-7.48871,-2.14189,-1.78987,106.648,12808,90.6331,16387.5,21310.6,-7.51883,-5.82158,-8.83177,-2.81342,-2.4614,0.678225,12658.4,85.093,16237.9,0.475468,0.988373,0.00956103,26623,-0.00310851,1.0204,13.2462,11.7122,119.955,85.6282,1.20169,12.952,13.3218,118.2,135.42,1.7549,-49.7914 
120,43.1116,120,20091.6,-0.358193,40.4294,13.0347,119.906,2.99134,375.047,1.59086e-09,-7.49472,-7.75847,-4.37989,-3.93964,-2.92831,39.8271,9423.61,90.9435,13186.5,53676.4,-7.7455,-8.00925,-4.88145,-4.19043,-3.1791,0.825698,9367.75,88.8746,13130.6,0.453423,0.983668,0.0123147,20660.1,-0.00295929,0.696884,13.481,12.5381,120.613,86.2622,0.890473,13.2782,14.3369,118.325,136.785,2.2882,-50.5229 
121,43.1316,121,19973,0.018025,39.5111,-12.9124,119.74,-0.0173617,-0.0959216,4.50502e-12,-6.3599,-4.99335,-5.1658,-5.17076,-0.0712922,81.3479,9638.77,62.3535,13173.6,16608.2,-6.87213,-5.50558,-6.19025,-5.68299,-0.583518,0.750739,9524.68,58.1277,13059.5,0.458892,0.989433,0.00813253,20755.8,-0.00321192,0.748767,13.5267,11.958,120.37,86.0878,0.951652,13.2389,13.3544,118.365,135.785,2.00451,-49.6972 
122,43.1916,122,21754.8,-0.271797,44.1304,12.7837,119.905,0.434524,-134.993,500,-4.13754,-2.04907,-4.15217,-1.41914,-0.904372,69.1505,10581.3,82.2282,13979.5,20274.4,-4.57297,-2.48449,-5.02302,-1.85456,-1.33979,0.671157,10484.4,78.6359,13882.5,0.467565,0.987045,0.0103266,22423.3,-0.00304752,0.837237,13.1874,11.833,120.314,86.5668,1.03656,12.896,13.336,118.457,136.767,1.85696,-50.2002 
123,43.1016,123,16490.5,-0.484778,33.3631,12.9326,119.56,0.15207,355.785,181.921,-1.95953,-2.2901,-1.6697,-0.539333,0.182737,105.906,7609.37,65.7251,11419.6,15807.1,-2.62639,-2.95697,-3.00342,-1.20619,-0.484124,0.707756,7460.83,60.2235,11271,0.434935,0.986071,0.00974683,17153.9,-0.00292406,0.553766,13.6006,12.6667,120.572,86.4127,0.778595,13.4161,14.1004,118.333,136.695,2.23849,-50.2819 
124,43.0116,124,24344.9,-0.198098,47.9515,12.8658,120.232,0.00907962,1138.26,500,-4.18485,-1.6737,-1.51472,-2.90388,-2.63778,159.632,12005.8,92.9717,15109.4,20419.7,-5.19001,-2.67886,-3.52505,-3.90904,-3.64294,0.813941,11781.9,84.6791,14885.5,0.479262,0.987579,0.0103705,24583.5,-0.00306464,0.929998,13.2355,12.0682,120.663,86.437,1.10394,13.0213,13.3811,118.757,136.271,1.90567,-49.8345 
125,43.2416,125,24821.5,-0.957888,49.3017,13.1392,119.705,0.661797,141.283,189.192,-5.63459,-2.85595,-6.05084,-1.31215,2.03276,157.426,12336.5,108.785,15134.7,24131.3,-6.62586,-3.84722,-8.03337,-2.30342,1.04149,0.593625,12115.7,100.607,14913.9,0.485762,0.985676,0.012274,24941.7,-0.00284416,0.971917,13.1556,11.8717,120.168,86.1149,1.10977,12.989,13.3115,118.215,135.969,1.95379,-49.8539 
126,43.0816,126,18352.5,-0.0301151,36.501,-13.091,119.835,-0.0222696,4.85955,496.918,-4.48275,-4.75277,-6.96918,-3.04811,-2.95068,160.991,8726.67,73.808,12481.1,15558.6,-5.49647,-5.76649,-8.99662,-4.06183,-3.9644,0.681939,8500.87,65.4448,12255.3,0.446464,0.986707,0.00974125,19040.4,-0.00306691,0.649321,13.2899,12.4979,120.216,85.5825,0.842688,13.6387,13.8901,118.345,135.387,1.87085,-49.8041 
127,42.9116,127,27434.2,-0.0853327,52.3315,12.9868,119.655,0.0387896,-87.6681,500,-1.29546,1.79844,0.127209,4.65571,-4.94728,125.709,13249.8,96.717,16978.1,22234.5,-2.08701,1.00688,-1.45591,3.86415,-5.73884,0.669917,13073.5,90.1866,16801.7,0.475003,0.988072,0.00979104,27523,-0.00295638,1.05051,13.3148,11.7087,120.166,85.8398,1.23343,13.0647,13.2477,118.2,135.893,1.96537,-50.0529 
128,43.0516,128,21273.2,-0.866707,41.6532,-13.4339,120.008,-0.00441479,316.814,484.555,-3.03512,-2.6015,-1.15592,-7.18853,-3.02681,122.213,10336.4,90.2018,13591.7,18261.2,-3.80466,-3.37104,-2.695,-7.95807,-3.79635,0.875376,10164.9,83.8531,13420.3,0.468292,0.985769,0.0113789,21706.4,-0.00283941,0.774402,13.4905,12.2365,120.463,86.1856,0.956628,13.1901,13.6542,118.563,136.263,1.8996,-50.077 
