cyc,freq,cyc,ROIsum,fBg,fA1,fWidth1,fCtr1,fA2,fWidth2,fCtr2,box1,box2,box3,box4,box5,box6,box7,box8,box9,Nfit,BZ-2,BZ-1,BZ0,BZ1,BZ2,Excited,c5,c7,c9,fraction95,fraction75,fraction97,sum95,two2D_bg,two2D_a1,two2D_sh1,two2D_sv1,two2D_ch1,two2D_cv1,two2D_a2,two2D_sh2,two2D_sv2,two2D_ch2,two2D_cv2,two2D_chd,two2D_cvd
0,48.554,0,24463.9,-0.0750444,39.3876,13.7074,115.329,0.123462,-75.5752,369.425,0.0621639,0.812677,3.99045,1.35246,2.66788,-35.7358,10789.9,65.7376,13092.2,17879.4,0.287183,1.0377,4.44048,1.57748,2.8929,0.566178,10818.4,68.3253,13120.7,0.430669,0.989068,0.00950153,25119.9,-0.000264255,0.853504,13.9729,11.4487,115.018,90.237,0.931094,13.8153,12.9779,114.624,140.908,0.394093,-50.6708 
1,48.834,1,27873.6,-0.0801843,44.7907,13.7205,115.096,0.138077,-217.11,92.33,-2.79663,-0.516935,-0.136829,-0.010134,2.84018,-92.8725,11349,89.6858,15887.6,20981.5,-2.21184,0.0678586,1.03276,0.57466,3.42497,0.642448,11423,96.411,15961.5,0.396341,0.985445,0.0110043,28821,-0.000178582,0.899005,13.9381,11.4334,114.792,90.7566,1.15399,13.7028,12.6988,114.372,141.248,0.419942,-50.4914 
2,48.634,2,27969.3,-0.107783,45.3653,13.6615,115.041,0.214436,-195.226,128.408,-1.26632,-0.0776202,0.909061,1.50794,3.23974,-0.19982,11450.1,85.9451,15908.9,21538,-1.26506,-0.076362,0.911578,1.5092,3.241,0.789004,11450.2,85.9596,15909,0.3977,0.987033,0.00985516,28791.1,-0.000179391,0.923412,13.7425,11.3322,114.625,90.3935,1.15351,13.7609,12.6911,114.368,140.964,0.257081,-50.5703 
3,48.574,3,25186.9,-0.0813878,39.999,13.9061,115.237,0.128063,-43.6424,0.0234916,1.6376,0.722416,1.46132,0.140873,1.80219,28.6045,9616.8,66.491,14853.9,18289.1,1.45749,0.542301,1.10109,-0.039242,1.62207,0.764911,9594.02,64.4197,14831.1,0.37244,0.988386,0.00793777,25759.9,-0.000144813,0.745696,14.1646,11.5335,114.96,90.2856,1.06148,13.9203,12.781,114.542,140.955,0.418096,-50.6694 
4,48.674,4,25509.3,-0.037908,40.3223,13.9002,115.292,0.0251514,-40.8911,500,-0.895752,-0.336112,0.359958,-0.690342,3.91887,-13.1289,13204.3,80.6072,11522.4,18279.2,-0.813082,-0.253443,0.525297,-0.607673,4.00154,0.815856,13214.7,81.5579,11532.8,0.512487,0.989315,0.0128595,25785.5,-0.000227477,1.01177,14.2143,11.69,114.88,90.5149,0.828519,13.8986,12.8226,114.598,141.107,0.282505,-50.5919 
5,48.874,5,23333.3,0.022783,37.0587,13.7258,115.228,-0.035677,-12.9695,3.73099e-11,0.631236,-0.914108,2.38322,1.41725,1.6593,-77.1279,10906,62.4272,11683.8,16573.6,1.11689,-0.428455,3.35453,1.9029,2.14495,0.585391,10967.5,68.0122,11745.2,0.461404,0.989264,0.0105544,23769.8,-0.000169453,0.848476,14.1661,11.495,114.906,90.2477,0.842801,13.8392,12.8723,114.494,141.194,0.412207,-50.9464 
6,48.614,6,27460.1,-0.0442073,42.4117,14.1821,115.266,0.0392373,-15.4279,493.622,1.98671,0.0845267,-0.210745,-0.336983,3.82927,-33.3202,14659.5,98.3988,11758.9,19600.1,2.19652,0.294335,0.208871,-0.127174,4.03908,0.968409,14686.1,100.812,11785.5,0.533414,0.98813,0.0155127,27532.3,-4.32849e-05,1.09957,14.5953,11.6442,114.91,90.2337,0.832255,13.9888,12.9059,114.48,140.981,0.429592,-50.7472 
7,48.694,7,26553.9,-0.0331561,42.7332,13.5854,115.423,-0.0177623,14.4587,52.2385,-1.02965,0.717748,0.496929,-1.04091,2.73974,-76.7364,10581.4,64.5808,15252.5,18907.2,-0.546465,1.20094,1.46331,-0.557724,3.22293,0.69406,10642.5,70.1375,15313.6,0.389346,0.988598,0.00836639,27334.4,-8.19937e-05,0.869531,13.717,11.172,115.081,90.5318,1.11875,13.6365,12.671,114.74,140.923,0.340723,-50.3913 
8,48.934,8,25745.8,-0.124717,41.0002,13.9848,114.983,0.129794,-59.1458,375.219,0.466481,0.787758,0.0940689,0.21512,1.31795,-118.743,10656.5,100.443,14620.3,18915.4,1.21418,1.53545,1.58946,0.962816,2.06565,0.784262,10751.1,109.042,14714.9,0.401305,0.98256,0.0134667,26790.3,-0.000440365,0.811935,14.2519,11.7168,114.706,92.3393,1.02246,13.9394,13.0537,114.228,143.467,0.477975,-51.1282 
9,48.754,9,25456.6,-0.0118431,39.9,14.0271,115.203,-0.01135,-14.3176,1.06997e-10,0.0246997,1.26157,1.5257,-0.240012,-0.512143,-57.3633,13011,72.3093,11654.8,18224.8,0.385901,1.62277,2.24811,0.121189,-0.150941,0.468159,13056.7,76.4631,11700.5,0.505873,0.989856,0.011895,25810.2,-0.000150216,0.998644,14.3252,11.5338,114.792,90.1805,0.828705,13.9203,12.9213,114.536,140.56,0.256425,-50.3793 
10,48.714,10,26545.7,-0.0407316,43.9016,13.2394,115.056,0.00726333,-19.1927,119.407,-1.58626,-2.94531,-1.40089,1.55029,0.18011,-147.557,10622,54.215,15449.9,18925.5,-0.657136,-2.01618,0.457366,2.47942,1.10924,0.666813,10739.5,64.9,15567.4,0.387596,0.989535,0.00762113,27708,-0.000109832,0.929677,13.2644,10.7892,114.759,90.2375,1.21788,13.3723,11.8996,114.363,140.504,0.395836,-50.2668 
11,48.654,11,24977.3,-0.0587475,40.4082,13.5915,115.276,0.131959,-52.8404,458.22,1.25649,1.41031,-0.394755,0.0797645,0.456748,-103.447,9313.35,64.6413,15132.8,18105.5,1.90787,2.06168,0.907999,0.731142,1.10813,0.864817,9395.75,72.1322,15215.2,0.361648,0.986743,0.00865743,25980.3,-0.000189046,0.75622,13.7324,11.2934,115.054,90.517,1.10884,13.7456,12.5605,114.55,141.015,0.504139,-50.4979 
12,48.894,12,24763.7,-0.111463,39.7001,13.8676,115.344,0.159064,5.07262,52.9047,0.00966849,-0.752896,0.950131,3.16835,0.164649,-129.194,10184.6,82.7332,14076.8,17948.4,0.82317,0.0606051,2.57713,3.98185,0.97815,0.69396,10287.6,92.0885,14179.7,0.399619,0.984577,0.0118219,25743.4,-0.000352797,0.783067,14.135,11.6461,114.969,90.8157,0.987227,13.9059,13.0732,114.674,141.431,0.295067,-50.6151 
13,48.854,13,25376.1,-0.0530319,41.0699,13.5684,115.256,-0.205888,394.264,135.043,-1.04006,-0.904906,-1.22587,-0.420885,-1.6787,-98.6196,12553.8,45.0038,12254.8,20782.9,-0.41908,-0.283925,0.0160956,0.200096,-1.05772,1.01042,12632.4,52.1451,12333.4,0.484449,0.992828,0.00772816,26075.8,-0.000316754,1.02767,13.9133,-11.1191,114.869,91.1082,0.929402,13.5341,12.4338,114.6,141.839,0.269038,-50.731 
14,48.774,14,26166.3,-0.0450536,40.8331,14.1317,115.158,0.0349026,-19.5336,1.96814e-11,0.523873,-0.86802,1.27792,0.999251,2.95763,-56.6067,10660.1,82.2787,14710.9,18806.8,0.88031,-0.511583,1.99079,1.35569,3.31407,0.716786,10705.2,86.3777,14756,0.399608,0.986076,0.0106681,26789.3,-0.000187885,0.797652,14.4895,11.7659,114.944,91.8878,1.02248,13.9926,13.0909,114.416,142.956,0.528656,-51.0685 
15,48.594,15,25587.9,-0.0636961,40.4746,13.9148,115.352,0.0731786,-56.1781,339.214,2.10625,0.140685,-1.70402,-0.570233,0.169514,-48.2768,13391.6,78.782,11472.3,18467.7,2.41024,0.444671,-1.09604,-0.266247,0.4735,1.55747,13430.1,82.2778,11510.8,0.517002,0.989393,0.0129961,25976.8,-0.000243519,1.01925,14.4509,11.5582,114.998,90.5293,0.847344,13.6361,12.6983,114.644,141.203,0.353752,-50.6741 
16,48.794,16,23728.9,-0.00814147,37.5404,13.9542,115.24,-0.00566353,-9.39241,2.60072e-11,1.29044,-0.772958,-0.586903,0.594539,1.9392,-109.501,11163.9,87.0455,12091.4,17054.6,1.97994,-0.0834594,0.792095,1.28404,2.6287,0.88001,11251.1,94.9748,12178.6,0.458745,0.985443,0.0141622,24525.8,-0.000357538,0.842351,14.3916,11.6935,114.805,90.4975,0.849319,13.9061,13.0394,114.621,141.12,0.184254,-50.6221 
17,48.734,17,24530.6,0.0410376,38.8832,13.845,115.077,-0.0655275,-44.7603,0.00509239,-1.5091,1.61158,-0.211321,1.25747,2.28132,-134.923,9734.81,83.4965,14256.3,17620.2,-0.659518,2.46116,1.48783,2.10704,3.13089,0.825523,9842.28,93.2666,14363.7,0.385991,0.983687,0.0118198,25498.7,-0.000334149,0.753604,14.1788,11.5895,114.897,90.5475,1.00317,13.8818,13.028,114.227,141.204,0.670851,-50.6567 
18,48.914,18,26819.8,-0.0383762,42.8168,13.7049,115.25,0.00260636,-8.07105,475.632,0.569748,0.512425,4.3812,1.06374,1.90441,-47.8553,11900.7,72.2044,14276.2,19103,0.87108,0.813757,4.98386,1.36508,2.20574,0.513272,11938.8,75.6697,14314.4,0.433485,0.98903,0.00964398,27541.5,-0.000205606,0.943893,14.0766,11.3445,114.938,90.1431,1.0514,13.6678,12.5816,114.564,140.667,0.374148,-50.5243 
19,48.814,19,24168.1,-0.0401769,37.9749,13.9819,115.044,0.0599929,18.6855,500,0.29134,-1.31127,-0.959574,-1.04812,1.3215,-123.465,10456.5,92.6368,13108.8,17321.1,1.06876,-0.533844,0.595273,-0.2707,2.09892,0.798786,10554.9,101.577,13207.1,0.42303,0.983437,0.0139699,24950.6,-0.000285928,0.788303,14.3597,11.7166,114.769,90.1265,0.899806,14.0781,13.2245,114.336,140.969,0.433119,-50.8423 
20,48.554,20,25650.6,-0.0660038,40.7795,13.8465,115.177,0.0546722,-72.9155,477.444,-1.19162,-0.689379,3.977,0.523059,0.463178,-90.2586,13799.6,75.5971,11199.7,18511.2,-0.623285,-0.121045,5.11367,1.09139,1.03151,0.212342,13871.5,82.1329,11271.6,0.530304,0.989745,0.0132451,26157.5,-0.000382376,1.05389,14.3804,-11.6074,114.783,90.6074,0.802548,13.7819,12.9961,114.469,141.316,0.31347,-50.7085 
21,48.834,21,26198.4,-0.0196179,41.8266,13.789,115.238,-0.0180048,-1.42828,1.63462e-10,0.0541869,-0.389758,1.49982,0.584992,0.0503418,-46.0258,13576.7,96.1908,11876,18775.9,0.343999,-0.0999457,2.07944,0.874804,0.340154,0.41233,13613.4,99.5236,11912.6,0.511817,0.987368,0.0151566,26598.1,-0.000311434,1.04541,14.1664,-11.6402,114.749,90.7706,0.843683,13.7784,13.1615,114.599,141.367,0.149991,-50.5961 
22,48.634,22,25363.7,-0.083648,40.2894,13.91,115.18,0.0818469,-13.0629,190.479,-3.50443,1.21291,-0.506953,2.60946,1.83154,-132.446,9594.58,91.7301,15121.9,18278.5,-2.67045,2.04688,1.161,3.44343,2.66551,0.825319,9700.08,101.321,15227.4,0.368853,0.982049,0.0121086,26298,-0.000249004,0.738852,14.1017,11.65,114.859,90.2791,1.05057,13.96,13.1534,114.425,140.691,0.43376,-50.4123 
23,48.574,23,25186.4,-0.0206628,40.4183,13.7182,115.274,0.0300777,-49.1695,1.81906e-11,-0.41885,-2.2624,-1.41871,0.630487,-0.383181,-87.4241,9795.68,54.2896,14835.4,18097.8,0.131636,-1.71192,-0.317736,1.18097,0.167305,0.422023,9865.32,60.6202,14905,0.377811,0.989361,0.00743632,26111.8,-0.000227822,0.786391,14.0217,11.23,114.881,90.5447,1.09109,13.7631,12.519,114.543,140.808,0.338669,-50.2636 
24,48.674,24,24918.6,-0.100262,38.9738,14.1772,115.186,0.267493,50.4593,169.55,-1.72593,-2.75401,1.18101,1.04067,3.34358,-17.6214,11514,85.7564,12766.9,18426.4,-1.61498,-2.64305,1.40292,1.15163,3.45453,0.198814,11528,87.0324,12781,0.452802,0.98696,0.0123885,25459.3,-0.000230165,0.873993,14.3925,11.5952,114.703,90.8257,0.889867,14.1137,12.9561,114.524,141.526,0.179131,-50.7001 
25,48.874,25,26666.8,0.0388237,42.3556,13.7693,115.08,-0.0831479,55.0557,1.68499e-10,-0.302683,-1.2078,1.52688,0.56854,2.29702,-89.3193,12852.7,84.3342,12977,19134.4,0.259736,-0.645384,2.65172,1.13096,2.85944,0.576163,12923.8,90.8021,13048.2,0.47608,0.987854,0.0126569,27146.3,-9.94461e-05,0.999741,14.0824,11.5146,114.682,91.4207,0.93098,13.6169,13.1002,114.352,142.214,0.329612,-50.7935 
26,48.614,26,27932.2,-0.0609145,44.7022,13.7272,114.984,0.0505584,-48.4111,400.948,-2.03762,1.44501,-1.27707,1.60453,2.34404,-66.3527,12573.4,92.7236,14705.3,20055.6,-1.61982,1.86282,-0.441461,2.02234,2.76185,1.09627,12626.2,97.5284,14758.2,0.439745,0.986663,0.012027,28712.6,-0.000169298,1.012,14.0765,11.1398,114.621,90.6074,1.08097,13.6229,12.6287,114.245,141.013,0.376215,-50.4057 
27,48.694,27,26021.9,-0.0392094,41.7454,13.7595,115.408,0.0649579,-57.8775,9.03886e-12,1.31176,1.82846,6.55289,0.134851,1.23357,-66.1408,10072.1,85.1616,15330.8,18820.9,1.72823,2.24493,7.38584,0.551323,1.65004,0.455337,10124.8,89.951,15383.5,0.376487,0.984691,0.0106565,26892.8,-0.000300426,0.791585,13.8085,11.6276,115.221,92.5471,1.06498,13.9097,-13.2293,114.638,143.546,0.583277,-50.9993 
28,48.934,28,25210.5,0.000526607,40.0544,13.768,115.169,-0.0320109,-7.65197,3.86658e-11,-1.15499,0.837743,0.913089,-0.165558,6.13925,-38.0332,11886.9,77.8428,12508.3,17960.1,-0.915506,1.07723,1.39206,0.0739273,6.37874,0.826133,11917.2,80.5968,12538.6,0.465802,0.988303,0.0117023,25584.3,-0.000154783,0.940503,14.0159,11.4127,114.806,90.6306,0.896495,13.8008,12.9857,114.371,141.597,0.435134,-50.9663 
29,48.754,29,26951,-0.0496966,42.7907,13.8126,115.106,-0.0429304,133.67,52.5573,0.181777,0.949651,3.50183,4.22927,2.27209,-72.854,13702.9,68.5546,12520.2,19427.5,0.640519,1.40839,4.41932,4.68801,2.73083,0.681768,13760.9,73.8301,12578.2,0.500922,0.990698,0.0106969,27471.2,-0.000289745,1.07757,14.1423,11.4288,114.786,91.6827,0.926308,13.7144,12.6057,114.374,142.636,0.411938,-50.9537 
30,48.714,30,27722.2,-0.0232041,44.7417,13.5463,115.277,0.00944093,-291.971,500,-0.53895,-0.730111,1.45072,2.94707,4.5732,-20.5994,15177.3,84.7095,11747.8,19819.8,-0.409242,-0.600402,1.71013,3.07678,4.70291,0.798337,15193.7,86.2011,11764.2,0.542309,0.990169,0.0133181,28016.6,-9.5986e-05,1.22241,13.9011,-11.31,114.949,90.3399,0.899122,13.4506,12.3106,114.585,140.949,0.364251,-50.6094 
31,48.654,31,25655.3,-0.0401466,40.3188,13.9345,115.348,0.0208081,-40.9176,342.793,-1.11842,-0.474415,1.59334,1.35293,3.20098,-81.0907,12650.5,68.3014,12187.1,18316.9,-0.607818,0.0361916,2.61455,1.86354,3.71158,0.656795,12715.1,74.1733,12251.7,0.48774,0.989895,0.0110293,26069.5,-0.000202306,0.982771,14.33,11.4195,114.975,90.5742,0.869091,13.8712,12.9729,114.662,141.256,0.313171,-50.6817 
32,48.894,32,25309.7,-0.116815,40.5766,13.8753,115.272,0.247994,-130.577,42.8464,0.72355,-0.299713,-0.932156,-2.01043,3.36444,-123.81,10946.9,79.9022,13876.2,19382,1.50315,0.479888,0.627045,-1.23083,4.14404,0.886473,11045.5,88.8676,13974.9,0.420332,0.986116,0.0115785,26278.1,-0.00040033,0.84202,14.1958,11.6312,114.964,91.1156,0.974876,13.8079,13.1268,114.543,141.777,0.420576,-50.6617 
33,48.854,33,24744.6,-0.0955392,39.7803,13.7838,115.328,0.046629,12.9306,495.053,-0.244366,-1.59792,-0.420523,2.05263,1.61077,-63.4997,9968.74,61.4625,14255.8,17869.4,0.155475,-1.19808,0.379158,2.45247,2.01061,0.900212,10019.3,66.0607,14306.4,0.391177,0.988593,0.0084343,25613.3,-0.000263177,0.78872,14.0201,11.4159,115.07,90.8025,1.03969,13.7611,12.6275,114.522,141.593,0.548024,-50.7905 
34,48.774,34,27809.4,-0.0622643,43.775,14.012,115.185,0.099349,-91.1009,0.0218172,0.523473,0.851695,0.66672,2.32145,0.799753,-30.4933,13341.1,111.574,13466.3,20262.1,0.715482,1.0437,1.05074,2.51346,0.991762,0.833616,13365.4,113.782,13490.6,0.476142,0.985321,0.015299,28070.1,-0.000190726,0.991187,14.5063,11.82,114.826,90.4136,0.933564,13.8355,13.4326,114.498,141.017,0.327559,-50.6035 
35,48.594,35,25792.9,-0.0236728,40.5056,13.9708,115.308,0.0150128,-27.1178,6.99958e-08,-2.52163,0.432706,-2.24987,2.08288,3.49948,-40.2402,13737.4,94.6862,11202.4,18435.1,-2.26825,0.686088,-1.74311,2.33626,3.75286,1.63068,13769.4,97.6001,11234.5,0.529288,0.987748,0.0157513,26015,-0.000264474,1.02728,14.5387,11.7494,114.921,90.3223,0.789522,13.841,13.2034,114.682,141.106,0.238918,-50.7837 
36,48.794,36,22724.9,-0.104799,36.5804,13.819,115.302,-0.00460935,-33.2406,102.036,-0.790298,0.462372,-0.261536,1.23747,2.28372,-67.1636,9862.25,74.6138,12464.7,16460.8,-0.367387,0.885283,0.584286,1.66038,2.70663,0.893168,9915.74,79.4773,12518.2,0.420861,0.986167,0.0115602,23560.6,-0.000373887,0.76002,14.2571,11.5648,115.005,90.6116,0.878769,13.8402,13.0217,114.478,141.207,0.526707,-50.5953 
37,48.734,37,26743.9,-0.0583108,42.4028,13.856,115.119,0.0942128,-62.5203,154.569,-1.59885,-0.247676,0.969478,0.549649,1.63273,-57.1843,12381.4,90.2763,13718,19317.8,-1.23877,0.112398,1.68963,0.909723,1.9928,0.512482,12426.9,94.4172,13763.6,0.453054,0.986878,0.012479,27429.2,-0.000222774,0.976965,14.2387,11.2741,114.794,90.5101,0.985481,13.8055,12.7901,114.366,140.945,0.427612,-50.4345 
38,48.914,38,25787.3,-0.0702023,40.7958,13.9255,115.447,0.136036,-103.476,499.503,-0.481496,-0.229576,2.03614,3.24744,3.35807,-95.2659,13163.2,97.0517,11818.4,18951.8,0.118368,0.370288,3.23587,3.8473,3.95794,0.719347,13239.1,103.95,11894.3,0.505235,0.986446,0.015844,26203.8,-0.00018853,1.01686,14.3535,11.4663,115.047,89.8289,0.854059,13.7299,12.9016,114.786,140.285,0.260525,-50.4558 
39,48.814,39,24870.3,0.0409835,39.7734,13.6327,115.289,-0.0662525,-5.53597,1.92437e-12,-1.65971,-0.546029,-0.0400577,1.07443,2.76349,-80.7221,11691,66.5344,12450.5,17663,-1.15143,-0.0377439,0.976513,1.58271,3.27177,0.789627,11755.3,72.3797,12514.8,0.462871,0.98934,0.0105415,25396.4,-5.79632e-05,0.93598,13.9386,11.3045,115.014,90.3031,0.923922,13.6026,12.5806,114.516,140.901,0.497687,-50.5976 
40,48.554,40,25706.6,-0.0652282,41.1573,13.7468,115.175,0.0699173,-64.8342,496.456,-0.678002,-2.6362,1.25517,0.52443,-0.434397,-131.26,9907.84,83.4311,15163,18565.6,0.148508,-1.80969,2.90819,1.35094,0.392113,0.0273797,10012.4,92.936,15267.5,0.375644,0.984016,0.0110889,26654,-0.000175095,0.802183,13.7529,11.3134,114.905,90.3545,1.08803,13.8743,12.7621,114.468,140.672,0.43743,-50.3172 
41,48.834,41,25365.6,-0.119574,41.0639,13.7479,115.243,0.0510886,-76.8873,273.31,-1.06905,1.68066,-1.67574,2.78209,2.48309,-43.2127,10471.9,53.7696,14514.2,18505.5,-0.796949,1.95276,-1.13154,3.05419,2.75518,1.19397,10506.3,56.8987,14548.6,0.398506,0.990612,0.00715285,26364.3,-0.000463903,0.846007,13.9626,11.2253,114.923,91.1763,1.03572,13.8991,12.8302,114.486,141.723,0.437064,-50.5471 
42,48.634,42,27521.1,0.0411179,44.9405,13.4809,115.332,0.00647401,-54.1497,499.999,1.83523,0.411677,-0.681371,1.95231,1.29887,-40.1785,10928,74.0137,16046.7,19733.5,2.08822,0.66467,-0.175385,2.20531,1.55186,1.02769,10960,76.9231,16078.7,0.384753,0.987867,0.00873595,28485.7,-0.000175903,0.910493,13.6752,11.0411,115.003,90.7091,1.19352,13.5493,12.506,114.58,141.182,0.422193,-50.4732 
43,48.574,43,28250,-0.0487255,45.3984,13.6539,115.347,0.0397872,-69.1304,500,0.0704847,-1.10322,-3.99475,0.993467,1.57838,-81.3211,12020.8,62.8764,15520.3,20268.2,0.582542,-0.591166,-2.97063,1.50552,2.09044,5.81694,12085.6,68.765,15585.1,0.415693,0.990141,0.00806227,29073.3,-8.89909e-05,0.98085,13.8965,11.1098,114.981,90.4061,1.15763,13.6108,12.4401,114.643,140.862,0.337668,-50.456 
44,48.674,44,25681,-0.107062,41.4959,13.7356,115.299,0.170498,-102.06,0.65773,2.23396,0.529493,-0.768429,1.67161,0.10713,-48.83,10854.5,81.8166,14359.4,19120.9,2.54143,0.836963,-0.15349,1.97908,0.4146,1.02732,10893.4,85.3525,14398.3,0.409718,0.986474,0.0108019,26587.6,-0.000283758,0.85583,13.926,11.504,115.031,91.1962,1.0395,13.6801,12.7671,114.459,141.794,0.572419,-50.5976 
45,48.874,45,24746.4,-0.0385256,39.4381,13.7404,115.279,-0.0116206,11.0306,5.35891,0.0771922,-1.9095,2.27933,0.151857,2.07971,-25.6872,11174.7,77.9576,12871.8,17644.7,0.238937,-1.74775,2.60282,0.313602,2.24145,0.286716,11195.2,79.8177,12892.2,0.443413,0.987677,0.0112761,25247.7,-4.91952e-05,0.891842,14.0368,11.2838,114.96,90.3893,0.937731,13.7157,12.6494,114.631,141.138,0.329473,-50.7488 
46,48.614,46,27396.7,-0.0516262,43.7454,13.7375,115.131,-0.109896,61.0135,24.7048,-0.831821,-0.530699,1.99615,-0.415441,0.60072,-19.617,14363.9,86.403,12142.2,19781.3,-0.708298,-0.407176,2.2432,-0.291918,0.724243,-0.437903,14379.5,87.8236,12157.8,0.520403,0.989425,0.013132,27631.5,-7.06736e-05,1.13067,14.1048,-11.4193,114.726,90.6868,0.901572,13.5341,12.6713,114.495,141.395,0.231365,-50.7081 
47,48.694,47,27054.7,0.096342,42.7597,13.8555,115.244,-0.126299,80.2181,1.63828e-12,-4.00716,-1.12093,-1.01107,2.56375,0.17634,-76.9255,13247.1,90.7478,13052.5,19616.2,-3.52278,-0.636553,-0.0423107,3.04813,0.660719,0.914141,13308.4,96.3182,13113.8,0.482145,0.987493,0.0133493,27602.4,-0.000273165,1.00922,14.1714,11.7753,114.912,91.3835,0.92851,13.8673,12.9651,114.449,142,0.463245,-50.6165 
48,48.934,48,27337.2,0.0523738,44.3334,13.5114,115.211,-0.0177399,-51.6465,500,0.769589,-1.74844,-2.03268,-0.85751,-0.923011,-74.672,12814.4,83.3565,13988.1,19529.4,1.23978,-1.27825,-1.0923,-0.38732,-0.452821,0.445792,12873.8,88.7636,14047.6,0.45675,0.988078,0.0115059,28185.7,-0.000223906,1.0279,13.7735,11.444,114.92,91.3065,1.04066,13.4974,12.5377,114.395,141.772,0.524966,-50.4656 
49,48.754,49,27810,-0.0717112,44.2623,13.8313,115.122,0.638293,-690.244,335.737,1.04156,-0.374274,-1.49069,1.26417,0.765195,-91.2605,13746.3,101.418,13166.2,34271.6,1.61621,0.200369,-0.341406,1.83881,1.33984,1.07336,13819,108.026,13238.9,0.489178,0.986504,0.0148086,28249.4,-5.4638e-05,1.0672,13.9953,11.6394,114.713,90.2709,0.951667,13.7353,12.8316,114.436,140.906,0.276896,-50.635 
50,48.714,50,27681.7,-0.0176159,43.9946,13.8931,115.285,-0.00771045,21.9282,500,-3.13156,-0.891097,1.74907,1.05904,0.7155,-46.6282,12904,99.1476,13975,19902.8,-2.83796,-0.597491,2.33629,1.35264,1.00911,-0.850404,12941.1,102.524,14012.1,0.458672,0.986325,0.0132991,28214.3,-0.000267095,0.997818,14.1525,11.5984,114.948,91.5061,0.997478,13.8722,12.9478,114.569,142.16,0.37871,-50.6536 
51,48.654,51,27385.3,-0.0905955,43.0265,14.064,115.334,0.317991,-141.364,107.16,-1.25071,-3.54864,-0.675579,0.134099,0.420013,-146.971,10633.5,99.7331,15945.6,21162.2,-0.325266,-2.6232,1.1753,1.05954,1.34545,-0.860156,10750.6,110.376,16062.6,0.380432,0.98235,0.0124999,28258.9,-8.3155e-05,0.821369,14.0676,11.6052,115.02,90.6408,1.11398,14.0399,12.9582,114.556,141.149,0.464394,-50.5082 
52,48.894,52,27268,-0.0740023,44.4523,13.5132,115.572,0.124245,-95.9926,130.954,-0.532417,-3.41936,-1.44044,-0.210899,0.108528,-78.6574,12632.3,62.6387,14108.1,19942.8,-0.0371321,-2.92408,-0.449872,0.284385,0.603813,0.821684,12695,68.3345,14170.8,0.451118,0.990668,0.0088048,28141.1,-0.000215603,1.04465,13.7238,11.1264,115.268,90.5137,1.05569,13.5258,12.4412,114.731,141.133,0.537474,-50.6195 
53,48.854,53,27298.3,-0.048895,44.4714,13.4582,115.166,0.122169,-124.973,37.6638,1.40392,-0.217058,1.60562,-0.22263,0.811391,-17.6297,13572.1,65.1534,12980.1,19980.4,1.51493,-0.106049,1.82764,-0.11162,0.9224,0.54843,13586.1,66.43,12994.1,0.489595,0.991516,0.00932957,27749.7,-0.000101449,1.11435,13.7836,-11.1915,114.772,91.6413,1.00633,13.2786,12.2768,114.341,142.35,0.431139,-50.7085 
54,48.774,54,28654,-0.0569479,45.6288,13.7822,115.022,-0.0189349,75.6331,0.212086,0.65253,1.41451,1.11856,1.99611,2.51677,-40.0295,12347.7,106.522,15437.5,20518.3,0.904585,1.66656,1.62267,2.24817,2.76882,0.82383,12379.6,109.42,15469.4,0.42336,0.984768,0.0128622,29241.3,5.42777e-06,0.990188,13.8722,11.3055,114.724,90.3318,1.10546,13.7918,12.8416,114.314,140.617,0.410425,-50.285 
55,48.594,55,27953.2,-0.0358334,44.9564,13.5965,115.192,-0.0572656,47.7191,127.809,1.84171,-1.33478,1.13412,0.379961,1.83737,-43.9063,12551.2,73.2134,14708.1,19987.1,2.11818,-1.05831,1.68705,0.656427,2.11384,0.694218,12586.2,76.3927,14743.1,0.439213,0.98949,0.00945479,28656.1,-0.00013043,1.01508,13.896,11.227,114.9,91.3572,1.08823,13.5882,12.5796,114.48,141.921,0.420627,-50.5643 
56,48.794,56,24173.3,0.00430198,38.8911,13.6095,115.322,-0.0294525,-23.4999,7.33539e-11,2.75297,-1.68103,1.08705,0.472086,-0.197664,-117.665,9552.02,65.5852,14025.3,17252.6,3.49388,-0.940127,2.56887,1.21299,0.543244,0.626556,9645.74,74.1057,14119.1,0.385282,0.986734,0.00957594,25035.5,-9.67859e-05,0.771856,13.8881,11.2106,115.017,90.4272,1.03231,13.6124,12.6255,114.602,140.824,0.415415,-50.3972 
57,48.734,57,26874.3,-0.0587206,42.9545,13.7466,115.106,0.00307845,3.26884,500,-0.358061,-0.203762,-1.73452,0.928608,-1.19852,-188.634,10870.3,86.5977,15381.1,19222.4,0.829714,0.984013,0.641035,2.11638,-0.0107423,0.859435,11020.6,100.257,15531.3,0.394301,0.984329,0.0117513,27949.7,-0.000123199,0.872794,13.9293,11.2631,114.756,90.483,1.12761,13.6371,12.6243,114.439,141.003,0.31749,-50.5204 
58,48.914,58,25471.3,-0.0635393,41.8375,13.4175,115.198,0.0824833,-63.2303,15.3119,-0.167869,-0.776635,3.06431,2.84262,0.86145,-98.1235,10236.4,49.523,14767.2,18443.7,0.449989,-0.158777,4.30003,3.46048,1.47931,0.548839,10314.6,56.6284,14845.3,0.389289,0.990484,0.00697779,26496,-0.000256116,0.845957,13.7315,11.1134,115.028,90.2332,1.10762,13.414,12.56,114.478,140.74,0.550348,-50.5063 
59,48.814,59,22509.7,-0.0667032,35.8866,13.8866,115.451,0.00227613,-29.7088,500,-0.463068,-0.818446,0.658096,-0.414745,-0.337242,-119.469,11851.5,70.1767,10221.6,16224.9,0.289194,-0.066184,2.16262,0.337517,0.41502,0.310865,11946.7,78.8277,10316.7,0.515122,0.988585,0.0138797,23191.9,-0.000509085,0.899587,14.3043,11.7797,115.142,90.6262,0.741441,13.9271,12.7197,114.7,141.457,0.441674,-50.831 
60,48.814,60,26123.5,-0.0510915,42.0038,13.6725,115.401,0.0496812,-46.5215,500,-1.34696,2.75544,-0.328502,-0.4943,-3.02859,-71.0773,11961.2,72.4895,13450,18770.5,-0.899406,3.20299,0.566608,-0.046745,-2.58103,-1.33737,12017.8,77.6364,13506.6,0.449431,0.988821,0.0104775,26740,-6.58904e-05,0.975508,13.9141,11.1285,115.238,90.057,0.999734,13.6173,12.488,114.6,140.513,0.63807,-50.4559 
61,48.814,61,25964,-0.0581761,42.8606,13.3123,115.08,0.000984451,-16.7931,251.594,-0.0322082,-2.37946,-2.89745,0.515513,-1.3488,-168.759,10932.6,68.5011,14690.2,18574.6,1.03042,-1.31682,-0.772187,1.57814,-0.286166,4.30858,11067,80.7213,14824.6,0.40649,0.987397,0.00993083,27225.8,-0.000286865,0.919492,13.5225,11.0325,114.796,92.032,1.10346,13.2744,12.6298,114.254,142.813,0.542033,-50.7812 
62,48.814,62,24994.7,-0.0504183,40.22,13.641,115.138,-0.193165,224.51,493.077,-1.54756,0.134502,0.153634,2.10262,0.638165,-64.8672,11239.6,66.1759,13240.2,19271.8,-1.1391,0.542953,0.970538,2.51107,1.04662,0.753174,11291.3,70.8731,13291.9,0.437996,0.989135,0.00972667,25779.5,-0.000200252,0.909911,13.9883,11.1469,114.783,90.8265,0.977644,13.5857,12.5895,114.368,141.297,0.415213,-50.4704 
63,48.814,63,24919.5,0.0212815,39.4589,13.8981,115.357,-0.0584394,-5.50833,500,1.34587,0.525338,-2.88156,-0.848317,0.584382,-117.554,10098.4,84.499,14258.5,17862.8,2.08608,1.26555,-1.40114,-0.108108,1.32459,1.44242,10192,93.0114,14352.2,0.394491,0.984281,0.0117972,25835.9,-0.000291053,0.797633,14.0986,11.3983,114.966,90.7283,1.01725,13.9531,12.7697,114.615,141.53,0.350672,-50.8022 
64,48.814,64,25163,-0.0409476,40.7806,13.5168,115.327,0.0265929,-25.9703,168.581,0.539826,0.910264,1.25194,2.76672,3.38149,-80.0804,13125.9,63.8064,11380.2,17966.6,1.04407,1.41451,2.26043,3.27096,3.88574,0.80966,13189.7,69.6052,11444,0.513945,0.990849,0.01108,25663.6,-0.00020852,1.07993,13.8298,-11.1357,115.049,90.8037,0.869371,13.4176,12.4267,114.582,141.376,0.466939,-50.5721 
65,48.814,65,26074.8,-0.0113062,44.0642,12.8861,115.341,-0.0166143,-22.6792,1.5427e-08,-0.803286,0.965695,-3.23558,-0.418919,3.9299,-88.8523,11985.7,46.8149,13669.5,18496.5,-0.243807,1.52517,-2.11662,0.14056,4.48938,1.55778,12056.4,53.2489,13740.2,0.445985,0.99233,0.00708829,27033.3,-3.91743e-05,1.08376,13.1121,-10.5718,115.116,91.0578,1.14244,12.8091,11.6076,114.543,141.215,0.573241,-50.1571 
66,48.814,66,24843.3,-0.0491833,39.5827,13.8812,115.225,-0.00866081,-2.76908,500,0.571412,-0.731221,-0.00857794,2.84221,2.58344,-94.2798,10860.8,87.4763,13503.9,17887.3,1.16507,-0.137567,1.17873,3.43586,3.17709,0.866345,10935.9,94.3034,13579,0.424909,0.985134,0.0126314,25737,-0.000343521,0.81383,14.3304,11.8318,114.789,90.548,0.95016,13.7158,13.1394,114.506,141.205,0.282891,-50.6569 
67,48.814,67,26210.9,-0.0225496,42.855,13.4016,115.054,-0.0160512,-3.52533,3.85374e-10,-0.653986,1.20531,-1.50965,3.31273,0.607278,-104.516,12589.7,62.9314,13031.5,18698.1,0.00412598,1.86342,-0.193424,3.97085,1.26539,1.02799,12672.9,70.4997,13114.8,0.469924,0.990359,0.00980531,26968,-0.000207799,1.03967,13.6136,11.1958,114.784,90.2314,0.982166,13.4826,12.5085,114.299,140.728,0.485322,-50.4971 
68,48.814,68,25697.6,-0.0041762,41.5717,13.5417,115.091,-0.0435659,-13.4483,500,-0.878477,-2.60018,-3.39643,3.51351,-0.0583143,-140.589,12161.1,61.522,12880.6,18345,0.00677419,-1.71493,-1.62593,4.39876,0.826937,1.85955,12273.1,71.7024,12992.6,0.464273,0.98988,0.0100637,26435,-0.000146044,0.990811,13.7201,11.2834,114.723,90.1632,0.972007,13.5528,12.4164,114.385,140.653,0.338214,-50.4894 
69,48.814,69,26206.1,-0.04701,42.7863,13.4288,115.003,0.0325704,-11.8763,8.83434,-2.14927,0.0234141,0.852338,1.00668,1.09503,-165.08,10258.1,57.986,15489.1,18716.6,-1.1098,1.06288,2.93126,2.04614,2.13449,0.585099,10389.5,69.9398,15620.6,0.378959,0.988357,0.00818039,27416,-0.00022065,0.858608,13.6523,10.9987,114.762,90.5481,1.17631,13.422,12.3694,114.279,140.86,0.482296,-50.3119 
70,48.814,70,26651,-0.0919849,43.2251,13.634,115.274,0.0947132,-66.2632,200.588,0.629215,-0.406273,4.22009,0.695789,3.88323,-112.856,13860.8,71.105,12212.8,19389,1.33984,0.304349,5.64134,1.40641,4.59385,0.575386,13950.7,79.2772,12302.7,0.509882,0.990153,0.0117311,27360.6,-0.000204529,1.1284,13.7536,-11.2685,114.875,91.0135,0.91043,13.4924,12.583,114.555,141.518,0.319859,-50.5045 
71,48.814,71,25552.2,-0.0204049,41.7328,13.3551,114.99,0.021343,-31.7065,460.165,-1.43352,0.108625,3.71726,2.18701,0.293457,-43.4861,13533.9,59.5262,11386.6,18165.5,-1.1597,0.382445,4.2649,2.46083,0.567278,0.345448,13568.6,62.6751,11421.2,0.521513,0.991981,0.0100076,26017.7,-0.000142789,1.13067,13.6929,-11.027,114.643,90.58,0.891259,13.2498,12.2283,114.204,141.032,0.439006,-50.4521 
72,48.814,72,24453,-0.00586351,39.892,13.4367,115.174,-0.00596303,-20.3822,500,2.17242,-1.12043,-2.51952,0.804407,0.97443,-138.201,9915.26,72.9562,14040.7,17453,3.04264,-0.250215,-0.77909,1.67462,1.84465,1.14082,10025.3,82.9636,14150.8,0.393928,0.985725,0.0106846,25449.7,-0.000242932,0.801769,13.728,11.3828,114.8,90.3077,1.0406,13.5617,12.596,114.49,140.6,0.310499,-50.2918 
73,48.814,73,25541.1,-0.0532289,41.8931,13.3871,115.321,0.0519228,-67.1403,200.111,-1.42907,-2.59205,1.05649,2.42646,0.863254,-137.941,13238.5,39.427,11922.6,18370.3,-0.560489,-1.72347,2.79364,3.29504,1.73183,0.495418,13348.4,49.4156,12032.5,0.504401,0.993563,0.00750843,26463.8,-0.000372619,1.09621,13.8133,-11.0589,114.9,90.4154,0.921826,13.3206,12.2747,114.66,140.747,0.239523,-50.3316 
74,48.814,74,25386.7,-0.034854,40.9293,13.5934,115.39,0.00528671,-19.4159,500,-0.563296,0.870845,-0.18586,0.326455,2.29619,-161.844,10438,64.5664,14426.3,18114.9,0.455792,1.88993,1.85232,1.34554,3.31528,0.790908,10566.9,76.2859,14555.2,0.399777,0.987524,0.00956244,26432.1,-0.000242055,0.853713,13.7521,11.209,115.087,90.3798,1.05413,13.8572,12.5197,114.737,141.057,0.349965,-50.6775 
75,48.75,75,27146.1,-0.0691568,44.7765,13.344,115.256,0.114624,-70.0597,23.2514,-0.0404391,0.541924,1.52989,-0.087122,1.97511,-105.55,11056.5,88.1679,15530.4,19711.9,0.624181,1.20654,2.85913,0.577498,2.63973,0.638409,11140.5,95.811,15614.5,0.395611,0.985173,0.0111769,28160.4,-7.32818e-05,0.934159,13.575,10.9634,114.912,90.0836,1.20645,13.26,12.1685,114.486,140.271,0.425554,-50.187 
76,48.83,76,25256,-0.0334958,40.2938,13.8425,115.107,0.0523741,-55.1634,500,-0.839493,-0.529491,3.8298,0.470181,-0.27057,-98.1637,10751.9,85.943,13952,18251.2,-0.221382,0.0886203,5.06602,1.08829,0.347541,0.204593,10830.1,93.0512,14030.2,0.41458,0.985187,0.0120698,26123,-0.000273453,0.829427,14.1838,11.5344,114.732,90.3716,0.980666,13.8599,13.0677,114.415,140.847,0.316555,-50.4757 
77,48.81,77,27619.5,-0.051727,43.8931,13.8018,115.323,0.118425,-147.034,41.5157,0.582446,-0.648932,1.09962,1.71781,0.176794,-63.8584,14433,87.3869,12325.4,20287.7,0.984545,-0.246833,1.90382,2.11991,0.578893,0.643502,14483.9,92.0111,12376.3,0.517762,0.989005,0.0135101,27974,-9.42877e-05,1.11893,14.1747,-11.5341,114.909,90.4582,0.903371,13.6027,12.7643,114.599,140.798,0.309652,-50.3396 
78,48.82,78,26221.6,-0.00837087,42.1494,13.5679,115.178,-0.0192437,-10.309,2.46352e-09,-1.71775,0.205487,3.33156,4.98586,2.62057,-42.6923,11585.9,87.4103,13833.7,18623,-1.44893,0.474309,3.8692,5.25468,2.88939,0.649486,11619.9,90.5017,13867.7,0.434622,0.986553,0.0118789,26735.7,9.37127e-05,0.936864,13.7446,11.3066,114.801,90.3308,1.00934,13.5996,12.7091,114.477,140.93,0.323774,-50.599 
79,48.8,79,23982.5,-0.0407312,39.0843,13.4467,115.365,0.0365639,6.94614,13.4118,-1.54072,0.266519,3.89798,1.72267,-0.300463,-113.33,11209.6,60.0081,12226.4,17116.8,-0.827111,0.980129,5.3252,2.43628,0.413148,0.36054,11299.9,68.2146,12316.6,0.457023,0.989546,0.0100993,24725,-0.000140933,0.913149,13.8676,11.1903,114.877,90.2957,0.925123,13.3754,12.4585,114.698,140.706,0.178216,-50.4105 
80,48.85,80,27414.9,0.0436382,43.8761,13.5847,115.295,-0.00998375,-34.768,500,1.83251,-0.273253,5.05911,2.02767,-0.325901,-67.1075,13192.6,85.7948,13350.7,19414.5,2.25507,0.149305,5.90423,2.45023,0.0966567,0.456106,13246.1,90.6543,13404.1,0.47551,0.988165,0.0123051,27856.6,-6.54822e-05,1.0758,13.921,-11.1318,114.81,90.4168,0.980027,13.7164,12.659,114.65,140.786,0.159982,-50.3696 
81,48.86,81,26931.2,-0.0336715,43.7158,13.491,115.228,0.100892,-21.7521,500,-0.783425,-1.82226,1.08011,0.792125,1.43571,-167.998,11163.1,75.0566,15188,19270.4,0.274414,-0.764423,3.19579,1.84996,2.49355,0.546651,11296.9,87.2217,15321.8,0.403494,0.986669,0.0103776,27997.7,-0.000218416,0.911757,13.7291,11.2596,114.919,90.3323,1.12733,13.5883,12.5425,114.506,140.775,0.413396,-50.4424 
82,48.79,82,24794.9,-0.0537152,40.5683,13.4804,115.186,-0.158014,202.911,500,-0.0735745,1.22626,-0.672673,1.231,1.25179,-155.171,9917.63,52.1034,14476.4,18846.4,0.903493,2.20333,1.28146,2.20807,2.22886,0.854795,10041.2,63.3397,14600,0.386868,0.989082,0.00792832,25955.2,-0.000229317,0.823838,13.6658,11.083,114.858,90.6934,1.09704,13.4705,12.3341,114.411,141.042,0.446913,-50.3487 
83,48.76,83,27424,-0.0290352,44.8124,13.3664,115.116,-0.0565404,251.884,141.259,-1.51501,-0.509617,1.76768,0.951917,2.79745,-105.169,11409.1,68.529,15369.7,19962.5,-0.852786,0.152606,3.09213,1.61414,3.45968,0.585826,11492.8,76.1446,15453.5,0.405574,0.988538,0.00899502,28337.2,-3.59564e-05,0.964208,13.541,10.9671,114.98,89.9315,1.18891,13.333,12.2,114.253,140.393,0.727444,-50.4614 
84,48.77,84,26130.4,-0.0207982,42.4562,13.4751,115.186,-0.0168302,-2.87601,9.65926e-11,-1.82432,-1.55575,-2.30971,-0.823682,3.97127,-80.7978,10829.4,84.6709,14736.2,18625.3,-1.31556,-1.04699,-1.29219,-0.31492,4.48004,3.53178,10893.7,90.5216,14800.6,0.403077,0.985667,0.0111409,27026.4,-7.98993e-05,0.894244,13.6725,11.1093,114.844,90.596,1.10768,13.4949,12.4104,114.429,141.002,0.414947,-50.4064 
85,48.84,85,26544.6,-0.0501477,42.9537,13.5465,115.473,0.0408312,-28.2778,1.28805e-10,-0.0537081,0.206342,1.76026,1.3913,-0.370798,-100.318,10817,64.2869,15136.1,18979.5,0.577966,0.838016,3.0236,2.02298,0.260876,0.550289,10896.9,71.5511,15216,0.396504,0.98864,0.00858783,27482.4,-0.000127452,0.897334,13.7128,11.0539,115.136,90.1961,1.13709,13.5616,12.3896,114.79,140.469,0.346354,-50.2734 
86,48.78,86,27984.5,-0.0104182,45.1185,13.4988,115.369,-0.00742664,-42.5638,278.01,-0.0892841,-0.945488,-0.564066,1.30036,0.684669,-56.3035,14488.8,67.5851,12608,19836.8,0.265244,-0.59096,0.144991,1.65489,1.0392,0.942312,14533.7,71.6622,12652.9,0.513099,0.991445,0.0103254,28325.3,3.46771e-05,1.18064,13.6924,11.3276,114.984,90.0891,0.961583,13.4738,12.2993,114.576,140.538,0.407751,-50.4489 
87,48.75,87,25082.1,0.00760098,42.7848,12.7138,115.041,-0.0237419,-12.6923,485.869,-0.388064,0.394337,-3.40835,-0.158501,3.35361,-108.51,10222.2,32.2659,14429.4,17717.5,0.295194,1.0776,-2.04183,0.524758,4.03687,1.52454,10308.6,40.1233,14515.8,0.394499,0.993235,0.00506599,26130.9,-7.18911e-05,0.957635,12.9843,10.2957,114.673,90.2672,1.21871,12.8357,11.5298,114.362,140.587,0.311689,-50.3201 
88,48.83,88,27491.9,-0.043059,45.3389,13.2789,115.254,-0.0870226,3.51915,482.772,-3.79785,1.09245,4.282,0.765087,-0.358793,-56.1053,13782.1,80.5398,12978.3,19608.7,-3.44457,1.44573,4.98856,1.11837,-0.00551263,-0.21596,13826.8,84.6025,13023,0.49343,0.989406,0.0118255,28021.9,1.6098e-05,1.1483,13.551,-11.1664,114.83,90.3305,1.02501,13.0649,12.1669,114.537,140.668,0.292466,-50.3372 
89,48.81,89,25953.8,-0.0686601,41.7122,13.7021,115.234,0.0630566,-92.4831,464.507,-0.892207,0.562457,1.09986,2.23071,0.163634,-63.0327,13763.2,79.6092,11509.8,18795.4,-0.495307,0.959356,1.89366,2.62761,0.560534,0.658545,13813.4,84.1735,11560,0.522961,0.989449,0.0132356,26413.9,-0.000205621,1.07183,14.2049,11.4915,114.879,90.3323,0.864956,13.392,12.6006,114.48,140.821,0.399311,-50.4892 
90,48.82,90,27563.4,-0.00568011,44.124,13.5836,115.247,0.00595492,-8.98336,130.275,-1.31656,-0.938692,0.231638,-0.105586,2.54729,-138.804,14019.1,72.474,12704.9,19513,-0.442549,-0.0646822,1.97966,0.768424,3.4213,0.65037,14129.7,82.5251,12815.5,0.502861,0.989882,0.0117231,28098.6,7.43814e-06,1.1376,13.7776,11.2698,114.764,90.2678,0.959573,13.5472,12.389,114.599,140.728,0.164611,-50.4601 
91,48.8,91,24955.4,-0.040295,39.8532,13.7163,115.299,0.0651282,-52.3978,61.003,-2.17297,-2.33516,0.348389,0.26918,1.80657,-121.24,9857.49,62.0338,14451.5,17906,-1.40956,-1.57174,1.87522,1.03259,2.56999,0.248862,9954.06,70.8131,14548.1,0.385644,0.987704,0.00888679,25811.5,-0.000131802,0.800943,13.9151,11.1725,115.062,89.9996,1.06039,13.8326,12.4857,114.481,140.497,0.580175,-50.4976 
92,48.85,92,26311,-0.0158148,41.8879,13.823,115.101,0.0308705,-41.6359,2.44079e-11,-2.50119,-2.69576,-0.101818,0.23332,1.76275,-75.5509,12987.8,100.942,12532.7,18890.7,-2.02546,-2.22004,0.84963,0.709044,2.23847,2.89497,13048,106.412,12592.9,0.487334,0.985929,0.0153276,26774.2,-0.000124964,0.988583,14.1659,11.7541,114.68,90.2972,0.909147,13.6887,12.8221,114.375,140.798,0.304834,-50.5005 
93,48.86,93,27926.1,0.0262243,45.7663,13.2895,115.432,0.00420488,-57.9129,5.53696e-10,-0.293071,1.30047,-0.520418,2.05319,3.65478,-133.596,12114.5,79.6586,15129.1,19807.2,0.548147,2.14168,1.16202,2.8944,4.496,0.896638,12220.9,89.3326,15235.5,0.42393,0.987369,0.0106857,28827.6,-1.43192e-05,1.01755,13.4819,11.0942,115.084,89.9795,1.15243,13.3617,12.3545,114.719,140.372,0.364354,-50.3922 
94,48.79,94,26269.2,-0.0925271,41.7745,13.9104,115.283,0.773955,-646.234,60.7421,0.790256,1.08732,-3.23148,0.583445,3.89673,-141.805,10845.3,75.7389,14825.5,35198.5,1.68316,1.98023,-1.44566,1.47635,4.78963,1.1704,10958.2,86.0073,14938.4,0.402268,0.986451,0.0104945,27241.1,-0.000294023,0.834128,14.1553,11.6126,114.968,90.2364,1.03899,13.9354,13.0466,114.541,140.827,0.426756,-50.5906 
95,48.76,95,27994.3,-0.0726813,45.3889,13.5787,115.162,-0.0983911,156.742,95.0821,1.19474,-3.30578,-2.74251,0.730631,0.835899,-125.618,11162.4,69.057,16177.7,20565.3,1.98572,-2.5148,-1.16055,1.52161,1.62688,1.79551,11262.4,78.1533,16277.8,0.38829,0.988002,0.00876684,29005.2,-0.000135104,0.917319,13.6206,11.2452,114.857,91.0492,1.18009,13.7092,12.6372,114.366,141.365,0.490706,-50.3156 
96,48.77,96,28372.6,-0.0645564,46.3711,13.4484,115.123,-0.0882966,23.4049,175.46,2.92564,-0.139344,-0.653477,-0.200211,-0.708334,-49.0411,13648.5,73.6099,13992.1,20368.1,3.23444,0.169455,-0.035879,0.108588,-0.399535,1.01166,13687.5,77.1611,14031.1,0.472286,0.990231,0.0100287,28981.5,-0.000189821,1.1289,13.725,-11.1526,114.768,90.9017,1.07819,13.396,12.2924,114.409,141.244,0.358245,-50.3423 
97,48.84,97,29634.6,-0.0540277,48.0958,13.5113,115.046,-0.0138757,18.1737,91.2581,-0.872494,-1.51113,-0.746434,1.51102,4.70226,-91.9637,12284.9,96.138,16623.8,21162.5,-0.293423,-0.93206,0.411708,2.09009,5.28133,0.937217,12358.2,102.797,16697.1,0.404417,0.985652,0.0112139,30558,-6.77161e-05,1.01226,13.6935,11.1452,114.834,90.4457,1.23451,13.4526,12.6224,114.281,140.633,0.55239,-50.1871 
98,48.78,98,28629.1,0.0104726,47.2141,13.2337,115.262,-0.0408188,56.2242,3.49574e-12,-0.665762,0.271957,-2.92779,0.047272,0.995102,-125.394,11419.7,79.0313,16540.6,20414.5,0.12381,1.06153,-1.34865,0.836843,1.78467,1.54863,11519.5,88.1113,16640.5,0.388417,0.986791,0.00965972,29657.7,3.82549e-05,0.985885,13.1549,10.9903,115.102,90.3928,1.27476,13.4152,12.1503,114.46,140.725,0.642114,-50.332 
99,48.75,99,28479.5,0.0192764,44.7655,13.7702,115.197,7.6258e-05,-27.0243,90.2127,-1.93331,1.62858,-2.44113,1.22426,0.902544,-157.345,14273,75.8003,13143.6,20067,-0.942548,2.61934,-0.459616,2.21501,1.8933,1.0863,14398.4,87.1941,13268.9,0.498878,0.989513,0.0119603,28861.5,9.38601e-05,1.13408,14.0943,-11.2956,114.862,90.4388,0.978425,13.7155,12.4567,114.433,140.892,0.428904,-50.4532 
100,48.83,100,26092.4,-0.0399216,41.9788,13.6485,115.204,0.156371,-183.154,2.05475e-10,1.8802,0.251451,-1.08785,0.991903,2.23992,-114.758,13760.5,86.3124,11701.9,19583.6,2.6028,0.974052,0.357348,1.7145,2.96252,0.958502,13851.9,94.6223,11793.3,0.518671,0.988187,0.0145647,26706.6,-0.000217549,1.08492,14.0706,11.4119,114.824,90.2476,0.878296,13.4028,12.6215,114.574,140.694,0.249614,-50.446 
101,48.81,101,26849,-0.0651668,43.7147,13.5101,115.084,0.0599735,-25.1431,388.052,0.00356828,0.0232399,-0.852313,0.941258,-1.25084,-66.1386,14425.8,76.2066,11768.6,19274.7,0.420026,0.439697,-0.0193979,1.35772,-0.834381,1.01422,14478.5,80.9959,11821.3,0.529112,0.990305,0.0124642,27363.7,-0.000198654,1.16441,13.8818,-11.2929,114.754,90.2901,0.897157,13.2573,12.5488,114.305,140.602,0.448258,-50.3116 
102,48.82,102,25208.8,-0.0141348,40.4672,13.7835,115.36,-0.0103144,-24.8003,8.87964e-12,-2.56598,1.5294,0.925393,0.442934,0.429029,-134.544,11521.3,87.293,13200.1,18165.9,-1.71879,2.37659,2.61977,1.29012,1.27622,0.551709,11628.5,97.0357,13307.3,0.444965,0.985607,0.0132544,26133.4,-0.000319414,0.881185,14.2356,11.6398,114.961,90.7957,0.951061,13.5841,12.9541,114.687,141.365,0.273925,-50.5693 
103,48.8,103,23761.2,-0.0300226,38.1294,13.6877,115.285,-0.00457669,-3.86158,500,1.85182,0.0994646,1.49559,-0.0956251,1.22593,-80.5244,12911,69.8238,10301.1,16990.2,2.35886,0.606505,2.50967,0.411415,1.73297,0.670622,12975.1,75.6547,10365.3,0.534543,0.989899,0.0132669,24273.2,-0.000305701,1.01759,14.0681,11.4349,114.896,89.3166,0.756065,13.6178,12.7955,114.55,139.877,0.345575,-50.5602 
104,48.85,104,26673,-0.078767,41.6836,14.1487,115.278,0.123593,-101.153,500,0.260702,-2.90243,-0.786193,1.80253,0.0383627,-128.79,10749,78.7913,15172.2,19605.9,1.07166,-2.09147,0.835716,2.61348,0.849317,0.745107,10851.6,88.1172,15274.8,0.394587,0.985989,0.010515,27501.1,-0.000299868,0.815778,14.3639,11.6716,114.978,91.1249,1.03471,14.2223,13.2017,114.528,141.895,0.450503,-50.77 
